1.487589 0 270 0
1.71838 0 270 0
1.81838 0 270 0
1.91838 0 270 0
2.01838 0 270 0
2.11838 0 270 0
2.21838 0 270 0
2.31838 0 270 0
2.41838 0 270 0
2.51838 0 270 0
2.61838 0 270 0
2.71838 0 270 0
2.81838 0 270 0
2.91838 0 270 0
3.01838 0 270 0
3.11838 0 270 0
3.21838 0 270 0
3.31838 0 270 0
3.41838 0 270 0
3.51838 0 270 0
3.61838 0 270 0
3.71838 0 270 0
3.81838 0 270 0
3.91838 0 270 0
4.01838 0 270 0
4.118381 0 270 0
4.21838 0 270 0
4.31838 0 270 0
4.41838 0 270 0
4.51838 0 270 0
4.618381 0 270 0
4.71838 0 270 0
4.81838 0 270 0
4.91838 0 270 0
5.018381 0 270 0
5.118381 0 270 0
5.21838 0 270 0
5.31838 0 270 0
5.41838 0 270 0
5.518381 0 270 0
5.618381 0 270 0
5.71838 0 270 0
5.81838 0 270 0
5.91838 0 270 0
6.018381 0 270 0
6.118381 0 270 0
6.21838 0 270 0
6.31838 0 270 0
6.41838 0 270 0
6.518381 0 270 0
6.618381 0 270 0
6.71838 0 270 0
6.81838 0 270 0
6.91838 0 270 0
7.018381 0 270 0
7.118381 0 270 0
7.21838 0 270 0
7.31838 0 270 0
7.41838 0 270 0
7.518381 0 270 0
7.618381 0 270 0
7.71838 0 270 0
7.81838 0 270 0
7.91838 0 270 0
8.01838 0 270 0
8.118381 0 270 0
8.218381 0 270 0
8.31838 0 270 0
8.418381 0 270 0
8.51838 0 270 0
8.618381 0 270 0
8.718381 0 270 0
8.81838 0 270 0
8.918381 0 270 0
9.01838 0 270 0
9.118381 359.7 267.9 -1.334039E-08
9.218381 358.9498 260.625 -5.336982E-08
9.31838 358.1997 255.5249 5.338721E-08
9.418381 357.5247 247.7999 1.068214E-07
9.51838 356.3247 240.6748 5.347081E-07
9.618381 355.7996 238.1998 3.210274E-07
9.718381 355.7996 238.1998 3.210274E-07
9.81838 355.7996 238.1998 3.210274E-07
9.918381 354.6746 227.0998 6.431061E-07
10.01838 352.7245 204.9749 0
10.11838 351.8244 197.3248 7.547222E-07
10.21838 350.8494 192.2248 6.485842E-07
10.31838 350.6243 189.2997 -5.408332E-08
10.41838 349.2743 183.8246 -8.689548E-07
10.51838 349.1243 181.6496 -1.589352E-06
10.61838 349.6493 177.8246 -2.1155E-06
10.71838 351.5992 170.1746 -4.638805E-06
10.81838 351.8243 165.1496 -4.3127E-06
10.91838 351.8243 163.9496 -5.390875E-06
11.01838 351.8243 163.9496 -5.390875E-06
11.11838 351.8243 163.9496 -5.390875E-06
11.21838 351.8243 163.9496 -5.390875E-06
11.31838 351.8243 163.9496 -5.390875E-06
11.41838 351.8243 163.9496 -5.390875E-06
11.51838 351.8243 163.9496 -5.390875E-06
11.61838 351.2243 163.1996 -5.399295E-06
11.71838 350.7742 145.1996 -7.13594E-06
11.81838 352.0492 138.2246 -8.189575E-06
11.91838 353.4741 135.5246 -8.378582E-06
12.01838 353.4741 135.5246 -8.378582E-06
12.11838 353.4741 135.5246 -8.378582E-06
12.21838 353.4741 135.5246 -8.378582E-06
12.31838 353.4741 135.5246 -8.378582E-06
12.41838 353.4741 135.5246 -8.378582E-06
12.51838 353.4741 135.5246 -8.378582E-06
12.61838 353.4741 135.5246 -8.378582E-06
12.71838 351.5992 126.8996 -9.277613E-06
12.81838 350.7741 96.14957 -9.947073E-06
12.91838 351.7491 87.29958 -9.921087E-06
13.01838 351.7491 87.29958 -9.921087E-06
13.11838 351.4491 85.42458 -1.036045E-05
13.21838 351.3741 70.72458 -9.930728E-06
13.31838 350.774 53.17459 -8.649631E-06
13.41838 350.8491 53.17459 -7.783019E-06
13.51838 351.9741 60.37459 -8.406634E-06
13.61838 353.2491 69.5996 -9.242148E-06
13.71838 353.2491 69.5996 -9.242148E-06
13.81838 353.2491 69.5996 -9.242148E-06
13.91838 353.2491 69.5996 -9.242148E-06
14.01838 353.2491 69.5996 -9.242148E-06
14.11838 355.013 74.27809 -1.006996E-05
14.21838 359.2464 85.50648 -9.872612E-06
14.31838 3.832578 97.67058 -1.005432E-05
14.41838 9.124367 111.7061 -9.944227E-06
14.51838 13.35779 122.9344 -1.053016E-05
14.61838 17.94398 135.0985 -8.974261E-06
14.71838 21.74741 145.1866 4.595981E-07
14.81838 21.74741 145.1866 4.595981E-07
14.91838 21.74741 145.1866 4.595981E-07
15.01838 21.74741 145.1866 4.595981E-07
15.11838 21.74741 145.1866 4.595981E-07
15.21838 21.74741 145.1866 4.595981E-07
15.31838 21.74741 145.1866 4.595981E-07
15.41838 21.74741 145.1866 4.595981E-07
15.51838 21.74741 145.1866 4.595981E-07
15.61838 21.74741 145.1866 -2.29799E-06
15.71838 20.52346 135.2618 -8.204726E-06
15.81838 19.05471 123.352 -1.174246E-05
15.91838 17.46356 110.4498 -9.8453E-06
16.01838 15.8724 97.54762 -9.763771E-06
16.11838 14.15885 83.65294 -9.245488E-06
16.21838 12.44529 69.75826 -6.994546E-06
16.31838 10.85413 56.85604 -1.043191E-05
16.41838 9.887988 49.02198 0
16.51838 9.887988 49.02198 0
16.61838 9.887988 49.02198 0
16.71838 9.887988 49.02198 0
16.81838 9.887988 49.02198 0
16.91838 9.887988 49.02198 0
17.01838 9.887988 49.02198 0
17.11838 9.887988 49.02198 0
17.21838 9.887988 49.02198 0
17.31838 9.887988 49.02198 0
17.41838 9.887988 49.02198 0
17.51838 9.887988 49.02198 0
17.61838 9.887988 49.02198 0
17.71838 9.887988 49.02198 0
17.81838 9.887988 49.02198 0
17.91838 9.887988 49.02198 0
18.01838 9.887988 49.02198 0
18.11838 9.887988 49.02198 0
18.21838 9.887988 49.02198 0
18.31838 9.887988 49.02198 0
18.41838 9.887988 49.02198 0
18.51838 9.887988 49.02198 0
18.61838 9.887988 49.02198 0
18.71838 9.887988 49.02198 0
18.81838 9.887988 49.02198 0
18.91838 9.887988 49.02198 0
19.01838 9.887988 49.02198 0
19.11838 9.887988 49.02198 0
19.21838 9.887988 49.02198 0
19.31838 9.887988 49.02198 0
19.41838 9.887988 49.02198 0
19.51838 9.887988 49.02198 0
19.61838 9.887988 49.02198 0
19.71838 9.887988 49.02198 0
19.81838 9.887988 49.02198 0
19.91838 9.887988 49.02198 0
20.01838 9.887988 49.02198 0
20.11838 9.887988 49.02198 0
20.21838 9.887988 49.02198 0
20.31838 9.887988 49.02198 0
20.41838 9.887988 49.02198 0
20.51838 9.88799 49.02198 8.666472E-07
20.61838 9.88799 49.02198 1.299971E-06
20.71838 10.44522 53.99087 4.340801E-07
20.81838 11.894 66.90992 8.72506E-07
20.91838 13.23411 78.83492 4.38533E-07
21.01838 14.69187 91.75298 -8.826323E-07
21.11838 16.12415 104.6738 -8.887346E-07
21.21838 17.59048 118.5969 8.956534E-07
21.31838 19.07103 132.5185 4.516776E-07
21.41838 20.25326 143.8807 1.82008E-06
21.51838 20.25326 143.8807 1.82008E-06
21.61838 20.25326 143.8807 1.82008E-06
21.71838 20.25326 143.8807 1.82008E-06
21.81838 20.25326 143.8807 1.82008E-06
21.91838 20.25326 143.8807 1.82008E-06
22.01838 20.25326 143.8807 1.82008E-06
22.11838 20.25326 143.8807 1.82008E-06
22.21838 20.25326 143.8807 1.82008E-06
22.31838 20.25326 143.8807 5.91526E-06
22.41838 19.13339 136.9708 5.422173E-06
22.51838 17.06556 124.1363 7.144776E-06
22.61838 15.01881 111.2985 7.955723E-06
22.71838 12.8376 97.46937 7.443126E-06
22.81838 10.68461 83.63599 7.385113E-06
22.91838 8.5843 69.79453 6.47585E-06
23.01838 6.726633 56.9283 7.307376E-06
23.11838 6.724356 56.91122 -4.298437E-07
23.21838 6.724356 56.91122 -4.298437E-07
23.31838 6.724356 56.91122 -4.298437E-07
23.41838 6.724356 56.91122 -4.298437E-07
23.51838 6.724356 56.91122 -4.298437E-07
23.61838 6.724356 56.91122 -4.298437E-07
23.71838 6.724356 56.91122 -4.298437E-07
23.81838 6.724356 56.91122 -4.298437E-07
23.91838 6.724356 56.91122 -4.298437E-07
24.01838 6.724356 56.91122 -4.298437E-07
24.11838 6.724356 56.91122 -4.298437E-07
24.21838 6.724356 56.91122 -4.298437E-07
24.31838 6.724356 56.91122 -4.298437E-07
24.41838 6.724356 56.91122 -4.298437E-07
24.51838 6.724356 56.91122 -4.298437E-07
24.61838 6.724356 56.91122 -4.298437E-07
24.71838 6.724356 56.91122 -4.298437E-07
24.81838 6.724356 56.91122 -4.298437E-07
24.91838 6.724356 56.91122 -4.298437E-07
25.01838 6.724356 56.91122 -4.298437E-07
25.11838 6.724356 56.91122 -4.298437E-07
25.21838 6.724356 56.91122 -4.298437E-07
25.31838 6.724356 56.91122 -4.298437E-07
25.41838 6.724356 56.91122 -4.298437E-07
25.51838 6.724356 56.91122 -4.298437E-07
25.61838 6.724356 56.91122 -4.298437E-07
25.71838 6.724356 56.91122 -4.298437E-07
25.81838 6.724356 56.91122 -4.298437E-07
25.91838 6.724356 56.91122 -4.298437E-07
26.01838 6.724356 56.91122 -4.298437E-07
26.11838 6.724356 56.91122 -4.298437E-07
26.21838 6.724356 56.91122 -4.298437E-07
26.31838 6.724356 56.91122 -4.298437E-07
26.41838 6.724356 56.91122 -4.298437E-07
26.51838 6.724356 56.91122 -4.298437E-07
26.61838 6.724356 56.91122 -4.298437E-07
26.71838 6.724356 56.91122 -4.298437E-07
26.81838 6.724356 56.91122 -4.298437E-07
26.91838 6.724356 56.91122 -4.298437E-07
27.01838 6.724356 56.91122 -4.298437E-07
27.11838 6.724356 56.91122 -4.298437E-07
27.21838 6.724356 56.91122 -4.298437E-07
27.31838 6.724356 56.91122 -4.298437E-07
27.41838 6.724356 56.91122 -4.298437E-07
27.51838 6.724356 56.91122 -4.298437E-07
27.61838 6.724356 56.91122 -4.298437E-07
27.71838 6.724356 56.91122 -4.298437E-07
27.81838 6.724356 56.91122 -4.298437E-07
27.91838 6.724356 56.91122 -4.298437E-07
28.01838 6.724356 56.91122 -4.298437E-07
28.11838 6.724356 56.91122 -4.298437E-07
28.21838 6.724356 56.91122 -4.298437E-07
28.31838 6.724356 56.91122 -4.298437E-07
28.41838 6.724356 56.91122 -4.298437E-07
28.51838 6.724356 56.91122 -4.298437E-07
28.61838 6.724356 56.91122 -4.298437E-07
28.71838 6.724356 56.91122 -4.298437E-07
28.81838 6.724356 56.91122 -4.298437E-07
28.91838 6.724356 56.91122 -4.298437E-07
29.01838 6.724356 56.91122 -4.298437E-07
29.11838 6.724356 56.91122 -4.298437E-07
29.21838 6.724356 56.91122 -4.298437E-07
29.31838 6.724356 56.91122 -4.298437E-07
29.41838 6.724356 56.91122 -4.298437E-07
29.51838 6.724356 56.91122 -4.298437E-07
29.61838 6.724356 56.91122 -4.298437E-07
29.71838 6.724356 56.91122 -4.298437E-07
29.81838 6.724356 56.91122 -4.298437E-07
29.91838 6.724356 56.91122 -4.298437E-07
30.01838 6.724356 56.91122 -4.298437E-07
30.11838 6.724356 56.91122 -4.298437E-07
30.21838 6.724356 56.91122 -4.298437E-07
30.31838 6.724356 56.91122 -4.298437E-07
30.41838 6.724356 56.91122 -4.298437E-07
30.51838 6.724356 56.91122 -4.298437E-07
30.61838 6.724356 56.91122 -4.298437E-07
30.71838 6.724356 56.91122 -4.298437E-07
30.81838 6.724356 56.91122 -4.298437E-07
30.91838 6.724356 56.91122 -4.298437E-07
31.01838 6.724356 56.91122 -4.298437E-07
31.11838 6.724356 56.91122 -4.298437E-07
31.21838 6.724356 56.91122 -4.298437E-07
31.31838 6.724356 56.91122 -4.298437E-07
31.41838 6.724356 56.91122 -4.298437E-07
31.51838 6.724356 56.91122 -4.298437E-07
31.61838 6.724356 56.91122 -4.298437E-07
31.71838 6.724356 56.91122 -4.298437E-07
31.81838 6.724356 56.91122 -4.298437E-07
31.91838 6.724356 56.91122 -4.298437E-07
32.01838 6.724356 56.91122 -4.298437E-07
32.11838 6.724356 56.91122 -4.298437E-07
32.21838 6.724356 56.91122 -4.298437E-07
32.31838 6.724356 56.91122 -4.298437E-07
32.41838 6.724356 56.91122 -4.298437E-07
32.51838 6.724356 56.91122 -4.298437E-07
32.61838 6.724356 56.91122 -4.298437E-07
32.71838 6.724356 56.91122 -4.298437E-07
32.81838 6.724356 56.91122 -4.298437E-07
32.91838 6.724356 56.91122 -4.298437E-07
33.01838 6.724356 56.91122 -4.298437E-07
33.11838 6.724356 56.91122 -4.298437E-07
33.21838 6.724356 56.91122 -4.298437E-07
33.31838 6.724356 56.91122 -4.298437E-07
33.41838 6.724356 56.91122 -4.298437E-07
33.51838 6.724356 56.91122 -4.298437E-07
33.61838 6.724356 56.91122 -4.298437E-07
33.71838 6.724356 56.91122 -4.298437E-07
33.81838 6.724356 56.91122 -4.298437E-07
33.91838 6.724356 56.91122 -4.298437E-07
34.01838 6.724356 56.91122 -4.298437E-07
34.11838 6.724356 56.91122 -4.298437E-07
34.21838 6.724356 56.91122 -4.298437E-07
34.31838 6.724356 56.91122 -4.298437E-07
34.41838 6.724356 56.91122 -4.298437E-07
34.51838 6.724356 56.91122 -4.298437E-07
34.61838 6.724356 56.91122 -4.298437E-07
34.71838 6.724356 56.91122 -4.298437E-07
34.81838 6.724356 56.91122 -4.298437E-07
34.91838 6.724356 56.91122 -4.298437E-07
35.01838 6.724356 56.91122 -4.298437E-07
35.11838 6.724356 56.91122 -4.298437E-07
35.21838 6.724356 56.91122 -4.298437E-07
35.31838 6.724356 56.91122 -4.298437E-07
35.41838 6.724356 56.91122 -4.298437E-07
35.51838 6.724356 56.91122 -4.298437E-07
35.61838 6.724356 56.91122 -4.298437E-07
35.71838 6.724356 56.91122 -4.298437E-07
35.81838 6.724356 56.91122 -4.298437E-07
35.91838 6.724356 56.91122 -4.298437E-07
36.01838 6.724356 56.91122 -4.298437E-07
36.11838 6.724356 56.91122 -4.298437E-07
36.21838 6.724356 56.91122 -4.298437E-07
36.31838 6.724356 56.91122 -4.298437E-07
36.41838 6.724356 56.91122 -4.298437E-07
36.51838 6.724356 56.91122 -4.298437E-07
36.61838 6.724356 56.91122 -4.298437E-07
36.71838 6.724356 56.91122 -4.298437E-07
36.81838 6.724356 56.91122 -4.298437E-07
36.91838 6.724356 56.91122 -4.298437E-07
37.01838 6.724356 56.91122 -4.298437E-07
37.11838 6.724356 56.91122 -4.298437E-07
37.21838 6.724356 56.91122 -4.298437E-07
37.31838 6.724356 56.91122 -4.298437E-07
37.41838 6.724356 56.91122 -4.298437E-07
37.51838 6.724356 56.91122 -4.298437E-07
37.61838 6.724356 56.91122 -4.298437E-07
37.71838 6.724356 56.91122 -4.298437E-07
37.81838 6.724356 56.91122 -4.298437E-07
37.91838 6.724356 56.91122 -4.298437E-07
38.01838 6.724356 56.91122 -4.298437E-07
38.11838 6.724356 56.91122 -4.298437E-07
38.21838 6.724356 56.91122 -4.298437E-07
38.31838 6.724356 56.91122 -4.298437E-07
38.41838 6.724356 56.91122 -4.298437E-07
38.51838 6.724356 56.91122 -4.298437E-07
38.61838 6.724356 56.91122 -4.298437E-07
38.71838 6.724356 56.91122 -4.298437E-07
38.81838 6.724356 56.91122 -4.298437E-07
38.91838 6.724356 56.91122 -4.298437E-07
39.01838 6.724356 56.91122 -4.298437E-07
39.11838 6.724356 56.91122 -4.298437E-07
39.21838 6.724356 56.91122 -4.298437E-07
39.31838 6.724356 56.91122 -4.298437E-07
39.41838 6.724356 56.91122 -4.298437E-07
39.51838 6.724356 56.91122 -4.298437E-07
39.61838 6.724356 56.91122 -4.298437E-07
39.71838 6.724356 56.91122 -4.298437E-07
39.81838 6.724356 56.91122 -4.298437E-07
39.91838 6.724356 56.91122 -4.298437E-07
40.01838 6.724356 56.91122 -4.298437E-07
40.11838 6.724356 56.91122 -4.298437E-07
40.21838 6.724356 56.91122 -4.298437E-07
40.31838 6.724356 56.91122 -4.298437E-07
40.41838 6.724356 56.91122 -4.298437E-07
40.51838 6.724356 56.91122 -4.298437E-07
40.61838 6.724356 56.91122 -4.298437E-07
40.71838 6.724356 56.91122 -4.298437E-07
40.81838 6.724356 56.91122 -4.298437E-07
40.91838 6.724356 56.91122 -4.298437E-07
41.01838 6.724356 56.91122 -4.298437E-07
41.11838 6.724356 56.91122 -4.298437E-07
41.21838 6.724356 56.91122 -4.298437E-07
41.31838 6.724356 56.91122 -4.298437E-07
41.41838 6.724356 56.91122 -4.298437E-07
41.51838 6.724356 56.91122 -4.298437E-07
41.61838 6.724356 56.91122 -4.298437E-07
41.71838 6.724356 56.91122 -4.298437E-07
41.81838 6.724356 56.91122 -4.298437E-07
41.91838 6.724356 56.91122 -4.298437E-07
42.01838 6.724356 56.91122 -4.298437E-07
42.11838 6.724358 56.91122 -4.298437E-07
42.21838 6.724364 56.91122 -2.793985E-06
42.31838 6.135213 44.92569 -1.932057E-06
42.41838 5.454007 30.94226 -7.504494E-07
42.51838 4.791749 16.95788 -1.231604E-06
42.61838 4.219813 4.971484 -6.554473E-07
42.71838 3.593787 351.9866 -1.06932E-07
42.81838 2.960437 339.0021 -2.671608E-07
42.91838 2.369116 327.0167 -4.27252E-07
43.01838 1.766995 315.0318 -3.737037E-07
43.11838 1.374836 303.0888 5.337622E-08
43.21838 1.374836 303.0888 5.337622E-08
43.31838 1.374836 303.0888 5.337622E-08
43.41838 1.374836 303.0888 5.337622E-08
43.51838 1.374836 303.0888 5.337622E-08
43.61838 1.374836 303.0888 5.337622E-08
43.71838 1.374836 303.0888 5.337622E-08
43.81838 1.374836 303.0888 5.337622E-08
43.91838 1.374836 303.0888 5.337622E-08
44.01838 1.374836 303.0888 5.337622E-08
44.11838 1.374836 303.0888 5.337622E-08
44.21838 1.374836 303.0888 5.337622E-08
44.31838 1.374836 303.0888 5.337622E-08
44.41838 1.374836 303.0888 5.337622E-08
44.51838 1.374836 303.0888 5.337622E-08
44.61838 1.374836 303.0888 5.337622E-08
44.71838 1.374836 303.0888 5.337622E-08
44.81838 1.374836 303.0888 5.337622E-08
44.91838 1.374836 303.0888 5.337622E-08
45.01838 1.374836 303.0888 5.337622E-08
45.11838 1.374836 303.0888 2.668811E-07
45.21838 1.223515 309.0869 3.202382E-07
45.31838 0.8954138 322.0827 2.401532E-07
45.41838 0.5420709 336.0782 2.734866E-07
45.51838 0.2377214 348.0744 3.034924E-07
45.61838 0.05388862 2.073215 2.772264E-07
45.71838 0 6.176798 0
45.81838 0 6.176798 0
45.91838 0 6.176798 0
46.01838 0 6.176798 0
46.11838 0 6.176798 0
46.21838 0 6.176798 0
46.31838 0 6.176798 0
46.41838 0 6.176798 0
46.51838 0 6.176798 0
46.61838 0 6.176798 0
46.71838 0 6.176798 0
46.81838 0 6.176798 0
46.91838 0 6.176798 0
47.01838 0 6.176798 0
47.11838 0 6.176798 0
47.21838 0 6.176798 0
47.31838 0 6.176798 0
47.41838 0 6.176798 0
47.51838 0 6.176798 0
47.61838 0 6.176798 0
47.71838 0 6.176798 0
47.81838 0 6.176798 0
47.91838 0 6.176798 0
48.01838 0 6.176798 0
48.11838 0 6.176798 0
48.21838 0 6.176798 0
48.31838 0 6.176798 0
48.41838 0 6.176798 0
48.51838 0 6.176798 0
48.61838 0 6.176798 0
48.71838 0 6.176798 0
48.81838 0 6.176798 0
48.91838 0 6.176798 0
49.01838 0 6.176798 0
49.11838 0 6.176798 0
49.21838 0 6.176798 0
49.31838 0 6.176798 0
49.41838 0 6.176798 0
49.51838 0 6.176798 0
49.61838 0 6.176798 0
49.71838 0 6.176798 0
49.81838 0 6.176798 0
49.91838 0 6.176798 0
50.01838 0 6.176798 0
50.11838 0 6.176798 0
50.21838 0 6.176798 0
50.31838 0 6.176798 0
50.41838 0 6.176798 0
50.51838 0 6.176798 0
50.61838 0 6.176798 0
50.71838 0 6.176798 0
50.81838 0 6.176798 0
50.91838 0 6.176798 0
51.01838 0 6.176798 0
51.11838 0 6.176798 0
51.21838 0 6.176798 0
51.31838 0 6.176798 0
51.41838 0 6.176798 0
51.51838 0 6.176798 0
51.61838 0 6.176798 0
51.71838 0 6.176798 0
51.81838 0 6.176798 0
51.91838 0.6298584 3.243658 -1.500865E-08
52.01838 3.553934 349.5525 8.019549E-07
52.11838 6.183441 336.8212 4.293849E-07
52.21838 8.694984 324.0662 -4.3185E-07
52.31838 11.26664 310.3044 -4.352752E-07
52.41838 13.34054 298.4851 -4.387255E-07
52.51838 15.61267 284.6708 8.864821E-07
52.61838 17.75281 269.8254 0
52.71838 18.43495 262.9987 0
52.81838 18.43495 262.9987 0
52.91838 18.43495 262.9987 0
53.01838 18.43495 262.9987 0
53.11838 18.43495 262.9987 0
53.21838 18.43495 262.9987 0
53.31838 18.43495 262.9987 0
53.41838 18.43495 262.9987 0
53.51838 18.43495 262.9987 0
53.61838 18.43495 262.9987 0
53.71838 18.43495 262.9987 0
53.81838 18.43495 262.9987 0
53.91838 18.43495 262.9987 0
54.01838 18.43495 262.9987 0
54.11838 18.43495 262.9987 0
54.21838 18.43495 262.9987 0
54.31838 18.43495 262.9987 0
54.41838 18.43495 262.9987 0
54.51838 18.43495 262.9987 0
54.61838 18.43495 262.9987 0
54.71838 18.43495 262.9987 0
54.81838 18.43495 262.9987 0
54.91838 18.43495 262.9987 0
55.01838 18.43495 262.9987 0
55.11838 18.43495 262.9987 0
55.21838 18.43495 262.9987 0
55.31838 18.43495 262.9987 0
55.41838 18.43495 262.9987 0
55.51838 18.43495 262.9987 0
55.61838 18.43495 262.9987 0
55.71838 18.43495 262.9987 0
55.81838 18.43495 262.9987 0
55.91838 18.43495 262.9987 0
56.01838 18.43495 262.9987 0
56.11838 18.43495 262.9987 0
56.21838 18.43495 262.9987 0
56.31838 18.43495 262.9987 0
56.41838 18.43495 262.9987 0
56.51838 18.43495 262.9987 0
56.61838 18.43495 262.9987 0
56.71838 18.43495 262.9987 0
56.81838 18.43495 262.9987 0
56.91838 18.43495 262.9987 0
57.01838 18.43495 262.9987 0
57.11838 18.43495 262.9987 0
57.21838 18.43495 262.9987 0
57.31838 18.43495 262.9987 0
57.41838 18.43495 262.9987 0
57.51838 18.43495 262.9987 0
57.61838 18.43495 262.9987 0
57.71838 18.43495 262.9987 0
57.81838 18.43495 262.9987 0
57.91838 18.43495 262.9987 0
58.01838 18.43495 262.9987 0
58.11838 18.43495 262.9987 0
58.21838 18.43495 262.9987 0
58.31838 18.43495 262.9987 0
58.41838 18.43495 262.9987 0
58.51838 18.43495 262.9987 0
58.61838 18.43495 262.9987 0
58.71838 18.43495 262.9987 0
58.81838 18.43495 262.9987 0
58.91838 18.43495 262.9987 0
59.01838 18.43495 262.9987 0
59.11838 18.43495 262.9987 0
59.21838 18.43495 262.9987 0
59.31838 18.43495 262.9987 0
59.41838 18.43495 262.9987 0
59.51838 18.43495 262.9987 0
59.61838 18.43495 262.9987 0
59.71838 18.43495 262.9987 0
59.81838 18.43495 262.9987 0
59.91838 18.43495 262.9987 0
60.01838 18.43495 262.9987 0
60.11838 18.43495 262.9987 0
60.21838 18.43495 262.9987 0
60.31838 18.43495 262.9987 0
60.41838 18.43495 262.9987 0
60.51838 18.43495 262.9987 0
60.61838 18.43495 262.9987 0
60.71838 18.43495 262.9987 0
60.81838 18.43495 262.9987 0
60.91838 18.43495 262.9987 0
61.01838 18.43495 262.9987 0
61.11838 18.43495 262.9987 0
61.21838 18.43495 262.9987 0
61.31838 18.43495 262.9987 0
61.41838 18.43495 262.9987 0
61.51838 18.43495 262.9987 0
61.61838 18.43495 262.9987 0
61.71838 18.43495 262.9987 0
61.81838 18.43495 262.9987 0
61.91838 18.43495 262.9987 0
62.01838 18.43495 262.9987 0
62.11838 18.43495 262.9987 0
62.21838 18.43495 262.9987 0
62.31838 18.43495 262.9987 0
62.41838 18.43495 262.9987 0
62.51838 18.43495 262.9987 0
62.61838 18.43495 262.9987 0
62.71838 18.43495 262.9987 0
62.81838 18.43495 262.9987 0
62.91838 18.43495 262.9987 0
63.01838 18.43495 262.9987 0
63.11838 18.43495 262.9987 0
63.21838 18.43495 262.9987 0
63.31838 18.43495 262.9987 0
63.41838 18.43495 262.9987 0
63.51838 18.43495 262.9987 0
63.61838 18.43495 262.9987 0
63.71838 18.43495 262.9987 0
63.81838 18.43495 262.9987 0
63.91838 18.43495 262.9987 0
64.01838 18.43495 262.9987 0
64.11838 18.43495 262.9987 0
64.21838 18.43495 262.9987 0
64.31838 18.43495 262.9987 0
64.41838 18.43495 262.9987 0
64.51838 18.43495 262.9987 0
64.61838 18.43495 262.9987 0
64.71838 18.43495 262.9987 0
64.81838 18.43495 262.9987 0
64.91838 18.43495 262.9987 0
65.01838 18.43495 262.9987 0
65.11838 18.43495 262.9987 0
65.21838 18.43495 262.9987 0
65.31838 18.43495 262.9987 0
65.41838 18.43495 262.9987 0
65.51838 18.43495 262.9987 0
65.61838 18.43495 262.9987 0
65.71838 18.43495 262.9987 0
65.81838 18.43495 262.9987 0
65.91838 18.43495 262.9987 0
66.01838 18.43495 262.9987 0
66.11838 18.43495 262.9987 0
66.21838 18.43495 262.9987 0
66.31838 18.43495 262.9987 0
66.41838 18.43495 262.9987 0
66.51838 18.43495 262.9987 0
66.61838 18.43495 262.9987 0
66.71838 18.43495 262.9987 0
66.81838 18.43495 262.9987 0
66.91838 18.43495 262.9987 0
67.01838 18.43495 262.9987 0
67.11838 18.43495 262.9987 0
67.21838 18.43495 262.9987 0
67.31838 18.43495 262.9987 0
67.41838 18.43495 262.9987 0
67.51838 18.43495 262.9987 0
67.61838 18.43495 262.9987 0
67.71838 18.43495 262.9987 0
67.81838 18.43495 262.9987 0
67.91838 18.43495 262.9987 0
68.01838 18.43495 262.9987 0
68.11838 18.43495 262.9987 0
68.21838 18.43495 262.9987 0
68.31838 18.43495 262.9987 0
68.41838 18.43495 262.9987 0
68.51838 18.43495 262.9987 0
68.61838 18.43495 262.9987 0
68.71838 18.43495 262.9987 0
68.81838 18.43495 262.9987 0
68.91838 18.43495 262.9987 0
69.01838 18.43495 262.9987 0
69.11838 18.43495 262.9987 0
69.21838 18.43495 262.9987 0
69.31838 18.43495 262.9987 0
69.41838 18.43495 262.9987 0
69.51838 18.43495 262.9987 0
69.61838 18.43495 262.9987 -8.999563E-07
69.71838 18.43495 262.9987 -8.999563E-07
69.81838 18.43495 262.9987 -8.999563E-07
69.91838 18.43495 262.9987 -8.999563E-07
70.01838 18.43495 262.9987 -8.999563E-07
70.11838 18.43495 262.9987 -8.999563E-07
70.21838 18.43495 262.9987 -8.999563E-07
70.31838 18.43495 262.9987 -8.999563E-07
70.41838 18.43495 262.9987 -8.999563E-07
70.51838 18.43495 262.9987 -8.999563E-07
70.61838 18.43495 262.9987 -8.999563E-07
70.71838 16.89006 254.1323 -8.922622E-07
70.81838 14.41264 240.3535 -1.763033E-06
70.91838 12.16619 228.5654 8.733895E-07
71.01838 9.294124 213.8431 6.488481E-07
71.11838 6.696766 199.0697 -2.149096E-06
71.21838 4.844001 188.9993 -5.355211E-08
71.31838 4.844001 188.9993 -5.355211E-08
71.41838 4.844001 188.9993 -5.355211E-08
71.51838 4.844001 188.9993 -5.355211E-08
71.61838 4.844001 188.9993 -5.355211E-08
71.71838 4.844001 188.9993 -5.355211E-08
71.81838 4.844001 188.9993 -5.355211E-08
71.91838 4.844001 188.9993 -5.355211E-08
72.01838 4.844001 188.9993 -5.355211E-08
72.11838 4.844001 188.9993 -5.355211E-08
72.21838 4.844001 188.9993 -5.355211E-08
72.31838 4.844001 188.9993 -5.355211E-08
72.41838 4.844001 188.9993 -5.355211E-08
72.51838 4.844001 188.9993 -5.355211E-08
72.61838 4.844001 188.9993 -5.355211E-08
72.71838 4.844001 188.9993 -5.355211E-08
72.81838 4.844001 188.9993 -5.355211E-08
72.91838 4.844001 188.9993 -5.355211E-08
73.01838 4.844001 188.9993 -5.355211E-08
73.11838 4.844001 188.9993 -5.355211E-08
73.21838 4.844001 188.9993 -5.355211E-08
73.31838 4.844001 188.9993 -5.355211E-08
73.41838 4.844001 188.9993 -5.355211E-08
73.51838 4.844001 188.9993 -5.355211E-08
73.61838 4.844001 188.9993 -5.355211E-08
73.71838 4.844001 188.9993 -5.355211E-08
73.81838 4.844001 188.9993 -5.355211E-08
73.91838 4.844001 188.9993 -5.355211E-08
74.01838 4.844001 188.9993 -5.355211E-08
74.11838 4.844001 188.9993 -5.355211E-08
74.21838 4.844001 188.9993 -5.355211E-08
74.31838 4.844001 188.9993 -5.355211E-08
74.41838 4.844001 188.9993 -5.355211E-08
74.51838 4.844001 188.9993 -5.355211E-08
74.61838 4.844001 188.9993 -5.355211E-08
74.71838 4.844001 188.9993 -5.355211E-08
74.81838 4.844001 188.9993 -5.355211E-08
74.91838 4.844001 188.9993 -5.355211E-08
75.01838 4.844001 188.9993 -5.355211E-08
75.11838 4.844001 188.9993 -5.355211E-08
75.21838 4.844001 188.9993 -5.355211E-08
75.31838 4.844001 188.9993 -5.355211E-08
75.41838 4.844001 188.9993 -5.355211E-08
75.51838 4.844001 188.9993 -5.355211E-08
75.61838 4.844001 188.9993 -5.355211E-08
75.71838 4.844001 188.9993 -5.355211E-08
75.81838 4.844001 188.9993 -5.355211E-08
75.91838 4.844001 188.9993 -5.355211E-08
76.01838 4.844001 188.9993 -5.355211E-08
76.11838 4.844001 188.9993 -5.355211E-08
76.21838 4.844001 188.9993 -5.355211E-08
76.31838 4.844001 188.9993 -5.355211E-08
76.41838 4.844001 188.9993 -5.355211E-08
76.51838 4.844001 188.9993 -5.355211E-08
76.61838 4.844001 188.9993 -5.355211E-08
76.71838 4.844001 188.9993 -5.355211E-08
76.81838 4.844001 188.9993 -5.355211E-08
76.91838 4.844001 188.9993 -5.355211E-08
77.01838 4.844001 188.9993 -5.355211E-08
77.11838 4.844001 188.9993 -5.355211E-08
77.21838 4.844001 188.9993 -5.355211E-08
77.31838 4.844001 188.9993 -5.355211E-08
77.41838 4.844001 188.9993 -5.355211E-08
77.51838 4.844001 188.9993 -5.355211E-08
77.61838 4.844001 188.9993 -5.355211E-08
77.71838 4.844001 188.9993 -5.355211E-08
