1.809744 0 270 0
1.847592 0 270 0
2.038911 79.35375 160.9897 308.853
2.0528 79.35375 160.9897 308.853
2.066689 79.35375 160.9897 308.853
2.080578 79.35375 160.9897 308.853
2.094467 79.35375 160.9897 308.853
2.108356 79.35375 160.9897 308.853
2.122245 79.35375 160.9897 308.853
2.136134 79.35375 160.9897 308.853
2.150023 79.35375 160.9897 308.853
2.163911 79.35375 160.9897 308.853
2.1778 79.35375 160.9897 308.853
2.191689 79.35375 160.9897 308.853
2.205578 79.35375 160.9897 308.853
2.219467 79.35375 160.9897 308.853
2.233356 79.35375 160.9897 308.853
2.247245 79.35375 160.9897 308.853
2.261134 79.35375 160.9897 308.853
2.275023 79.35375 160.9897 308.853
2.288911 79.35375 160.9897 308.853
2.3028 79.35375 160.9897 308.853
2.316689 79.35375 160.9897 308.853
2.330578 79.35375 160.9897 308.853
2.344467 79.35375 160.9897 308.853
2.358356 79.35375 160.9897 308.853
2.372245 79.35375 160.9897 308.853
2.386134 79.35375 160.9897 308.853
2.400023 79.35375 160.9897 308.853
2.413911 79.36761 161.0175 308.8849
2.4278 79.36761 161.0175 308.8849
2.441689 79.36761 161.0175 308.8849
2.455578 79.35375 160.9897 308.853
2.469467 79.35375 160.9897 308.853
2.483356 79.35375 160.9897 308.853
2.497245 79.35375 160.9897 308.853
2.511134 79.35375 160.9897 308.853
2.525023 79.35375 160.9897 308.853
2.538911 79.35375 160.9897 308.853
2.5528 79.35375 160.9897 308.853
2.566689 79.35375 160.9897 308.853
2.580578 79.35375 160.9897 308.853
2.594467 79.35375 160.9897 308.853
2.608356 79.35375 160.9897 308.853
2.622245 79.35375 160.9897 308.853
2.636134 79.35375 160.9897 308.853
2.650023 79.35375 160.9897 308.853
2.663911 79.35375 160.9897 308.853
2.6778 79.35375 160.9897 308.853
2.691689 79.35375 160.9897 308.853
2.705578 79.35375 160.9897 308.853
2.719467 79.35375 160.9897 308.853
2.733356 79.35375 160.9897 308.853
2.747245 79.35375 160.9897 308.853
2.761134 79.35375 160.9897 308.853
2.775023 79.35375 160.9897 308.853
2.788911 79.35375 160.9897 308.853
2.8028 79.35375 160.9897 308.853
2.816689 79.35375 160.9897 308.853
2.830578 79.35375 160.9897 308.853
2.844467 79.35375 160.9897 308.853
2.858356 79.35375 160.9897 308.853
2.872245 79.35375 160.9897 308.853
2.886134 79.35375 160.9897 308.853
2.900023 79.35375 160.9897 308.853
2.913911 79.35375 160.9897 308.853
2.9278 79.35375 160.9897 308.853
2.941689 79.35375 160.9897 308.853
2.955578 79.35375 160.9897 308.853
2.969467 79.35375 160.9897 308.853
2.983356 79.35375 160.9897 308.853
2.997245 79.35375 160.9897 308.853
3.011134 79.35375 160.9897 308.853
3.025023 79.35375 160.9897 308.853
3.038911 79.35375 160.9897 308.853
3.0528 79.35375 160.9897 308.853
3.066689 79.35375 160.9897 308.853
3.080578 79.35375 160.9897 308.853
3.094467 79.35375 160.9897 308.853
3.108356 79.35375 160.9897 308.853
3.122245 79.35375 160.9897 308.853
3.136134 79.35375 160.9897 308.853
3.150023 79.35375 160.9897 308.853
3.163911 79.35375 160.9897 308.853
3.1778 79.35375 160.9897 308.853
3.191689 79.35375 160.9897 308.853
3.205578 79.35375 160.9897 308.853
3.219467 79.35375 160.9897 308.853
3.233356 79.35375 160.9897 308.853
3.247245 79.35375 160.9897 308.853
3.261134 79.35375 160.9897 308.853
3.275023 79.35375 160.9897 308.853
3.288911 79.35375 160.9897 308.853
3.3028 79.35375 160.9897 308.853
3.316689 79.35375 160.9897 308.853
3.330578 79.35375 160.9897 308.853
3.344467 79.35375 160.9897 308.853
3.358356 79.35375 160.9897 308.853
3.372245 79.35375 160.9897 308.853
3.386134 79.35375 160.9897 308.853
3.400023 79.35375 160.9897 308.853
3.413911 79.35375 160.9897 308.853
3.4278 79.35375 160.9897 308.853
3.441689 79.35375 160.9897 308.853
3.455578 79.35375 160.9897 308.853
3.469467 79.35375 160.9897 308.853
3.483356 79.35375 160.9897 308.853
3.497245 79.35375 160.9897 308.853
3.511134 79.35375 160.9897 308.853
3.525023 79.35375 160.9897 308.853
3.538911 79.35375 160.9897 308.853
3.5528 79.35375 160.9897 308.853
3.566689 79.35375 160.9897 308.853
3.580578 79.35375 160.9897 308.853
3.594467 79.35375 160.9897 308.853
3.608356 79.35375 160.9897 308.853
3.622245 79.35375 160.9897 308.853
3.636134 79.35375 160.9897 308.853
3.650023 79.35375 160.9897 308.853
3.663911 79.35375 160.9897 308.853
3.6778 79.35375 160.9897 308.853
3.691689 79.35375 160.9897 308.853
3.705578 79.35375 160.9897 308.853
3.719467 79.35375 160.9897 308.853
3.733356 79.35375 160.9897 308.853
3.747245 79.35375 160.9897 308.853
3.761134 79.35375 160.9897 308.853
3.775023 79.35375 160.9897 308.853
3.788911 79.35375 160.9897 308.853
3.8028 79.35375 160.9897 308.853
3.816689 79.35375 160.9897 308.853
3.830578 79.35375 160.9897 308.853
3.844467 79.35375 160.9897 308.853
3.858356 79.35375 160.9897 308.853
3.872245 79.35375 160.9897 308.853
3.886134 79.35375 160.9897 308.853
3.900023 79.35375 160.9897 308.853
3.913911 79.35375 160.9897 308.853
3.9278 79.35375 160.9897 308.853
3.941689 79.35375 160.9897 308.853
3.955578 79.35375 160.9897 308.853
3.969467 79.35375 160.9897 308.853
3.983356 79.35375 160.9897 308.853
3.997245 79.35375 160.9897 308.853
4.011134 79.35375 160.9897 308.853
4.025023 79.35375 160.9897 308.853
4.038911 79.35375 160.9897 308.853
4.0528 79.35375 160.9897 308.853
4.066689 79.35375 160.9897 308.853
4.080578 79.35375 160.9897 308.853
4.094467 79.35375 160.9897 308.853
4.108356 79.35375 160.9897 308.853
4.122245 79.35375 160.9897 308.853
4.136134 79.35375 160.9897 308.853
4.150023 79.35375 160.9897 308.853
4.163911 79.35375 160.9897 308.853
4.1778 79.35375 160.9897 308.853
4.191689 79.35375 160.9897 308.853
4.205578 79.35375 160.9897 308.853
4.219467 79.35375 160.9897 308.853
4.233356 79.35375 160.9897 308.853
4.247245 79.35375 160.9897 308.853
4.261134 79.35375 160.9897 308.853
4.275023 79.35375 160.9897 308.853
4.288911 79.35375 160.9897 308.853
4.3028 79.35375 160.9897 308.853
4.316689 79.35375 160.9897 308.853
4.330578 79.35375 160.9897 308.853
4.344467 79.35375 160.9897 308.853
4.358356 79.35375 160.9897 308.853
4.372245 79.35375 160.9897 308.853
4.386134 79.35375 160.9897 308.853
4.400023 79.35375 160.9897 308.853
4.413911 79.35375 160.9897 308.853
4.4278 79.35375 160.9897 308.853
4.441689 79.35375 160.9897 308.853
4.455578 79.35375 160.9897 308.853
4.469467 79.35375 160.9897 308.853
4.483356 79.35375 160.9897 308.853
4.497245 79.35375 160.9897 308.853
4.511134 79.35375 160.9897 308.853
4.525023 79.35375 160.9897 308.853
4.538911 79.35375 160.9897 308.853
4.5528 79.35375 160.9897 308.853
4.566689 79.35375 160.9897 308.853
4.580578 79.35375 160.9897 308.853
4.594467 79.35375 160.9897 308.853
4.608356 79.35375 160.9897 308.853
4.622245 79.35375 160.9897 308.853
4.636134 79.35375 160.9897 308.853
4.650023 79.35375 160.9897 308.853
4.663911 79.35375 160.9897 308.853
4.6778 79.35375 160.9897 308.853
4.691689 79.35375 160.9897 308.853
4.705578 79.35375 160.9897 308.853
4.719467 79.35375 160.9897 308.853
4.733356 79.35375 160.9897 308.853
4.747245 79.35375 160.9897 308.853
4.761134 79.35375 160.9897 308.853
4.775023 79.35375 160.9897 308.853
4.788911 79.35375 160.9897 308.853
4.8028 79.35375 160.9897 308.853
4.816689 79.35375 160.9897 308.853
4.830578 79.35375 160.9897 308.853
4.844467 79.35375 160.9897 308.853
4.858356 79.35375 160.9897 308.853
4.872245 79.35375 160.9897 308.853
4.886134 79.35375 160.9897 308.853
4.900023 79.35375 160.9897 308.853
4.913911 79.35375 160.9897 308.853
4.9278 79.35375 160.9897 308.853
4.941689 79.35375 160.9897 308.853
4.955578 79.35375 160.9897 308.853
4.969467 79.35375 160.9897 308.853
4.983356 79.35375 160.9897 308.853
4.997245 79.35375 160.9897 308.853
5.011134 79.35375 160.9897 308.853
5.025023 79.35375 160.9897 308.853
5.038911 79.35375 160.9897 308.853
5.0528 79.35375 160.9897 308.853
5.066689 79.35375 160.9897 308.853
5.080578 79.35375 160.9897 308.853
5.094467 79.35375 160.9897 308.853
5.108356 79.35375 160.9897 308.853
5.122245 79.35375 160.9897 308.853
5.136134 79.35375 160.9897 308.853
5.150023 79.35375 160.9897 308.853
5.163911 79.35375 160.9897 308.853
5.1778 79.35375 160.9897 308.853
5.191689 79.35375 160.9897 308.853
5.205578 79.35375 160.9897 308.853
5.219467 79.35375 160.9897 308.853
5.233356 79.35375 160.9897 308.853
5.247245 79.35375 160.9897 308.853
5.261134 79.35375 160.9897 308.853
5.275023 79.35375 160.9897 308.853
5.288911 79.35375 160.9897 308.853
5.3028 79.35375 160.9897 308.853
5.316689 79.35375 160.9897 308.853
5.330578 79.35375 160.9897 308.853
5.344467 79.35375 160.9897 308.853
5.358356 79.35375 160.9897 308.853
5.372245 79.35375 160.9897 308.853
5.386134 79.35375 160.9897 308.853
5.400023 79.35375 160.9897 308.853
5.413911 79.35375 160.9897 308.853
5.4278 79.35375 160.9897 308.853
5.441689 79.35375 160.9897 308.853
5.455578 79.35375 160.9897 308.853
5.469467 79.35375 160.9897 308.853
5.483356 79.35375 160.9897 308.853
5.497245 79.35375 160.9897 308.853
5.511134 79.35375 160.9897 308.853
5.525023 79.35375 160.9897 308.853
5.538911 79.35375 160.9897 308.853
5.5528 79.35375 160.9897 308.853
5.566689 79.35375 160.9897 308.853
5.580578 79.35375 160.9897 308.853
5.594467 79.35375 160.9897 308.853
5.608356 79.35375 160.9897 308.853
5.622245 79.35375 160.9897 308.853
5.636134 79.35375 160.9897 308.853
5.650023 79.35375 160.9897 308.853
5.663911 79.35375 160.9897 308.853
5.6778 79.35375 160.9897 308.853
5.691689 79.35375 160.9897 308.853
5.705578 79.35375 160.9897 308.853
5.719467 79.35375 160.9897 308.853
5.733356 79.35375 160.9897 308.853
5.747245 79.35375 160.9897 308.853
5.761134 79.35375 160.9897 308.853
5.775023 79.35375 160.9897 308.853
5.788911 79.35375 160.9897 308.853
5.8028 79.35375 160.9897 308.853
5.816689 79.35375 160.9897 308.853
5.830578 79.35375 160.9897 308.853
5.844467 79.35375 160.9897 308.853
5.858356 79.35375 160.9897 308.853
5.872245 79.35375 160.9897 308.853
5.886134 79.35375 160.9897 308.853
5.900023 79.35375 160.9897 308.853
5.913911 79.35375 160.9897 308.853
5.9278 79.35375 160.9897 308.853
5.941689 79.35375 160.9897 308.853
5.955578 79.35375 160.9897 308.853
5.969467 79.35375 160.9897 308.853
5.983356 79.35375 160.9897 308.853
5.997245 79.35375 160.9897 308.853
6.011134 79.35375 160.9897 308.853
6.025023 79.35375 160.9897 308.853
6.038911 79.35375 160.9897 308.853
6.0528 79.35375 160.9897 308.853
6.066689 79.35375 160.9897 308.853
6.080578 79.35375 160.9897 308.853
6.094467 79.35375 160.9897 308.853
6.108356 79.35375 160.9897 308.853
6.122245 79.35375 160.9897 308.853
6.136134 79.36761 161.0175 308.8849
6.150023 79.36761 161.0175 308.8849
6.163911 79.36761 161.0175 308.8849
6.1778 79.35375 160.9897 308.853
6.191689 79.35375 160.9897 308.853
6.205578 79.35375 160.9897 308.853
6.219467 79.35375 160.9897 308.853
6.233356 79.35375 160.9897 308.853
6.247245 79.35375 160.9897 308.853
6.261134 79.35375 160.9897 308.853
6.275023 79.35375 160.9897 308.853
6.288911 79.35375 160.9897 308.853
6.3028 79.35375 160.9897 308.853
6.316689 79.35375 160.9897 308.853
6.330578 79.35375 160.9897 308.853
6.344467 79.35375 160.9897 308.853
6.358356 79.35375 160.9897 308.853
6.372245 79.35375 160.9897 308.853
6.386134 79.35375 160.9897 308.853
6.400023 79.35375 160.9897 308.853
6.413911 79.35375 160.9897 308.853
6.4278 79.35375 160.9897 308.853
6.441689 79.35375 160.9897 308.853
6.455578 79.35375 160.9897 308.853
6.469467 79.35375 160.9897 308.853
6.483356 79.35375 160.9897 308.853
6.497245 79.35375 160.9897 308.853
6.511134 79.35375 160.9897 308.853
6.525023 79.35375 160.9897 308.853
6.538911 79.35375 160.9897 308.853
6.5528 79.35375 160.9897 308.853
6.566689 79.35375 160.9897 308.853
6.580578 79.35375 160.9897 308.853
6.594467 79.35375 160.9897 308.853
6.608356 79.35375 160.9897 308.853
6.622245 79.35375 160.9897 308.853
6.636134 79.35375 160.9897 308.853
6.650023 79.35375 160.9897 308.853
6.663911 79.35375 160.9897 308.853
6.6778 79.35375 160.9897 308.853
6.691689 79.35375 160.9897 308.853
6.705578 79.35375 160.9897 308.853
6.719467 79.35375 160.9897 308.853
6.733356 79.35375 160.9897 308.853
6.747245 79.35375 160.9897 308.853
6.761134 79.35375 160.9897 308.853
6.775023 79.35375 160.9897 308.853
6.788911 79.35375 160.9897 308.853
6.8028 79.35375 160.9897 308.853
6.816689 79.35375 160.9897 308.853
6.830578 79.35375 160.9897 308.853
6.844467 79.35375 160.9897 308.853
6.858356 79.35375 160.9897 308.853
6.872245 79.35375 160.9897 308.853
6.886134 79.35375 160.9897 308.853
6.900023 79.35375 160.9897 308.853
6.913911 79.35375 160.9897 308.853
6.9278 79.35375 160.9897 308.853
6.941689 79.35375 160.9897 308.853
6.955578 79.35375 160.9897 308.853
6.969467 79.35375 160.9897 308.853
6.983356 79.35375 160.9897 308.853
6.997245 79.35375 160.9897 308.853
7.011134 79.35375 160.9897 308.853
7.025023 79.35375 160.9897 308.853
7.038911 79.35375 160.9897 308.853
7.0528 79.35375 160.9897 308.853
7.066689 79.35375 160.9897 308.853
7.080578 79.35375 160.9897 308.853
7.094467 79.35375 160.9897 308.853
7.108356 79.35375 160.9897 308.853
7.122245 79.35375 160.9897 308.853
7.136134 79.35375 160.9897 308.853
7.150023 79.35375 160.9897 308.853
7.163911 79.35375 160.9897 308.853
