1.504815 0 270 0
1.753869 0 270 0
1.853869 0 270 0
1.953869 0 270 0
2.053869 0 270 0
2.153869 0 270 0
2.253869 0 270 0
2.353869 0 270 0
2.453869 0 270 0
2.553869 0 270 0
2.653869 0 270 0
2.753869 0 270 0
2.853869 0 270 0
2.953869 0 270 0
3.053869 0 270 0
3.153869 0 270 0
3.253869 0 270 0
3.353869 0 270 0
3.453869 0 270 0
3.553869 0 270 0
3.653869 0 270 0
3.753869 0 270 0
3.853869 0 270 0
3.953869 0 270 0
4.053869 0 270 0
4.153869 0 270 0
4.253869 0 270 0
4.353869 0 270 0
4.453869 0 270 0
4.553869 0 270 0
4.653869 0 270 0
4.753869 0 270 0
4.853869 0 270 0
4.953869 0 270 0
5.053869 0 270 0
5.153869 0 270 0
5.253869 0 270 0
5.353869 0 270 0
5.453869 0 270 0
5.553869 0 270 0
5.653869 0 270 0
5.753869 0 270 0
5.853869 0 270 0
5.953869 0 270 0
6.053869 0 270 0
6.153869 0 270 0
6.253869 0 270 0
6.353869 0 270 0
6.453869 0 270 0
6.553869 0 270 0
6.653869 0 270 0
6.753869 0 270 0
6.853869 0 270 0
6.953869 0 270 0
7.053869 0 270 0
7.153869 0 270 0
7.253869 0 270 0
7.353869 0 270 0
7.453869 0 270 0
7.553869 0 270 0
7.653869 0 270 0
7.753869 0 270 0
7.853869 0 270 0
7.953869 0 270 0
8.053869 0 270 0
8.153869 0 270 0
8.253869 0 270 0
8.353868 0 270 0
8.453869 0 270 0
8.553869 0 270 0
8.653869 0 270 0
8.753869 0 270 0
8.853869 0 270 0
8.953869 0 270 0
9.053869 0 270 0
9.153869 0 270 0
9.253869 0 270 0
9.353869 359.1749 273 0
9.453869 359.1749 296.475 -2.668319E-08
9.553869 359.0999 317.85 0
9.653869 357.1498 331.65 1.068539E-07
9.753869 357.2248 334.2 -1.602705E-07
9.853869 357.9749 344.85 -3.203652E-07
9.953869 358.1249 352.275 -2.269051E-07
10.05387 358.1249 352.275 -2.269051E-07
10.15387 358.1249 352.275 -2.269051E-07
10.25387 358.1249 350.4 -1.46821E-07
10.35387 358.2 318.6 -2.135488E-07
10.45387 0.2999236 290.775 -3.468502E-07
10.55387 1.949925 279 -4.271342E-07
10.65387 2.474929 269.925 -2.136427E-07
10.75387 2.474933 260.3249 -1.068214E-07
10.85387 2.774934 257.9249 -4.27388E-07
10.95387 2.774934 257.9249 -4.27388E-07
11.05387 2.774934 257.9249 -4.27388E-07
11.15387 2.774934 257.9249 -4.27388E-07
11.25387 2.774934 257.9249 -4.27388E-07
11.35387 2.774934 257.9249 -4.27388E-07
11.45387 2.774934 257.9249 -4.27388E-07
11.55387 2.774934 257.9249 -4.27388E-07
11.65387 3.074934 252.4499 -6.412535E-07
11.75387 3.074936 240.2999 -7.481291E-07
11.85387 3.074939 236.9998 -7.48129E-07
11.95387 3.074941 233.9998 -8.550047E-07
12.05387 3.074944 233.4747 -1.068756E-06
12.15387 3.074944 233.4747 -1.068756E-06
12.25387 3.074944 233.4747 -1.068756E-06
12.35387 3.074944 233.4747 -1.068756E-06
12.45387 4.949947 212.9997 -8.569698E-07
12.55387 5.399948 208.9497 -9.64777E-07
12.65387 5.399948 208.9497 -9.64777E-07
12.75387 5.399948 208.9497 -9.64777E-07
12.85387 5.399948 208.9497 -9.64777E-07
12.95387 5.399948 208.9497 -9.64777E-07
13.05387 5.399948 208.9497 -9.64777E-07
13.15387 4.199952 220.2746 -1.070091E-06
13.25387 4.424952 236.0247 -1.498571E-06
13.35387 3.674953 242.0997 -1.818007E-06
13.45387 3.599953 242.3247 -2.459452E-06
13.55387 3.374953 243.5997 -2.993399E-06
13.65387 3.299953 243.7497 -3.10007E-06
13.75387 3.299953 243.7497 -3.10007E-06
13.85387 2.174954 250.8747 -3.097161E-06
13.95387 2.174955 255.4496 -3.097161E-06
14.05387 2.174955 255.4496 -2.563167E-06
14.15387 2.174955 255.7496 -2.776765E-06
14.25387 2.174956 255.8996 -2.669966E-06
14.35387 359.025 251.0996 -2.615061E-06
14.45387 358.6499 245.1747 -2.668784E-06
14.55387 358.6499 244.7246 -2.775535E-06
14.65387 358.6499 244.7246 -2.775535E-06
14.75387 358.6499 244.7246 -2.775535E-06
14.85387 357.6748 245.3996 -2.990671E-06
14.95387 355.9498 247.7245 -2.781711E-06
15.05387 354.8997 257.0995 -2.785794E-06
15.15387 353.9995 265.6494 -2.360812E-06
15.25387 353.9245 266.8495 -2.790437E-06
15.35387 353.9245 267.2245 -2.575788E-06
15.45387 354.5996 266.5493 -3.001531E-06
15.55387 356.9246 255.8243 -2.671891E-06
15.65387 357.4496 236.7744 -2.350205E-06
15.75387 357.6747 235.1243 -2.136193E-06
15.85387 357.6747 235.1243 -2.136193E-06
15.95387 357.6747 235.1243 -2.136193E-06
16.05387 357.6747 235.1243 -2.136193E-06
16.15387 357.6747 235.1243 -2.136193E-06
16.25387 357.6747 235.1243 -2.136193E-06
16.35387 357.6747 235.1243 -2.136193E-06
16.45387 357.6747 235.1243 -2.136193E-06
16.55387 357.6747 235.1243 -2.136193E-06
16.65387 357.6747 235.1243 -2.136193E-06
16.75387 358.6497 225.6743 -2.135027E-06
16.85387 359.2497 220.1243 -2.187983E-06
16.95387 349.4998 226.0492 -2.604943E-06
17.05387 344.9247 220.1992 -3.978917E-06
17.15387 345.2247 219.2992 -6.180793E-06
17.25387 345.5997 218.9992 -1.013688E-05
17.35387 349.1247 217.8741 -8.041836E-06
17.45387 354.2247 216.0741 -7.294099E-06
17.55387 356.0998 208.5741 -7.059984E-06
17.65387 356.4748 203.024 -6.575827E-06
17.75387 356.4748 203.024 -6.575827E-06
17.85387 356.2498 197.999 -6.096191E-06
17.95387 356.3248 194.324 -6.523439E-06
18.05387 356.3248 194.324 -6.523439E-06
18.15387 356.3248 194.324 -6.523439E-06
18.25387 356.3248 194.324 -6.523439E-06
18.35387 356.3248 194.324 -6.523439E-06
18.45387 356.3248 194.324 -6.523439E-06
18.55387 356.3248 194.324 -6.523439E-06
18.65387 356.3248 194.324 -6.523439E-06
18.75387 356.3248 194.324 -6.523439E-06
18.85387 356.3248 194.324 -6.523439E-06
18.95387 357.0748 183.6739 -6.638736E-06
19.05387 357.0748 182.099 -6.608682E-06
19.15387 357.0748 182.099 -6.608682E-06
19.25387 357.0748 186.0739 -6.598664E-06
19.35387 356.9247 201.4488 -6.733163E-06
19.45387 355.5747 214.5738 -6.422449E-06
19.55387 354.7496 226.6487 -6.858968E-06
19.65387 354.6746 227.0987 -6.859798E-06
19.75387 354.6746 227.0987 -6.859798E-06
19.85387 354.6746 227.0987 -6.859798E-06
19.95387 354.6746 227.0987 -6.859798E-06
20.05387 354.6746 227.0987 -6.859798E-06
20.15387 354.6746 227.0987 -6.859798E-06
20.25387 354.6746 227.0987 -6.859798E-06
20.35387 354.6746 227.0987 -6.859798E-06
20.45387 354.6746 227.0987 -6.859798E-06
20.55387 354.6746 227.0987 -6.859798E-06
20.65387 354.6746 227.0987 -6.859798E-06
20.75387 354.6746 227.0987 -6.859798E-06
20.85387 354.6746 227.0987 -6.859798E-06
20.95387 354.6746 227.0987 -6.859798E-06
21.05387 354.6746 227.0987 -6.859798E-06
21.15387 354.6746 227.0987 -6.859798E-06
21.25387 354.6746 227.0987 -6.859798E-06
21.35387 354.6746 227.0987 -6.859798E-06
21.45387 354.6746 227.0987 -6.859798E-06
21.55387 354.6746 227.0987 -6.859798E-06
21.65387 354.6746 227.0987 -6.859798E-06
21.75387 354.6746 227.0987 -6.859798E-06
21.85387 354.6746 227.0987 -6.859798E-06
21.95387 354.6746 227.0987 -6.859798E-06
22.05387 354.6746 227.0987 -6.859798E-06
22.15387 354.6746 227.0987 -6.859798E-06
22.25387 354.6746 227.0987 -6.859798E-06
22.35387 354.6746 227.0987 -6.859798E-06
22.45387 354.6746 227.0987 -6.859798E-06
22.55387 354.6746 227.0987 -6.859798E-06
22.65387 354.6746 227.0987 -6.859798E-06
22.75387 354.6746 227.0987 -6.859798E-06
22.85387 354.6746 227.0987 -6.859798E-06
22.95387 354.6746 227.0987 -6.859798E-06
23.05387 354.6746 227.0987 -6.859798E-06
23.15387 354.6746 227.0987 -6.859798E-06
23.25387 354.6746 227.0987 -6.859798E-06
23.35387 354.6746 227.0987 -6.859798E-06
23.45387 354.6746 227.0987 -6.859798E-06
23.55387 354.6746 227.0987 -6.859798E-06
23.65387 354.6746 227.0987 -6.859798E-06
23.75387 354.6746 227.0987 -6.859798E-06
23.85387 354.6746 227.0987 -6.859798E-06
23.95387 354.6746 227.0987 -6.859798E-06
24.05387 354.6746 227.0987 -6.859798E-06
24.15387 354.6746 227.0987 -6.859798E-06
24.25387 354.6746 227.0987 -6.859798E-06
24.35387 354.6746 227.0987 -6.859798E-06
24.45387 354.6746 227.0987 -6.859798E-06
24.55387 354.6746 227.0987 -6.859798E-06
24.65387 354.6746 227.0987 -6.859798E-06
24.75387 354.6746 227.0987 -6.859798E-06
24.85387 354.7496 221.9237 -7.930681E-06
24.95387 354.9746 208.1237 -9.10635E-06
25.05387 354.5246 203.6987 -8.576871E-06
25.15387 354.5246 203.6237 -8.898503E-06
25.25387 354.9746 200.0986 -7.660047E-06
25.35387 354.9746 197.3236 -6.749411E-06
25.45387 354.9746 197.3236 -6.749411E-06
25.55387 354.9746 197.3236 -6.749411E-06
25.65387 354.9746 197.3236 -6.749411E-06
25.75387 354.9746 197.3236 -6.749411E-06
25.85387 354.9746 197.3236 -6.749411E-06
25.95387 354.9746 197.3236 -6.749411E-06
26.05387 354.9746 197.3236 -6.749411E-06
26.15387 354.9746 197.3236 -6.749411E-06
26.25387 354.9746 197.3236 -6.749411E-06
26.35387 354.9746 197.3236 -6.749411E-06
26.45387 354.9746 197.3236 -6.749411E-06
26.55387 354.9746 197.3236 -6.749411E-06
26.65387 354.9746 197.3236 -6.749411E-06
26.75387 354.9746 197.3236 -6.749411E-06
26.85387 354.9746 197.3236 -6.749411E-06
26.95387 354.9746 197.3236 -6.749411E-06
27.05387 354.9746 197.3236 -6.749411E-06
27.15387 354.9746 197.3236 -6.749411E-06
27.25387 354.9746 197.3236 -6.749411E-06
27.35387 354.9746 197.3236 -6.749411E-06
27.45387 354.9746 197.3236 -6.749411E-06
27.55387 354.9746 197.3236 -6.749411E-06
27.65387 354.9746 197.3236 -6.749411E-06
27.75387 354.9746 197.3236 -6.749411E-06
27.85387 354.9746 197.3236 -6.749411E-06
27.95387 354.9746 197.3236 -6.749411E-06
28.05387 354.9746 197.3236 -6.749411E-06
28.15387 354.9746 197.3236 -6.749411E-06
28.25387 354.9746 197.3236 -6.749411E-06
28.35387 354.9746 197.3236 -6.749411E-06
28.45387 354.9746 197.3236 -6.749411E-06
28.55387 354.9746 197.3236 -6.749411E-06
28.65387 354.9746 197.3236 -6.749411E-06
28.75387 354.9746 197.3236 -6.749411E-06
28.85387 354.9746 197.3236 -6.749411E-06
28.95387 354.9746 197.3236 -6.749411E-06
29.05387 354.9746 197.3236 -6.749411E-06
29.15387 354.9746 197.3236 -6.749411E-06
29.25387 356.3246 190.6486 -7.459181E-06
29.35387 356.7747 186.7485 -6.346654E-06
29.45387 357.2247 183.7485 -6.724685E-06
29.55387 357.2247 183.7485 -6.824855E-06
29.65387 357.2247 183.7485 -6.824855E-06
29.75387 357.2247 183.7485 -6.824855E-06
29.85387 357.2247 183.7485 -6.824855E-06
29.95387 357.6747 182.9985 -6.57547E-06
30.05387 359.4747 170.0235 -6.360213E-06
30.15387 359.6247 167.9984 -6.393434E-06
30.25387 359.6247 167.9984 -6.393434E-06
30.35387 359.6247 167.9984 -6.393434E-06
30.45387 359.6247 167.9984 -6.393434E-06
30.55387 359.6247 167.9984 -6.393434E-06
30.65387 359.6247 167.9984 -6.393434E-06
30.75387 359.6247 167.9984 -6.393434E-06
30.85387 359.6247 167.9984 -6.393434E-06
30.95387 359.6247 167.9984 -6.393434E-06
31.05387 359.6247 167.9984 -6.393434E-06
31.15387 359.6247 167.9984 -6.393434E-06
31.25387 359.6247 167.9984 -6.393434E-06
31.35387 359.6247 167.9984 -6.393434E-06
31.45387 359.6247 167.9984 -6.393434E-06
31.55387 359.6247 167.9984 -6.393434E-06
31.65387 359.6247 167.9984 -6.393434E-06
31.75387 359.6247 167.9984 -6.393434E-06
31.85387 359.6247 167.9984 -6.393434E-06
31.95387 359.6247 167.9984 -6.393434E-06
32.05387 359.6247 167.9984 -6.393434E-06
32.15387 359.6247 167.9984 -6.393434E-06
32.25387 359.6247 167.9984 -6.393434E-06
32.35387 359.6247 167.9984 -6.393434E-06
32.45387 359.6247 167.9984 -6.393434E-06
32.55387 359.6247 167.9984 -6.393434E-06
32.65387 359.6247 167.9984 -6.393434E-06
32.75387 359.6247 167.9984 -6.393434E-06
32.85387 359.6247 167.9984 -6.393434E-06
32.95387 359.6247 167.9984 -6.393434E-06
33.05387 359.6247 167.9984 -6.393434E-06
33.15387 359.6247 167.9984 -6.393434E-06
33.25387 359.6247 167.9984 -6.393434E-06
33.35387 359.6247 167.9984 -6.393434E-06
33.45387 359.6247 167.9984 -6.393434E-06
33.55387 359.6247 167.9984 -6.393434E-06
33.65387 359.6247 167.9984 -6.393434E-06
33.75387 359.6247 167.9984 -6.393434E-06
33.85387 359.6247 167.9984 -6.393434E-06
33.95387 359.6247 167.9984 -6.393434E-06
34.05387 359.6247 167.9984 -6.393434E-06
34.15387 359.6247 167.9984 -6.393434E-06
34.25387 359.6247 167.9984 -6.393434E-06
34.35387 359.6247 167.9984 -6.393434E-06
34.45387 359.6247 167.9984 -6.393434E-06
34.55387 359.6247 167.9984 -6.393434E-06
34.65387 359.6247 167.9984 -6.393434E-06
34.75387 359.6247 167.9984 -6.393434E-06
34.85387 359.6247 167.9984 -6.393434E-06
34.95387 359.6247 167.9984 -6.393434E-06
35.05387 359.6247 167.9984 -6.393434E-06
35.15387 359.6247 167.9984 -6.393434E-06
35.25387 359.6247 167.9984 -6.393434E-06
35.35387 359.6247 167.9984 -6.393434E-06
35.45387 359.6247 167.9984 -6.393434E-06
35.55387 359.6247 167.9984 -6.393434E-06
35.65387 359.6247 167.9984 -6.393434E-06
35.75387 359.6247 167.9984 -6.393434E-06
35.85387 359.6247 167.9984 -6.393434E-06
35.95387 359.6247 167.9984 -6.393434E-06
36.05387 359.6247 167.9984 -6.393434E-06
36.15387 359.6247 167.9984 -6.393434E-06
36.25387 359.6247 170.9234 -6.406774E-06
36.35387 -0.0002358689 189.2234 -6.429991E-06
36.45387 1.424765 218.7734 -6.485348E-06
36.55387 1.424766 221.5484 -6.565414E-06
36.65387 1.724766 224.9984 -6.833285E-06
36.75387 2.024769 228.7484 -7.15482E-06
36.85387 3.14977 237.5984 -6.73364E-06
36.95387 3.149775 237.5984 -6.73364E-06
37.05387 3.524779 236.3233 -6.843135E-06
37.15387 3.449781 217.7233 -6.735674E-06
37.25387 3.974785 200.4732 -6.900146E-06
37.35387 3.974785 200.4732 -6.900146E-06
37.45387 3.974786 199.9482 -6.52572E-06
37.55387 0.8247893 197.3982 -6.457332E-06
37.65387 352.2748 201.2981 -7.431243E-06
37.75387 351.9748 203.0981 -7.867736E-06
37.85387 351.9748 203.0981 -7.867736E-06
37.95387 351.9748 203.0981 -7.867736E-06
38.05387 351.9748 203.0981 -7.867736E-06
38.15387 351.9748 203.0981 -7.867736E-06
38.25387 351.9748 203.0981 -7.867736E-06
38.35387 351.9748 203.0981 -7.867736E-06
38.45387 352.7248 187.4231 -8.714615E-06
38.55387 352.7248 181.948 -7.383217E-06
38.65387 352.7248 181.948 -7.383217E-06
38.75387 352.7248 181.948 -7.383217E-06
38.85387 352.7248 181.948 -7.383217E-06
38.95387 352.7248 181.948 -7.383217E-06
39.05387 352.7248 181.948 -7.383217E-06
39.15387 352.7248 181.948 -7.383217E-06
39.25387 352.7248 181.948 -7.383217E-06
39.35387 352.7248 181.948 -7.383217E-06
39.45387 352.7248 181.948 -7.383217E-06
39.55387 352.7248 181.948 -7.383217E-06
39.65387 352.7248 181.948 -7.383217E-06
39.75387 352.7248 181.948 -7.383217E-06
39.85387 352.7248 181.948 -7.383217E-06
39.95387 352.7248 181.948 -7.383217E-06
40.05387 352.7248 181.948 -7.383217E-06
40.15387 352.7248 181.948 -7.383217E-06
40.25387 352.7248 181.948 -7.383217E-06
40.35387 352.7248 181.948 -7.383217E-06
40.45387 352.7248 181.948 -7.383217E-06
40.55387 352.7248 181.948 -7.383217E-06
40.65387 352.6498 182.698 -8.231855E-06
40.75387 353.5498 199.123 -8.269921E-06
40.85387 354.8248 216.073 -8.358365E-06
40.95387 356.6248 239.548 -8.552573E-06
41.05387 356.6998 253.723 -8.658817E-06
41.15387 358.6498 276.898 -8.486732E-06
41.25387 0.3748461 294.598 -8.53792E-06
41.35387 0.7498463 297.898 -8.645199E-06
41.45387 0.7498465 297.898 -8.885343E-06
41.55387 0.7498465 297.898 -8.885343E-06
41.65387 1.274848 295.123 -8.860094E-06
41.75387 0.5998483 279.223 -8.805024E-06
41.85387 0.5998483 279.223 -8.885069E-06
41.95387 0.5998483 279.223 -8.911751E-06
42.05387 0.5998483 279.223 -8.911751E-06
42.15387 0.8248489 285.673 -8.885501E-06
42.25387 2.84985 306.523 -8.868869E-06
42.35387 4.124851 322.1981 -9.308903E-06
42.45387 4.199857 323.548 -9.737826E-06
42.55387 4.199858 323.548 -9.416798E-06
42.65387 4.27486 329.3231 -8.989634E-06
42.75387 5.174862 339.073 -9.537103E-06
42.85387 5.999866 346.948 -9.496894E-06
42.95387 5.999882 346.948 -1.169674E-05
43.05387 5.999887 346.948 -1.620374E-05
43.15387 5.999887 346.948 -1.620374E-05
43.25387 5.999887 346.948 -1.620374E-05
43.35387 6.074892 341.698 -1.545471E-05
43.45387 4.049893 310.498 -1.497844E-05
43.55387 2.399894 285.823 -1.548823E-05
43.65387 0.7498951 272.548 -1.539592E-05
43.75387 0.6748953 271.648 -1.542236E-05
43.85387 0.6748953 271.648 -1.542236E-05
43.95387 0.6748953 271.648 -1.542236E-05
44.05387 0.6748953 271.648 -1.542236E-05
44.15387 0.6748953 271.648 -1.542236E-05
44.25387 0.6748953 271.648 -1.542236E-05
44.35387 0.6748953 271.648 -1.542236E-05
44.45387 0.6748953 271.648 -1.542236E-05
44.55387 0.6748953 271.648 -1.542236E-05
44.65387 0.6748953 271.648 -1.542236E-05
44.75387 0.6748953 271.648 -1.542236E-05
44.85387 0.6748953 271.648 -1.542236E-05
44.95387 0.6748953 271.648 -1.542236E-05
45.05387 0.2248954 267.448 -1.534136E-05
45.15387 0.07489599 266.098 -1.536127E-05
45.25387 358.5748 247.423 -1.537268E-05
45.35387 358.3498 239.623 -1.5054E-05
45.45387 358.3498 239.623 -1.494724E-05
45.55387 358.3498 239.623 -1.494724E-05
45.65387 358.3498 239.623 -1.494724E-05
45.75387 355.6497 239.3979 -1.519827E-05
45.85387 350.1748 225.2229 -1.559668E-05
45.95387 350.6998 230.9229 -1.60052E-05
46.05387 349.7248 238.4978 -1.605225E-05
46.15387 349.7248 238.4978 -1.605225E-05
46.25387 349.7248 238.4978 -1.605225E-05
46.35387 349.7248 238.4978 -1.605225E-05
46.45387 345.8998 243.0728 -1.848621E-05
46.55387 339.0747 253.0478 -1.736711E-05
46.65387 338.9997 271.7979 -1.737582E-05
46.75387 339.3747 281.5479 -1.824489E-05
46.85387 338.6247 282.9728 -1.833681E-05
46.95387 338.6247 282.9728 -1.833681E-05
47.05387 338.6247 282.9728 -1.833681E-05
47.15387 338.6247 282.9728 -1.833681E-05
47.25387 338.6247 282.9728 -1.833681E-05
47.35387 338.6247 282.9728 -1.925365E-05
47.45387 330.5997 282.8978 -1.763972E-05
47.55387 326.0247 283.4229 -2.059077E-05
47.65387 323.9995 283.9478 -2.532787E-05
47.75387 323.9995 283.9478 -2.532787E-05
47.85387 323.9995 283.9478 -2.532787E-05
47.95387 323.9995 283.9478 -2.532787E-05
48.05387 323.9995 283.9478 -2.532787E-05
48.15387 323.9995 283.9478 -2.532787E-05
48.25387 327.5995 281.8478 -2.426863E-05
48.35387 332.6994 281.0229 -2.690224E-05
48.45387 332.6994 281.0229 -2.690224E-05
48.55387 332.6994 281.0229 -2.690224E-05
48.65387 332.6994 281.0229 -2.690224E-05
48.75387 332.0994 281.1729 -2.801599E-05
48.85387 330.5994 281.2479 -3.037961E-05
48.95387 330.5994 281.2479 -3.233959E-05
49.05387 330.5994 281.2479 -3.527955E-05
49.15387 330.5994 281.2479 -3.527955E-05
49.25387 330.5994 281.2479 -3.527955E-05
49.35387 330.5994 281.2479 -3.527955E-05
49.45387 330.5994 281.2479 -3.527955E-05
49.55387 330.5994 281.2479 -3.527955E-05
49.65387 330.5994 281.2479 -3.527955E-05
49.75387 330.5994 281.2479 -3.527955E-05
49.85387 330.5994 281.2479 -3.527955E-05
49.95387 330.5994 281.2479 -3.527955E-05
50.05387 330.5994 281.2479 -3.527955E-05
50.15387 330.5994 281.2479 -3.527955E-05
50.25387 330.5994 281.2479 -3.527955E-05
50.35387 330.5994 281.2479 -3.527955E-05
50.45387 330.5994 281.2479 -3.527955E-05
50.55387 330.5994 281.2479 -3.527955E-05
50.65387 330.5994 281.2479 -3.527955E-05
50.75387 330.5994 281.2479 -3.527955E-05
50.85387 330.5994 281.2479 -3.527955E-05
50.95387 330.5994 281.2479 -3.527955E-05
51.05387 330.5994 281.2479 -3.527955E-05
51.15387 330.5994 281.2479 -3.527955E-05
51.25387 330.5994 281.2479 -3.527955E-05
51.35387 330.5994 281.2479 -3.527955E-05
51.45387 330.5994 281.2479 -3.527955E-05
51.55387 330.5994 281.2479 -3.527955E-05
51.65387 330.5994 281.2479 -3.527955E-05
51.75387 330.5994 281.2479 -3.527955E-05
51.85387 330.5994 281.2479 -3.527955E-05
51.95387 330.5994 281.2479 -3.527955E-05
52.05387 330.0744 282.6729 -3.644928E-05
52.15387 329.2493 290.3229 -3.477087E-05
52.25387 330.2243 307.1979 -3.541095E-05
52.35387 330.2242 308.3229 -4.229643E-05
52.45387 330.2242 308.3229 -4.229643E-05
52.55387 330.2242 308.3229 -4.229643E-05
52.65387 330.2242 308.3229 -4.229643E-05
52.75387 330.2242 308.3229 -4.229643E-05
52.85387 330.2242 308.9979 -3.934552E-05
52.95387 330.4492 316.7979 -3.631329E-05
53.05387 331.1992 325.0479 -3.702317E-05
53.15387 332.3242 338.0229 -3.615273E-05
53.25387 332.3242 338.7729 -3.422459E-05
53.35387 332.3242 338.7729 -3.422459E-05
53.45387 332.3242 338.7729 -3.422459E-05
53.55387 332.4743 340.5729 -2.503161E-05
53.65387 334.0492 350.8479 -2.302568E-05
53.75387 334.0492 351.0728 -2.088928E-05
53.85387 334.3492 355.4229 -2.012613E-05
53.95387 335.4743 4.047886 -2.375438E-05
54.05387 335.4743 4.12289 -2.234671E-05
54.15387 335.4743 4.12289 -2.234671E-05
54.25387 335.4743 4.12289 -2.234671E-05
54.35387 335.4743 4.047893 -2.258133E-05
54.45387 334.1242 344.5479 -2.206214E-05
54.55387 332.1742 326.3229 -2.606587E-05
54.65387 331.199 309.2979 -2.240879E-05
54.75387 331.199 290.5479 -1.851161E-05
54.85387 331.199 273.8229 -1.753731E-05
54.95387 331.199 257.9228 -1.558872E-05
55.05387 331.124 252.8228 -2.047496E-05
55.15387 331.124 251.3978 -1.754996E-05
55.25387 330.7489 237.8228 -1.859249E-05
55.35387 330.7489 229.1978 -2.25067E-05
55.45387 328.5739 207.4477 -2.401295E-05
55.55387 328.5739 206.6227 -2.451323E-05
55.65387 328.5739 206.6227 -2.451323E-05
55.75387 328.5739 206.8477 -2.551377E-05
55.85387 328.4238 217.1977 -2.204723E-05
55.95387 329.6988 239.1726 -2.373283E-05
56.05387 329.8488 243.4476 -2.962082E-05
56.15387 329.6987 246.5225 -2.966605E-05
56.25387 330.1488 263.0975 -2.953141E-05
56.35387 330.1488 268.1974 -2.854703E-05
56.45387 330.1488 268.1974 -2.854703E-05
56.55387 330.1488 268.1974 -2.854703E-05
56.65387 330.1488 268.1974 -2.854703E-05
56.75387 330.1488 268.1974 -2.854703E-05
56.85387 330.1488 268.1974 -2.854703E-05
56.95387 330.1488 268.1974 -2.854703E-05
57.05387 330.1488 268.1974 -2.854703E-05
57.15387 330.1488 268.1974 -2.854703E-05
57.25387 330.1488 268.1974 -2.854703E-05
57.35387 330.1488 268.1974 -2.854703E-05
57.45387 328.0488 268.1224 -3.219892E-05
57.55387 322.5738 266.6974 -3.010271E-05
57.65387 323.0237 266.5474 -2.778637E-05
57.75387 328.6487 265.9473 -2.599331E-05
57.85387 332.3987 266.6223 -2.697567E-05
57.95387 333.9738 266.9973 -2.660343E-05
58.05387 334.7238 267.3723 -2.738089E-05
58.15387 334.7238 267.3723 -2.738089E-05
58.25387 334.7238 267.3723 -2.738089E-05
58.35387 334.7238 267.3723 -2.738089E-05
58.45387 334.7238 267.3723 -2.738089E-05
58.55387 334.7238 267.3723 -2.738089E-05
58.65387 334.7238 267.3723 -2.738089E-05
58.75387 334.7238 267.3723 -2.738089E-05
58.85387 334.7238 267.3723 -2.738089E-05
58.95387 334.7238 267.3723 -2.738089E-05
59.05387 334.7238 267.3723 -2.738089E-05
59.15387 334.7238 267.3723 -2.738089E-05
59.25387 334.7238 267.3723 -2.738089E-05
59.35387 334.7238 267.3723 -2.738089E-05
59.45387 334.7238 267.3723 -2.738089E-05
59.55387 334.7238 267.3723 -2.738089E-05
59.65387 334.7238 267.3723 -2.738089E-05
59.75387 334.7238 267.3723 -2.738089E-05
59.85387 334.7238 267.3723 -2.738089E-05
59.95387 334.7238 267.3723 -2.738089E-05
60.05387 334.7238 267.3723 -2.738089E-05
60.15387 334.7238 267.3723 -2.738089E-05
60.25387 334.7238 267.3723 -2.738089E-05
60.35387 334.7238 267.3723 -2.738089E-05
60.45387 334.7238 267.3723 -2.738089E-05
60.55387 334.7238 267.3723 -2.738089E-05
60.65387 334.7238 267.3723 -2.738089E-05
60.75387 334.7238 267.3723 -2.738089E-05
60.85387 334.7238 267.3723 -2.738089E-05
60.95387 334.7238 267.3723 -2.738089E-05
61.05387 334.7238 267.3723 -2.738089E-05
61.15387 334.7238 267.3723 -2.738089E-05
61.25387 334.7238 267.3723 -2.738089E-05
61.35387 334.7238 267.3723 -2.738089E-05
61.45387 334.7238 267.3723 -2.738089E-05
61.55387 334.7238 267.3723 -2.738089E-05
61.65387 334.7238 267.3723 -2.738089E-05
61.75387 334.7238 267.3723 -2.738089E-05
61.85387 334.7238 267.3723 -2.738089E-05
61.95387 334.7238 267.3723 -2.738089E-05
62.05387 334.7238 267.3723 -2.738089E-05
62.15387 334.7238 267.3723 -2.738089E-05
62.25387 334.7238 267.3723 -2.738089E-05
62.35387 334.7238 267.3723 -2.738089E-05
62.45387 334.7238 267.3723 -2.738089E-05
62.55387 334.7238 267.3723 -2.738089E-05
62.65387 334.7238 267.3723 -2.738089E-05
62.75387 334.7238 267.3723 -2.738089E-05
62.85387 334.7238 267.3723 -2.738089E-05
62.95387 334.7238 267.3723 -2.738089E-05
63.05387 334.7238 267.3723 -2.738089E-05
