-0.03333334 357.8226 267.6767 357.161
0 358.0762 267.5546 357.2179
0.03333334 358.3075 267.472 357.3844
0.06666667 358.4269 267.4037 357.4247
0.1 358.3283 267.4663 357.3013
0.1 358.5157 267.6106 357.0121
0.1333333 358.8376 267.7206 356.8361
0.1333333 358.8643 267.7846 356.8296
0.1666667 358.8606 267.8729 356.7706
0.1666667 358.9858 267.9674 356.7021
0.2 359.0681 267.9766 356.7258
0.2 359.1941 268.066 356.7107
0.2 359.1587 268.1345 356.6921
0.2333333 359.0515 268.1755 356.6908
0.2333333 359.0114 268.192 356.7483
0.2666667 359.1327 268.2292 356.779
0.2666667 359.2607 268.2545 356.7694
0.3 359.3888 268.2761 356.7615
0.3 359.4659 268.3159 356.7393
0.3 359.5588 268.3786 356.7511
0.3333333 359.6295 268.4583 356.7533
0.3333333 359.6301 268.5178 356.753
0.3333333 359.6938 268.5706 356.7271
0.3666667 359.8075 268.6115 356.7118
0.3666667 359.9691 268.6694 356.6944
0.4 0.1186204 268.7239 356.6858
0.4 0.3186996 268.7708 356.7214
0.4333333 0.4885124 268.7924 356.798
0.4333333 0.5639303 268.8102 356.887
0.4333333 0.5969422 268.791 356.9632
0.4666667 0.6098211 268.7786 357.0099
0.4666667 0.6182221 268.7485 357.0189
0.5 0.6804885 268.6853 357.0211
0.5 0.8219162 268.6076 356.9997
0.5 0.9372538 268.5293 356.996
0.5333334 1.078758 268.4268 357.0176
0.5666667 1.234771 268.3039 357.0289
0.6 1.459992 268.1255 357.1277
0.6333333 2.018163 267.7333 357.335
0.6333333 2.301013 267.4341 357.4586
0.6666667 2.665703 266.8443 357.7743
0.6666667 2.509766 266.5994 357.8896
0.7 2.249137 266.7359 357.8255
0.7 2.063952 266.5621 357.9078
0.7333333 1.88578 266.3879 357.9781
0.7666667 1.774291 265.7809 358.2936
0.7666667 1.824654 265.8931 358.246
0.8 1.744845 265.6778 358.3317
0.8 1.843019 265.4649 358.519
0.8 3.67442 263.1405 359.1733
0.8 4.293726 260.0648 359.9873
0.8 4.686267 257.9146 0.1179169
0.8 5.005371 255.8243 0.03077145
0.8 5.038027 253.9263 359.8546
1.333333 4.748271 252.0081 359.781
1.366667 4.646117 250.0826 0.07807762
1.4 4.698753 248.1357 0.238916
1.433333 4.207219 246.2749 0.3381968
1.466667 3.8914 244.4874 0.5848982
1.5 3.860262 242.8144 0.09293082
1.533333 4.548018 241.0999 359.5204
1.533333 4.992724 238.9446 359.3116
1.566667 5.04028 236.6888 359.4208
1.6 4.729724 234.425 359.7588
1.633333 4.614569 232.1016 359.8708
1.666667 5.225016 229.8207 0.2880909
1.7 5.962321 227.274 0.2243241
1.733333 6.580771 224.9304 359.7926
1.733333 6.463807 222.6612 359.4475
1.766667 6.263169 220.4831 359.0259
1.8 6.170837 218.6459 358.7288
1.833333 5.927651 216.9154 359.0843
1.833333 5.590104 214.9024 359.3318
1.866667 5.879063 212.9406 359.5257
1.9 6.251322 210.9757 359.5692
1.9 6.305371 208.9832 359.5504
1.933333 6.410132 207.0039 359.7353
2 6.26976 204.9854 359.833
2.033333 6.331484 202.9459 359.6929
2.066667 6.265073 200.908 359.5557
2.066667 6.064034 198.84 359.603
2.1 5.644948 196.2655 359.8115
2.133333 5.556133 193.8603 359.8367
2.166667 5.570252 191.2144 0.01095254
2.166667 5.652849 188.5995 359.9247
2.2 5.651689 185.5743 0.1123336
2.233333 5.240789 182.4409 0.3268623
2.266667 5.148824 179.6575 0.3878594
2.3 5.367231 177.3572 0.3256097
2.366667 5.491623 173.8533 0.1157755
2.366667 6.016061 171.2472 359.7317
2.4 5.654124 167.5218 359.3459
2.433333 5.428517 165.87 359.561
2.466667 5.700498 164.3493 359.6784
2.5 6.02205 162.7827 359.7603
2.533333 6.330729 161.3239 359.9221
2.566667 6.452999 159.6086 0.01147989
2.6 6.57927 157.6763 0.02186367
2.633333 6.609869 155.6046 359.7987
2.633333 6.585112 153.7943 359.8533
2.666667 6.621784 151.7905 359.8353
2.7 6.678983 149.7 359.8374
2.7 6.671356 147.8144 359.7883
2.733333 6.683731 145.9746 359.8794
2.766667 6.632377 144.028 0.02173784
2.8 6.792441 142.0608 0.07282235
2.833333 6.996272 140.1363 0.03135953
2.866667 7.145885 138.2953 359.87
2.866667 7.377728 136.4553 359.7373
2.9 7.482908 134.6442 359.4579
2.933333 7.542574 132.9204 359.2145
2.966667 7.65067 131.2964 359.0809
3 7.562462 129.541 359.2337
3.033333 7.466939 127.6512 359.2138
3.033333 7.503994 125.744 359.1246
3.066667 7.606838 123.8131 359.1185
3.1 7.651831 121.8884 359.1327
3.133333 7.507915 120.0376 359.0693
3.166667 7.293055 118.2545 359.023
3.2 7.127617 116.5196 359.022
3.233333 6.93919 114.8676 359.1298
3.233333 6.884494 113.2154 359.4039
3.3 6.807486 111.3715 359.5229
3.333333 6.450951 109.5295 359.5753
3.366667 6.236188 107.7337 359.5209
3.4 6.328457 105.8052 359.5073
3.4 6.357359 103.8649 359.5644
3.433333 6.447722 101.8373 359.5725
3.433333 6.520381 99.81638 359.5052
3.466667 6.562438 97.84905 359.3864
3.5 6.558342 95.89477 359.2894
3.5 6.527265 93.99979 359.2422
3.533333 6.539168 92.21792 359.1964
3.566667 6.552576 90.35927 359.1653
3.566667 6.575747 88.34908 359.1044
3.6 6.657246 86.62434 358.8807
3.633333 6.689964 84.8076 358.943
3.633333 6.70182 82.83693 358.9716
3.666667 6.566386 81.22873 358.967
3.7 6.270254 79.66077 358.9398
3.733333 5.612823 78.20836 359.0993
3.766667 4.916285 76.87193 359.1335
3.766667 4.293005 75.66348 359.3732
3.8 4.230122 74.51032 359.3856
3.833333 4.291288 73.47334 359.2804
3.866667 4.162171 72.40337 359.4787
3.866667 4.099395 71.48892 359.5833
3.9 4.31048 70.61478 359.6551
3.933333 4.706839 69.35596 359.6972
3.966667 5.116306 67.75925 359.6347
4 5.62989 65.87562 359.3991
4.033333 6.040299 63.9016 359.0697
4.066667 5.396127 61.99666 358.7137
4.066667 4.138551 60.28378 358.5887
4.1 3.557177 59.03625 358.7688
4.133333 3.639018 59.1419 358.7752
4.166667 3.878691 59.4273 358.7758
4.2 4.133706 59.61225 359.0545
4.2 4.112297 59.24259 358.9705
4.233333 3.781266 59.00354 358.9203
4.266667 3.279387 58.8296 358.6971
4.3 3.05624 58.89218 358.75
4.333333 3.099503 59.28871 359.0507
4.366667 2.795615 59.62094 359.1003
4.366667 2.444266 59.89888 359.1815
4.4 2.156371 60.22598 359.2202
4.433333 1.339457 60.39094 359.2031
4.466667 0.65243 60.37197 358.9354
4.5 0.2147106 60.3178 358.7786
4.533333 0.3451859 60.27148 358.6587
4.533333 0.3225939 60.50346 358.3645
4.566667 359.5454 61.13276 358.2345
4.6 358.29 62.05751 358.0729
4.633333 357.0806 63.2981 357.7043
4.666667 355.4159 64.37585 357.5639
4.7 353.4259 65.5238 357.1692
4.7 350.9829 66.9247 356.5268
4.766667 348.1708 68.0156 356.2231
4.766667 345.6372 68.66936 355.9725
4.8 344.0993 68.86282 355.622
4.833333 343.6065 68.76508 355.5746
4.866667 344.2989 68.55796 355.684
4.866667 344.9164 68.33614 356.1707
4.9 344.9455 67.90526 356.9234
4.933333 344.5105 67.29402 357.7943
4.966667 343.9868 66.48023 358.801
5 343.838 65.88448 359.174
5.033333 343.3698 65.48647 359.2719
5.033333 342.7614 65.08924 359.0316
5.066667 342.1655 64.90936 358.5394
5.1 341.3571 64.69055 358.149
5.133333 340.6435 64.43248 357.8613
5.166667 340.3343 64.50174 357.9109
5.2 340.5178 64.79065 357.9909
5.2 340.8891 64.90833 358.1403
5.233333 340.8068 64.93656 358.2384
5.233333 340.9853 64.93977 358.2428
5.266667 341.1429 64.94843 358.2491
5.266667 341.3232 64.98173 358.1917
5.3 341.4727 65.02735 358.1149
5.3 341.6024 65.05594 358.0837
5.333333 341.7648 65.05447 358.102
5.333333 341.959 65.0819 358.0876
5.333333 342.1854 65.13607 358.0427
5.366667 342.3381 65.21484 357.9325
5.366667 342.4791 65.31717 357.8065
5.4 342.6094 65.46748 357.723
5.4 342.7254 65.61458 357.71
5.433333 342.8697 65.79476 357.7357
5.433333 343.0349 65.97228 357.7674
5.433333 343.2781 66.1711 357.777
5.466667 343.5077 66.36939 357.7736
5.466667 343.6978 66.54858 357.7896
5.5 343.8885 66.7344 357.7875
5.5 344.0702 66.88818 357.7462
5.533333 344.2406 67.02596 357.7116
5.533333 344.4106 67.12131 357.6841
5.533333 344.5934 67.2319 357.6557
5.566667 344.7984 67.38027 357.6146
5.566667 344.9632 67.57261 357.5632
5.6 345.0783 67.75507 357.5317
5.6 345.1865 67.93176 357.5008
5.6 345.3133 68.10132 357.4659
5.633333 345.3969 68.23096 357.4253
5.666667 345.4418 68.47515 357.3341
5.666667 345.463 68.73935 357.2269
5.666667 345.4635 69.02019 357.1562
5.7 345.5525 69.43636 357.1279
5.7 345.6736 69.78066 357.136
5.7 345.7448 70.10404 357.1485
5.733333 345.7996 70.44311 357.1434
5.733333 345.8172 70.74686 357.1106
5.766667 345.8253 71.14289 357.0451
5.766667 345.8156 71.47794 356.9619
5.8 345.8749 71.95431 356.8757
5.8 345.9624 72.40041 356.8557
5.8 346.0416 72.77514 356.8793
5.833333 346.1296 73.31822 356.8828
5.833333 346.2738 73.90958 356.8804
5.866667 346.4232 74.51588 356.9059
5.866667 346.5089 75.10227 356.9558
5.9 346.6262 75.71332 356.9784
5.9 346.7934 76.2354 357.0009
5.9 346.9869 76.72586 357.006
5.933333 347.1223 77.14799 357.0149
5.933333 347.1966 77.52709 357.0275
5.933333 347.2597 77.81247 357.0591
5.966667 347.2833 77.99973 357.0755
5.966667 347.2885 78.09995 357.0875
6 347.2587 78.20671 357.1628
6 347.2228 78.2956 357.2566
6.033333 347.2409 78.3667 357.3508
6.033333 347.2634 78.39742 357.4837
6.033333 347.1992 78.40259 357.6408
6.066667 347.1114 78.40697 357.768
6.066667 346.9882 78.44849 357.9357
6.1 346.9139 78.52684 358.0985
6.1 346.9098 78.59668 358.2179
6.133333 346.9409 78.69571 358.347
6.133333 346.9482 78.80893 358.4462
6.133333 346.9021 78.9276 358.5307
6.166667 346.8612 79.07104 358.6583
6.166667 346.8463 79.18806 358.8002
6.2 346.8661 79.24199 358.9573
6.2 346.8882 79.25651 359.0652
6.2 346.9061 79.25139 359.1404
6.233333 346.8814 79.24266 359.2043
6.233333 346.8589 79.24456 359.258
6.266667 346.8488 79.2776 359.3138
6.266667 346.8626 79.3036 359.3316
6.3 346.9026 79.34773 359.3416
6.3 346.961 79.40089 359.3673
6.3 347.0033 79.4575 359.3867
6.333333 347.0647 79.51514 359.379
6.333333 347.1515 79.57442 359.3586
6.366667 347.2045 79.59893 359.333
6.366667 347.2265 79.5719 359.3069
6.366667 347.2379 79.51126 359.2766
6.4 347.1986 79.45507 359.2173
6.4 347.1752 79.45618 359.1411
6.433333 347.145 79.53834 359.0712
6.433333 347.1327 79.68806 358.9957
6.466667 347.1784 79.8282 358.9665
6.466667 347.2352 79.93459 358.9955
6.466667 347.3107 80.00544 359.0516
6.5 347.3902 80.10645 359.0515
6.5 347.4289 80.24998 359.0359
6.533333 347.483 80.52972 358.9599
6.533333 347.5722 80.87055 358.9125
6.533333 347.6751 81.14778 358.9244
6.566667 347.8087 81.50508 358.9533
6.566667 347.8496 81.8285 358.981
6.6 347.8901 82.14661 359.0128
6.6 347.9176 82.5319 359.0214
6.633333 347.9481 82.99868 359.0048
6.633333 347.937 83.44912 359.0089
6.633333 347.9273 84.04079 358.9768
6.666667 347.9425 84.69615 358.9384
6.666667 347.9999 85.35861 358.9473
6.7 348.1093 86.28111 359.0394
6.7 348.1886 87.05554 359.1102
6.7 348.1886 87.8026 359.1372
6.733333 348.1148 88.48238 359.1532
6.766667 347.9971 89.16414 359.1436
6.766667 347.9201 89.80997 359.157
6.766667 347.87 90.47343 359.1778
6.8 347.7603 91.03165 359.1965
6.8 347.5974 91.50897 359.205
6.8 347.3614 91.89551 359.2034
6.833333 347.1968 92.17746 359.1698
6.833333 347.0703 92.46162 359.1466
6.866667 347.0097 92.66623 359.1094
6.866667 346.9435 92.85079 359.0821
6.9 346.9198 93.03519 359.0665
6.9 346.9131 93.18131 359.0861
6.9 346.9232 93.25923 359.1748
6.933333 346.9237 93.25878 359.2765
6.933333 346.9018 93.20532 359.3815
6.966667 346.9472 93.09361 359.5109
6.966667 347.0111 92.94175 359.636
6.966667 347.1303 92.76884 359.7261
7 347.3181 92.51764 359.8389
7 347.5332 92.25741 359.9549
7.033333 347.7347 91.96752 0.1207822
7.033333 347.963 91.57936 0.3386042
7.066667 348.1847 91.01852 0.6488149
7.066667 348.2974 90.47508 0.9283464
7.066667 348.4862 89.68247 1.263996
7.1 348.7769 88.76839 1.576403
7.1 349.0456 87.97262 1.779983
7.133333 349.4027 86.91877 1.920564
7.133333 349.7478 85.8068 1.929209
7.166667 350.0193 84.78132 1.900487
7.166667 350.22 83.61422 1.872773
7.166667 350.3023 82.39658 1.818514
7.2 350.2908 81.40139 1.772541
7.2 350.2324 80.41067 1.726134
7.233333 350.155 79.56577 1.684257
7.233333 350.0658 78.6981 1.631306
7.233333 349.9497 77.90339 1.57384
7.266667 349.7987 77.29279 1.542964
7.3 349.6369 76.65778 1.493546
7.3 349.4771 76.2819 1.502038
7.333333 349.264 74.3619 1.544583
7.333333 349.3028 74.52251 1.593908
7.333333 349.2687 73.91924 1.668869
7.366667 349.2472 73.50247 1.691568
7.366667 349.249 73.09755 1.685721
7.4 349.2797 72.78919 1.683352
7.4 349.3218 72.55122 1.703412
7.4 349.3881 72.30295 1.747917
7.433333 349.4879 72.02616 1.790583
7.466667 349.6554 71.7168 1.81296
7.466667 349.8747 71.36118 1.83625
7.466667 350.0602 71.02371 1.837466
7.5 350.1321 70.69151 1.810182
7.5 350.1201 70.40322 1.82232
7.5 350.1436 70.11741 1.879108
7.533333 350.4105 69.1937 2.038254
7.533333 350.4559 69.51897 2.06262
7.566667 350.6616 69.17673 2.142819
7.566667 350.8755 68.8671 2.15692
7.566667 351.0163 68.53584 2.142102
7.6 351.0407 68.3042 2.105805
7.6 350.9984 68.04642 2.046936
7.633333 350.9557 67.78197 2.037249
7.633333 351.0082 67.49645 2.060694
7.633333 351.1593 67.17194 2.004743
7.666667 351.4164 66.7993 1.803791
7.666667 351.5791 66.52826 1.605093
7.7 351.759 66.23791 1.422218
7.7 351.9391 65.96781 1.334355
7.733333 352.1868 65.76913 1.318283
7.733333 352.6303 65.49463 1.348443
7.766667 353.1887 65.17059 1.452724
7.766667 353.6669 64.90034 1.548002
7.766667 354.1292 64.59703 1.65283
7.8 354.3374 64.42359 1.663478
7.8 354.4076 64.39864 1.526854
7.833333 354.8908 64.10516 1.335466
7.833333 354.7529 64.27721 1.402834
7.833333 354.7147 64.34059 1.50929
7.866667 354.9078 64.30486 1.595169
7.866667 355.0729 64.29982 1.653587
7.9 355.1094 64.32571 1.700177
7.9 355.0995 64.34821 1.759072
7.933333 355.0929 64.35257 1.808741
7.933333 355.0981 64.33463 1.863322
7.933333 355.1115 64.25915 1.939055
7.966667 355.032 64.19128 1.956735
7.966667 354.8739 64.12216 1.921378
7.966667 354.7925 64.09479 1.862629
8 354.7536 64.05497 1.805949
8 354.7473 64.02081 1.82492
8.033334 354.6919 63.97233 1.879882
8.033334 354.5938 63.91664 1.978405
8.066667 354.464 63.89768 2.032261
8.066667 354.3279 63.90382 2.046546
8.066667 354.2649 63.91734 1.999081
8.1 354.2484 63.88891 1.995966
8.1 354.2379 63.82779 2.066442
8.133333 354.2673 63.78016 2.097647
8.133333 354.2682 63.72888 2.095394
8.133333 354.3042 63.72146 2.056764
8.166667 354.3296 63.7215 2.010934
8.166667 354.3908 61.73111 1.913941
8.2 354.4564 59.72529 1.838273
8.2 354.4598 57.74159 1.807067
8.233334 354.4277 55.76369 1.833318
8.266666 354.3513 53.8023 1.927042
8.266666 354.2665 51.8404 2.071112
8.3 354.1864 49.95282 2.159024
8.333333 354.1093 47.98898 2.143274
8.333333 354.0388 45.95581 2.123772
8.366667 353.8732 44.00043 2.121086
8.4 353.8909 42.03608 2.020572
8.433333 353.911 40.10612 1.806362
8.433333 353.9509 38.01533 1.743753
8.466666 353.9611 36.08096 1.680272
8.5 354.0385 34.20145 1.589778
8.5 354.1469 32.18665 1.7982
8.533334 354.2 30.18986 1.997286
8.566667 354.0947 28.23687 2.018422
8.6 354.1136 26.24894 1.975016
8.633333 353.9843 24.27379 2.023549
8.666667 353.7529 22.32554 2.031017
8.666667 353.7226 20.33345 2.003406
8.7 353.7266 18.26218 2.207072
8.733334 353.634 16.14152 2.144047
8.766666 353.7177 14.10372 1.996601
8.8 353.9203 12.08153 1.85491
8.833333 353.9238 10.17658 1.656509
8.833333 354.0296 8.386662 1.464442
8.866667 354.1136 6.557898 1.466021
8.9 354.0806 4.629833 1.488097
8.933333 354.1717 2.695603 1.436888
8.966666 354.2186 0.8229677 1.362032
9 354.432 359.0011 1.445229
9 354.42 357.2387 1.619444
9.033334 354.3795 355.424 1.725985
9.066667 354.4894 353.5867 1.527099
9.1 354.6296 351.7489 1.512139
9.133333 354.5533 349.8501 1.645018
9.166667 354.4869 347.9117 1.674675
9.166667 354.6444 346.13 1.548488
9.2 354.9417 344.3221 1.668819
9.233334 354.9247 342.4554 1.913276
9.266666 355.031 340.6705 1.900951
9.3 355.2482 338.9382 1.826154
9.333333 355.2729 337.4316 1.876184
9.333333 355.3507 335.9278 1.86723
9.366667 355.1016 334.171 1.628263
9.4 355.1068 332.4036 1.429145
9.433333 355.3111 330.7086 1.244213
9.466666 355.707 330.9072 1.147046
9.5 356.0485 331.2891 1.081733
9.5 356.5511 331.6032 0.8620732
9.533334 356.9635 331.6372 0.6453561
9.566667 356.9612 331.5769 0.7458867
9.6 356.8364 331.4296 0.9171298
9.6 357.1692 331.5786 0.9015656
9.633333 357.1698 331.6473 0.8712905
9.633333 357.2997 331.8136 0.8165608
9.633333 357.3341 331.8955 0.7852646
9.666667 357.4773 332.0675 0.7463426
9.666667 357.586 332.2768 0.7268816
9.7 357.571 332.5001 0.7207262
9.7 357.4765 332.7251 0.6669953
9.7 357.3675 334.9151 0.619828
9.733334 357.1947 337.1029 0.6186081
9.733334 357.0797 339.244 0.6579491
9.766666 356.9991 341.3896 0.7024812
9.8 356.9763 343.5001 0.7805763
9.8 356.9881 345.608 0.8167328
9.833333 356.7994 348.1659 0.8454509
9.866667 356.857 349.7237 0.7802259
9.9 356.6834 351.8595 0.807459
9.9 356.652 353.8477 0.7090402
9.933333 356.5438 355.6815 0.6502721
9.933333 356.2856 357.5366 0.5895819
9.966666 356.1722 359.2948 0.4861145
10 356.1231 1.246074 0.4466133
10 356.2028 3.192866 0.7265954
10.03333 356.2992 5.231682 1.065929
10.06667 356.4746 7.413635 1.204037
10.1 356.7279 9.576447 1.205884
10.13333 356.7178 11.88503 1.165465
10.16667 356.5994 14.27533 1.149652
10.2 356.2978 16.57895 1.317686
10.2 355.8664 18.99925 1.458868
10.23333 355.3534 21.43518 1.718604
10.26667 355.0731 23.90716 1.939104
10.3 354.9152 26.39318 2.09509
10.33333 354.8089 28.78013 2.180704
10.36667 354.9397 31.10263 2.105922
10.36667 354.9912 33.50148 2.090545
10.4 354.971 35.97804 2.249545
10.43333 355.0406 38.32621 2.644593
10.46667 354.8332 40.43463 3.044376
10.5 354.3199 42.57621 3.056374
10.53333 353.675 45.49026 2.83268
10.53333 352.9828 48.5462 3.225707
10.56667 352.473 51.34747 3.692947
10.6 352.3562 53.78902 3.955304
10.63333 352.3306 55.37745 4.270557
10.66667 352.5814 56.35826 4.100561
10.7 353.1458 57.01874 3.597187
10.73333 353.7124 57.82451 3.542244
10.73333 354.5216 58.67402 3.728876
10.76667 354.9314 59.62416 4.028702
10.8 355.529 60.61865 4.005435
10.83333 355.76 61.54277 3.722489
10.86667 355.8947 62.37012 3.387116
10.86667 356.3122 63.11006 3.192356
10.9 356.7496 63.66759 3.289557
10.93333 357.1542 64.37354 3.329927
10.96667 357.8815 65.10203 3.392702
11 358.5322 65.79781 3.609044
11.03333 358.9924 66.57385 3.703208
11.06667 359.2873 67.10945 3.864096
11.06667 359.0842 64.56612 4.064186
11.1 358.7467 62.4347 4.411935
11.13333 358.5288 60.34114 4.834203
11.16667 358.5971 58.34872 4.95239
11.2 358.8262 56.3686 4.632236
11.23333 359.0016 54.37537 4.470291
11.23333 359.1015 52.56233 4.135682
11.26667 358.8551 50.93486 3.488968
11.3 358.2976 49.09108 3.175243
11.33333 357.9268 47.00647 3.361917
11.36667 357.9778 44.92435 3.406861
11.4 358.1201 42.85821 3.350452
11.4 358.0118 40.80436 3.165748
11.43333 358.0667 38.77748 3.208371
11.46667 358.2706 36.81525 3.157968
11.5 358.3807 34.88139 3.094181
11.5 358.4624 33.03164 3.110446
11.53333 358.6086 31.17143 2.933162
11.56667 358.7157 29.28899 2.755314
11.6 358.8983 27.55569 2.520577
11.6 358.8751 25.69078 2.579083
11.63333 358.8834 23.67811 2.668828
11.66667 359.0004 21.7648 2.655931
11.7 358.9432 19.6115 2.484819
11.7 358.9504 17.5472 2.38396
11.73333 358.7967 15.44724 2.394132
11.76667 358.6451 13.41069 2.33414
11.8 358.691 11.56556 2.173783
11.83333 358.847 9.77547 2.029355
11.86667 358.9035 7.867436 2.211944
11.86667 358.8568 5.834443 2.413385
11.9 358.883 3.862078 2.2816
11.93333 358.7561 1.949948 1.988412
11.96667 358.5002 0.2003252 1.733171
12 358.4889 358.5159 1.645514
12.03333 358.1715 356.9349 1.67427
12.06667 358.3882 355.6755 1.669399
12.06667 358.8172 354.3063 1.588361
12.1 359.121 352.9464 1.460014
12.13333 359.2707 351.6472 1.32754
12.16667 359.4587 350.2628 1.244574
12.2 359.6201 348.5562 1.152536
12.23333 359.8524 346.7256 1.159833
12.23333 359.8711 344.6425 1.284209
12.26667 0.07052249 342.5869 1.388147
12.3 0.3271682 340.5989 1.248853
12.33333 0.7852389 340.1148 0.9972255
12.36667 1.136154 342.3461 0.8390914
12.36667 1.207536 344.5176 0.7277008
12.4 1.377483 346.6693 0.5523634
12.43333 1.537153 348.9175 0.5402392
12.46667 1.421849 351.2771 0.4657398
12.5 1.267315 353.6064 0.3878356
12.53333 1.060398 355.8081 0.3669363
12.56667 0.7911527 358.0565 0.2118894
12.56667 0.5575583 0.1365862 0.01570874
12.6 0.4169068 2.141987 0.005637092
12.63333 0.4853568 4.066517 0.1178184
12.66667 0.3084287 6.167855 0.05623201
12.66667 0.3473805 7.996572 0.1589435
12.7 0.3618003 9.751348 0.3448861
12.73333 0.4762915 11.58123 0.3940924
12.73333 0.711986 13.46872 0.226769
12.76667 0.8834082 15.25198 0.09014992
12.8 0.7963692 17.34791 0.06617595
12.8 0.7611712 19.3429 0.1417068
12.83333 0.7451699 21.3634 0.1897265
12.86667 0.8057845 23.43506 0.2268679
12.86667 0.9394102 25.45139 0.3544169
12.9 0.9585365 27.3571 0.4886102
12.9 0.9376653 29.17832 0.6779397
12.93333 0.8208913 31.04929 0.6839761
12.96667 0.6211434 32.88533 0.7626582
13 0.6512465 34.72586 0.9578316
13.03333 0.8366577 36.63365 1.013704
13.03333 0.9763749 38.48674 0.9584823
13.06667 1.091681 40.31382 0.9143927
13.1 0.9718321 42.13457 0.8667691
13.13333 0.6992213 43.94342 0.9581243
13.16667 0.4467323 45.5997 1.259569
13.2 0.3270105 47.12247 1.387212
13.23333 0.2130514 48.52049 1.541214
13.23333 0.1588412 49.45263 1.703371
13.26667 0.2301653 50.45414 1.392289
13.3 359.8766 51.78612 0.9150071
13.33333 359.4813 53.23997 0.506148
13.36667 359.6561 54.73852 0.2857058
13.4 359.9341 56.64602 0.09016144
13.4 0.2317008 58.47254 0.2748066
13.43333 0.6224299 60.18593 0.7017516
13.46667 1.267856 61.94534 0.96835
13.5 1.71512 61.88039 1.114369
13.53333 1.890403 59.70755 1.4154
13.53333 1.578981 57.47496 1.553634
13.56667 1.236964 55.3891 1.537882
13.6 0.8153725 53.39282 1.655176
13.63333 0.02111905 51.50709 1.777753
13.66667 359.4449 49.69149 1.51961
13.7 359.4531 47.95293 1.001825
13.73333 359.7528 46.19868 0.6057709
13.73333 0.07136505 44.41634 0.455346
13.76667 0.2410031 42.57089 0.4946607
13.8 359.7198 40.84959 0.5801795
13.83333 358.8747 39.31632 0.6321605
13.86667 357.6919 37.93367 0.858285
13.9 356.8264 36.4444 1.248322
13.9 356.6491 34.85954 1.308377
13.93333 356.7618 33.07122 1.25048
13.96667 356.8677 31.04266 1.165932
14 357.0731 28.87483 1.115364
14.03333 356.978 27.11611 1.106019
14.03333 357.0233 25.09277 1.117957
14.06667 356.9717 23.04031 1.131692
14.1 356.8295 21.14253 1.134948
14.1 356.8752 19.07938 1.10733
14.13333 356.7903 17.12413 1.050278
14.13333 356.9229 15.07685 0.9821329
14.16667 356.9187 13.12032 0.9366042
14.2 356.8736 11.11731 0.9232959
14.23333 356.7713 9.150846 0.7679302
14.23333 356.7301 7.229384 0.6127371
14.26667 356.8384 5.281144 0.6369115
14.3 356.8014 3.354846 0.6096964
14.33333 356.7743 1.366615 0.6006013
14.36667 356.7682 359.3394 0.5696589
14.36667 356.7689 357.3625 0.5011126
14.4 356.8454 355.4574 0.3241387
14.43333 356.907 353.51 0.1919275
14.46667 357.0735 351.5943 0.09501456
14.46667 357.0975 349.7118 359.9656
14.5 357.0817 347.8223 359.8533
14.53333 357.1431 345.8206 359.8453
14.56667 357.1957 343.7705 359.8937
14.6 357.3086 341.9439 359.7434
14.6 357.4225 340.1148 359.6962
14.63333 357.5161 340.1363 359.8074
14.66667 357.6203 340.2213 359.9163
14.66667 357.7106 340.3647 359.8929
14.7 357.8632 340.4123 0.01470645
14.7 357.9915 340.4265 0.3258916
14.73333 358.0496 340.4049 0.3826787
14.76667 358.6671 340.4859 0.387701
14.8 359.194 340.6619 0.06825746
14.83333 359.4312 340.9335 359.8716
14.86667 359.3926 341.0925 359.7797
14.86667 359.1124 341.2857 359.7528
14.9 358.8168 341.4438 359.6757
14.93333 358.8109 341.5394 359.8037
14.96667 358.8323 341.6826 359.8969
15 358.8707 341.699 359.9321
15.03333 358.8821 341.6267 359.8931
15.03333 358.498 341.5684 359.8402
15.06667 358.1336 343.4819 359.9159
15.1 358.1578 345.4013 0.08668253
15.13333 358.3328 347.366 0.2491889
15.16667 358.3253 349.3386 0.2848047
15.2 358.4568 351.3315 0.3546973
15.23333 358.6069 353.2819 0.5236717
15.23333 358.589 355.2993 0.4958658
15.26667 358.6436 357.2649 0.6100136
15.3 358.5977 359.2838 0.5249971
15.3 358.5204 1.276096 0.5145647
15.33333 358.3315 3.249712 0.5813661
15.36667 358.2416 5.232332 0.6213598
15.36667 358.2766 7.229692 0.6756904
15.4 358.2376 9.187384 0.7975191
15.4 358.394 11.12951 0.9451622
15.46667 358.5864 13.16377 1.024983
15.46667 358.6441 15.26939 1.024232
15.5 358.6286 17.29338 1.010626
15.53333 358.5888 19.30912 1.110121
15.56667 358.6106 21.3628 1.127052
15.6 358.3427 23.3833 1.078699
15.6 358.2001 25.38092 1.119822
15.63333 358.0379 27.50103 1.200345
15.66667 358.1075 29.56218 1.351615
15.7 358.0028 31.61183 1.372079
15.73333 358.028 33.71149 1.325432
15.76667 358.0873 35.82087 1.381111
15.76667 358.0674 37.84507 1.523821
15.8 357.9703 39.80349 1.574633
15.83333 357.7314 41.87383 1.514632
15.86667 357.5254 44.11744 1.648024
15.9 357.4449 46.39266 1.661138
15.9 357.3096 48.80293 1.593972
15.93333 357.4741 51.02938 1.633743
15.96667 357.5726 52.89515 1.746715
16 357.6799 54.54927 1.721574
16.03333 357.9156 56.09116 1.711298
16.06667 358.1316 57.56498 1.781814
16.1 358.2393 59.23835 1.88021
16.1 358.2507 61.11734 1.768621
16.13333 357.9644 63.00819 1.829243
16.16667 358.2165 64.84719 2.164364
16.2 358.7598 66.71973 2.167363
16.23333 358.7133 68.54569 2.133673
16.26667 358.8652 70.26769 2.456344
16.26667 358.9522 70.84438 2.336462
16.3 358.9945 70.77461 2.040297
16.33333 358.9341 70.60078 2.024634
16.36667 358.9605 68.47616 2.167462
16.36667 359.0154 66.56535 2.171629
16.4 359.0359 64.45463 2.176654
16.43333 358.9286 62.5577 2.137065
16.46667 358.8793 60.56531 2.112906
16.46667 358.7875 58.66318 2.091144
16.5 358.6765 56.7595 2.046657
16.53333 358.6267 54.86293 2.003814
16.53333 358.4408 53.03149 1.910469
16.56667 358.5031 51.05121 1.921601
16.6 358.5694 49.08754 1.994394
16.6 358.7064 47.02828 2.10862
16.63333 358.7829 44.84546 2.167624
16.66667 358.7889 42.79782 2.079152
16.66667 358.7805 40.82418 1.885227
16.7 358.6954 38.99292 1.719498
16.73333 358.6452 37.09346 1.694004
16.76667 358.5237 35.32244 1.48494
16.8 358.4147 33.43633 1.351603
16.8 358.3816 31.44815 1.256163
16.83333 358.4435 29.47099 1.197858
16.86667 358.6419 27.4894 1.142609
16.9 358.8006 25.46411 1.120303
16.93333 358.9584 23.4985 1.12657
16.96667 358.9659 21.55534 1.011643
16.96667 358.8053 19.61893 0.8678153
17 358.738 17.70329 0.7807619
17.03333 358.7043 15.84737 0.7089958
17.06667 358.6774 14.02954 0.6359487
17.1 358.6514 12.1081 0.5638548
17.13333 358.6917 10.12135 0.6497488
17.13333 358.7507 8.1266 0.6914293
17.16667 358.7379 6.171172 0.6079785
17.2 358.7354 4.142189 0.5666008
17.23333 358.6823 2.129182 0.6688148
17.26667 358.5533 0.2565782 0.6599935
17.3 358.4391 358.4761 0.4251229
17.3 358.4958 356.7083 0.3184901
17.33333 358.5001 354.8102 0.5179808
17.36667 358.6668 352.805 0.6568547
17.4 358.7836 350.6912 0.6931011
17.43333 358.7019 348.5996 0.5100781
17.46667 358.5085 346.7371 0.4727896
17.46667 358.356 344.7906 0.3597937
17.5 358.4426 342.7443 0.2071842
17.53333 358.8611 340.7793 0.1241523
17.56667 359.2789 338.8869 359.993
17.6 359.6186 337.0903 0.003090309
17.63333 359.7789 335.2718 0.1471954
17.63333 359.5242 333.2643 0.1963323
17.66667 359.0995 331.061 0.2462242
17.7 358.7569 328.9649 0.2811879
17.73333 358.6793 326.8877 0.267468
17.73333 358.7187 324.7901 0.2846514
17.76667 358.6055 322.6549 0.3174322
17.8 358.6823 320.6606 0.2824377
17.8 358.8861 318.6332 0.3653251
17.83333 359.152 316.6384 0.4145209
17.83333 359.2535 314.7023 0.3088364
17.86667 359.4532 312.7592 0.2091545
17.9 359.41 310.8353 0.1616862
17.93333 359.5802 308.9145 0.1394224
17.93333 359.555 306.8773 0.2099913
17.96667 359.7617 304.8723 0.1239568
17.96667 359.6325 302.778 0.1570341
18 359.6124 300.6892 0.2085003
18.03333 359.5458 298.6192 0.1144541
18.06667 359.5319 296.5281 0.1184631
18.1 359.5609 294.4837 0.03300693
18.13333 359.609 292.5739 359.9538
18.13333 359.6548 290.6199 359.9914
18.16667 359.4407 288.6617 0.1375672
18.2 359.3445 286.6557 0.2136083
18.23333 359.3762 284.7062 0.1948914
18.26667 359.4165 282.7414 0.2427531
18.3 359.4597 280.6843 0.3500676
18.3 359.493 278.7074 0.3283435
18.33333 359.4807 280.7705 0.1566354
18.36667 359.4983 282.7485 0.09162494
18.4 359.5134 284.6821 0.1278008
18.43333 359.5942 286.6716 0.1939425
18.46667 359.5384 288.689 0.3756027
18.5 359.3343 290.9131 0.5301303
18.5 359.5122 293.3455 0.3597586
18.53333 359.5157 295.6877 359.9939
18.56667 358.9096 297.7033 0.1285544
18.6 358.5459 299.6443 0.3570152
18.63333 358.9255 301.8539 0.08638817
18.63333 359.2913 304.2522 359.0348
18.66667 359.0958 306.2841 358.6074
18.7 359.196 307.9532 358.7434
18.73333 359.33 309.8114 358.7731
18.76667 358.9243 311.9543 358.5029
18.8 357.9165 314.0316 358.66
18.8 357.5522 316.0532 359.2618
18.83333 358.071 318.154 359.7478
18.86667 358.9535 320.1679 0.1314427
18.9 359.3693 322.006 0.3716907
18.93333 359.9489 323.7523 0.4330072
18.96667 0.4675508 325.6524 0.3532796
18.96667 0.4137925 327.6508 0.177855
19 0.003475506 329.7875 0.1195229
19.03333 359.9746 331.8466 0.1706857
19.06667 359.7679 333.8852 0.187227
19.06667 359.3178 336.0113 0.2939111
19.1 359.0334 338.0852 0.3951175
19.13333 358.9588 340.0751 0.4088485
19.13333 358.6704 342.1466 0.5559906
19.16667 358.873 344.1222 0.5515216
19.16667 358.806 346.1183 0.5986506
19.2 358.8589 348.0698 0.5954423
19.23333 358.9516 349.9737 0.5318196
19.26667 359.0298 351.8376 0.5496886
19.26667 359.1938 353.697 0.5422913
19.3 359.34 355.4432 0.4857347
19.3 359.136 357.1844 0.4132967
19.33333 359.1103 358.9009 0.6722923
19.36667 359.26 1.035858 0.8260303
19.4 359.2392 3.203917 0.9171547
19.43333 359.2527 5.26882 0.9998806
19.46667 359.3681 7.242622 1.071416
19.5 359.3398 9.077787 1.158529
19.5 359.2628 10.77935 1.239248
19.53333 359.2289 12.50173 1.278064
19.56667 359.333 14.32408 1.286089
19.6 359.2214 16.2336 1.337223
19.63333 359.2345 18.20341 1.334858
19.63333 359.2589 20.1763 1.333611
19.66667 359.2455 22.16963 1.358604
19.7 359.2798 24.25902 1.243847
19.73333 359.2988 26.45345 1.196648
19.76667 359.2572 28.57645 1.254021
19.8 359.2271 30.62996 1.245197
19.83333 359.2162 32.58973 1.385898
19.83333 359.2557 34.5239 1.497866
19.86667 359.3221 36.45765 1.455655
19.9 359.46 38.30784 1.303108
19.93333 359.4309 40.12072 1.23692
19.96667 359.3765 41.90095 1.321951
20 359.21 43.741 1.358401
20 359.1474 45.76406 1.401028
20.03333 359.2098 47.96159 1.42433
20.06667 359.1384 50.13951 1.413898
20.1 359.0465 52.2603 1.455154
20.13333 359.0042 54.22416 1.431235
20.16667 358.9478 56.22854 1.342145
20.16667 359.029 58.14803 1.294766
20.2 358.9713 60.03244 1.194259
20.23333 358.7923 61.96457 1.140692
20.26667 358.5754 63.89624 1.267238
20.3 358.5626 65.87392 1.409752
20.33333 358.5797 67.9232 1.357315
20.33333 358.4555 69.89928 1.403447
20.4 358.4901 71.91676 1.398913
20.4 358.4092 73.86821 1.42287
20.43333 358.4002 75.847 1.362535
20.46667 358.3345 77.72771 1.494806
20.46667 358.3282 79.66496 1.634947
20.5 358.5173 81.29266 1.649134
20.53333 358.5373 81.33046 1.612183
20.56667 358.5714 81.31345 1.674384
20.56667 358.6005 81.29015 1.711981
20.56667 358.6024 81.23158 1.716329
20.6 358.6277 81.14263 1.753476
20.6 358.5927 81.13367 1.729783
20.63333 358.5919 81.14622 1.704497
20.63333 358.6101 81.13596 1.697805
20.66667 358.6142 81.13146 1.701188
20.66667 358.6049 81.10696 1.718105
20.66667 358.602 81.09553 1.737891
20.7 358.5453 81.07137 1.751363
20.7 358.463 81.05083 1.760891
20.73333 358.3643 81.04265 1.769759
20.73333 358.276 81.03052 1.781464
20.73333 358.2422 81.00839 1.83641
20.76667 358.2898 80.99235 1.907286
20.76667 358.3526 80.96584 1.96802
20.8 358.4159 80.93337 1.973694
20.8 358.4478 80.91187 1.968047
20.83333 358.4935 80.87809 2.011993
20.83333 358.5426 80.82959 2.066552
20.83333 358.594 80.77624 2.108904
20.86667 358.6295 80.70337 2.134942
20.86667 358.6574 80.63156 2.152454
20.9 358.6865 80.57011 2.169264
20.9 358.7274 80.49487 2.159523
20.9 358.7791 80.44898 2.169466
20.93333 358.8362 80.43426 2.178587
20.93333 358.8775 80.42894 2.199305
20.96667 358.8688 80.44451 2.214685
20.96667 358.8165 80.4715 2.219023
21 358.7633 80.50018 2.226983
21 358.6925 80.55549 2.216665
21 358.6516 80.59753 2.232654
21.03333 358.6187 80.64423 2.24243
21.03333 358.5678 80.6823 2.255025
21.06667 358.531 80.72759 2.233544
21.06667 358.4839 80.75742 2.219771
21.06667 358.4757 80.75842 2.217425
21.1 358.4658 80.73192 2.2188
21.1 358.4507 80.67564 2.225211
21.13333 358.4282 80.61558 2.21009
21.13333 358.3385 80.57595 2.19947
21.16667 358.2654 80.52634 2.21008
21.16667 358.2084 80.43195 2.219758
21.16667 358.2153 80.35979 2.223164
21.2 358.1857 80.2987 2.208494
21.2 358.1961 80.27168 2.185071
21.23333 358.2364 80.26302 2.200728
21.23333 358.2783 80.27459 2.229075
21.26667 358.327 80.28001 2.242283
21.26667 358.3392 80.27941 2.2576
21.26667 358.3539 80.28075 2.273962
21.3 358.3849 80.28571 2.283191
21.3 358.4075 80.29698 2.266282
21.33333 358.413 80.28601 2.23935
21.33333 358.4048 80.26677 2.236825
21.33333 358.3926 80.23524 2.247524
21.36667 358.416 80.19079 2.249556
21.36667 358.4117 80.15515 2.246918
21.4 358.4286 80.11146 2.231535
21.4 358.4114 80.07896 2.240307
21.43333 358.4146 80.04218 2.273775
21.43333 358.443 80.00288 2.296248
21.43333 358.4684 79.96215 2.315878
21.46667 358.492 79.90199 2.32205
21.46667 358.5166 79.88638 2.317902
21.5 358.5214 79.86157 2.316469
21.5 358.4669 79.84248 2.316599
21.5 358.3731 79.81352 2.332226
21.53333 358.3468 79.76878 2.344023
21.53333 358.4226 79.74157 2.345186
21.56667 358.5487 79.73672 2.319842
21.56667 358.6284 79.7447 2.281258
21.6 358.6708 79.75029 2.287929
21.6 358.6913 79.73672 2.325451
21.6 358.7359 79.72652 2.355204
21.63333 358.7994 79.71584 2.37906
21.63333 358.8283 79.73218 2.381517
21.66667 358.8596 79.74158 2.391412
21.66667 358.8904 79.77275 2.391949
21.66667 358.9225 79.79239 2.394311
21.7 358.9472 79.81989 2.41313
21.7 358.9425 79.84158 2.426339
21.73333 358.9242 79.8516 2.460724
21.73333 358.8997 79.84206 2.463533
21.76667 358.8951 79.83685 2.480429
21.76667 358.8896 79.82494 2.486239
21.76667 358.8809 79.80221 2.493852
21.8 358.8858 79.77833 2.518181
21.8 358.8887 79.74268 2.539147
21.83333 358.8636 79.70293 2.541942
21.83333 358.8751 79.65517 2.518317
21.86667 358.9093 79.61504 2.520249
21.86667 358.9543 79.57128 2.549214
21.86667 359.0114 79.52615 2.584229
21.9 359.0645 79.47631 2.621105
21.9 359.0881 79.42698 2.665255
21.93333 359.1235 79.37132 2.681653
21.93333 359.1469 79.29208 2.674457
21.96667 359.145 79.21767 2.651444
21.96667 359.1473 79.14217 2.621803
21.96667 359.1359 79.0779 2.597465
22 359.1351 79.04695 2.583968
22 359.1393 79.03187 2.584784
22 359.146 79.02972 2.59693
22.03333 359.144 79.03262 2.608526
22.03333 359.1528 79.04249 2.618319
22.06667 359.1658 79.05279 2.624284
22.06667 359.1754 79.07384 2.630539
22.1 359.1893 79.12157 2.655039
22.1 359.1764 79.13659 2.682933
22.1 359.1556 79.15289 2.728585
22.13333 359.1641 79.12875 2.783493
22.13333 359.1735 79.13155 2.811246
22.16667 359.2004 79.08045 2.819484
22.16667 359.2273 79.02809 2.82299
22.2 359.2464 78.9632 2.815649
22.2 359.2762 78.87574 2.813872
22.2 359.3024 78.78641 2.845987
22.23333 359.3486 78.68439 2.872939
22.23333 359.3996 78.57567 2.907866
22.26667 359.4794 78.42828 2.947089
22.26667 359.5584 78.22085 3.022759
22.26667 359.6534 77.93166 3.12207
22.3 359.7348 77.49896 3.205382
22.3 359.8329 77.01673 3.232321
22.33333 359.9731 76.40937 3.188005
22.33333 0.1525916 75.71536 3.07627
22.36667 0.2985147 75.0794 2.958198
22.36667 0.4869482 74.3281 2.829969
22.4 0.7874283 73.56263 2.645296
22.4 1.085735 72.86646 2.453702
22.4 1.245888 72.37686 2.312858
22.43333 1.320528 71.99474 2.211333
22.43333 1.393248 71.70316 2.163349
22.43333 1.481672 71.45589 2.154394
22.46667 1.495634 71.28468 2.191437
22.46667 1.412426 71.19135 2.233595
22.5 1.298158 71.20581 2.256099
22.5 1.211448 71.29945 2.2842
22.53333 1.189375 71.41165 2.319141
22.53333 1.125917 71.55375 2.354077
22.53333 1.145664 71.68365 2.418
22.56667 1.172212 71.79612 2.465772
22.56667 1.172014 71.90735 2.473119
22.6 1.128853 72.08544 2.441049
22.6 0.9666378 72.34865 2.361896
22.6 0.8141851 72.57626 2.332524
22.63333 0.6558917 72.87061 2.327149
22.63333 0.5371954 73.06667 2.33773
22.66667 0.3234712 73.29908 2.352384
22.66667 0.1019656 73.56329 2.359999
22.7 0.06811503 73.81998 2.340137
22.7 0.07237142 74.11934 2.316765
22.7 0.05963429 74.35355 2.317123
22.73333 0.08117907 74.52607 2.315921
22.73333 0.07668938 74.64388 2.303088
22.76667 0.04198507 74.75327 2.242767
22.76667 0.02679996 74.85443 2.172137
22.76667 359.9432 74.93932 2.13099
22.8 359.7991 75.00169 2.085627
22.8 359.6903 75.03589 2.037005
22.83333 359.6207 75.03619 1.98201
22.83333 359.6148 75.04665 1.912149
22.86667 359.5896 75.06647 1.846036
22.86667 359.5495 75.10706 1.782701
22.86667 359.5251 75.1303 1.748745
22.9 359.4744 75.13507 1.738189
22.9 359.4539 75.12537 1.734444
22.93333 359.3711 75.09923 1.731359
22.93333 359.3553 75.09773 1.7016
22.93333 359.38 75.09155 1.669231
22.96667 359.3797 75.10284 1.654108
22.96667 359.3427 75.09804 1.624856
23 359.283 75.12859 1.616142
23 359.2888 75.17065 1.618132
23 359.3777 75.22549 1.643552
23.03333 359.393 75.24297 1.647567
23.03333 359.3627 75.25897 1.628724
23.06667 359.364 75.2767 1.585947
23.06667 359.3826 75.28164 1.557999
23.1 359.41 75.30379 1.537516
23.1 359.4351 75.29831 1.530814
23.1 359.4351 75.31828 1.525615
23.13333 359.3951 75.34216 1.509268
23.13333 359.3305 75.38814 1.510493
23.16667 359.2837 75.44994 1.524426
23.16667 359.3369 75.47969 1.542383
23.16667 359.3625 75.48479 1.537428
23.2 359.3535 75.50906 1.53445
23.2 359.3345 75.50887 1.549978
23.23333 359.3313 75.49128 1.568569
23.23333 359.41 75.49211 1.598274
23.26667 359.4981 75.47037 1.573194
23.26667 359.5973 75.45584 1.541884
23.26667 359.7204 75.43748 1.520882
23.3 359.8257 75.40539 1.537612
23.3 359.9176 75.3648 1.571692
23.33333 359.9688 75.31448 1.597541
23.33333 359.9875 75.27135 1.622894
23.36667 0.04006595 75.22543 1.646064
23.36667 0.1488152 75.17784 1.648376
23.36667 0.2607081 75.15027 1.638685
23.4 0.3025462 75.11498 1.648971
23.4 0.3083737 75.08788 1.664608
23.43333 0.3188275 75.05679 1.659109
23.43333 0.2895512 75.03833 1.659099
23.43333 0.2803816 75.01699 1.68647
23.46667 0.2831265 75.02132 1.68795
23.46667 0.2407693 75.03928 1.667325
23.5 0.2096299 75.05136 1.642341
23.5 0.1776048 75.04098 1.630658
23.5 0.1555015 75.02496 1.62227
23.53333 0.09401695 74.99043 1.618631
23.53333 0.02553792 74.94123 1.666253
23.56667 0.006243327 74.91972 1.670728
23.56667 359.965 74.90006 1.654773
23.6 359.8616 74.89731 1.593823
23.6 359.8544 74.89286 1.43641
23.63333 359.9378 74.90627 1.26891
23.63333 0.1358623 74.9068 1.16634
23.63333 0.447993 74.86966 1.173344
23.66667 0.691944 74.77874 1.235359
23.66667 1.032176 74.64997 1.367449
23.66667 1.295533 74.51988 1.442341
23.7 1.567803 74.33637 1.454786
23.7 1.835673 74.13628 1.402754
23.73333 2.052022 73.97693 1.347427
23.73333 2.246347 73.82515 1.285299
23.76667 2.418208 73.66135 1.211991
23.76667 2.562913 73.49848 1.044579
23.8 2.575962 73.38908 0.9366051
23.8 2.645059 73.32964 0.9858147
23.8 2.782751 71.278 0.8645949
23.83333 2.871638 69.23515 0.8339724
23.83333 2.948088 67.22111 0.9077016
23.86667 2.926838 65.19271 0.9653428
23.9 2.825804 63.18266 1.066782
23.9 2.602069 61.26788 1.155386
23.93333 2.409989 59.36744 1.321893
23.96667 2.234786 57.51908 1.34158
23.96667 1.829843 55.8277 1.706921
24 1.906785 54.03018 1.622463
24.03333 1.759632 52.45132 1.678583
24.03333 1.912923 50.84665 1.586519
24.06667 2.276335 49.05991 1.419076
24.1 2.339523 47.2896 1.381389
24.13333 2.148449 45.40176 1.612055
24.13333 2.088807 43.38797 1.797484
24.16667 1.964594 41.38423 1.793373
24.2 1.870448 39.49989 1.481352
24.23333 1.546185 37.6766 1.325498
24.26667 1.704319 35.84943 1.193472
24.26667 2.18989 34.04448 1.149588
24.3 2.504987 32.15767 1.036391
24.33333 2.544606 30.32065 1.04518
24.36667 2.637251 28.53165 1.165133
24.4 2.584701 26.54548 1.218902
24.43333 2.183675 24.55336 1.233034
24.46667 2.108326 22.68677 1.056013
24.46667 2.049082 20.87123 0.961602
24.5 1.739281 18.97231 1.041839
24.53333 1.355726 16.9488 1.056788
24.56667 1.393662 14.89129 0.8934368
24.6 1.683777 12.93266 0.7177853
24.63333 1.976635 11.03025 0.7616949
24.63333 2.114753 9.084404 0.7909518
24.66667 2.307447 7.078471 0.870212
24.7 2.59721 5.143895 0.9893364
24.7 2.577984 3.095031 1.203058
24.73333 2.481591 0.9609684 1.27812
24.76667 2.470184 358.8298 1.173256
24.8 2.319316 356.6812 0.9502054
24.83333 2.182955 354.6556 0.8433502
24.86667 2.185694 352.8325 0.852226
24.86667 2.279042 351.1335 0.9754081
24.9 2.318469 349.2634 1.035453
24.93333 2.355974 347.1961 1.026199
24.96667 2.422545 345.2189 0.9637706
24.96667 2.515005 343.1888 0.9527771
25 2.536856 341.1212 0.982845
25.03333 2.542701 339.1016 1.002951
25.06667 2.615599 337.0871 1.004743
25.06667 2.584201 335.1061 1.003362
25.1 2.618622 333.1389 0.9346786
25.13333 2.590898 331.1892 0.8803985
25.16667 2.597308 329.1817 0.8815243
25.16667 2.68181 327.1378 0.94411
25.2 2.719452 325.0935 1.005411
25.23333 2.671465 323.0375 0.984803
25.23333 2.682812 320.9692 0.9545131
25.26667 2.654249 318.9881 0.9411277
25.3 2.582373 316.9897 0.9657373
25.3 2.472227 315.0764 1.061432
25.33333 2.435104 313.1823 1.06566
25.33333 2.499314 311.2766 1.015825
25.36667 2.782269 309.3463 0.9348447
25.4 2.829393 307.4594 0.8350294
25.43333 2.650475 305.556 0.7900937
25.46667 2.39952 303.8639 0.6224738
25.5 2.042657 302.1078 0.7768676
25.5 1.833438 300.2421 0.887287
25.53333 2.111553 298.5716 0.5398166
25.56667 2.124571 296.8206 0.4927619
25.6 1.640103 294.8423 0.6405919
25.63333 1.317907 293.031 0.8460177
25.63333 1.645748 291.1517 0.8413846
25.66667 2.122636 289.203 0.7096042
25.7 2.789967 287.2533 0.781478
25.73333 3.403991 285.327 0.7187285
25.76667 3.754295 283.4439 0.5567154
25.8 3.918288 281.427 0.6704758
25.8 3.897969 279.558 0.6572089
25.83333 3.899361 277.8863 0.4156594
25.86667 3.979518 276.2192 0.1596789
25.9 3.981799 274.4784 0.03241214
25.93333 3.684 272.6604 359.9877
25.93333 3.337518 271.1531 359.7426
25.96667 2.932167 269.3929 359.4999
26 2.556537 267.5888 359.3745
26.03333 2.532779 265.6392 359.331
26.06667 2.476103 264.0939 359.4605
26.06667 2.523704 265.738 359.7926
26.1 2.650447 267.5135 359.8413
26.13333 3.144718 269.4487 359.8375
26.13333 3.48899 271.4236 359.8452
26.16667 3.611928 273.4266 359.8618
26.2 3.594927 275.5352 359.8715
26.23333 3.440693 277.5682 359.8373
26.23333 3.370636 279.5592 359.8419
26.26667 3.386053 281.5402 359.8315
26.26667 3.495055 283.5506 359.8174
26.3 3.50332 285.6581 359.708
26.33333 3.542121 287.7717 359.5876
26.33333 3.376708 289.8264 359.5793
26.36667 3.319174 292.0337 359.4432
26.4 3.3688 294.1649 359.3978
26.43333 3.476734 296.7509 359.2417
26.43333 3.550336 298.8447 359.3271
26.46667 3.510111 300.8081 359.359
26.5 3.325364 303.2403 359.4035
26.5 3.079367 305.2092 359.6797
26.53333 2.993315 306.9754 359.7053
26.56667 2.711581 308.8481 359.7769
26.6 2.517527 310.6538 359.8111
26.63333 2.532487 312.469 359.9154
26.63333 2.637247 314.365 359.9788
26.66667 2.86146 316.5231 0.0547201
26.7 3.080898 318.8736 0.3212374
26.73333 3.035499 321.0137 0.4865129
26.73333 2.716673 323.0334 0.5938175
26.76667 2.580575 325.0231 0.9921225
26.8 2.740167 326.7913 1.221723
26.83333 2.89123 328.4032 1.217241
26.86667 3.075821 330.1244 0.9523878
26.86667 3.148616 332.0686 0.7131665
26.9 3.078403 334.2819 0.4366695
26.93333 3.048007 336.3861 0.4283523
26.96667 3.023387 338.5963 0.6741017
26.96667 3.109143 340.6916 0.9553812
27 3.164481 342.7166 1.067436
27.03333 3.181389 344.7061 1.166686
27.06667 3.085906 346.5408 1.467823
27.1 3.266551 348.3762 1.611432
27.13333 3.685688 350.2837 1.248342
27.16667 3.814646 352.2668 0.9431361
27.16667 3.770025 354.1342 0.6922569
27.2 3.582386 355.9938 0.4752321
27.23333 3.278541 357.9278 0.4229817
27.26667 3.158273 359.9772 0.5528414
27.3 3.303253 2.164267 0.7724853
27.33333 3.534407 4.386336 1.087345
27.33333 3.746826 6.372315 1.348701
27.36667 3.798388 8.235674 1.231532
27.4 3.879046 10.13791 0.964398
27.43333 3.743529 12.02118 0.8418739
27.46667 3.561795 14.02294 0.964587
27.5 3.489939 15.9948 1.037183
27.5 3.512179 18.06104 1.071295
27.53333 3.500281 20.12169 1.170025
27.56667 3.445566 22.17855 1.344108
27.56667 3.477651 24.20376 1.317769
27.6 3.594074 26.21449 1.202303
27.6 3.716062 28.22742 1.116182
27.63333 3.740031 30.21322 0.9865528
27.66667 3.673485 32.26669 0.9950485
27.7 3.665667 34.28705 1.092604
27.7 3.741261 36.2744 1.081381
27.73333 3.739652 38.16305 1.017334
27.76667 3.552801 39.98047 0.96466
27.8 3.343705 41.8016 0.9588358
27.83333 3.252285 43.7387 0.9668714
27.83333 3.356366 45.81761 1.011453
27.86667 3.403793 47.96675 1.024915
27.9 3.469781 50.10058 1.11849
27.93333 3.372165 52.10024 1.195281
27.96667 3.392774 54.0549 1.125599
27.96667 3.256062 55.98614 0.9456418
28 3.147706 57.9263 0.8073485
28.03333 3.194074 59.88198 0.8118889
28.06667 3.484131 61.84594 0.8751318
28.06667 3.537026 63.81605 1.017401
28.1 3.45314 65.7086 1.098398
28.13333 3.478521 67.56685 1.129338
28.16667 3.322356 69.36079 1.215269
28.2 2.62704 71.15932 1.234923
28.23333 2.071799 73.0611 1.038399
28.26667 2.210527 74.85326 0.940107
28.26667 2.615582 76.6043 0.8804216
28.3 3.524471 76.68234 0.827266
28.33333 4.615738 76.18545 0.7072401
28.33333 5.16524 75.77783 0.6901404
28.36667 5.271422 73.3115 0.6971477
28.36667 5.302811 71.13341 0.6910971
28.4 5.154057 69.23195 0.6226776
28.43333 5.334131 67.29547 0.4488004
28.46667 4.884304 65.69028 0.5062921
28.5 4.36323 63.98161 0.8800841
28.53333 4.070207 62.0406 1.068986
28.56667 3.756201 59.99916 1.056987
28.56667 3.418943 58.06052 1.020926
28.6 3.113917 56.16562 1.14144
28.63333 2.949617 54.3692 1.20135
28.66667 2.978053 52.80521 1.244895
28.7 2.907799 51.13145 1.34713
28.73333 2.552438 49.43358 1.373719
28.76667 2.261688 47.72576 1.480744
28.76667 2.014245 45.82522 1.260568
28.8 1.812598 43.91119 1.007152
28.83333 1.495629 41.94551 0.8705969
28.86667 1.50969 39.84182 0.804441
28.9 1.846515 37.70472 0.7642111
28.9 1.967609 35.72165 0.6036149
28.93333 2.136559 33.69714 0.672777
28.96667 2.30883 31.62213 0.698257
28.96667 2.359434 29.59961 0.6736155
29 2.217906 27.64833 0.5901574
29.03333 2.366643 25.6745 0.412612
29.03333 2.364839 23.73407 0.308904
29.06667 2.317467 21.88375 0.2530216
29.1 2.395613 20.05318 0.09692442
29.1 2.412835 18.06767 0.1593038
29.13333 2.349071 16.07581 0.2459105
29.16667 2.064581 14.24178 0.1756637
29.16667 2.059227 12.14409 0.1205448
29.2 1.964545 10.09114 0.02078962
29.23333 2.1819 8.026718 0.01921002
29.26667 2.373121 6.042109 359.9113
29.26667 2.589691 4.071547 359.8151
29.3 2.73595 2.025609 359.8427
29.33333 2.705625 0.1319059 359.9903
29.36667 2.799637 358.3294 359.9436
29.4 2.8197 356.434 359.8289
29.4 2.76627 354.4203 359.801
29.43333 2.88299 352.4179 359.826
29.46667 3.059104 350.3182 359.8257
29.5 2.975113 348.2813 359.6903
29.5 2.888102 346.3351 359.5972
29.53333 2.869535 344.4204 359.5433
29.56667 2.962708 342.6534 359.49
29.6 3.008816 340.8432 359.5872
29.63333 3.03969 338.8939 359.602
29.66667 3.117949 336.8894 359.6421
29.7 3.137449 334.8156 359.7437
29.7 3.116045 332.7434 359.728
29.73333 2.974541 330.6904 359.7172
29.76667 2.764197 328.6181 359.7848
29.8 2.828794 326.6087 359.8427
29.83333 2.983408 324.6434 359.8952
29.86667 3.15294 322.6745 359.8906
29.86667 3.296407 320.6782 359.8891
29.9 3.275626 318.7268 0.00139938
29.93333 3.198598 316.7216 359.9839
29.96667 2.986004 314.7274 359.9702
30 2.818673 312.7462 359.9725
30.03333 2.817178 310.8214 0.034383
30.03333 2.808456 308.9414 0.004988081
30.06667 2.597904 307.1548 0.1977058
30.1 2.529279 305.2847 0.2660062
30.13333 2.595814 303.3776 0.1177263
30.13333 2.482983 301.7424 0.104999
30.16667 2.442262 299.8758 0.2460651
30.2 2.384538 298.2031 0.3885145
30.2 2.475621 296.1437 0.3753245
30.23333 2.3869 294.3738 0.3927429
30.23333 2.33288 292.223 0.2718902
30.26667 2.270512 290.2917 0.2461994
30.3 2.404109 288.1332 0.2001982
30.3 2.447651 286.1684 0.1107273
30.33333 2.388944 284.2485 0.1300613
30.36667 2.265107 282.6091 0.0712852
30.36667 2.072586 281.0772 0.1635259
30.4 2.034513 279.5536 0.21198
30.43333 2.052506 277.5865 0.1591479
30.46667 2.004096 276.058 0.1794402
30.46667 2.030656 274.2324 0.08105537
30.5 1.812801 272.5568 359.7515
30.53333 0.629523 271.119 359.6412
30.56667 0.09130069 269.5869 359.7415
30.6 0.05706508 268.4401 359.6749
30.63333 0.6010275 267.4547 0.07409196
30.63333 1.028742 266.4662 0.1811162
30.66667 1.084817 265.9901 359.9278
30.7 0.6228904 265.7358 0.2675462
30.73333 0.1641168 265.5121 0.6773461
30.76667 0.02645042 265.5225 0.8722119
30.8 359.8401 265.5956 1.056592
30.8 359.6192 265.5146 1.163034
30.83333 359.3932 265.4514 1.411865
30.86667 359.0806 265.1147 1.364224
30.9 358.7444 263.5817 1.067817
30.9 358.2473 264.184 1.229773
30.93333 357.4624 263.245 1.479862
30.96667 356.633 261.9155 1.84342
31 356.6078 260.119 2.130513
31.03333 357.2085 260.112 2.22424
31.06667 357.7281 261.4278 2.310868
31.06667 357.9412 262.8692 1.77753
31.1 358.2851 264.5763 1.839873
31.13333 358.4996 265.8285 2.207268
31.16667 358.3289 267.0477 2.378165
31.2 358.1093 268.2281 2.341414
31.23333 358.1765 269.5947 2.324473
31.23333 358.3493 270.8969 2.472194
31.26667 358.1904 272.1796 2.365081
31.3 358.1034 273.9049 2.034186
31.33333 358.1342 275.78 1.661681
31.36667 357.6697 277.7169 1.554595
31.4 357.0004 279.7137 1.810551
31.4 356.8362 281.9649 1.879372
31.43333 356.8605 284.196 1.849249
31.46667 356.862 286.2374 1.859932
31.5 356.6206 288.1983 1.825681
31.5 356.7517 290.1581 1.83446
31.53333 356.8562 292.0269 1.792684
31.56667 356.8979 293.8738 1.673753
31.56667 356.9938 295.7985 1.713984
31.6 357.0146 297.5426 1.791677
31.63333 357.1612 299.5538 1.754613
31.63333 357.2436 301.6004 1.741296
31.66667 357.2863 303.6742 1.728311
31.66667 357.2958 305.7158 1.632331
31.7 357.2249 307.6989 1.46003
31.73333 357.0784 309.6608 1.394657
31.76667 356.8138 311.604 1.431657
31.76667 356.4093 313.4099 1.497573
31.8 356.2647 315.2108 1.588893
31.8 356.2296 317.0515 1.628189
31.83333 356.3194 318.9176 1.712704
31.86667 356.4382 320.8416 1.830008
31.9 356.6349 323.0081 2.003318
31.93333 356.9452 325.1509 2.304229
31.96667 357.047 327.1093 2.38666
31.96667 357.017 329.0221 2.302746
32 356.9297 330.8943 2.259945
32.03333 356.7799 332.8853 2.233926
32.06667 356.8737 335.0137 2.192843
32.1 356.9364 337.0303 2.146909
32.13334 356.9261 339.0462 2.066025
32.13334 357.0219 341.1076 1.972333
32.16667 357.2714 343.1372 1.931245
32.2 357.2488 345.0052 2.007891
32.23333 357.0663 346.7476 2.102823
32.26667 357.0959 348.4812 2.248997
32.3 357.2054 350.2663 2.362787
32.3 357.6763 352.1854 2.429606
32.33333 358.1754 354.1953 2.531654
32.36666 358.6214 356.0191 2.587909
32.4 358.8513 357.6483 2.416891
32.43333 358.8867 359.2889 2.304217
32.46667 358.8464 0.8880319 2.207521
32.5 358.7752 2.537436 1.838359
32.5 358.487 4.045737 1.835892
32.53333 358.4883 5.573398 2.022221
32.56667 358.2492 7.036619 1.73806
32.6 357.4899 8.337685 1.295536
32.63334 356.7772 9.651048 1.496082
32.66667 356.5115 10.96795 1.820658
32.66667 356.5987 12.33628 1.905506
32.7 356.7125 13.79752 1.915747
32.73333 356.9438 15.73366 1.77443
32.76667 357.0452 17.21574 1.625144
32.76667 357.7343 19.20773 1.265215
32.8 357.932 20.96805 1.164056
32.83333 357.7817 22.6041 1.21169
32.83333 357.5677 24.48627 1.273219
32.86666 358.1719 26.28882 1.135119
32.9 358.9107 28.17224 1.210697
32.93333 359.5252 29.99241 1.268319
32.96667 0.1430379 31.84478 1.209871
32.96667 0.6752306 33.69712 1.250391
33 0.5597592 35.62462 1.414571
33.03333 1.058976 37.0683 1.808055
33.06667 0.9245165 38.64237 2.066039
33.06667 0.559149 40.31173 2.33291
33.1 0.3041756 41.8232 2.429587
33.13334 0.3227298 43.39064 2.488102
33.16667 0.4776264 45.08661 2.415889
33.16667 0.6544826 45.84842 2.449805
33.2 0.7858903 46.84321 2.191973
33.23333 0.8790879 48.27158 1.663591
33.26667 0.8798286 50.09252 1.304846
33.3 1.089325 51.93195 1.358031
33.33333 0.6748481 53.91896 1.563403
33.33333 0.2986792 55.85722 1.65354
33.36666 0.323989 57.70882 1.432196
33.4 0.8922617 59.70755 1.28646
33.43333 1.269827 61.63596 1.321668
33.46667 1.626314 63.54488 1.494887
33.5 2.007874 65.31745 1.587226
33.5 2.424058 67.05585 1.390634
33.53333 2.901676 68.85458 1.233246
33.56667 3.219482 70.54755 1.119458
33.6 3.413747 72.35371 1.20983
33.63334 3.188551 74.08374 1.329147
33.66667 2.91117 75.87131 1.390499
33.7 2.560034 77.83327 1.653808
33.7 1.721764 79.81138 1.656903
33.73333 0.8775713 78.17027 1.775461
33.76667 0.3148081 76.50178 1.931699
33.8 359.9849 74.87553 2.012208
33.83333 0.01052212 73.24657 2.132631
33.86666 0.1871025 71.46376 1.844561
33.86666 0.2648334 69.62927 1.758745
33.9 0.5025383 67.49773 1.872218
33.93333 0.6095694 65.20257 1.862962
33.96667 0.494227 62.95571 1.527888
34 0.2172014 60.7906 1.357037
34.03333 0.2171155 58.67431 1.211393
34.03333 0.2087311 56.80278 1.030568
34.06667 0.02312283 54.85723 0.7132717
34.1 0.03453742 52.97194 0.809671
34.1 0.07769743 51.11306 1.114175
34.13334 0.06161616 49.27287 1.316
34.16667 0.1736792 47.29895 1.476031
34.16667 0.2418864 45.37899 1.805715
34.2 0.1563585 43.22247 2.009508
34.23333 0.1342618 41.1068 2.30603
34.23333 0.08962321 39.0624 1.609981
34.26667 0.1299097 37.07257 1.385179
34.3 0.2117051 35.20626 1.256284
34.33333 0.1872443 33.51192 1.058393
34.36666 359.9076 31.75006 1.021527
34.4 359.9158 29.90423 0.8705328
34.4 0.1184243 27.91352 0.7456363
34.43333 359.9361 25.83305 0.3365439
34.46667 359.9257 23.85819 359.8011
34.5 0.3518741 21.8742 359.8114
34.53333 0.5387363 19.8971 0.1291419
34.53333 0.3734046 18.12124 0.249553
34.56667 0.1541307 16.41406 0.339207
34.6 0.2990423 14.51657 0.4260218
34.63334 0.4929768 12.38548 0.3271745
34.66667 0.6533749 10.15981 0.2298135
34.7 0.8581638 7.881568 0.2513893
34.7 0.8830199 5.828989 0.29582
34.73333 0.9404581 3.840814 0.257331
34.76667 0.8322842 1.952424 0.2412956
34.76667 0.8238967 359.9669 0.3794774
34.8 0.8755747 358.0155 0.3952977
34.83333 0.8596376 356.0767 0.2822042
34.86666 0.8233092 354.0747 0.2767711
34.9 0.6142989 352.0874 0.2050073
34.93333 0.4718726 350.3296 0.1495011
34.93333 0.5042945 348.5573 0.2823019
34.96667 0.6473843 346.7368 0.444324
35 0.6407818 344.9116 0.5242367
35.03333 0.6511663 343.0115 0.6768759
35.06667 0.5488135 340.9299 0.8281743
35.1 0.4716851 338.9774 0.7300846
35.13334 0.4332913 337.1204 0.6692303
35.13334 0.4293705 335.1455 0.7311349
35.16667 0.5831676 333.1962 0.6993591
35.2 0.6313562 331.2901 0.6619942
35.23333 0.5991656 329.2405 0.6618624
35.26667 0.5732222 327.3071 0.6589535
35.26667 0.5678501 325.2911 0.6871248
35.3 0.6184708 323.2818 0.7181088
35.3 0.7035039 321.3096 0.7721078
35.33333 0.7517468 319.3136 0.789886
35.36666 0.8254917 317.3296 0.8433743
35.36666 0.8102008 315.3296 0.7782224
35.4 0.8380249 313.4282 0.7208596
35.43333 0.9173836 311.46 0.5588846
35.46667 0.9666818 309.5593 0.4892825
35.46667 0.9065945 307.6263 0.5935133
35.5 0.886645 305.6769 0.5328258
35.53333 0.8037131 303.7272 0.5067567
35.56667 0.8107697 301.7075 0.4785922
35.6 0.8395587 299.7881 0.3869762
35.6 0.7559243 297.8245 0.3995675
35.63334 0.6363329 296.0417 0.1996899
35.66667 0.2727948 294.7824 359.8887
35.7 359.2325 293.4147 359.8186
35.73333 358.518 292.1077 359.7998
35.76667 358.5747 291.0113 0.102477
35.76667 359.1638 289.7434 0.386299
35.8 0.1179978 288.8984 0.2422666
35.83333 0.9116586 288.0859 0.3034062
35.86666 1.519077 286.843 0.3900853
35.9 1.885484 285.35 0.6230329
35.93333 1.994424 283.4642 0.7797291
35.93333 1.920189 281.3765 0.926786
35.96667 2.031836 279.0541 1.116846
36 2.389482 276.9101 1.124489
36.03333 2.655787 274.9602 1.021315
36.06667 2.214873 273.0861 0.8798361
36.1 1.442865 271.5346 0.7530751
36.1 0.6826657 269.8006 1.109384
36.13334 359.922 267.8819 1.648915
36.16667 359.5647 267.9132 1.939045
36.2 359.2959 269.6527 1.996653
36.23333 359.3932 271.3439 1.91703
36.26667 359.608 273.0172 1.778065
36.26667 0.01047159 274.8563 1.096556
36.3 0.2141971 276.8846 0.6089924
36.33333 0.04490079 278.8621 0.4974729
36.36666 359.8507 280.9266 0.5197476
36.4 359.6171 282.8905 0.7778674
36.43333 359.3177 284.7074 0.8616678
36.43333 359.3334 286.6556 0.9037563
36.46667 359.3638 288.5994 0.803266
36.5 359.406 290.6057 0.683121
36.5 359.4673 292.7105 0.6718258
36.53333 359.5473 294.919 0.7757509
36.56667 359.5849 297.1675 0.7790512
36.56667 359.5833 299.3074 0.7464334
36.6 359.4421 301.7307 0.778968
36.63334 359.1594 303.5805 0.9645543
36.66667 358.9334 305.3197 0.9645818
36.7 358.6999 307.0409 1.143655
36.7 358.567 308.7892 1.116218
36.73333 358.4629 310.6358 1.072758
36.76667 358.3085 312.5366 1.290298
36.8 358.191 314.5998 1.471715
36.8 358.0656 316.6901 1.465291
36.83333 358.2715 318.8246 1.34964
36.86666 358.3629 320.9145 1.453187
36.9 358.5989 323.0072 1.37452
36.9 358.9057 324.9328 1.238604
36.93333 358.9691 326.6127 1.122683
36.96667 358.7676 328.4314 0.9943264
37 358.6356 330.3875 0.8879905
37.03333 358.6492 332.4825 1.240015
37.03333 358.7634 334.4518 1.542863
37.06667 358.8349 336.2767 1.50825
37.1 358.9042 338.1082 1.441463
37.13334 359.0918 339.9576 1.43499
37.13334 359.4189 341.7509 1.361994
37.16667 359.6463 343.6653 1.378285
37.2 359.6944 345.4328 1.232219
37.23333 359.7211 347.2145 1.496783
37.26667 359.9751 348.9554 1.728263
37.3 0.3833208 350.7209 1.816265
37.3 0.7315069 352.6542 1.874742
37.33333 0.9733659 354.6128 1.92247
37.36666 1.179234 356.6295 1.873521
37.4 1.013569 358.606 1.752049
37.43333 0.8089283 0.6121466 1.675349
37.46667 0.5466928 2.633311 1.696789
37.5 0.3604923 4.577493 1.759826
37.5 0.2342892 6.5316 1.807713
37.53333 0.1927741 8.551297 1.868564
37.56667 0.1538217 10.59748 1.860741
37.56667 0.182454 12.70603 1.848078
37.6 0.1115274 14.80115 1.911132
37.63334 0.1040385 16.74874 1.923958
37.63334 359.9773 18.68049 1.944999
37.66667 359.6409 20.57812 2.008078
37.7 359.6655 22.5202 1.969577
37.7 359.3447 24.40161 1.941744
37.73333 359.1455 26.30758 1.968618
37.76667 359.0079 28.27851 2.010056
37.76667 358.6492 30.17338 1.990889
37.8 358.6388 32.2449 1.988526
37.83333 358.339 34.18277 2.024889
37.83333 358.4929 36.20698 2.03099
37.86666 358.2823 38.22523 2.257765
37.9 357.7274 40.37984 2.375242
37.93333 356.3452 42.58997 2.462842
37.93333 354.736 44.57118 2.555082
37.96667 353.3414 46.41241 2.603313
38 351.6237 48.39801 2.741455
38.03333 351.4933 50.30888 2.777251
38.03333 351.8182 51.99241 2.68392
38.06667 351.8768 53.54629 2.4574
38.1 351.42 55.2053 2.260954
38.13334 351.047 57.01393 1.878393
38.16667 350.9856 58.82097 1.718125
38.2 351.3143 60.62165 1.689818
38.23333 351.4063 62.19732 1.969905
38.23333 351.4028 63.90572 2.122338
38.26667 351.3288 65.83725 2.268173
38.3 350.9632 67.82749 2.414744
38.33333 350.4533 69.66218 2.485769
38.36666 350.1305 71.48537 2.391726
38.4 350.0232 73.22454 2.451437
38.4 349.8761 73.67313 2.306015
38.43333 349.567 73.38646 2.275402
38.46667 349.2285 72.85474 2.290099
38.5 348.7272 72.35932 2.294004
38.5 348.1276 70.16367 2.103909
38.53333 347.5759 68.12821 1.843083
38.56667 347.1427 66.11562 1.815156
38.6 346.3873 63.84055 2.027777
38.63334 345.916 61.58392 1.958685
38.66667 345.887 59.20369 1.725641
38.7 346.004 56.85363 1.301268
38.73333 346.2419 54.43536 1.246536
38.73333 346.4263 51.99646 0.9558684
38.76667 346.6697 49.8457 0.8686014
38.8 347.1564 47.8895 0.7412367
38.83333 347.1744 46.17543 0.4374211
38.86666 346.9429 44.71472 0.2078927
38.9 346.6153 43.37783 359.9754
38.93333 346.0056 42.17926 359.7234
38.93333 345.1243 40.89199 359.5291
38.96667 343.5132 39.70461 359.3105
39 341.5407 38.36788 359.1772
39.03333 339.7682 36.98817 359.1467
39.06667 338.8932 35.49107 358.9997
39.06667 338.8474 34.02889 358.8886
39.1 339.5204 32.51019 358.6774
39.13334 340.0172 30.94844 358.4817
39.16667 340.9568 28.80327 358.4719
39.16667 341.5317 27.36801 358.3234
39.2 341.7358 25.44101 358.6579
39.23333 341.2698 23.31148 358.9843
39.26667 341.2382 21.50257 358.732
39.3 341.6174 19.57313 358.2975
39.3 341.8736 17.59096 358.4812
39.33333 341.6638 15.56667 358.5704
39.36666 341.7031 13.67484 358.5309
39.36666 341.8768 11.93692 358.5465
39.4 341.8837 9.913592 358.5083
39.43333 342.14 8.25036 358.3183
39.46667 342.1475 6.111323 358.2519
39.46667 342.2878 4.027925 358.1938
39.5 342.7987 2.128022 358.0062
39.53333 343.112 0.1037541 358.032
39.53333 343.2524 358.0936 358.0884
39.56667 343.6674 356.1313 358.1903
39.6 343.7329 354.1536 358.2832
39.6 344.0101 352.1349 358.5341
39.63334 344.7987 350.0336 358.9293
39.66667 344.9181 347.7573 358.8502
39.66667 345.6034 345.247 358.7649
39.7 346.3432 342.8077 358.7209
39.73333 347.1046 340.3475 358.8467
39.73333 347.5275 338.1394 359.0956
39.76667 347.6021 336.3171 359.1808
39.8 347.6794 334.5049 359.1251
39.83333 347.1855 332.9889 359.0219
39.86666 346.861 331.2235 358.9294
39.86666 346.7754 329.3927 358.8053
39.9 346.9366 327.2644 358.758
39.93333 347.1166 324.996 358.7194
39.96667 347.2006 322.7134 358.9122
39.96667 347.4594 320.4656 358.9848
40 347.1429 318.3297 358.6703
40.03333 347.4262 316.1956 358.5396
40.06667 347.9272 314.1515 358.5395
40.06667 348.266 312.1404 358.6015
40.1 348.4388 310.1455 358.7679
40.13334 348.6213 307.9947 358.9247
40.16667 348.7491 305.8878 358.9552
40.16667 348.7187 303.9441 358.9094
40.2 348.8102 302.0174 358.8893
40.23333 348.8287 300.1553 358.7577
40.26667 349.0088 298.4322 358.4968
40.26667 349.1638 296.7576 358.375
40.3 349.1679 295.1074 358.4306
40.33333 349.2541 293.5602 358.3255
40.36666 349.4602 292.0214 358.2701
40.4 349.5829 290.2403 358.392
40.4 349.8375 288.6503 358.4129
40.43333 350.0048 286.8344 358.2468
40.46667 349.6333 285.0963 357.9625
40.46667 349.2298 283.2558 357.8926
40.5 349.2931 281.2584 358.0139
40.53333 349.8954 279.3517 358.457
40.53333 350.2113 277.5685 358.8324
40.56667 350.1452 275.3814 358.8295
40.6 350.594 273.5182 358.8284
40.6 351.7754 271.9649 359.0229
40.63334 351.8792 269.917 358.8931
40.66667 352.5738 268.2388 359.0216
40.7 353.0049 266.4385 359.1668
40.7 352.9576 266.3179 359.3071
40.73333 353.4374 266.321 359.4811
40.73333 353.4916 266.2846 359.5351
40.76667 353.0901 266.0426 359.5495
40.76667 352.9386 265.7031 359.5757
40.8 352.7175 265.6253 359.6449
40.83333 352.586 265.8107 359.4926
40.86666 352.5997 266.1616 359.338
40.9 352.5676 266.2196 359.3833
40.9 352.4639 266.1838 359.3595
40.93333 352.179 267.9854 359.3423
40.96667 351.7156 269.6074 359.4124
41 351.4893 271.166 359.403
41.03333 351.3335 272.742 359.3633
41.06667 351.3417 274.5622 359.2491
41.1 351.3983 276.4989 359.1869
41.13334 351.5991 278.7355 359.2194
41.13334 351.8905 280.827 359.1773
41.16667 352.1365 283.01 359.1534
41.2 352.1542 285.0334 359.2972
41.2 352.1701 286.8859 359.4998
41.23333 352.4106 288.7241 359.5021
41.26667 352.6874 290.4945 359.5828
41.3 352.8824 292.2637 359.6417
41.3 352.9944 294.2211 359.4932
41.33333 352.8983 296.1907 359.4074
41.36666 352.804 298.2499 359.2712
41.36666 352.7839 300.231 359.0726
41.4 352.6529 302.362 359.1526
41.43333 352.5262 304.3911 359.3694
41.46667 352.4523 306.4679 359.5142
41.46667 352.4085 308.4493 359.5329
41.5 352.2939 310.2684 359.6022
41.53333 352.243 312.2001 359.6365
41.53333 352.2484 314.0975 359.6867
41.56667 352.1427 315.8526 359.7423
41.6 351.9631 317.7317 359.6794
41.63334 351.9021 319.5824 359.7057
41.66667 351.8702 321.52 359.7006
41.66667 351.7403 323.2626 359.6347
41.7 351.8391 325.3329 359.5234
41.73333 351.821 327.277 359.4179
41.73333 351.6954 329.0843 359.3068
41.76667 351.612 331.1549 359.3042
41.76667 351.3695 332.9852 359.1805
41.8 351.4839 335.0111 359.37
41.83333 351.3707 336.9084 359.4187
41.83333 351.4575 338.9644 359.5182
41.86666 351.4158 340.8786 359.7055
41.9 351.4825 342.9461 359.8171
41.9 351.4427 344.937 0.02190139
41.93333 351.4565 346.7433 0.1209185
41.93333 351.4241 348.448 0.4546902
41.96667 351.7451 350.2177 0.5500767
42 351.9366 351.907 0.639397
42 351.9048 353.4528 1.026052
42.03333 352.1547 355.3148 1.046314
42.06667 352.2985 357.535 0.6443135
42.1 352.4367 359.167 0.5827084
42.13334 352.3228 0.8135508 0.7294677
42.13334 352.3288 2.709909 0.733064
42.16667 352.3764 4.831658 0.4099616
42.2 352.0937 6.887814 0.3609022
42.23333 351.7824 8.882965 0.6709259
42.26667 351.76 10.98533 0.7468401
42.26667 351.8108 13.14011 0.7485539
42.3 351.7885 15.1832 0.8404166
42.33333 351.9868 17.23694 1.018812
42.36666 352.2392 19.27638 1.074447
42.4 352.3358 21.23867 1.09524
42.43333 352.4674 23.09406 0.9822224
42.43333 352.4962 24.89193 0.8605042
42.46667 352.0899 26.7071 0.8764273
42.5 351.7149 28.50954 1.007914
42.5 351.5274 30.40711 1.115076
42.53333 351.299 32.311 1.172357
42.56667 350.9681 34.06017 1.272664
42.6 350.6744 35.8931 1.15493
42.6 350.5097 37.7451 0.9054683
42.63334 350.1708 39.64914 0.8402963
42.66667 350.053 41.70287 0.8430156
42.7 349.5922 43.76317 0.9656014
42.73333 349.3783 45.8124 0.8962936
42.76667 349.0011 47.74851 0.6643174
42.8 348.6118 49.63591 0.6113524
42.8 348.3943 51.43205 0.5150645
42.83333 348.1986 53.25526 0.4220344
42.86666 348.3411 55.18508 0.4845742
42.9 348.3448 57.15556 0.632171
42.9 348.168 58.92681 0.7265217
42.93333 348.3059 60.91978 0.7153445
42.93333 348.1817 62.74577 0.6851237
42.96667 347.8683 64.23717 0.654326
43 347.9691 66.21956 0.5651634
43 347.5134 67.66705 0.4319293
43.03333 347.165 67.87366 0.3708447
43.06667 346.6475 67.20135 0.3251467
43.06667 345.7104 66.22115 0.1020461
43.1 344.6599 65.157 359.8148
43.13334 343.6398 63.99935 359.6686
43.13334 342.5638 63.03767 359.6172
43.16667 341.5502 62.25387 359.6174
43.2 340.8676 61.6879 359.7222
43.23333 340.7448 61.08911 359.9427
43.26667 340.9549 60.48957 0.1446282
43.3 341.4938 60.05103 0.1434363
43.33333 341.9835 59.68428 0.15182
43.33333 342.4857 59.42009 0.1571437
43.36666 342.7307 59.42231 0.07229968
43.4 342.5869 59.5113 0.06185345
43.43333 342.5725 59.63501 0.1055942
43.46667 342.732 59.76136 0.11133
43.5 342.814 59.76247 0.05952776
43.5 342.3843 59.76919 0.1118497
43.53333 342.0629 59.57797 0.03526659
43.56667 342.0983 59.24057 359.9933
43.6 342.2567 58.8634 359.8204
43.63334 341.9259 58.50141 359.8427
43.66667 341.722 58.24575 359.9596
43.66667 341.7977 58.20927 359.8303
43.7 341.6092 58.27328 359.843
43.73333 341.1197 58.50157 359.9407
43.76667 340.7797 58.97071 359.8506
43.8 340.4151 57.51264 359.7237
43.83333 340.3336 55.83721 359.6806
43.86666 340.3321 53.99678 359.6021
43.9 340.2068 51.83853 359.6208
43.93333 340.0214 49.51352 359.5301
43.93333 339.836 47.35909 359.4493
43.96667 339.9688 45.25518 359.4403
44 339.958 43.18241 359.2818
44 340.1746 41.17931 359.1299
44.03333 340.4314 39.18044 358.9892
44.06667 340.5097 37.24965 358.7911
44.1 340.4886 35.24668 358.746
44.13334 340.6191 33.14118 358.879
44.13334 340.8035 31.06308 358.763
44.16667 340.7447 29.13523 358.8192
44.2 340.8562 27.26491 358.972
44.2 340.9468 25.35657 359.0952
44.23333 340.9258 23.52823 359.1168
44.26667 341.0641 21.77983 359.242
44.26667 340.9485 19.80066 359.3418
44.3 340.9306 18.00761 359.5004
44.33333 340.8298 16.00422 359.3801
44.33333 340.839 14.18033 359.5749
44.36666 341.0965 11.89786 359.7108
44.4 341.6768 9.603157 0.1274636
44.4 341.9355 7.23029 0.2618084
44.43333 342.2763 4.73166 0.3588209
44.46667 342.4983 2.33668 0.396067
44.5 341.8815 0.3535066 0.3115199
44.5 341.3799 358.2467 0.4771859
44.53333 341.4648 356.3747 0.6084655
44.56667 341.5019 354.5313 0.5843059
44.6 341.4143 352.7172 0.6537901
44.63334 341.5305 350.9041 0.7466095
44.63334 341.5654 348.977 0.7545958
44.66667 341.7285 347.0325 0.5850049
44.7 342.0032 345.3375 0.2588896
44.73333 342.1849 343.4258 0.03456642
44.73333 342.0875 341.5119 359.9849
44.76667 342.2514 339.7422 359.8517
44.8 342.441 337.9777 359.6443
44.83333 342.5668 336.0639 359.6069
44.86666 342.5964 334.3156 359.4493
44.9 342.6927 332.6473 359.2866
44.9 342.6752 330.8463 359.2215
44.93333 342.7945 329.1867 359.0253
44.96667 343.0055 327.603 358.8475
45 343.0445 325.8921 358.7487
45.03333 343.0505 324.2618 358.7278
45.06667 343.0549 322.5961 358.7687
45.06667 342.9049 320.6078 359.0117
45.1 343.0201 319.1364 359.0712
45.13334 343.2138 317.4831 359.162
45.16667 343.2516 316.058 358.94
45.2 343.5001 314.6906 358.5652
45.2 343.7003 313.0713 358.4797
45.23333 343.9303 312.0195 358.4528
45.26667 344.3158 311.3347 357.9728
45.3 344.8068 311.0057 357.6688
45.3 344.6934 309.9792 357.9725
45.33333 345.2537 309.2802 357.7904
45.36666 346.1293 308.2609 358.1641
45.4 346.5367 306.367 358.3057
45.43333 346.9045 304.5757 358.2086
45.43333 347.1202 302.5047 358.4558
45.46667 347.1104 300.0157 358.4605
45.5 347.8876 298.495 358.4615
45.53333 348.5402 296.7086 358.7666
45.53333 349.3633 294.6271 358.7925
45.56667 349.8981 292.5924 358.4242
45.6 350.1275 290.4973 358.4297
45.63334 350.2253 288.3802 358.5751
45.63334 349.5628 286.2733 358.625
45.66667 349.0858 284.7179 358.2455
45.7 348.659 283.4649 358.029
45.73333 348.5485 281.8242 358.5905
45.76667 348.1941 279.9248 359.1237
45.76667 347.872 277.9099 359.0597
45.8 347.5689 275.5929 358.8943
45.83333 347.1908 273.2299 358.4907
45.86666 346.8619 271.3078 358.0057
45.86666 346.6101 269.4036 357.916
45.9 346.7725 267.9132 358.3108
45.93333 346.8503 270.0482 358.3101
45.96667 347.1302 272.1452 358.2888
45.96667 347.1573 274.2859 358.2972
46 347.1547 276.2914 358.351
46.03333 347.2282 278.4778 358.44
46.03333 347.3448 280.9083 358.5592
46.06667 347.3464 283.0623 358.6002
46.1 347.4943 285.5517 358.6538
46.1 347.5177 287.7717 358.4261
46.13334 347.4849 290.4432 358.1748
46.16667 347.332 292.7291 358.1824
46.16667 347.4164 295.0523 358.0857
46.2 347.4644 297.1307 357.9886
46.23333 347.2938 299.4047 357.7148
46.23333 346.5652 302.0297 357.5912
46.26667 346.3376 304.205 357.8045
46.3 346.3434 307.0417 357.9277
46.3 346.4114 310.1006 357.9225
46.33333 346.7004 312.826 357.8248
46.36666 347.1355 315.4411 357.8531
46.4 347.6982 318.2609 358.2905
46.43333 347.5064 320.4536 358.6904
46.43333 347.8651 322.5472 358.8503
46.46667 348.226 324.4167 358.5439
46.5 348.2266 326.2203 358.369
46.53333 347.7637 328.3083 358.754
46.56667 347.6859 330.238 359.037
46.6 347.8082 332.3142 359.2744
46.6 347.9749 334.4936 359.6534
46.63334 348.1296 336.5309 359.9506
46.66667 348.438 338.6159 0.1866888
46.7 348.5845 340.6364 0.3629302
46.73333 348.7187 342.5172 0.351763
46.76667 348.55 344.3919 0.5195968
46.8 348.2805 346.1216 0.8222625
46.8 347.9689 347.8446 1.075893
46.83333 347.7791 349.6595 1.224456
46.86666 347.5712 351.4594 1.47373
46.9 347.3377 353.2148 1.599871
46.93333 347.2326 355.1175 1.45347
46.96667 347.1874 357.2127 1.354769
46.96667 347.2274 359.3416 1.360024
47 347.1841 1.482581 1.34557
47.03333 346.9637 3.512309 1.365574
47.06667 346.8814 5.506767 1.417054
47.06667 346.9855 7.408603 1.388467
47.1 346.9124 9.184138 1.432999
47.13334 346.7129 10.7699 1.485944
47.16667 346.5739 12.34826 1.396766
47.16667 345.9722 13.8345 1.323943
47.2 345.115 15.4161 1.261618
47.23333 344.2787 17.22562 1.289573
47.26667 343.02 19.05871 1.384787
47.3 342.2067 20.8764 1.376484
47.33333 341.6533 22.68691 1.334785
47.36666 341.6003 24.58113 1.107551
47.4 341.4147 26.3595 1.019231
47.4 341.3874 28.11351 0.9086578
47.43333 341.6793 30.02741 0.7938312
47.46667 341.6841 31.92564 0.742514
47.46667 341.7741 34.03711 0.7643166
47.5 341.7909 36.05797 0.8122066
47.53333 341.6594 37.97984 0.7749036
47.56667 341.6541 40.04859 0.8295109
47.56667 341.4983 42.01686 0.8804644
47.6 341.4589 43.92786 0.9606355
47.6 341.5596 45.92486 0.8835572
47.63334 341.4073 47.85206 0.6507365
47.66667 341.2657 49.87844 0.4792967
47.7 341.1079 51.2419 0.3637755
47.7 341.0924 51.14007 0.4794168
47.73333 341.0311 50.91403 0.4758606
47.73333 341.1709 50.64739 0.5063202
47.76667 341.0284 50.06011 0.4585189
47.76667 340.7279 49.7846 0.3146046
47.8 340.2758 49.52767 0.1205942
47.83333 339.975 48.77786 359.3753
47.86666 339.6245 47.9255 358.7539
47.9 339.3301 47.41562 358.3698
47.9 339.6039 47.26609 358.9091
47.93333 339.7811 46.98087 359.3241
47.96667 340.2392 46.75574 359.314
48 341.0908 46.51001 359.3539
48.03333 341.5999 46.41396 359.3654
48.06667 341.4454 46.70088 359.4467
48.06667 341.0668 46.89936 359.721
48.1 340.5383 47.21055 359.733
48.13334 340.4532 47.13552 359.781
48.16667 340.4331 46.91106 359.9118
48.2 340.4296 46.69345 359.7118
48.23333 340.5428 46.34094 359.5268
48.23333 340.7583 46.18969 359.4568
48.26667 340.8482 46.03548 359.4792
48.3 340.6826 44.02019 359.3423
48.33333 340.5839 42.05642 359.2877
48.36666 340.0581 40.29456 359.3216
48.4 339.5271 38.6057 359.2293
48.43333 339.3685 36.81997 359.1736
48.46667 339.0186 34.98711 359.139
48.46667 338.8159 33.14541 359.0889
48.5 338.5347 31.20569 358.9828
48.53333 338.1031 29.36484 359.0262
48.56667 338.0618 27.62371 358.9825
48.6 338.1796 25.89748 358.9883
48.6 338.597 23.86396 359.3313
48.63334 338.5909 21.9979 359.4687
48.66667 338.33 20.29954 359.3376
48.7 337.9957 18.42121 359.4128
48.73333 337.684 17.02357 359.1773
48.73333 337.4518 15.6894 359.3121
48.76667 337.4124 14.02547 359.5194
48.8 337.6248 12.36414 359.4837
48.83333 337.457 10.59367 359.5243
48.86666 337.06 8.840865 359.7096
48.9 336.5906 7.221764 359.6896
48.93333 335.8095 5.626817 359.9313
48.93333 334.93 4.2773 0.3031841
48.96667 334.8978 3.345059 359.6254
49 335.8741 2.025193 359.1931
49.03333 336.8006 0.1277448 359.2016
49.06667 338.0944 358.2834 358.2996
49.1 339.4939 355.7497 358.1757
49.1 341.0116 352.8185 358.6554
49.13334 342.5711 349.991 358.4152
49.16667 343.0654 347.4736 358.1782
49.16667 341.6506 345.3807 358.5672
49.2 342.2154 343.0616 358.542
49.23333 342.2791 341.2076 358.4321
49.26667 341.5882 339.3889 358.6374
49.3 341.5271 337.803 358.6953
49.3 341.4949 336.0559 358.7356
49.33333 341.5982 334.0203 358.8495
49.36666 341.9828 332.0841 358.8049
49.4 342.2159 330.0713 359.0064
49.43333 342.3496 328.2047 359.0985
49.46667 342.252 326.9678 358.9433
49.5 342.2659 326.1109 359.0352
49.5 342.3263 324.8756 359.5148
49.53333 342.3659 323.5905 359.6994
49.56667 342.4993 322.3247 359.729
49.6 342.515 320.8643 359.8301
49.6 342.2856 318.8522 0.01693996
49.63334 341.7994 317.8484 0.3011789
49.66667 340.922 317.0206 0.4657236
49.7 340.1938 316.7133 0.8266066
49.73333 339.8164 316.6067 1.357926
