1.461373 0 270 0
1.693328 0 270 0
1.793328 0 270 0
1.893328 0 270 0
1.993328 0 270 0
2.093328 0 270 0
2.193328 0 270 0
2.293328 0 270 0
2.393328 0 270 0
2.493328 0 270 0
2.593328 0 270 0
2.693328 0 270 0
2.793328 0 270 0
2.893328 0 270 0
2.993328 0 270 0
3.093328 0 270 0
3.193328 0 270 0
3.293328 0 270 0
3.393328 0 270 0
3.493328 0 270 0
3.593328 0 270 0
3.693328 0 270 0
3.793328 0 270 0
3.893328 0 270 0
3.993328 0 270 0
4.093328 0 270 0
4.193328 0 270 0
4.293328 0 270 0
4.393328 0 270 0
4.493328 0 270 0
4.593328 0 270 0
4.693328 0 270 0
4.793328 0 270 0
4.893328 0 270 0
4.993328 0 270 0
5.093328 0 270 0
5.193328 0 270 0
5.293328 0 270 0
5.393328 0 270 0
5.493328 0 270 0
5.593328 0 270 0
5.693328 0 270 0
5.793328 0 270 0
5.893328 0 270 0
5.993328 0 270 0
6.093328 0 270 0
6.193328 0 270 0
6.293328 0.075 269.7 -3.335056E-09
6.393328 0.15 269.625 -6.670129E-09
6.493328 0.15 269.625 -6.670129E-09
6.593328 0.15 269.625 -6.670129E-09
6.693328 0.15 269.625 -6.670129E-09
6.793328 0.15 269.625 -6.670129E-09
6.893328 0.15 269.625 -6.670129E-09
6.993328 0.15 269.625 -6.670129E-09
7.093328 0.5250003 270.075 0
7.193328 9.375007 287.775 4.326658E-07
7.293328 16.57502 304.65 1.336183E-06
7.393328 17.70004 307.725 8.961985E-07
7.493328 17.70004 307.725 8.961985E-07
7.593328 17.70004 307.725 8.961985E-07
7.693328 17.70004 307.725 8.961985E-07
7.793328 17.70004 307.725 8.961985E-07
7.893328 17.70004 307.725 8.961985E-07
7.993328 17.70004 307.725 8.961985E-07
8.093328 17.32761 319.7192 1.341543E-06
8.193328 16.89312 333.7125 0
8.293328 16.48965 346.7062 2.225987E-07
8.393328 16.08619 359.7 3.391123E-06
8.493328 15.68272 12.69378 5.320714E-06
8.593328 15.27924 25.68753 9.9569E-06
8.693328 14.89952 39.68236 1.413564E-05
8.793328 14.56389 52.678 1.587812E-05
8.893328 14.29887 66.67535 1.27755E-05
8.993328 14.50864 81.67172 1.366941E-05
9.093328 14.63236 84.89352 8.823926E-07
9.193328 14.63236 84.89352 8.823926E-07
9.293328 14.63236 84.89352 8.823926E-07
9.393328 14.63236 84.89352 8.823926E-07
9.493328 14.63236 84.89352 8.823926E-07
9.593328 14.63236 84.89352 8.823926E-07
9.693328 14.63236 84.89352 8.823926E-07
9.793328 14.63236 84.89352 8.823926E-07
9.893328 14.63236 84.89352 8.823926E-07
9.993328 14.63236 84.89352 8.823926E-07
10.09333 14.63236 84.89352 8.823926E-07
10.19333 14.63236 84.89352 8.823926E-07
10.29333 14.63236 84.89352 8.823926E-07
10.39333 14.63236 84.89352 8.823926E-07
10.49333 14.63236 84.89352 8.823926E-07
10.59333 14.63236 84.89352 8.823926E-07
10.69333 14.63236 84.89352 8.823926E-07
10.79333 14.63236 84.89352 8.823926E-07
10.89333 14.63236 84.89352 8.823926E-07
10.99333 14.63236 84.89352 8.823926E-07
11.09333 14.63236 84.89352 8.823926E-07
11.19333 14.63237 85.19349 -8.823927E-07
11.29333 14.63238 72.1935 -4.411963E-07
11.39333 14.61223 59.1935 -8.823116E-07
11.49333 14.52806 44.19382 0
11.59333 14.40868 31.19438 4.407504E-07
11.69333 14.22753 18.19568 -1.100987E-06
11.79333 13.97115 4.198007 -1.374688E-06
11.89333 13.64951 351.202 -1.866998E-06
11.99333 13.24638 337.2079 0
12.09333 12.82419 324.2147 -8.756152E-07
12.19333 12.33147 311.2241 -4.369684E-07
12.29333 11.80741 298.2347 0
12.39333 11.07531 284.2557 -4.349883E-07
12.49333 10.79654 280.4915 0
12.59333 10.79654 280.4915 0
12.69333 10.79654 280.4915 0
12.79333 10.79654 280.4915 0
12.89333 10.79654 280.4915 0
12.99333 10.79654 280.4915 0
13.09333 10.79654 280.4915 0
13.19333 10.79654 280.4915 0
13.29333 10.79654 280.4915 0
13.39333 10.79654 280.4915 0
13.49333 10.79654 280.4915 0
13.59333 10.79654 280.4915 0
13.69333 10.79654 280.4915 0
13.79333 10.79654 280.4915 0
13.89333 10.79654 280.4915 0
13.99333 10.79654 280.4915 0
14.09333 10.79654 280.4915 0
14.19333 10.79654 280.4915 0
14.29333 10.79654 280.4915 0
14.39333 10.79654 280.4915 0
14.49333 10.79654 280.4915 0
14.59333 10.79654 280.4915 0
14.69333 10.79654 280.4915 0
14.79333 10.79654 280.4915 0
14.89333 10.79654 280.4915 0
14.99333 10.79654 280.4915 0
15.09333 10.79654 280.4915 0
15.19333 10.79654 280.4915 0
15.29333 10.79654 280.4915 0
15.39333 10.79654 280.4915 0
15.49333 10.79654 280.4915 0
15.59333 10.79654 280.4915 0
15.69333 10.79654 280.4915 0
15.79333 10.79654 280.4915 0
15.89333 10.79654 280.4915 0
15.99333 10.79654 280.4915 0
16.09333 10.79654 280.4915 0
16.19333 10.79654 280.4915 0
16.29333 10.79654 280.4915 0
16.39333 10.79654 280.4915 0
16.49333 10.79654 280.4915 0
16.59333 10.79654 280.4915 0
16.69333 10.79654 280.4915 0
16.79333 10.79654 280.4915 0
16.89333 10.79654 280.4915 0
16.99333 10.79654 280.4915 0
17.09333 10.79654 280.4915 0
17.19333 10.79654 280.4915 0
17.29333 10.79654 280.4915 0
17.39333 10.79654 280.4915 0
17.49333 10.79654 280.4915 0
17.59333 10.79654 280.4915 0
17.69333 10.79654 280.4915 0
17.79333 10.79654 280.4915 0
17.89333 10.79654 280.4915 0
17.99333 10.79654 280.4915 0
18.09333 10.79654 280.4915 0
18.19333 10.79654 280.4915 0
18.29333 10.79654 280.4915 0
18.39333 10.79654 280.4915 0
18.49333 10.79654 280.4915 0
18.59333 10.79654 280.4915 0
18.69333 10.79654 280.4915 0
18.79333 10.79654 280.4915 0
18.89333 10.79654 280.4915 0
18.99333 10.79654 280.4915 0
19.09333 10.79654 280.4915 0
19.19333 10.79654 280.4915 0
19.29333 10.79654 280.4915 0
19.39333 10.79654 280.4915 0
19.49333 10.79654 280.4915 0
19.59333 10.79654 280.4915 0
19.69333 10.79654 280.4915 0
19.79333 10.79654 280.4915 0
19.89333 10.79654 280.4915 0
19.99333 10.79654 280.4915 0
20.09333 10.79654 280.4915 0
20.19333 10.79654 280.4915 0
20.29333 10.79654 280.4915 0
20.39333 10.79654 280.4915 0
20.49333 10.79654 280.4915 0
20.59333 10.79654 280.4915 0
20.69333 10.79654 280.4915 0
20.79333 10.79654 280.4915 0
20.89333 10.79654 280.4915 0
20.99333 10.79654 280.4915 0
21.09333 10.79654 280.4915 0
21.19333 10.79654 280.4915 0
21.29333 10.79654 280.4915 0
21.39333 10.79654 280.4915 0
21.49333 10.79654 280.4915 0
21.59333 10.79654 280.4915 0
21.69333 10.79654 280.4915 0
21.79333 10.79654 280.4915 0
21.89333 10.79654 280.4915 0
21.99333 10.79654 280.4915 0
22.09333 10.79654 280.4915 0
22.19333 10.79654 280.4915 0
22.29333 10.79654 280.4915 0
22.39333 10.79654 280.4915 0
22.49333 9.296547 283.4165 -8.651368E-07
22.59333 8.696559 285.0665 -4.318518E-07
22.69333 7.721568 288.5165 -4.307931E-07
22.79333 7.871578 294.2165 6.46421E-07
22.89333 9.071577 302.8415 8.645877E-07
22.99333 10.49658 309.5165 4.34152E-07
23.09333 11.32159 313.5665 8.70717E-07
23.19333 11.32158 314.2415 -4.353587E-07
23.29333 11.32159 314.3165 0
23.39333 11.32159 314.3165 0
23.49333 11.32159 314.3165 0
23.59333 11.32159 314.3165 0
23.69333 11.32159 314.3165 0
23.79333 11.32159 314.3165 0
23.89333 11.32159 314.3165 0
23.99333 11.32159 314.3165 0
24.09333 11.32159 314.3165 0
24.19333 11.32159 314.3165 0
24.29333 10.42159 317.7665 4.340471E-07
24.39333 11.47159 333.8165 -8.711766E-07
24.49333 14.6216 354.0666 -1.158083E-06
24.59333 18.37161 16.19155 -2.698876E-06
24.69333 20.39662 24.3665 -4.098976E-06
24.79333 20.39663 23.24148 -5.00986E-06
24.89333 19.79663 12.21646 -7.712902E-06
24.99333 18.67165 359.6914 -1.369409E-05
25.09333 17.54666 348.9664 -1.544629E-05
25.19333 16.57167 340.9414 -2.093316E-05
25.29333 15.07168 333.2913 -2.453624E-05
25.39333 13.42169 325.9413 -2.984338E-05
25.49333 12.8217 323.0163 -3.239744E-05
25.59333 12.8217 323.0163 -3.195964E-05
25.69333 12.8217 323.0163 -3.195964E-05
25.79333 12.82171 320.0163 -3.371085E-05
25.89333 12.82172 318.1413 -3.414866E-05
25.99333 12.82172 318.0663 -3.502426E-05
26.09333 12.82172 318.0663 -3.502426E-05
26.19333 12.82172 317.9163 -3.502426E-05
26.29333 12.22172 314.4663 -3.625326E-05
26.39333 11.39673 312.7413 -3.570881E-05
26.49333 11.39673 312.7413 -3.570881E-05
26.59333 11.39673 312.7413 -3.570881E-05
26.69333 11.39673 312.7413 -3.570881E-05
26.79333 11.39673 312.7413 -3.570881E-05
26.89333 11.39673 312.7413 -3.570881E-05
26.99333 11.39673 312.7413 -3.570881E-05
27.09333 11.39673 312.7413 -3.570881E-05
27.19333 11.39673 312.7413 -3.570881E-05
27.29333 11.39673 312.7413 -3.570881E-05
27.39333 11.39673 312.7413 -3.570881E-05
27.49333 11.39673 312.7413 -3.570881E-05
27.59333 11.39673 312.7413 -3.570881E-05
27.69333 11.39673 312.7413 -3.570881E-05
27.79333 11.39673 312.7413 -3.570881E-05
27.89333 11.39673 312.7413 -3.570881E-05
27.99333 11.39673 312.7413 -3.570881E-05
28.09333 11.39673 312.7413 -3.570881E-05
28.19333 11.39673 312.7413 -3.570881E-05
28.29333 11.39673 312.7413 -3.570881E-05
28.39333 11.39673 312.7413 -3.570881E-05
28.49333 11.39673 312.7413 -3.570881E-05
28.59333 11.39673 312.7413 -3.570881E-05
28.69333 11.39673 312.7413 -3.570881E-05
28.79333 11.39673 312.7413 -3.570881E-05
28.89333 11.39673 312.7413 -3.570881E-05
28.99333 11.39673 312.7413 -3.570881E-05
29.09333 11.39673 312.7413 -3.570881E-05
29.19333 11.39673 312.7413 -3.570881E-05
29.29333 11.39673 312.7413 -3.570881E-05
29.39333 11.39673 312.7413 -3.570881E-05
29.49333 11.39673 312.7413 -3.570881E-05
29.59333 11.39673 312.7413 -3.570881E-05
29.69333 11.39673 312.7413 -3.570881E-05
29.79333 11.39673 312.7413 -3.570881E-05
29.89333 11.39673 312.7413 -3.570881E-05
29.99333 11.39673 312.7413 -3.570881E-05
30.09333 11.39673 312.7413 -3.570881E-05
30.19333 11.39673 312.7413 -3.570881E-05
30.29333 11.39673 312.7413 -3.570881E-05
30.39333 11.39673 312.7413 -3.570881E-05
30.49333 11.39673 312.7413 -3.570881E-05
30.59333 11.39673 312.7413 -3.570881E-05
30.69333 11.39673 312.7413 -3.570881E-05
30.79333 11.39673 312.7413 -3.570881E-05
30.89333 11.39673 312.7413 -3.570881E-05
30.99333 11.39673 312.7413 -3.570881E-05
31.09333 11.39673 312.7413 -3.570881E-05
31.19333 11.39673 312.7413 -3.570881E-05
31.29333 11.39673 312.7413 -3.570881E-05
31.39333 11.39673 312.7413 -3.570881E-05
31.49333 11.39673 312.7413 -3.570881E-05
31.59333 11.39673 312.7413 -3.570881E-05
31.69333 11.39673 312.7413 -3.570881E-05
31.79333 11.39673 312.7413 -3.570881E-05
31.89333 11.39673 312.7413 -3.570881E-05
31.99333 11.39673 312.7413 -3.570881E-05
32.09333 11.39673 312.7413 -3.570881E-05
32.19333 11.39673 312.7413 -3.570881E-05
32.29333 11.39673 312.7413 -3.570881E-05
32.39333 11.39673 312.7413 -3.570881E-05
32.49333 11.39673 312.7413 -3.570881E-05
32.59333 11.39673 312.7413 -3.570881E-05
32.69333 11.39673 312.7413 -3.570881E-05
32.79333 11.39673 312.7413 -3.570881E-05
32.89333 11.39673 312.7413 -3.570881E-05
32.99333 10.94673 314.8413 -3.391428E-05
33.09333 10.94675 318.9663 -3.543607E-05
33.19333 12.22176 324.5163 -3.254058E-05
33.29333 13.19676 327.8913 -3.200801E-05
33.39333 13.19677 328.0413 -3.222724E-05
33.49333 13.19677 328.0413 -3.222724E-05
33.59333 13.19677 328.0413 -3.222724E-05
33.69333 13.19677 328.0413 -3.222724E-05
33.79333 13.19677 328.3413 -3.244648E-05
33.89333 15.52177 335.8413 -3.189926E-05
33.99333 18.29677 344.6163 -3.214769E-05
34.09333 20.99678 354.2163 -2.674899E-05
34.19333 23.3218 5.766357 -2.208125E-05
34.29333 25.94683 17.91636 -2.278754E-05
34.39333 29.62186 27.74131 -2.357116E-05
34.49333 33.14688 35.99131 -2.651244E-05
34.59333 36.52191 42.14132 -2.762233E-05
34.69333 37.12192 43.71632 -2.998127E-05
34.79333 33.97194 45.29129 -2.985541E-05
34.89333 25.72197 46.79122 -3.695946E-05
34.99333 18.52198 47.61619 -3.916798E-05
35.09333 15.072 47.69117 -4.155692E-05
35.19333 12.22201 47.69116 -4.367866E-05
35.29333 11.69702 47.69115 -4.577369E-05
35.39333 11.69704 47.69116 -4.577369E-05
35.49333 11.62205 47.76616 -4.532551E-05
35.59333 11.62205 47.76616 -4.532551E-05
35.69333 11.62205 47.76616 -4.532551E-05
35.79333 11.17206 47.99114 -4.525379E-05
35.89333 11.02206 48.06614 -4.479566E-05
35.99333 10.79706 48.81611 -4.60655E-05
36.09333 10.72206 49.56609 -4.735747E-05
36.19333 10.94706 51.06602 -4.913227E-05
36.29333 11.32207 52.79095 -5.485528E-05
36.39333 11.32208 53.91591 -5.485526E-05
36.49333 11.32208 54.81586 -5.65967E-05
36.59333 11.32208 54.81586 -5.65967E-05
36.69333 11.32208 54.81586 -5.65967E-05
36.79333 11.32208 54.81586 -5.65967E-05
36.89333 11.32208 54.81586 -5.65967E-05
36.99333 11.32208 54.81586 -5.65967E-05
37.09333 11.32208 54.81586 -5.65967E-05
37.19333 11.32208 54.81586 -5.65967E-05
37.29333 11.39708 54.89085 -5.661159E-05
37.39333 11.39708 54.89085 -5.661159E-05
37.49333 11.39708 54.89085 -5.661159E-05
37.59333 11.39708 54.89085 -5.661159E-05
37.69333 11.39708 54.89085 -5.661159E-05
37.79333 11.39708 54.89085 -5.661159E-05
37.89333 11.39708 54.89085 -5.661159E-05
37.99333 11.39708 54.89085 -5.661159E-05
38.09333 11.39708 54.89085 -5.661159E-05
38.19333 11.39708 54.89085 -5.661159E-05
38.29333 11.39708 54.89085 -5.661159E-05
38.39333 11.39708 54.89085 -5.661159E-05
38.49333 11.39708 54.89085 -5.661159E-05
38.59333 11.39708 54.89085 -5.661159E-05
38.69333 11.39708 54.89085 -5.661159E-05
38.79333 11.39708 54.89085 -5.661159E-05
38.89333 11.39708 54.89085 -5.661159E-05
38.99333 11.39708 54.89085 -5.661159E-05
39.09333 11.39708 54.89085 -5.661159E-05
39.19333 11.39708 54.89085 -5.661159E-05
39.29333 11.39708 54.89085 -5.661159E-05
39.39333 11.69709 54.59087 -5.667219E-05
39.49333 13.8721 62.16586 -5.760224E-05
39.59333 15.44711 70.64086 -5.846085E-05
39.69333 16.42211 76.19085 -5.607533E-05
39.79333 18.52213 85.49088 -5.852691E-05
39.89333 19.94715 91.19087 -5.722053E-05
39.99333 19.94716 91.19087 -5.722053E-05
40.09333 19.94716 91.19087 -5.722053E-05
40.19333 19.94716 91.19087 -5.722053E-05
40.29333 19.87216 90.7409 -5.719341E-05
40.39333 18.14717 89.76593 -5.840013E-05
40.49333 14.39719 88.04097 -5.773533E-05
40.59333 11.09719 86.016 -5.785776E-05
40.69333 8.772197 84.36604 -5.831182E-05
40.79333 7.497198 83.39108 -5.812662E-05
40.89333 7.497198 83.39108 -5.812662E-05
40.99333 7.497198 83.39108 -5.812662E-05
41.09333 7.497198 83.39108 -5.726549E-05
41.19333 7.497198 83.39108 -5.726549E-05
41.29333 7.497198 83.39108 -5.640436E-05
41.39333 7.497198 83.39108 -5.640436E-05
41.49333 7.497198 83.39108 -5.640436E-05
41.59333 7.497198 83.39108 -5.640436E-05
41.69333 7.347203 83.91605 -5.638512E-05
41.79333 7.347213 83.91605 -5.724596E-05
41.89333 7.347224 83.91605 -5.724596E-05
41.99333 7.347224 83.91605 -5.724596E-05
42.09333 7.347224 83.91605 -5.724596E-05
42.19333 7.347224 83.91605 -5.724596E-05
42.29333 7.347224 83.91605 -5.724596E-05
42.39333 7.347232 83.91605 -5.767639E-05
42.49333 7.437325 72.91638 -5.682714E-05
42.59333 7.551992 58.91681 -5.899521E-05
42.69333 7.666655 44.91723 -5.901099E-05
42.79333 7.781317 30.91768 -5.902701E-05
42.89333 7.912818 16.91827 -6.152388E-05
42.99333 8.06678 2.919037 -6.522537E-05
43.09333 8.231736 347.92 -6.771893E-05
43.19333 8.385699 333.9208 -6.623525E-05
43.29333 8.539662 319.9217 -6.712509E-05
43.39333 8.693624 305.9225 -6.844797E-05
43.49333 8.84757 291.9233 -6.869238E-05
43.59333 8.999254 278.1301 0
43.69333 8.999254 278.1301 0
43.79333 8.999254 278.1301 0
43.89333 8.999254 278.1301 0
43.99333 8.999254 278.1301 0
44.09333 8.999254 278.1301 0
44.19333 8.999254 278.1301 0
44.29333 8.999254 278.1301 0
44.39333 8.999254 278.1301 0
44.49333 8.999254 278.1301 0
44.59333 8.999254 278.1301 0
44.69333 8.999254 278.1301 0
44.79333 8.999254 278.1301 0
44.89333 8.999254 278.1301 0
44.99333 8.999254 278.1301 0
45.09333 8.999254 278.1301 0
45.19333 8.999254 278.1301 0
45.29333 8.999254 278.1301 0
45.39333 8.999254 278.1301 0
45.49333 8.999254 278.1301 0
45.59333 8.999254 278.1301 0
45.69333 8.999254 278.1301 0
45.79333 8.999254 278.1301 0
45.89333 8.999254 278.1301 0
45.99333 8.999254 278.1301 0
46.09333 8.999254 278.1301 0
46.19333 8.999254 278.1301 0
46.29333 8.999254 278.1301 0
46.39333 8.999254 278.1301 0
46.49333 8.999254 278.1301 0
46.59333 8.999254 278.1301 0
46.69333 8.999254 278.1301 0
46.79333 8.999254 278.1301 0
46.89333 8.999254 278.1301 0
46.99333 8.999254 278.1301 0
47.09333 8.999254 278.1301 0
47.19333 8.999254 278.1301 0
47.29333 8.999254 278.1301 0
47.39333 8.999254 278.1301 0
47.49333 8.999254 278.1301 0
47.59333 8.999254 278.1301 0
47.69333 8.999254 278.1301 0
47.79333 8.999254 278.1301 0
47.89333 8.999254 278.1301 0
47.99333 8.999254 278.1301 0
48.09333 8.999254 278.1301 0
48.19333 8.999254 278.1301 0
48.29333 8.999254 278.1301 0
48.39333 8.999254 278.1301 0
48.49333 8.999254 278.1301 0
48.59333 8.999254 278.1301 0
48.69333 8.999254 278.1301 0
48.79333 8.999254 278.1301 0
48.89333 8.999254 278.1301 0
48.99333 8.999254 278.1301 0
49.09333 8.999254 278.1301 0
49.19333 8.999254 278.1301 0
49.29333 8.999254 278.1301 0
49.39333 8.999254 278.1301 0
49.49333 8.999254 278.1301 0
49.59333 8.999254 278.1301 0
49.69333 8.999254 278.1301 0
49.79333 8.999254 278.1301 0
49.89333 8.999254 278.1301 0
49.99333 8.999254 278.1301 0
50.09333 8.999254 278.1301 0
50.19333 8.999254 278.1301 0
50.29333 8.999254 278.1301 0
50.39333 8.999254 278.1301 0
50.49333 8.999254 278.1301 0
50.59333 8.999254 278.1301 0
50.69333 8.999254 278.1301 0
50.79333 8.999254 278.1301 0
50.89333 8.999254 278.1301 0
50.99333 8.999254 278.1301 0
51.09333 8.999254 278.1301 0
51.19333 8.999254 278.1301 0
51.29333 8.999254 278.1301 0
51.39333 8.999254 278.1301 0
51.49333 8.999254 278.1301 0
51.59333 8.999254 278.1301 0
51.69333 8.999254 278.1301 0
51.79333 8.999254 278.1301 0
51.89333 8.999254 278.1301 0
51.99333 8.999254 278.1301 0
52.09333 8.999254 278.1301 0
52.19333 8.999254 278.1301 0
52.29333 8.999254 278.1301 0
52.39333 8.999254 278.1301 0
52.49333 8.99926 278.1301 0
52.59333 9.087661 283.1293 4.323132E-07
52.69333 9.335003 297.1271 4.32616E-07
52.79333 9.569981 311.1252 3.030381E-06
52.89333 9.761075 324.1238 3.681839E-06
52.99333 9.966285 338.1223 2.817278E-06
53.09333 10.13272 352.1213 5.203806E-06
53.19333 10.26685 5.12059 6.34481E-06
53.29333 10.41123 19.11985 3.797786E-06
53.39333 10.56592 34.11905 2.822623E-06
53.49333 10.69998 47.11843 1.303322E-06
53.59333 10.79654 56.482 0
53.69333 10.79654 56.482 0
53.79333 10.79654 56.482 0
53.89333 10.79654 56.482 0
53.99333 10.79654 56.482 0
54.09333 10.79654 56.482 0
54.19333 10.79654 56.482 0
54.29333 10.79654 56.482 0
54.39333 10.79654 56.482 0
54.49333 10.79654 56.482 0
54.59333 10.79654 56.482 0
54.69333 10.79654 56.482 0
54.79333 10.79654 56.482 0
54.89333 10.79654 56.482 0
54.99333 10.79654 56.482 0
55.09333 10.79654 56.482 0
55.19333 10.79654 56.482 0
55.29333 10.79654 56.482 0
55.39333 10.79654 56.482 0
55.49333 10.79654 56.482 0
55.59333 10.79654 56.482 0
55.69333 10.79654 56.482 0
55.79333 10.79654 56.482 0
55.89333 10.79654 56.482 0
55.99333 10.79654 56.482 0
56.09333 10.79654 56.482 0
56.19333 10.79654 56.482 0
56.29333 10.79654 56.482 0
56.39333 10.79654 56.482 0
56.49333 10.79654 56.482 0
56.59333 10.79654 56.482 0
56.69333 10.79654 56.482 0
56.79333 10.79654 56.482 0
56.89333 10.79654 56.482 0
56.99333 10.79654 56.482 0
57.09333 10.79654 56.482 0
57.19333 10.79654 56.482 0
57.29333 10.79654 56.482 0
57.39333 10.79654 56.482 0
57.49333 10.79654 56.482 0
57.59333 10.79654 56.482 0
57.69333 10.79654 56.482 0
57.79333 10.79654 56.482 0
57.89333 10.79654 56.482 0
57.99333 10.79654 56.482 0
58.09333 10.79654 56.482 0
58.19333 10.79654 56.482 0
58.29333 10.79654 56.482 0
58.39333 10.79654 56.482 0
58.49333 10.79654 56.482 0
58.59333 10.79654 56.482 0
58.69333 10.79654 56.482 0
58.79333 10.79654 56.482 0
58.89333 10.79654 56.482 0
58.99333 10.79654 56.482 0
59.09333 10.79654 56.482 0
59.19333 10.79654 56.482 0
59.29333 10.79654 56.482 0
59.39333 10.79654 56.482 0
59.49333 10.79654 56.482 0
59.59333 10.79654 56.482 0
59.69333 10.79654 56.482 0
59.79333 10.79654 56.482 0
59.89333 10.79654 56.482 0
59.99333 10.79654 56.482 0
60.09333 10.79654 56.482 0
60.19333 10.79654 56.482 0
60.29333 10.79654 56.482 0
60.39333 10.79654 56.482 0
60.49333 10.79654 56.482 0
60.59333 10.79654 56.482 0
60.69333 10.79654 56.482 0
60.79333 10.79654 56.482 0
60.89333 10.79654 56.482 0
60.99333 10.79654 56.482 0
61.09333 10.79654 56.482 0
61.19333 10.79654 56.482 0
61.29333 10.79654 56.482 0
61.39333 10.79654 56.482 0
61.49333 10.79654 56.482 0
61.59333 10.79654 56.482 0
61.69333 10.79654 56.482 0
61.79333 10.79654 56.482 0
61.89333 10.79654 56.482 0
61.99333 10.79654 56.482 0
62.09333 10.79654 56.482 0
62.19333 10.79654 56.482 0
62.29333 10.79654 56.482 0
62.39333 10.79654 56.482 0
62.49333 10.79654 56.482 0
62.59333 10.79654 56.482 0
62.69333 10.79654 56.482 0
62.79333 10.79654 56.482 0
62.89333 10.79654 56.482 0
62.99333 10.79654 56.482 0
63.09333 10.79654 56.482 0
63.19333 10.79654 56.482 0
63.29333 10.79654 56.482 0
63.39333 10.79654 56.482 0
63.49333 10.79654 56.482 0
63.59333 10.79654 56.482 0
63.69333 10.79654 56.482 0
63.79333 10.79654 56.482 0
63.89333 10.99377 52.48687 -4.348675E-07
63.99333 11.73335 37.50518 0
64.09333 12.42362 23.52219 1.311368E-06
64.19333 13.16321 8.540376 1.096014E-07
64.29333 13.95208 352.5598 -1.649489E-07
64.39333 14.64235 338.5768 0
64.49333 15.30335 325.1866 -4.425797E-07
64.59333 15.30335 325.1866 -4.425797E-07
64.69333 15.30335 325.1866 -4.425797E-07
64.79333 15.30335 325.1866 -4.425797E-07
64.89333 15.30335 325.1866 -4.425797E-07
64.99333 15.30335 325.1866 -4.425797E-07
65.09333 15.30335 325.1866 -4.425797E-07
65.19333 15.30335 325.1866 -4.425797E-07
65.29333 15.30335 325.1866 -4.425797E-07
65.39333 15.30335 325.1866 -4.425797E-07
65.49333 15.30335 325.1866 -4.425797E-07
65.59333 15.30335 325.1866 -4.425797E-07
65.69333 15.30335 325.1866 -4.425797E-07
65.79333 15.30335 325.1866 -4.425797E-07
65.89333 15.30335 325.1866 -4.425797E-07
65.99333 15.30335 325.1866 -4.425797E-07
66.09333 15.30335 325.1866 -4.425797E-07
66.19333 15.30335 325.1866 -4.425797E-07
66.29333 15.30335 325.1866 -4.425797E-07
66.39333 15.30335 325.1866 -4.425797E-07
66.49333 15.30335 325.1866 -4.425797E-07
66.59333 15.30335 325.1866 -4.425797E-07
66.69333 15.30335 325.1866 -4.425797E-07
66.79333 15.30335 325.1866 -4.425797E-07
66.89333 15.30335 325.1866 -4.425797E-07
66.99333 15.30335 325.1866 -4.425797E-07
67.09333 15.30335 325.1866 -4.425797E-07
67.19333 15.30335 325.1866 -4.425797E-07
67.29333 15.30335 325.1866 -4.425797E-07
67.39333 15.30335 325.1866 -4.425797E-07
67.49333 15.30335 325.1866 -4.425797E-07
67.59333 15.30335 325.1866 -4.425797E-07
67.69333 15.30335 325.1866 -4.425797E-07
67.79333 15.30335 325.1866 -4.425797E-07
67.89333 15.30335 325.1866 -4.425797E-07
67.99333 15.30335 325.1866 -4.425797E-07
68.09333 15.30335 325.1866 -4.425797E-07
68.19333 15.30335 325.1866 -4.425797E-07
68.29333 15.30335 325.1866 -4.425797E-07
68.39333 15.30335 325.1866 -4.425797E-07
68.49333 15.30335 325.1866 -4.425797E-07
68.59333 15.30335 325.1866 -4.425797E-07
68.69333 15.30335 325.1866 -4.425797E-07
68.79333 15.30335 325.1866 -4.425797E-07
68.89333 15.30335 325.1866 -4.425797E-07
68.99333 15.30335 325.1866 -4.425797E-07
69.09333 15.30335 325.1866 -4.425797E-07
69.19333 15.30335 325.1866 -4.425797E-07
69.29333 15.30335 325.1866 -4.425797E-07
69.39333 15.30335 325.1866 -4.425797E-07
69.49333 15.30335 325.1866 -4.425797E-07
69.59333 15.30335 325.1866 -4.425797E-07
69.69333 15.30335 325.1866 -4.425797E-07
69.79333 15.30335 325.1866 -4.425797E-07
69.89333 15.30335 325.1866 -4.425797E-07
