2.568293 0 270 0
2.608907 0 270 0
10.30988 25.49112 229.3803 0.8616095
10.32377 25.49112 229.3803 0.8616095
10.33766 25.26118 229.6479 0.6062301
10.35155 25.26118 229.6479 0.6062301
10.36544 25.26118 229.6479 0.6062301
10.37933 25.43249 229.6554 0.4101192
10.39322 25.43249 229.6554 0.4101192
10.4071 25.12579 229.1404 0.3705065
10.42099 25.12579 229.1404 0.3705065
10.43488 25.22711 228.8031 359.9863
10.44877 25.22711 228.8031 359.9863
10.46266 24.80165 228.1369 359.9792
10.47655 24.80165 228.1369 359.9792
10.49044 24.44934 228.1004 0.05674897
10.50433 24.44934 228.1004 0.05674897
10.51822 24.41058 227.6189 359.6639
10.5321 24.41058 227.6189 359.6639
10.54599 24.40156 227.2083 359.4426
10.55988 24.358 227.2582 359.4813
10.57377 24.358 227.2582 359.4813
10.58766 23.92326 227.0184 359.4987
10.60155 23.92326 227.0184 359.4987
10.61544 23.50386 227.1263 359.8044
10.62933 23.50386 227.1263 359.8044
10.64322 23.50386 227.1263 359.8044
10.6571 23.50386 227.1263 359.8044
10.67099 23.50386 227.1263 359.8044
10.68488 23.50386 227.1263 359.8044
10.69877 23.50386 227.1263 359.8044
10.71266 23.50386 227.1263 359.8044
10.72655 23.50386 227.1263 359.8044
10.74044 23.50386 227.1263 359.8044
10.75433 23.34846 227.0352 359.823
10.76822 23.34846 227.0352 359.823
10.7821 23.34846 227.0352 359.823
10.79599 23.34846 227.0352 359.823
10.80988 4.735253 227.1912 1.375158
10.82377 4.735253 227.1912 1.375158
10.83766 4.735253 227.1912 1.375158
10.85155 4.735253 227.1912 1.375158
10.86544 2.160928 228.955 1.938709
10.87933 2.160928 228.955 1.938709
10.89322 2.160928 228.955 1.938709
10.9071 2.160928 228.955 1.938709
10.92099 2.160928 228.955 1.938709
10.93488 2.160928 228.955 1.938709
10.94877 1.877187 229.0328 1.616856
10.96266 1.877187 229.0328 1.616856
10.97655 1.877187 229.0328 1.616856
10.99044 1.877187 229.0328 1.616856
11.00433 1.924421 228.388 1.153973
11.01822 1.924421 228.388 1.153973
11.0321 2.144306 226.9594 0.9340999
11.04599 1.412926 223.6723 0.9334303
11.05988 1.412926 223.6723 0.9334303
11.07377 1.123115 219.296 1.401406
11.08766 1.123115 219.296 1.401406
11.10155 0.8169228 214.1535 1.681238
11.11544 0.8169228 214.1535 1.681238
11.12933 1.086116 208.9819 1.188064
11.14322 1.086116 208.9819 1.188064
11.1571 1.620446 204.7411 0.8300616
11.17099 1.620446 204.7411 0.8300616
11.18488 2.30219 200.6863 0.5629116
11.19877 2.30219 200.6863 0.5629116
11.21266 2.885888 197.1339 0.3617076
11.22655 2.885888 197.1339 0.3617076
11.24044 2.885888 197.1339 0.3617076
11.25433 3.130032 193.8938 0.4581202
11.26822 3.130032 193.8938 0.4581202
11.2821 2.891489 189.6007 0.2679097
11.29599 2.891489 189.6007 0.2679097
11.30988 2.891489 189.6007 0.2679097
11.32377 2.639104 188.0724 0.0372454
11.33766 2.639104 188.0724 0.0372454
11.35155 2.580594 187.4603 359.4441
11.36544 2.580594 187.4603 359.4441
11.37933 2.667707 188.1366 358.7871
11.39322 3.482954 190.5465 357.9491
11.4071 3.482954 190.5465 357.9491
11.42099 3.482954 190.5465 357.9491
11.43488 4.552113 193.4153 357.7693
11.44877 4.552113 193.4153 357.7693
11.46266 5.516781 195.5945 357.6378
11.47655 5.516781 195.5945 357.6378
11.49044 6.346771 197.794 357.8247
11.50433 7.217817 200.5626 358.0702
11.51822 7.217817 200.5626 358.0702
11.5321 7.217817 200.5626 358.0702
11.54599 8.011166 203.1449 358.2104
11.55988 8.236413 205.2074 358.5273
11.57377 8.236413 205.2074 358.5273
11.58766 9.271971 211.0035 359.281
11.60155 9.271971 211.0035 359.281
11.61544 9.952226 216.2042 0.1033377
11.62933 9.952226 216.2042 0.1033377
11.64322 10.91841 221.7715 0.5321879
11.6571 10.91841 221.7715 0.5321879
11.67099 11.96336 227.1682 0.7232397
11.68488 11.96336 227.1682 0.7232397
11.69877 12.59156 231.3967 1.301924
11.71266 12.59156 231.3967 1.301924
11.72655 12.5906 234.6149 2.01141
11.74044 12.5906 234.6149 2.01141
11.75433 12.47841 236.6187 2.1317
11.76822 12.47841 236.6187 2.1317
11.7821 11.98348 238.3703 2.337304
11.79599 11.98348 238.3703 2.337304
11.80988 11.9335 239.9476 2.450627
11.82377 11.9335 239.9476 2.450627
11.83766 12.03199 241.5854 2.297664
11.85155 12.03199 241.5854 2.297664
11.86544 11.38794 243.3584 2.965697
11.87933 11.38794 243.3584 2.965697
11.89322 10.99604 244.9002 3.147178
11.9071 10.99604 244.9002 3.147178
11.92099 10.71732 246.2386 3.291932
11.93488 10.71732 246.2386 3.291932
11.94877 10.01415 247.7032 3.485546
11.96266 10.01415 247.7032 3.485546
11.97655 9.723033 249.0334 3.778648
11.99044 9.347487 248.7886 3.739792
12.00433 9.347487 248.7886 3.739792
12.01822 8.88076 251.2603 4.174758
12.0321 8.88076 251.2603 4.174758
12.04599 9.063754 253.5911 4.558518
12.05988 9.063754 253.5911 4.558518
12.07377 9.658266 255.3769 4.763905
12.08766 9.658266 255.3769 4.763905
12.10155 11.37558 256.3316 4.278526
12.11544 11.37558 256.3316 4.278526
12.12933 12.74265 256.3885 3.924827
12.14322 12.74265 256.3885 3.924827
12.1571 13.61246 255.9404 4.101547
12.17099 13.61246 255.9404 4.101547
12.18488 13.74885 255.6308 4.420293
12.19877 13.74885 255.6308 4.420293
12.21266 13.73101 255.4474 4.383102
12.22655 13.73101 255.4474 4.383102
12.24044 12.70745 255.5402 4.625907
12.25433 12.70745 255.5402 4.625907
12.26822 11.88656 256.5392 5.139238
12.2821 11.42036 257.1971 5.301153
12.29599 10.9721 258.1928 5.570252
12.30988 10.71138 258.9217 5.597348
12.32377 9.458045 261.4955 6.042
12.33766 8.905863 262.0827 6.236299
12.35155 7.77135 263.341 6.837371
12.36544 6.13325 264.7045 7.493073
12.37933 4.187537 266.0632 8.252581
12.39322 2.143136 267.3638 9.058112
12.4071 0.327748 268.5531 9.552629
12.42099 358.1191 269.9302 9.865219
12.43488 356.7148 270.847 10.01354
12.44877 355.0557 272.0604 10.07789
12.46266 353.6362 272.8732 10.05528
12.47655 352.2329 273.5784 9.993505
12.49044 352.2329 273.5784 9.993505
12.50433 350.0187 274.7431 9.761101
12.51822 349.2177 275.1817 9.554242
12.5321 348.61 275.4247 9.349505
12.54599 348.1958 275.4967 9.135132
12.55988 347.808 275.4761 8.917069
12.57377 347.4919 275.3705 8.799254
12.58766 347.3873 275.2213 8.714005
12.60155 347.3429 275.0206 8.647871
12.61544 347.3328 274.8832 8.567205
12.62933 347.4064 274.7185 8.36473
12.64322 347.6078 274.6065 8.155475
12.6571 347.7944 274.5104 8.020591
12.67099 348.185 274.3734 7.976289
12.68488 348.5631 274.1827 8.060332
12.69877 348.944 273.9432 8.111543
12.71266 349.6573 273.6589 7.95303
12.72655 350.5555 273.2379 7.756584
12.74044 351.249 272.7903 7.616895
12.75433 351.8846 272.4051 7.446142
12.76822 352.7888 271.9063 7.071608
12.7821 353.3849 271.4207 6.799788
12.79599 354.0212 270.9028 6.484644
12.80988 354.8209 270.2866 6.182832
12.82377 354.8209 270.2866 6.182832
12.83766 356.6844 268.9 5.770681
12.85155 357.7487 268.0817 5.555306
12.86544 358.5576 267.3077 5.273923
12.87933 359.553 266.603 4.856844
12.89322 1.034217 265.5324 4.176445
12.9071 1.034217 265.5324 4.176445
12.92099 2.876011 263.5853 2.999663
12.93488 3.653634 262.6288 2.637011
12.94877 4.287961 261.8594 2.508126
12.96266 4.287961 261.8594 2.508126
12.97655 5.540938 260.5614 2.790082
12.99044 6.210708 260.076 2.793
13.00433 7.427231 259.5267 2.313397
13.01822 8.780031 258.9735 1.647452
13.0321 8.780031 258.9735 1.647452
13.04599 10.41993 257.3757 1.264917
13.05988 11.1227 256.5867 1.283432
13.07377 12.0933 255.6281 1.336944
13.08766 12.84823 254.9244 1.230618
13.10155 12.84823 254.9244 1.230618
13.11544 13.40265 254.4619 1.268438
13.12933 14.02107 254.0722 1.298299
13.14322 15.95997 253.4663 1.040259
13.1571 15.95997 253.4663 1.040259
13.17099 17.22631 253.2152 0.7986141
13.18488 18.93921 253.0181 0.4378187
13.19877 19.61072 253.1079 0.2964855
13.21266 20.5573 253.1747 0.04348101
13.22655 21.78857 252.9665 359.5871
13.24044 21.78857 252.9665 359.5871
13.25433 22.88375 252.1946 359.0848
13.26822 23.00955 251.3214 358.9176
13.2821 22.82631 250.8457 359.0234
13.29599 23.35979 250.4321 359.2699
13.30988 24.30729 250.0042 359.4959
13.32377 24.69408 249.5406 359.5539
13.33766 25.4237 249.0934 359.5495
13.35155 26.69996 248.8011 359.5807
13.36544 27.92154 248.5634 359.6717
13.37933 29.04107 248.466 0.1568992
13.39322 29.99125 248.5303 0.7899329
13.4071 31.14646 248.6069 1.543039
13.42099 32.45295 248.7953 2.370021
13.43488 33.53514 248.7532 2.912796
13.44877 34.54975 248.6046 3.586392
13.46266 35.31565 248.6154 4.381714
13.47655 36.58292 248.7574 5.6287
13.49044 38.08318 248.9774 6.851235
13.50433 40.0433 249.2209 8.072974
13.51822 41.27282 249.2551 8.907844
13.5321 42.12937 249.1578 9.912168
13.54599 42.41094 248.6374 10.6645
13.55988 42.536 247.8474 11.45183
13.57377 42.63087 247.0642 12.14025
13.58766 42.73611 246.2473 12.85795
13.60155 42.78593 246.0509 13.05735
13.61544 42.78244 246.0533 13.05238
13.62933 42.77698 246.057 13.04462
13.64322 42.77698 246.057 13.04462
13.6571 42.77468 246.0585 13.04136
13.67099 42.7594 246.069 13.01959
13.68488 42.75089 246.0748 13.00749
13.69877 42.74473 246.0791 12.99871
13.71266 43.31047 245.6963 13.80219
13.72655 43.87943 245.3214 14.60708
13.74044 44.21179 245.107 15.07601
13.75433 44.21179 245.107 15.07601
13.76822 44.21179 245.107 15.07601
13.7821 44.21179 245.107 15.07601
13.79599 44.21179 245.107 15.07601
13.80988 44.21179 245.107 15.07601
13.82377 44.21179 245.107 15.07601
13.83766 44.21179 245.107 15.07601
13.85155 44.21179 245.107 15.07601
13.86544 44.21179 245.107 15.07601
13.87933 44.21179 245.107 15.07601
13.89322 44.21179 245.107 15.07601
13.9071 44.21179 245.107 15.07601
13.92099 44.21179 245.107 15.07601
13.93488 44.21179 245.107 15.07601
13.94877 44.21179 245.107 15.07601
13.96266 44.21179 245.107 15.07601
13.97655 44.21179 245.107 15.07601
13.99044 44.21179 245.107 15.07601
14.00433 44.21179 245.107 15.07601
14.01822 44.21179 245.107 15.07601
14.0321 44.21179 245.107 15.07601
14.04599 44.21179 245.107 15.07601
14.05988 44.21179 245.107 15.07601
14.07377 44.21179 245.107 15.07601
14.08766 44.21179 245.107 15.07601
14.10155 44.21179 245.107 15.07601
14.11544 44.21179 245.107 15.07601
14.12933 44.21179 245.107 15.07601
14.14322 44.21179 245.107 15.07601
14.1571 44.21179 245.107 15.07601
14.17099 44.21179 245.107 15.07601
14.18488 44.21179 245.107 15.07601
14.19877 44.21179 245.107 15.07601
14.21266 44.21179 245.107 15.07601
14.22655 44.21179 245.107 15.07601
14.24044 44.21179 245.107 15.07601
14.25433 44.21179 245.107 15.07601
14.26822 44.21179 245.107 15.07601
14.2821 44.21179 245.107 15.07601
14.29599 44.21179 245.107 15.07601
14.30988 44.21179 245.107 15.07601
14.32377 44.21179 245.107 15.07601
14.33766 44.21179 245.107 15.07601
14.35155 44.21179 245.107 15.07601
14.36544 44.21179 245.107 15.07601
14.37933 44.21179 245.107 15.07601
14.39322 44.21179 245.107 15.07601
14.4071 44.21179 245.107 15.07601
14.42099 44.21179 245.107 15.07601
14.43488 44.21179 245.107 15.07601
14.44877 44.21179 245.107 15.07601
14.46266 44.21179 245.107 15.07601
14.47655 44.21179 245.107 15.07601
14.49044 44.21179 245.107 15.07601
14.50433 44.21179 245.107 15.07601
14.51822 44.21179 245.107 15.07601
14.5321 44.21179 245.107 15.07601
14.54599 44.21179 245.107 15.07601
14.55988 44.21179 245.107 15.07601
14.57377 44.21179 245.107 15.07601
14.58766 44.21179 245.107 15.07601
14.60155 44.21179 245.107 15.07601
14.61544 44.21179 245.107 15.07601
14.62933 44.21179 245.107 15.07601
14.64322 44.21179 245.107 15.07601
14.6571 44.21179 245.107 15.07601
14.67099 44.21179 245.107 15.07601
14.68488 44.21179 245.107 15.07601
14.69877 44.21179 245.107 15.07601
14.71266 44.21179 245.107 15.07601
14.72655 44.21179 245.107 15.07601
14.74044 44.21179 245.107 15.07601
14.75433 44.21179 245.107 15.07601
14.76822 44.21179 245.107 15.07601
14.7821 44.21179 245.107 15.07601
14.79599 44.21179 245.107 15.07601
14.80988 44.21179 245.107 15.07601
14.82377 44.21179 245.107 15.07601
14.83766 44.21179 245.107 15.07601
14.85155 44.21179 245.107 15.07601
14.86544 44.21179 245.107 15.07601
14.87933 44.21179 245.107 15.07601
14.89322 44.21179 245.107 15.07601
14.9071 44.21179 245.107 15.07601
14.92099 44.21179 245.107 15.07601
14.93488 44.21179 245.107 15.07601
14.94877 44.21179 245.107 15.07601
14.96266 44.21179 245.107 15.07601
14.97655 44.21179 245.107 15.07601
14.99044 44.21179 245.107 15.07601
15.00433 44.21179 245.107 15.07601
