1.479756 0 270 0
1.742638 0 270 0
1.842638 0 270 0
1.942638 0 270 0
2.042638 0 270 0
2.142638 0 270 0
2.242638 0 270 0
2.342638 0 270 0
2.442638 0 270 0
2.542638 0 270 0
2.642638 0 270 0
2.742638 0 270 0
2.842638 0 270 0
2.942638 0 270 0
3.042638 0 270 0
3.142638 0 270 0
3.242638 0 270 0
3.342638 0 270 0
3.442638 0 270 0
3.542638 0 270 0
3.642638 0 270 0
3.742638 0 270 0
3.842638 0 270 0
3.942638 0 270 0
4.042638 0 270 0
4.142638 0 270 0
4.242638 0 270 0
4.342638 0 270 0
4.442638 0 270 0
4.542638 0 270 0
4.642638 0 270 0
4.742638 0 270 0
4.842638 0 270 0
4.942638 0 270 0
5.042638 0 270 0
5.142638 0 270 0
5.242638 0 270 0
5.342638 0 270 0
5.442638 0 270 0
5.542638 0 270 0
5.642638 0 270 0
5.742638 0 270 0
5.842638 0 270 0
5.942638 0 270 0
6.042638 0 270 0
6.142638 0 270 0
6.242638 0.3000001 269.625 -1.334039E-08
6.342638 0.9750007 267.5999 0
6.442638 0.9750007 267.2999 0
6.542638 1.500001 263.9249 5.337914E-08
6.642638 1.500003 263.0248 -1.067583E-07
6.742638 1.500003 263.0248 -1.067583E-07
6.842638 1.500003 263.0248 -1.067583E-07
6.942638 1.500003 263.0248 -1.067583E-07
7.042638 1.500003 263.0248 -1.067583E-07
7.142638 1.500003 263.0248 -1.067583E-07
7.242638 1.500003 263.0248 -1.067583E-07
7.342638 1.500003 263.0248 -1.067583E-07
7.442638 1.500003 263.0248 -1.067583E-07
7.542638 1.500003 263.0248 -1.067583E-07
7.642638 1.500003 263.0248 -1.067583E-07
7.742638 1.500003 263.0248 -1.067583E-07
7.842638 1.500003 263.0248 -1.067583E-07
7.942638 1.500003 263.0248 -1.067583E-07
8.042638 1.500003 263.0248 -1.067583E-07
8.142638 1.500003 263.0248 -1.067583E-07
8.242638 1.500003 263.0248 -1.067583E-07
8.342638 1.500003 263.0248 -1.067583E-07
8.442637 1.500003 263.0248 -1.067583E-07
8.542638 1.500003 263.0248 -1.067583E-07
8.642638 1.500003 263.0248 -1.067583E-07
8.742638 1.500003 263.0248 -1.067583E-07
8.842638 1.500003 263.0248 -1.067583E-07
8.942637 1.500003 263.0248 -1.067583E-07
9.042638 1.500003 263.0248 -1.067583E-07
9.142638 1.500003 263.0248 -1.067583E-07
9.242638 1.500003 263.0248 -1.067583E-07
9.342638 1.500003 263.0248 -1.067583E-07
9.442637 1.500003 263.0248 -1.067583E-07
9.542638 1.500003 263.0248 -1.067583E-07
9.642638 1.500003 263.0248 -1.067583E-07
9.742638 1.500003 263.0248 -1.067583E-07
9.842638 1.500004 257.9998 -1.067583E-07
9.942637 1.050005 245.1748 0
10.04264 0.7500049 230.9998 -2.668271E-08
10.14264 0.8250051 223.7247 1.067328E-07
10.24264 359.775 211.1248 1.534137E-07
10.34264 359.9249 199.6497 2.109423E-07
10.44264 359.9249 199.6497 2.242825E-07
10.54264 359.9249 199.6497 2.242825E-07
10.64264 359.9249 199.6497 2.242825E-07
10.74264 358.2749 191.2497 2.402327E-07
10.84264 355.275 174.2997 4.015711E-07
10.94264 354.4499 165.5996 5.89734E-07
11.04264 353.9999 162.8997 2.68274E-07
11.14264 353.9999 162.8997 2.68274E-07
11.24264 353.9999 162.8997 2.68274E-07
11.34264 353.9999 162.8997 2.68274E-07
11.44264 353.9999 162.8997 2.68274E-07
11.54264 353.9999 162.8997 2.68274E-07
11.64264 353.9999 162.8997 2.68274E-07
11.74264 353.9999 162.8997 2.68274E-07
11.84264 353.9999 162.8997 2.68274E-07
11.94264 353.9999 162.8997 2.68274E-07
12.04264 353.9999 162.8997 2.68274E-07
12.14264 353.9999 162.8997 2.68274E-07
12.24264 353.9999 162.8997 2.68274E-07
12.34264 353.3998 149.9996 1.074337E-06
12.44264 355.3498 115.4246 1.927335E-06
12.54264 355.9499 106.1996 1.711822E-06
12.64264 354.2249 99.29964 2.78892E-06
12.74264 353.3249 85.34963 2.363902E-06
12.84264 353.3249 85.34963 2.363902E-06
12.94264 353.3249 85.34963 2.363902E-06
13.04264 351.4498 81.74963 1.726738E-06
13.14264 348.8248 58.42461 3.481099E-06
13.24264 347.3998 46.72462 4.811639E-06
13.34264 349.7997 52.57462 5.638648E-06
13.44264 350.6248 68.84965 6.489992E-06
13.54264 350.6248 68.84965 6.922658E-06
13.64264 350.6248 68.84965 6.922658E-06
13.74264 350.6248 68.84965 6.922658E-06
13.84264 350.6248 68.84965 6.922658E-06
13.94264 350.6248 68.84965 7.78799E-06
14.04264 353.2805 75.32638 8.596789E-06
14.14264 358.5918 88.27985 8.433562E-06
14.24264 3.903117 101.2333 8.557585E-06
14.34264 9.214442 114.1868 8.649349E-06
14.44264 14.1464 126.215 8.804745E-06
14.54264 19.07837 138.2432 9.485647E-06
14.64264 21.74741 144.7524 -2.297991E-06
14.74264 21.74741 144.7524 -2.297991E-06
14.84264 21.74741 144.7524 -2.297991E-06
14.94264 21.74741 144.7524 -2.297991E-06
15.04264 21.74741 144.7524 -2.297991E-06
15.14264 21.74741 144.7524 -2.297991E-06
15.24264 21.74741 144.7524 -2.297991E-06
15.34264 21.74741 144.7524 -2.297991E-06
15.44264 21.74741 144.7524 -2.297991E-06
15.54264 21.74741 144.7524 -2.297991E-06
15.64264 21.74741 144.7524 -2.297991E-06
15.74264 21.74741 144.7524 -2.297991E-06
15.84264 21.74741 144.7524 -2.297991E-06
15.94264 21.74741 144.7524 -2.297991E-06
16.04264 21.74741 144.7524 -2.297991E-06
16.14264 21.74741 144.7524 -2.297991E-06
16.24264 21.74741 144.7524 -2.297991E-06
16.34264 21.74741 144.7524 -2.297991E-06
16.44264 21.74741 144.7524 -2.297991E-06
16.54264 21.74741 144.7524 -2.297991E-06
16.64264 21.74741 144.7524 -2.297991E-06
16.74264 21.74741 144.7524 -2.297991E-06
16.84264 21.74741 144.7524 -2.297991E-06
16.94264 21.74741 144.7524 -2.297991E-06
17.04264 21.74741 144.7524 -2.297991E-06
17.14264 21.74741 144.7524 -2.297991E-06
17.24264 21.74741 144.7524 -2.297991E-06
17.34264 21.74741 144.7524 -2.297991E-06
17.44264 21.74741 144.7524 -2.297991E-06
17.54264 21.74741 144.7524 -2.297991E-06
17.64264 21.74741 144.7524 -2.297991E-06
17.74264 21.74741 144.7524 -2.297991E-06
17.84264 21.74741 144.7524 -2.297991E-06
17.94264 21.74741 144.7524 -2.297991E-06
18.04264 21.74742 144.7524 -8.272767E-06
18.14264 20.32243 164.4774 -7.966404E-06
18.24264 20.84745 188.7773 -7.993866E-06
18.34264 22.42245 184.5023 -1.275724E-05
18.44264 25.34746 155.8523 -1.889447E-05
18.54264 25.64746 117.2272 -2.083589E-05
18.64264 23.47248 86.32721 -1.954671E-05
18.74264 21.9725 79.65221 -1.933357E-05
18.84264 20.62251 77.70221 -2.098124E-05
18.94264 20.54751 77.62722 -2.097093E-05
19.04264 20.09751 77.25222 -1.909176E-05
19.14264 20.09751 77.25222 -1.727349E-05
19.24264 20.09751 77.25222 -1.727349E-05
19.34264 20.09751 77.25222 -1.727349E-05
19.44264 20.09751 77.25222 -1.727349E-05
19.54264 20.09751 77.25222 -1.727349E-05
19.64264 20.09751 77.25222 -1.727349E-05
19.74264 20.09751 77.25222 -1.727349E-05
19.84264 20.24413 83.2504 -1.728974E-05
19.94264 20.56182 96.24643 -1.641357E-05
20.04264 20.90391 110.2422 -1.736464E-05
20.14264 21.24601 124.2379 -1.37405E-05
20.24264 21.53922 136.2342 -1.009659E-05
20.34264 21.74741 144.7524 -2.297991E-06
20.44264 21.74741 144.7524 -2.297991E-06
20.54264 21.74741 144.7524 -2.297991E-06
20.64264 21.74741 144.7524 -2.297991E-06
20.74264 21.74741 144.7524 -2.297991E-06
20.84264 21.74742 144.7524 -6.434374E-06
20.94264 21.23374 140.7856 -9.159573E-06
21.04264 19.56429 127.8933 -9.966937E-06
21.14264 17.89484 115.0009 -8.971771E-06
21.24264 16.09696 101.117 -8.886128E-06
21.34264 14.42749 88.22468 -8.374964E-06
21.44264 13.01487 77.31582 -8.324697E-06
21.54264 11.47383 65.41524 -8.276245E-06
21.64264 10.0612 54.50637 -1.04053E-05
21.74264 9.293311 48.57634 0
21.84264 9.293311 48.57634 0
21.94264 9.293311 48.57634 0
22.04264 9.293311 48.57634 0
22.14264 9.293317 48.57634 0
22.24264 10.44911 57.50177 -8.681711E-07
22.34264 12.24699 71.38578 0
22.44264 13.78804 83.28635 0
22.54264 15.58593 97.17035 -8.863665E-07
22.64264 17.38381 111.0544 1.789273E-06
22.74264 19.05325 123.9466 9.032582E-07
22.84264 20.7227 136.8389 -9.128303E-07
22.94264 21.74741 144.7524 -2.297991E-06
23.04264 21.74741 144.7524 -2.297991E-06
23.14264 21.74741 144.7524 -2.297991E-06
23.24264 21.74741 144.7524 -2.297991E-06
23.34264 21.74741 144.7524 -2.297991E-06
23.44264 21.74741 144.7524 -2.297991E-06
23.54264 21.74741 144.7524 -2.297991E-06
23.64264 21.74741 144.7524 -2.297991E-06
23.74264 21.74741 144.7524 -2.297991E-06
23.84264 21.74741 144.7524 -2.297991E-06
23.94264 21.74741 144.7524 -2.297991E-06
24.04264 21.74741 144.7524 -2.297991E-06
24.14264 21.74741 144.7524 -2.297991E-06
24.24264 21.74741 144.7524 -2.297991E-06
24.34264 21.74741 144.7524 -2.297991E-06
24.44264 21.74741 144.7524 -2.297991E-06
24.54264 21.74741 144.7524 -2.297991E-06
24.64264 21.74741 144.7524 -2.297991E-06
24.74264 21.74741 144.7524 -2.297991E-06
24.84264 21.74741 144.7524 -2.297991E-06
24.94264 21.74741 144.7524 -2.297991E-06
25.04264 21.74741 144.7524 -2.297991E-06
25.14264 21.74741 144.7524 -2.297991E-06
25.24264 21.74741 144.7524 -2.297991E-06
25.34264 21.74741 144.7524 -2.297991E-06
25.44264 21.74741 144.7524 -2.297991E-06
25.54264 21.74741 144.7524 -2.297991E-06
25.64264 21.74741 144.7524 -2.297991E-06
25.74264 21.74741 144.7524 -2.297991E-06
25.84264 21.74741 144.7524 -2.297991E-06
25.94264 21.74741 144.7524 -2.297991E-06
26.04264 21.74741 144.7524 -2.297991E-06
26.14264 21.74741 144.7524 -2.297991E-06
26.24264 21.74741 144.7524 -2.297991E-06
26.34264 21.74741 144.7524 -2.297991E-06
26.44264 21.74741 144.7524 -2.297991E-06
26.54264 21.74741 144.7524 -2.297991E-06
26.64264 21.74741 144.7524 -2.297991E-06
26.74264 21.74741 144.7524 -2.297991E-06
26.84264 21.74741 144.7524 -2.297991E-06
26.94264 21.74741 144.7524 -2.297991E-06
27.04264 21.74741 144.7524 -2.297991E-06
27.14264 21.74741 144.7524 -2.297991E-06
27.24264 21.74741 144.7524 -2.297991E-06
27.34264 21.74741 144.7524 -2.297991E-06
27.44264 21.74741 144.7524 -2.297991E-06
27.54264 21.74741 144.7524 -2.297991E-06
27.64264 21.74741 144.7524 -2.297991E-06
27.74264 21.74741 144.7524 -2.297991E-06
27.84264 21.74741 144.7524 -2.297991E-06
27.94264 21.74741 144.7524 -2.297991E-06
28.04264 21.74741 144.7524 -2.297991E-06
28.14264 21.74741 144.7524 -2.297991E-06
28.24264 21.74741 144.7524 -2.297991E-06
28.34264 21.74741 144.7524 -2.297991E-06
28.44264 21.74741 144.7524 -2.297991E-06
28.54264 21.74741 144.7524 -2.297991E-06
28.64264 21.74741 144.7524 -2.297991E-06
28.74264 21.74741 144.7524 -2.297991E-06
28.84264 21.74741 144.7524 -2.297991E-06
28.94264 21.74741 144.7524 -2.297991E-06
29.04264 21.74741 144.7524 -2.297991E-06
29.14264 21.74741 144.7524 -2.297991E-06
29.24264 21.74741 144.7524 -2.297991E-06
29.34264 21.74741 144.7524 -2.297991E-06
29.44264 21.74741 144.7524 -2.297991E-06
29.54264 21.74741 144.7524 -2.297991E-06
29.64264 21.74741 144.7524 -2.297991E-06
29.74264 21.74741 144.7524 -2.297991E-06
29.84264 21.74741 144.7524 -2.297991E-06
29.94264 21.74741 144.7524 -2.297991E-06
30.04264 21.74741 144.7524 -2.297991E-06
30.14264 21.74741 144.7524 -2.297991E-06
30.24264 21.74741 144.7524 -2.297991E-06
30.34264 21.74741 144.7524 -2.297991E-06
30.44264 21.74741 144.7524 -2.297991E-06
30.54264 21.74741 144.7524 -2.297991E-06
30.64264 21.74741 144.7524 -2.297991E-06
30.74264 21.74741 144.7524 -2.297991E-06
30.84264 21.74741 144.7524 -2.297991E-06
30.94264 21.74741 144.7524 -2.297991E-06
31.04264 21.74741 144.7524 -2.297991E-06
31.14264 21.74742 144.7524 -6.434374E-06
31.24264 20.56333 137.8532 -1.094249E-05
31.34264 18.4594 125.0246 -1.17011E-05
31.44264 16.65889 113.1605 -9.802954E-06
31.54264 14.6079 98.30151 -1.058753E-05
31.64264 12.96289 85.40602 -9.199055E-06
31.74264 11.23875 71.51253 -1.044559E-05
31.84264 9.797503 59.59937 -1.083012E-05
31.94264 8.01006 47.74803 -1.099286E-05
32.04264 7.844699 47.23698 -4.309195E-07
32.14264 7.844699 47.23698 -4.309195E-07
32.24264 7.844699 47.23698 -4.309195E-07
32.34264 7.844699 47.23698 -4.309195E-07
32.44264 7.844699 47.23698 -4.309195E-07
32.54264 7.844699 47.23698 -4.309195E-07
32.64264 7.844699 47.23698 -4.309195E-07
32.74264 7.844699 47.23698 -4.309195E-07
32.84264 7.844699 47.23698 -4.309195E-07
32.94264 7.844711 47.23698 -2.800977E-06
33.04264 9.267042 57.13529 -2.595192E-06
33.14264 11.0487 70.01258 -3.47959E-06
33.24264 12.78217 82.89643 -3.939611E-06
33.34264 14.32659 94.79665 -3.965298E-06
33.44264 15.97423 107.6917 -2.664197E-06
33.54264 17.69284 121.5857 -1.792325E-06
33.64264 19.07065 134.5125 -1.355029E-06
33.74264 20.25326 146.482 0
33.84264 20.25326 146.482 0
33.94264 20.25326 146.482 0
34.04264 20.25326 146.482 0
34.14264 20.25326 146.482 0
34.24264 20.25326 146.482 0
34.34264 20.25326 146.482 0
34.44264 20.25326 146.482 0
34.54264 20.25326 146.482 0
34.64264 20.25326 146.482 0
34.74264 20.25326 146.482 0
34.84264 20.25326 146.482 0
34.94264 20.25326 146.482 0
35.04264 20.25326 146.482 0
35.14264 20.25326 146.482 0
35.24264 20.25326 146.482 0
35.34264 20.25326 146.482 0
35.44264 20.25326 146.482 0
35.54264 20.25326 146.482 0
35.64264 20.25326 146.482 0
35.74264 20.25326 146.482 0
35.84264 20.25326 146.482 0
35.94264 20.25326 146.482 0
36.04264 20.25326 146.482 0
36.14264 20.25326 146.482 0
36.24264 20.25326 146.482 0
36.34264 20.25326 146.482 0
36.44264 20.25326 146.482 0
36.54264 20.25326 146.482 0
36.64264 20.25326 146.482 0
36.74264 20.25326 146.482 0
36.84264 20.25326 146.482 0
36.94264 20.25326 146.482 0
37.04264 20.25326 146.482 0
37.14264 20.25326 146.482 0
37.24264 20.25326 146.482 0
37.34264 20.25326 146.482 0
37.44264 20.25326 146.482 0
37.54264 20.25326 146.482 0
37.64264 20.25326 146.482 0
37.74264 20.25326 146.482 0
37.84264 20.25326 146.482 0
37.94264 20.25326 146.482 0
38.04264 20.25326 146.482 0
38.14264 20.25326 146.482 0
38.24264 20.25326 146.482 0
38.34264 20.25326 146.482 0
38.44264 20.25326 146.482 0
38.54264 20.25326 146.482 0
38.64264 20.25326 146.482 0
38.74264 20.25326 146.482 0
38.84264 20.25326 146.482 0
38.94264 20.25326 146.482 0
39.04264 20.25326 146.482 0
39.14264 20.25326 146.482 0
39.24264 20.25326 146.482 0
39.34264 20.25326 146.482 0
39.44264 20.25326 146.482 0
39.54264 20.25326 146.482 0
39.64264 20.25326 146.482 0
39.74264 20.25326 146.482 0
39.84264 20.25326 146.482 0
39.94264 20.25326 146.482 0
40.04264 20.25326 146.482 0
40.14264 20.25326 146.482 0
40.24264 20.25326 146.482 0
40.34264 20.25326 146.482 0
40.44264 20.25326 146.482 0
40.54264 20.25326 146.482 0
40.64264 20.25326 146.482 0
40.74264 20.25326 146.482 0
40.84264 20.25326 146.482 7.735338E-06
40.94264 19.56471 138.5116 1.132609E-05
41.04264 18.51789 126.5573 1.350588E-05
41.14264 17.36274 113.6088 1.252347E-05
41.24264 16.29241 101.6566 1.245291E-05
41.34264 15.16136 89.71004 1.326844E-05
41.44264 13.93985 77.77242 1.231553E-05
41.54264 12.46264 64.85672 1.311565E-05
41.64264 11.24806 54.93082 1.349266E-05
41.74264 9.638063 43.03947 1.493845E-05
41.84264 7.684851 30.18729 1.464569E-05
41.94264 5.400833 17.39005 1.506126E-05
42.04264 2.815558 6.176789 8.013802E-08
42.14264 2.815558 6.176789 8.013802E-08
42.24264 2.815558 6.176789 8.013802E-08
42.34264 2.815558 6.176789 8.013802E-08
42.44264 2.815558 6.176789 8.013802E-08
42.54264 2.815558 6.176789 8.013802E-08
42.64264 2.815558 6.176789 8.013802E-08
42.74264 2.815558 6.176789 8.013802E-08
42.84264 2.815558 6.176789 8.013802E-08
42.94264 2.815563 4.17678 9.349435E-08
43.04264 2.815564 351.1768 5.208971E-07
43.14264 2.815565 338.1768 8.013801E-07
43.24264 2.827625 325.1768 1.228796E-06
43.34264 2.929426 312.1773 1.709781E-06
43.44264 3.180489 300.1801 2.244613E-06
43.54264 3.679513 287.1898 2.459669E-06
43.64264 4.540395 274.2193 2.7835E-06
43.74264 6.049985 262.3181 3.434222E-06
43.84264 9.293313 254.3578 0
43.94264 9.293313 254.3578 0
44.04264 9.293313 254.3578 0
44.14264 9.293313 254.3578 0
44.24264 9.293313 254.3578 0
44.34264 9.293313 254.3578 0
44.44264 9.293313 254.3578 0
44.54264 9.293313 254.3578 0
44.64264 9.293313 254.3578 0
44.74264 9.293313 254.3578 0
44.84264 9.293313 254.3578 0
44.94264 9.293316 254.3578 -4.325643E-07
45.04264 9.293316 254.3578 -4.325643E-07
45.14264 9.293316 254.3578 -4.325643E-07
45.24264 9.293316 254.3578 -4.325643E-07
45.34264 9.293316 254.3578 -4.325643E-07
45.44264 9.293316 254.3578 -4.325643E-07
45.54264 9.293316 254.3578 -4.325643E-07
45.64264 9.293316 254.3578 -4.325643E-07
45.74264 9.293316 254.3578 -4.325643E-07
45.84264 9.293316 254.3578 -4.325643E-07
45.94264 9.293316 254.3578 -4.325643E-07
46.04264 9.293316 254.3578 -4.325643E-07
46.14264 9.293316 254.3578 -4.325643E-07
46.24264 9.293316 254.3578 -4.325643E-07
46.34264 9.293316 254.3578 -4.325643E-07
46.44264 8.963623 258.3442 -4.321646E-07
46.54264 7.80969 272.2968 -4.308833E-07
46.64264 6.655758 286.2491 -6.44675E-07
46.74264 5.501824 300.2014 -4.288625E-07
46.84264 4.430315 313.1572 -2.140831E-07
46.94264 3.276375 327.1096 1.603447E-07
47.04264 2.204859 340.0653 -5.60704E-07
47.14264 0.9684907 355.0143 -3.001977E-07
47.24264 0 6.724358 0
47.34264 0 6.724358 0
47.44264 0 6.724358 0
47.54264 0 6.724358 0
47.64264 0 6.724358 0
47.74264 0 6.724358 0
47.84264 0 6.724358 0
47.94264 0 6.724358 0
48.04264 0 6.724358 0
48.14264 0.9225723 17.68558 1.200775E-07
48.24264 2.012885 30.63977 2.66969E-07
48.34264 3.27094 45.58694 0
48.44264 4.361255 58.54113 0
48.54264 5.451563 71.4953 0
48.64264 6.176799 80.11201 6.440693E-07
48.74264 6.176799 80.11201 6.440693E-07
48.84264 6.176799 80.11201 6.440693E-07
48.94264 6.176799 80.11201 6.440693E-07
49.04264 6.176799 80.11201 6.440693E-07
49.14264 6.176799 80.11201 6.440693E-07
49.24264 6.176799 80.11201 6.440693E-07
49.34264 6.176799 80.11201 6.440693E-07
49.44264 6.176799 80.11201 6.440693E-07
49.54264 6.176799 80.11201 6.440693E-07
49.64264 6.176799 80.11201 6.440693E-07
49.74264 5.975055 74.11541 2.146093E-07
49.84264 5.536896 61.12274 0
49.94264 5.098272 48.13008 -8.571648E-07
50.04264 4.693384 36.13687 -8.566462E-07
50.14264 4.302546 24.14332 -5.886282E-07
50.24264 3.900445 11.14957 -6.953017E-07
50.34264 3.498342 358.1558 7.350814E-08
50.44264 3.096238 345.162 -6.947052E-07
50.54264 2.663203 331.1688 -2.670928E-07
50.64264 2.359472 318.1724 -6.942796E-07
50.74264 2.086777 305.2476 -5.339626E-08
50.84264 2.086777 305.2476 -5.339626E-08
50.94264 2.086777 305.2476 -5.339626E-08
51.04264 2.086777 305.2476 -5.339626E-08
51.14264 2.086777 305.2476 -5.339626E-08
51.24264 2.086777 305.2476 -5.339626E-08
51.34264 2.086777 305.2476 -5.339626E-08
51.44264 2.086777 305.2476 -5.339626E-08
51.54264 2.086777 305.2476 -5.339626E-08
51.64264 2.086777 305.2476 -5.339626E-08
51.74264 2.086777 305.2476 -5.339626E-08
51.84264 2.086777 305.2476 -5.339626E-08
51.94264 2.086777 305.2476 -5.339626E-08
52.04264 2.086777 305.2476 -5.339626E-08
52.14264 2.086777 305.2476 -5.339626E-08
52.24264 2.086777 305.2476 -5.339626E-08
52.34264 2.086777 305.2476 -5.339626E-08
52.44264 2.086777 305.2476 -5.339626E-08
52.54264 2.086777 305.2476 -5.339626E-08
52.64264 2.086777 305.2476 -5.339626E-08
52.74264 2.086777 305.2476 -5.339626E-08
52.84264 2.086777 305.2476 -5.339626E-08
52.94264 2.086777 305.2476 -5.339626E-08
53.04264 2.161779 306.3726 -1.067977E-07
53.14264 0.7367801 315.6726 -1.600958E-07
53.24264 0.6617808 317.6976 -1.734343E-07
53.34264 0.661781 318.5976 -1.467521E-07
53.44264 0.6617815 319.4226 -1.734343E-07
53.54264 0.5867818 320.8476 -1.200682E-07
53.64264 0.5867819 321.5976 -1.867728E-07
53.74264 0.5867819 323.3976 -2.534773E-07
53.84264 0.2867821 327.5976 -2.934884E-07
53.94264 0.2117824 330.5976 -3.134971E-07
54.04264 359.3867 336.8226 -3.201834E-07
54.14264 359.0867 338.6226 -2.93522E-07
54.24264 359.0867 338.6226 -2.93522E-07
54.34264 359.0867 338.6226 -2.93522E-07
54.44264 359.0867 338.6226 -2.93522E-07
54.54264 359.0867 338.6226 -2.93522E-07
54.64264 359.0867 338.6226 -2.93522E-07
54.74264 0.4863181 351.547 -3.568635E-07
54.84264 1.991988 5.465877 -4.471674E-07
54.94264 3.541892 19.37983 -4.277038E-07
55.04264 4.996698 32.29818 -7.499017E-07
55.14264 6.450988 45.21657 -1.718428E-06
55.24264 7.896006 57.12923 -2.585837E-06
55.34264 9.46145 70.03461 -4.32774E-06
55.44264 10.49148 76.02951 -8.682896E-07
55.54264 10.49148 76.02951 -8.682896E-07
55.64264 10.49148 76.02951 -8.682896E-07
55.74264 10.49148 76.02951 -4.341448E-07
55.84264 12.51649 63.65451 4.372793E-07
55.94264 14.39149 45.27952 -8.81433E-07
56.04264 14.3915 39.12953 -2.644299E-06
56.14264 14.3915 38.60455 -4.847882E-06
56.24264 14.3915 38.60455 -4.847882E-06
56.34264 14.3915 38.60455 -4.847882E-06
56.44264 14.39152 36.95456 -3.525731E-06
56.54264 14.99152 26.60456 -4.640247E-06
56.64264 15.81653 8.079542 -1.996583E-06
56.74264 15.81653 347.9796 -1.220134E-06
56.84264 15.51654 341.8296 -2.658204E-06
56.94264 15.51654 341.8296 -2.658204E-06
57.04264 15.51654 341.8296 -2.658204E-06
57.14264 15.51654 341.8296 -2.658204E-06
57.24264 15.51654 341.8296 -2.658204E-06
57.34264 15.51654 341.8296 -2.658204E-06
57.44264 15.51654 341.8296 -2.658204E-06
57.54264 15.51654 341.8296 -2.658204E-06
57.64264 15.51654 341.8296 -2.658204E-06
57.74264 15.51654 341.8296 -2.658204E-06
57.84264 15.51654 341.8296 -2.658204E-06
57.94264 15.44155 343.4046 -1.107184E-06
58.04264 15.51656 345.7296 -3.322755E-06
58.14264 16.34157 353.6796 -5.949982E-06
58.24264 17.01659 3.054518 -5.6641E-06
58.34264 17.01659 9.804524 -6.696472E-06
58.44264 17.01659 22.32953 -8.035768E-06
58.54264 16.94159 37.32953 -1.204884E-05
58.64264 16.3416 50.22953 -1.334576E-05
58.74264 15.59161 57.27955 -1.152308E-05
58.84264 15.51662 58.32954 -1.329102E-05
58.94264 15.51662 58.32954 -1.329102E-05
59.04264 15.51662 58.32954 -1.329102E-05
59.14264 15.51662 58.32954 -1.329102E-05
59.24264 15.51662 58.32954 -1.329102E-05
59.34264 15.51662 58.32954 -1.329102E-05
59.44264 15.51662 58.47952 -1.417709E-05
59.54264 15.36663 59.60447 -1.195328E-05
59.64264 15.36667 59.75447 -1.328142E-05
59.74264 15.36668 59.75446 -1.682313E-05
59.84264 15.36668 59.75446 -1.682313E-05
59.94264 15.36668 59.75446 -1.682313E-05
60.04264 15.36668 59.75446 -1.682313E-05
60.14264 15.36668 59.75446 -1.682313E-05
60.24264 15.36668 59.75446 -1.682313E-05
60.34264 15.36668 59.75446 -1.682313E-05
60.44264 15.36668 59.75446 -1.682313E-05
60.54264 14.69168 58.85448 -1.544605E-05
60.64264 13.34169 54.95448 -1.447801E-05
60.74264 12.7417 52.17949 -1.575593E-05
60.84264 12.7417 52.17949 -1.663126E-05
60.94264 12.7417 52.17949 -1.663126E-05
61.04264 12.7417 52.17949 -1.663126E-05
61.14264 12.7417 52.17949 -1.663126E-05
61.24264 12.7417 52.17949 -1.663126E-05
61.34264 12.7417 52.17949 -1.663126E-05
61.44264 12.7417 52.17949 -1.663126E-05
61.54264 12.7417 52.17949 -1.663126E-05
61.64264 12.7417 52.17949 -1.663126E-05
61.74264 12.7417 52.17949 -1.663126E-05
61.84264 12.7417 52.17949 -1.663126E-05
61.94264 12.7417 52.17949 -1.663126E-05
62.04264 12.7417 52.17949 -1.663126E-05
62.14264 12.7417 52.17949 -1.663126E-05
62.24264 12.7417 52.17949 -1.663126E-05
62.34264 12.7417 52.17949 -1.663126E-05
62.44264 12.7417 52.17949 -1.663126E-05
62.54264 12.7417 52.17949 -1.663126E-05
62.64264 12.73932 51.1795 -1.66311E-05
62.74264 12.73932 51.1795 -1.66311E-05
62.84264 12.73932 51.1795 -1.66311E-05
62.94264 12.73932 51.1795 -1.66311E-05
63.04264 12.73932 51.1795 -1.66311E-05
63.14264 12.73932 51.1795 -1.66311E-05
63.24264 12.73932 51.1795 -1.66311E-05
63.34264 12.73932 51.1795 -1.66311E-05
63.44264 12.73932 51.1795 -1.66311E-05
63.54264 12.73932 51.1795 -1.66311E-05
63.64264 12.73932 51.1795 -1.66311E-05
63.74264 12.73932 51.1795 -1.66311E-05
63.84264 12.73932 51.1795 -1.66311E-05
63.94264 12.81432 51.25448 -1.707383E-05
64.04264 11.23933 61.67947 -1.740936E-05
64.14264 10.26435 69.10446 -1.822085E-05
64.24264 9.88935 71.50446 -1.8633E-05
64.34264 8.239365 75.70448 -1.897892E-05
64.44264 6.739373 78.77948 -1.869878E-05
64.54264 5.614373 79.67947 -1.887356E-05
64.64264 3.064376 82.52948 -1.870304E-05
64.74264 3.064376 82.52948 -1.870304E-05
64.84264 3.064376 82.52948 -1.870304E-05
64.94264 3.064378 82.52948 -1.880992E-05
65.04264 3.122072 81.53114 -1.881094E-05
65.14264 3.928445 67.55443 -1.882726E-05
65.24264 4.732435 53.57755 -1.948979E-05
65.34264 5.454571 40.59759 -2.026215E-05
65.44264 6.199691 26.61746 -2.028906E-05
65.54264 6.851722 13.63379 -2.235779E-05
65.64264 7.40003 1.646304 -2.243836E-05
65.74264 7.970512 347.6579 -2.360004E-05
65.84264 8.413579 334.6655 -2.675492E-05
65.94264 8.756201 321.6701 -2.677909E-05
66.04264 8.996387 307.6722 -2.398731E-05
66.14264 9.21161 293.6739 -2.248812E-05
66.24264 9.426826 279.6756 -2.293472E-05
66.34264 9.589555 269.0906 -4.329364E-07
66.44264 9.589555 269.0906 -4.329364E-07
66.54264 9.589555 269.0906 -4.329364E-07
66.64264 9.589555 269.0906 -4.329364E-07
66.74264 9.589555 269.0906 -4.329364E-07
66.84264 9.589559 269.0906 0
66.94264 12.28957 265.3406 0
67.04264 14.38957 238.0406 0
67.14264 6.139577 197.3156 -4.293493E-07
67.24264 358.5646 183.1405 -4.370291E-07
67.34264 358.5646 183.1405 -4.370291E-07
67.44264 358.5646 183.1405 -4.370291E-07
67.54264 358.5646 183.1405 -4.370291E-07
67.64264 358.5646 183.1405 -4.370291E-07
67.74264 358.5646 183.1405 -4.370291E-07
67.84264 358.5646 183.1405 -4.370291E-07
67.94264 358.5646 183.1405 -4.370291E-07
68.04264 358.5646 183.1405 -4.370291E-07
68.14264 358.9401 192.1327 -3.335624E-07
68.24264 359.4471 205.1227 -2.40135E-07
68.34264 359.9859 220.113 -2.18446E-07
68.44264 0.3784151 234.1073 -2.534696E-07
68.54264 0.5419803 247.106 -2.668162E-07
68.64264 0.4898214 262.1057 -3.201768E-07
68.74264 0.2246887 273.3109 -1.334032E-08
68.84264 0.2246887 273.3109 -1.334032E-08
68.94264 0.2246887 273.3109 -1.334032E-08
69.04264 0.2246887 273.3109 -1.334032E-08
69.14264 0.2246887 273.3109 -1.334032E-08
69.24264 0.2246887 273.3109 -1.334032E-08
69.34264 0.2246887 273.3109 -1.334032E-08
69.44264 0.2246887 273.3109 -1.334032E-08
69.54264 0.2246887 273.3109 -1.334032E-08
69.64264 0.2246887 273.3109 -1.334032E-08
69.74264 0.2246887 273.3109 -1.334032E-08
69.84264 0.2246893 273.3109 -1.334032E-08
69.94264 1.205691 267.3917 1.067453E-07
70.04264 3.681886 252.5974 1.069424E-07
70.14264 5.816638 239.7738 -6.43644E-07
70.24264 7.948312 226.9498 4.310277E-07
70.34264 10.21894 213.1352 2.168838E-07
70.44264 12.36973 199.3013 2.185161E-07
70.54264 13.51757 191.384 2.524533E-06
70.64264 13.51757 191.384 2.524533E-06
70.74264 13.51757 191.384 2.524533E-06
70.84264 13.51757 191.384 2.524533E-06
70.94264 13.51757 191.384 2.524533E-06
71.04264 13.51757 191.384 2.524533E-06
71.14264 13.51757 191.384 2.524533E-06
71.24264 13.51757 191.384 2.524533E-06
71.34264 13.51757 191.384 2.524533E-06
71.44264 13.51757 191.384 2.524533E-06
71.54264 13.51757 191.384 2.524533E-06
71.64264 13.51757 191.384 2.524533E-06
71.74264 13.51757 191.384 2.524533E-06
71.84264 13.51757 191.384 2.524533E-06
71.94264 13.51757 191.384 2.524533E-06
72.04264 13.51757 191.384 2.524533E-06
72.14264 13.51757 191.384 2.524533E-06
72.24264 13.51757 191.384 2.524533E-06
72.34264 13.51757 191.384 2.524533E-06
72.44264 13.51757 191.384 2.524533E-06
72.54264 13.51757 191.384 2.524533E-06
72.64264 13.51757 191.384 2.524533E-06
72.74264 13.51757 191.384 2.524533E-06
72.84264 13.51757 191.384 2.524533E-06
72.94264 13.51757 191.384 2.524533E-06
73.04264 13.51757 191.384 2.524533E-06
73.14264 13.51757 191.384 2.524533E-06
73.24264 13.51757 191.384 2.524533E-06
73.34264 13.51757 191.384 2.524533E-06
73.44264 13.51757 191.384 2.524533E-06
73.54264 13.51757 191.384 2.524533E-06
73.64264 13.51757 191.384 2.524533E-06
73.74264 13.51757 191.384 2.524533E-06
73.84264 13.51757 191.384 2.524533E-06
73.94264 13.51757 191.384 2.524533E-06
74.04264 13.51757 191.384 2.524533E-06
74.14264 13.51757 191.384 2.524533E-06
74.24264 13.51757 191.384 2.524533E-06
74.34264 13.51757 191.384 2.524533E-06
74.44264 13.51757 191.384 3.292869E-06
74.54264 13.51756 191.384 4.71978E-06
74.64264 13.27194 203.3815 2.850908E-06
74.74264 12.95346 217.3778 2.628202E-06
74.84264 12.62816 232.3741 4.374695E-06
74.94264 12.35536 244.3698 0
75.04264 12.35536 244.3698 0
75.14264 12.35536 244.3698 0
75.24264 12.35536 244.3698 0
75.34264 12.35536 244.3698 0
75.44264 12.35536 244.3698 0
75.54264 12.35536 244.3698 0
75.64264 12.35536 244.3698 0
75.74264 12.35536 244.3698 0
75.84264 12.35536 244.3698 0
75.94264 10.93037 226.1447 0
76.04264 10.85537 205.8197 -8.693295E-07
76.14264 10.85537 205.8197 -4.346647E-07
76.24264 10.85537 205.8197 -4.346647E-07
76.34264 10.85537 205.8197 -4.346647E-07
76.44264 10.85537 205.8197 -4.346647E-07
76.54264 10.85537 205.8197 -4.346647E-07
76.64264 10.85537 205.8197 -4.346647E-07
76.74264 10.85537 205.8197 -4.346647E-07
76.84264 10.85537 205.8197 -4.346647E-07
76.94264 10.85537 205.8197 -4.346647E-07
77.04264 10.85537 205.8197 -4.346647E-07
77.14264 10.85537 205.8197 -4.346647E-07
77.24264 10.85537 205.8197 -4.346647E-07
77.34264 10.85537 205.8197 -4.346647E-07
77.44264 10.85537 205.8197 -4.346647E-07
77.54264 10.85537 205.8197 -4.346647E-07
77.64264 10.85537 205.8197 -4.346647E-07
77.74264 10.85537 205.8197 -4.346647E-07
77.84264 10.85537 205.8197 -4.346647E-07
77.94264 10.85537 205.8197 -4.346647E-07
78.04264 10.85537 205.8197 -4.346647E-07
78.14264 10.85537 205.8197 -4.346647E-07
78.24264 10.85537 205.8197 -4.346647E-07
78.34264 10.85537 205.8197 -4.346647E-07
78.44264 10.70538 205.7447 -2.172241E-06
78.54264 10.70538 205.7447 -2.172241E-06
78.64264 10.70538 205.7447 -2.172241E-06
78.74264 10.70538 205.7447 -2.172241E-06
78.84264 10.70538 205.7447 -2.172241E-06
78.94264 10.70538 205.7447 -2.172241E-06
79.04264 10.70538 205.7447 -2.172241E-06
79.14264 10.70538 205.7447 -2.172241E-06
79.24264 10.70538 205.7447 -2.172241E-06
79.34264 10.70538 205.7447 -2.172241E-06
79.44264 10.70538 205.7447 -2.172241E-06
79.54264 10.70538 205.7447 -2.172241E-06
79.64264 10.70538 205.7447 -2.172241E-06
79.74264 10.70538 205.7447 -2.172241E-06
79.84264 10.70538 205.7447 -2.172241E-06
79.94264 10.70538 205.7447 -2.172241E-06
80.04264 10.70538 205.7447 -2.172241E-06
80.14264 10.70538 205.7447 -2.172241E-06
80.24264 10.70538 205.7447 -2.172241E-06
80.34264 10.70538 205.7447 -2.172241E-06
80.44264 10.70538 205.7447 -2.172241E-06
80.54264 10.70538 205.7447 -2.172241E-06
80.64264 10.70538 205.7447 -2.172241E-06
80.74264 10.70538 205.7447 -2.172241E-06
80.84264 10.70538 205.7447 -2.172241E-06
80.94264 10.70538 205.7447 -2.172241E-06
81.04264 10.70538 205.7447 -2.172241E-06
81.14264 10.70538 205.7447 -2.172241E-06
81.24264 10.70538 205.7447 -2.172241E-06
81.34264 10.70538 205.7447 -2.172241E-06
81.44264 10.70538 205.7447 -2.172241E-06
81.54264 10.70538 205.7447 -2.172241E-06
81.64264 10.70538 205.7447 -2.172241E-06
81.74264 10.70538 205.7447 -2.172241E-06
81.84264 10.70538 205.7447 -2.172241E-06
81.94264 10.70538 205.7447 -2.172241E-06
82.04264 10.70538 205.7447 -2.172241E-06
82.14264 10.70538 205.7447 -2.172241E-06
82.24264 10.70538 205.7447 -2.172241E-06
82.34264 10.70538 205.7447 -2.172241E-06
82.44264 10.70538 205.7447 -2.172241E-06
82.54264 10.70538 205.7447 -2.172241E-06
82.64264 10.70538 205.7447 -2.172241E-06
82.74264 10.70538 205.7447 -2.172241E-06
82.84264 10.70538 205.7447 -2.172241E-06
82.94264 10.70538 205.7447 -2.172241E-06
83.04264 10.70538 205.7447 -2.172241E-06
83.14264 10.70538 205.7447 -2.172241E-06
