1.506966 0 270 0
1.744192 0 270 0
1.844192 0 270 0
1.944192 0 270 0
2.044192 0 270 0
2.144192 0 270 0
2.244192 0 270 0
2.344192 0 270 0
2.444191 0 270 0
2.544192 0 270 0
2.644192 0 270 0
2.744192 0 270 0
2.844192 0 270 0
2.944192 0 270 0
3.044192 0 270 0
3.144192 0 270 0
3.244192 0 270 0
3.344192 0 270 0
3.444192 0 270 0
3.544192 0 270 0
3.644192 0 270 0
3.744192 0 270 0
3.844192 0 270 0
3.944192 0 270 0
4.044191 0 270 0
4.144192 0 270 0
4.244192 0 270 0
4.344192 0 270 0
4.444191 0 270 0
4.544192 0 270 0
4.644192 0 270 0
4.744192 0 270 0
4.844192 0 270 0
4.944191 0 270 0
5.044192 0 270 0
5.144192 0 270 0
5.244192 0 270 0
5.344192 0 270 0
5.444191 0 270 0
5.544192 0 270 0
5.644192 0 270 0
5.744192 0 270 0
5.844192 0 270 0
5.944191 0 270 0
6.044192 0 270 0
6.144192 0 270 0
6.244192 0 270 0
6.344192 0 270 0
6.444191 0 270 0
6.544192 0 270 0
6.644192 0 270 0
6.744192 0 270 0
6.844192 0 270 0
6.944191 0 270 0
7.044192 0 270 0
7.144192 0 270 0
7.244192 0 270 0
7.344192 0 270 0
7.444191 0 270 0
7.544192 0 270 0
7.644192 0 270 0
7.744192 0 270 0
7.844192 0 270 0
7.944191 0 270 0
8.044191 0 270 0
8.144192 0 270 0
8.244192 0 270 0
8.344192 0 270 0
8.444192 0 270 0
8.544191 0 270 0
8.644192 0 270 0
8.744192 0 270 0
8.844192 0 270 0
8.944192 0 270 0
9.044191 0 270 0
9.144192 0 270 0
9.244192 0 270 0
9.344192 0 270 0
9.444192 0.15001 267.4499 0
9.544191 1.350011 260.2499 5.337566E-08
9.644192 2.925014 253.2748 -2.137218E-07
9.744192 3.450014 250.6498 0
9.844192 3.450014 250.5748 7.484084E-07
9.944192 3.450014 250.5748 1.496817E-06
10.04419 3.450013 250.5748 2.35214E-06
10.14419 3.450013 250.5748 2.35214E-06
10.24419 3.450013 250.5748 2.35214E-06
10.34419 3.450013 250.5748 2.35214E-06
10.44419 3.450013 250.5748 2.35214E-06
10.54419 3.450013 250.5748 2.35214E-06
10.64419 3.450013 250.5748 2.35214E-06
10.74419 3.450013 250.5748 2.35214E-06
10.84419 3.450013 250.5748 2.35214E-06
10.94419 3.450013 250.5748 2.35214E-06
11.04419 3.450013 250.5748 2.35214E-06
11.14419 2.935653 258.5582 2.137239E-06
11.24419 2.17121 270.5336 2.135967E-06
11.34419 1.027276 283.4824 2.081408E-06
11.44419 359.1186 296.3386 2.054636E-06
11.54419 356.4357 308.0284 2.031643E-06
11.64419 352.4386 314.1048 -2.153157E-07
11.74419 352.4386 314.1048 -2.153157E-07
11.84419 352.4386 314.1048 -2.153157E-07
11.94419 352.4386 314.1048 -2.153157E-07
12.04419 352.4385 314.1048 0
12.14419 352.1777 311.1162 -8.617927E-07
12.24419 351.0474 298.1654 -8.64303E-07
12.34419 350.0041 286.2109 -1.3004E-06
12.44419 348.9608 274.2563 -2.174673E-06
12.54419 347.8304 261.3055 -2.183502E-06
12.64419 346.7001 248.3547 -1.315956E-06
12.74419 345.3959 233.4114 4.411396E-07
12.84419 344.1789 219.4644 2.218475E-06
12.94419 343.3275 209.707 1.336862E-06
13.04419 343.3275 209.707 1.336862E-06
13.14419 343.3275 209.707 1.336862E-06
13.24419 343.3275 209.707 1.336862E-06
13.34419 343.3275 209.707 1.336862E-06
13.44419 343.3275 209.707 1.336862E-06
13.54419 343.3275 209.707 1.336862E-06
13.64419 343.3275 209.707 1.336862E-06
13.74419 343.3275 209.707 1.336862E-06
13.84419 343.3275 209.707 1.336862E-06
13.94419 343.3275 209.707 1.336862E-06
14.04419 343.3275 209.707 1.336862E-06
14.14419 343.3275 209.707 1.336862E-06
14.24419 343.3275 209.707 1.336862E-06
14.34419 343.3275 209.707 1.336862E-06
14.44419 343.3275 209.707 1.336862E-06
14.54419 343.3275 209.707 1.336862E-06
14.64419 343.3275 209.707 1.336862E-06
14.74419 343.3275 209.707 1.336862E-06
14.84419 343.3275 209.707 1.336862E-06
14.94419 343.3275 209.707 1.336862E-06
15.04419 343.3275 209.707 1.336862E-06
15.14419 343.3275 209.707 1.336862E-06
15.24419 343.3275 209.707 1.336862E-06
15.34419 343.3275 209.707 1.336862E-06
15.44419 343.3275 209.707 1.336862E-06
15.54419 343.3275 209.707 1.336862E-06
15.64419 343.3275 209.707 1.336862E-06
15.74419 343.3275 209.707 1.336862E-06
15.84419 343.3275 209.707 1.336862E-06
15.94419 343.3275 209.707 1.336862E-06
16.04419 343.3275 209.707 1.336862E-06
16.14419 343.3275 209.707 1.336862E-06
16.24419 343.3275 209.707 1.336862E-06
16.34419 343.3275 209.707 1.336862E-06
16.44419 343.3275 209.707 1.336862E-06
16.54419 343.3275 209.707 1.336862E-06
16.64419 343.3275 209.707 1.336862E-06
16.74419 343.3275 209.707 1.336862E-06
16.84419 343.3275 209.707 1.336862E-06
16.94419 343.3275 209.707 1.336862E-06
17.04419 343.3275 209.707 1.336862E-06
17.14419 343.3275 209.707 1.336862E-06
17.24419 343.3275 209.707 1.336862E-06
17.34419 343.3275 209.707 1.336862E-06
17.44419 343.3275 209.707 1.336862E-06
17.54419 343.3275 209.707 1.336862E-06
17.64419 343.3275 209.707 1.336862E-06
17.74419 343.3275 209.707 1.336862E-06
17.84419 343.3275 209.707 1.336862E-06
17.94419 343.3275 209.707 1.336862E-06
18.04419 343.3275 209.707 1.336862E-06
18.14419 343.3275 209.707 1.336862E-06
18.24419 343.3275 209.707 1.336862E-06
18.34419 343.3275 209.707 1.336862E-06
18.44419 343.3275 209.707 1.336862E-06
18.54419 343.3275 209.707 1.336862E-06
18.64419 343.3275 209.707 1.336862E-06
18.74419 343.3275 209.707 1.336862E-06
18.84419 343.3275 209.707 1.336862E-06
18.94419 343.3275 209.707 1.336862E-06
19.04419 343.3275 209.707 1.336862E-06
19.14419 343.3275 209.707 1.336862E-06
19.24419 343.3275 209.707 1.336862E-06
19.34419 343.3275 209.707 1.336862E-06
19.44419 343.3275 209.707 1.336862E-06
19.54419 343.3275 209.707 1.336862E-06
19.64419 343.3275 209.707 1.336862E-06
19.74419 343.3275 209.707 1.336862E-06
19.84419 343.3275 209.707 1.336862E-06
19.94419 343.3275 209.707 1.336862E-06
20.04419 343.3275 209.707 1.336862E-06
20.14419 343.3275 209.707 1.336862E-06
20.24419 343.3275 209.707 1.336862E-06
20.34419 343.3275 209.707 1.336862E-06
20.44419 343.3275 209.707 1.336862E-06
20.54419 343.3275 209.707 1.336862E-06
20.64419 343.3275 209.707 1.336862E-06
20.74419 343.3275 209.707 1.336862E-06
20.84419 343.3275 209.707 1.336862E-06
20.94419 343.3275 209.707 1.336862E-06
21.04419 343.3275 209.707 1.336862E-06
21.14419 343.3275 209.707 1.336862E-06
21.24419 343.3275 209.707 1.336862E-06
21.34419 343.3275 209.707 1.336862E-06
21.44419 343.3275 209.707 1.336862E-06
21.54419 343.3275 209.707 1.336862E-06
21.64419 343.3275 209.707 1.336862E-06
21.74419 343.3275 209.707 1.336862E-06
21.84419 343.3275 209.707 1.336862E-06
21.94419 343.3275 209.707 1.336862E-06
22.04419 343.3275 209.707 1.336862E-06
22.14419 343.3275 209.707 1.336862E-06
22.24419 343.3275 209.707 1.336862E-06
22.34419 343.3275 209.707 1.336862E-06
22.44419 343.3275 209.707 1.336862E-06
22.54419 343.3275 209.707 1.336862E-06
22.64419 343.3275 209.707 1.336862E-06
22.74419 343.3275 209.707 1.336862E-06
22.84419 343.3275 209.707 1.336862E-06
22.94419 343.3275 209.707 1.336862E-06
23.04419 343.3275 209.707 1.336862E-06
23.14419 343.3275 209.707 1.336862E-06
23.24419 343.3275 209.707 1.336862E-06
23.34419 343.3275 209.707 1.336862E-06
23.44419 343.3275 209.707 1.336862E-06
23.54419 343.3275 209.707 1.336862E-06
23.64419 343.3275 209.707 1.336862E-06
23.74419 343.3275 209.707 1.336862E-06
23.84419 343.3275 209.707 1.336862E-06
23.94419 343.3275 209.707 1.336862E-06
24.04419 343.3275 209.707 1.336862E-06
24.14419 343.3275 209.707 1.336862E-06
24.24419 343.3275 209.707 1.336862E-06
24.34419 343.3275 209.707 1.336862E-06
24.44419 343.3275 209.707 1.336862E-06
24.54419 343.3275 209.707 1.336862E-06
24.64419 343.3275 209.707 1.336862E-06
24.74419 343.3275 209.707 1.336862E-06
24.84419 343.3275 209.707 1.336862E-06
24.94419 343.3275 209.707 1.336862E-06
25.04419 343.3275 209.707 1.336862E-06
25.14419 343.3275 209.707 1.336862E-06
25.24419 343.3275 209.707 1.336862E-06
25.34419 343.3275 209.707 1.336862E-06
25.44419 343.3275 209.707 1.336862E-06
25.54419 343.3275 209.707 1.336862E-06
25.64419 343.3275 209.707 1.336862E-06
25.74419 343.3275 209.707 1.336862E-06
25.84419 343.3275 209.707 1.336862E-06
25.94419 343.3275 209.707 1.336862E-06
26.04419 343.3275 209.707 1.336862E-06
26.14419 343.3275 209.707 1.336862E-06
26.24419 343.3275 209.707 1.336862E-06
26.34419 343.3275 209.707 1.336862E-06
26.44419 343.3275 209.707 1.336862E-06
26.54419 343.3275 209.707 1.336862E-06
26.64419 343.3275 209.707 1.336862E-06
26.74419 343.3275 209.707 1.336862E-06
26.84419 343.3275 209.707 1.336862E-06
26.94419 343.3275 209.707 1.336862E-06
27.04419 343.3275 209.707 1.336862E-06
27.14419 343.3275 209.707 1.336862E-06
27.24419 343.3275 209.707 1.336862E-06
27.34419 343.3275 209.707 1.336862E-06
27.44419 343.3275 209.707 1.336862E-06
27.54419 343.3275 209.707 1.336862E-06
27.64419 343.3275 209.707 1.336862E-06
27.74419 343.3275 209.707 1.336862E-06
27.84419 343.3275 209.707 1.336862E-06
27.94419 343.3275 209.707 1.336862E-06
28.04419 343.3275 209.707 1.336862E-06
28.14419 343.3275 209.707 1.336862E-06
28.24419 343.3275 209.707 1.336862E-06
28.34419 343.3275 209.707 1.336862E-06
28.44419 343.3275 209.707 1.336862E-06
28.54419 343.3275 209.707 1.336862E-06
28.64419 343.3275 209.707 1.336862E-06
28.74419 343.3275 209.707 1.336862E-06
28.84419 343.3275 209.707 1.336862E-06
28.94419 343.3275 209.707 1.336862E-06
29.04419 343.3275 209.707 1.336862E-06
29.14419 343.3275 209.707 1.336862E-06
29.24419 343.3275 209.707 1.336862E-06
29.34419 343.3275 209.707 1.336862E-06
29.44419 343.3275 209.707 1.336862E-06
29.54419 343.3275 209.707 1.336862E-06
29.64419 343.3275 209.707 1.336862E-06
29.74419 343.3275 209.707 1.336862E-06
29.84419 343.3275 209.707 1.336862E-06
29.94419 343.3275 209.707 1.336862E-06
30.04419 343.3275 209.707 1.336862E-06
30.14419 343.3275 209.707 1.336862E-06
30.24419 343.3275 209.707 1.336862E-06
30.34419 343.3275 209.707 1.336862E-06
30.44419 343.3275 209.707 1.336862E-06
30.54419 343.3275 209.707 1.336862E-06
30.64419 343.3275 209.707 1.336862E-06
30.74419 343.3275 209.707 1.336862E-06
30.84419 343.3275 209.707 1.336862E-06
30.94419 343.3275 209.707 1.336862E-06
31.04419 343.3275 209.707 1.336862E-06
31.14419 343.3275 209.707 1.336862E-06
31.24419 343.3275 209.707 1.336862E-06
31.34419 343.3275 209.707 1.336862E-06
31.44419 343.3275 209.707 1.336862E-06
31.54419 343.3275 209.707 1.336862E-06
31.64419 343.3275 209.707 1.336862E-06
31.74419 343.3275 209.707 1.336862E-06
31.84419 343.3275 209.707 1.336862E-06
31.94419 343.3275 209.707 1.336862E-06
32.04419 343.3275 209.707 1.336862E-06
32.14419 343.3275 209.707 1.336862E-06
32.24419 343.3275 209.707 1.336862E-06
32.34419 343.3275 209.707 1.336862E-06
32.44419 343.3275 209.707 1.336862E-06
32.54419 343.3275 209.707 1.336862E-06
32.64419 343.3275 209.707 1.336862E-06
32.74419 343.3275 209.707 1.336862E-06
32.84419 343.3275 209.707 1.336862E-06
32.94419 343.3275 209.707 1.336862E-06
33.04419 343.3275 209.707 1.336862E-06
33.14419 343.3275 209.707 1.336862E-06
33.24419 343.3275 209.707 1.336862E-06
33.34419 343.3275 209.707 1.336862E-06
33.44419 343.3275 209.707 1.336862E-06
33.54419 343.3275 209.707 1.336862E-06
33.64419 343.3275 209.707 1.336862E-06
33.74419 343.3275 209.707 1.336862E-06
33.84419 343.3275 209.707 1.336862E-06
33.94419 343.3275 209.707 1.336862E-06
34.04419 343.3275 209.707 1.336862E-06
34.14419 343.3275 209.707 1.336862E-06
34.24419 343.3275 209.707 1.336862E-06
34.34419 343.3275 209.707 1.336862E-06
34.44419 343.3275 209.707 1.336862E-06
34.54419 343.3275 209.707 1.336862E-06
34.64419 343.3275 209.707 1.336862E-06
34.74419 343.3275 209.707 1.336862E-06
34.84419 343.3275 209.707 1.336862E-06
34.94419 343.3275 209.707 1.336862E-06
35.04419 343.3275 209.707 1.336862E-06
35.14419 343.3275 209.707 1.336862E-06
35.24419 343.3275 209.707 1.336862E-06
35.34419 343.3275 209.707 1.336862E-06
35.44419 343.3275 209.707 1.336862E-06
35.54419 343.3275 209.707 1.336862E-06
35.64419 343.3275 209.707 1.336862E-06
35.74419 343.3275 209.707 1.336862E-06
35.84419 343.3275 209.707 1.336862E-06
35.94419 343.3275 209.707 1.336862E-06
36.04419 343.3275 209.707 1.336862E-06
36.14419 343.3275 209.707 1.336862E-06
36.24419 343.3275 209.707 1.336862E-06
36.34419 343.3275 209.707 1.336862E-06
36.44419 343.3275 209.707 1.336862E-06
36.54419 343.3275 209.707 1.336862E-06
36.64419 343.3275 209.707 1.336862E-06
36.74419 343.3275 209.707 1.336862E-06
36.84419 343.3275 209.707 1.336862E-06
36.94419 343.3275 209.707 1.336862E-06
37.04419 343.3275 209.707 1.336862E-06
37.14419 343.3275 209.707 1.336862E-06
37.24419 343.3275 209.707 1.336862E-06
37.34419 343.3275 209.707 1.336862E-06
37.44419 343.3275 209.707 1.336862E-06
37.54419 343.3275 209.707 1.336862E-06
37.64419 343.3275 209.707 1.336862E-06
37.74419 343.3275 209.707 1.336862E-06
37.84419 343.3275 209.707 1.336862E-06
37.94419 343.3275 209.707 1.336862E-06
38.04419 343.3275 209.707 1.336862E-06
38.14419 343.3275 209.707 1.336862E-06
38.24419 343.3275 209.707 1.336862E-06
38.34419 343.3275 209.707 1.336862E-06
38.44419 343.3275 209.707 1.336862E-06
38.54419 343.3275 209.707 1.336862E-06
38.64419 345.0525 220.5069 -8.836752E-07
38.74419 345.5025 231.0069 -2.204633E-06
38.84419 345.5025 234.8319 -4.850192E-06
38.94419 345.5025 234.8319 -4.850192E-06
39.04419 345.5025 234.8319 -4.850192E-06
39.14419 345.5025 234.8319 -4.850192E-06
39.24419 345.5025 234.8319 -4.850192E-06
39.34419 345.4275 235.3569 -4.410763E-06
39.44419 345.2025 242.4069 -5.739897E-06
39.54419 345.1274 250.8819 -6.625253E-06
39.64419 344.9024 258.1569 -7.074374E-06
39.74419 344.9024 262.5068 -5.305779E-06
39.84419 344.9024 265.1318 -4.421483E-06
39.94419 344.9024 266.5569 -6.190075E-06
40.04419 344.6023 269.7819 -4.427799E-06
40.14419 344.1522 271.6569 -5.325045E-06
40.24419 343.6271 273.1569 -6.229019E-06
40.34419 343.402 274.2069 -4.454474E-06
40.44419 343.327 274.7319 -4.456216E-06
40.54419 342.8019 276.6819 -4.468669E-06
40.64419 342.5769 279.3069 -6.263801E-06
40.74419 342.5769 282.9819 -5.368972E-06
40.84419 342.5769 283.2819 -5.368973E-06
40.94419 342.5769 283.2819 -5.368973E-06
41.04419 342.5769 283.2819 -5.368973E-06
41.14419 342.5769 283.2819 -5.368973E-06
41.24419 342.5769 283.2819 -5.368973E-06
41.34419 342.5769 283.2819 -5.368973E-06
41.44419 341.6769 282.0819 -5.396239E-06
41.54419 341.0768 279.6069 -3.610211E-06
41.64419 341.0768 278.2569 -5.415317E-06
41.74419 341.0768 277.5069 -4.512764E-06
41.84419 341.0768 277.5069 -2.707658E-06
41.94419 341.0768 277.5069 -2.707658E-06
42.04419 341.0768 277.5069 -2.707658E-06
42.14419 341.0768 277.5069 -2.707658E-06
42.24419 341.0768 277.5069 -2.707658E-06
42.34419 341.0768 277.5069 -2.707658E-06
42.44419 341.0768 277.5069 -2.707658E-06
42.54419 341.0768 277.5069 -2.707658E-06
42.64419 341.0768 277.5069 -2.707658E-06
42.74419 341.0768 277.5069 -2.707658E-06
42.84419 341.0768 277.5069 -2.707658E-06
42.94419 341.0768 277.5069 -2.707658E-06
43.04419 341.0768 277.5069 -2.707658E-06
43.14419 341.0768 277.5069 -2.707658E-06
43.24419 341.0768 277.5069 -2.707658E-06
43.34419 341.0768 277.5069 -2.707658E-06
43.44419 341.0768 277.5069 -2.707658E-06
43.54419 341.0768 277.5069 -2.707658E-06
43.64419 341.0768 277.5069 -2.707658E-06
43.74419 341.0768 277.5069 -2.707658E-06
43.84419 341.0768 277.5069 -2.707658E-06
43.94419 341.0768 277.5069 -2.707658E-06
44.04419 341.0768 277.5069 -2.707658E-06
44.14419 341.0768 277.5069 -2.707658E-06
44.24419 341.0768 277.5069 -2.707658E-06
44.34419 341.0768 277.5069 -2.707658E-06
44.44419 341.0768 277.5069 -2.707658E-06
44.54419 341.0768 277.5069 -2.707658E-06
44.64419 341.0768 277.5069 -2.707658E-06
44.74419 341.0768 277.5069 -2.707658E-06
44.84419 341.0768 277.5069 -2.707658E-06
44.94419 341.0768 277.5069 -2.707658E-06
45.04419 341.0768 277.5069 -2.707658E-06
45.14419 341.0768 277.5069 -2.707658E-06
45.24419 341.0768 277.5069 -2.707658E-06
45.34419 341.0768 277.5069 -2.707658E-06
45.44419 341.0768 277.5069 -2.707658E-06
45.54419 341.0768 277.5069 -2.707658E-06
45.64419 341.0768 277.5069 -2.707658E-06
45.74419 341.0768 277.5069 -2.707658E-06
45.84419 341.0768 277.5069 -2.707658E-06
45.94419 341.0768 277.5069 -2.707658E-06
46.04419 341.0768 277.5069 -2.707658E-06
46.14419 341.0768 277.5069 -2.707658E-06
46.24419 341.0768 277.5069 -2.707658E-06
46.34419 341.0768 277.5069 -2.707658E-06
46.44419 341.0768 277.5069 -2.707658E-06
46.54419 341.0768 277.5069 -2.707658E-06
46.64419 341.0768 277.5069 -2.707658E-06
46.74419 341.0768 277.5069 -2.707658E-06
46.84419 341.0768 277.5069 -2.707658E-06
46.94419 341.0768 277.5069 -2.707658E-06
47.04419 341.0768 277.5069 -2.707658E-06
47.14419 341.0768 277.5069 -2.707658E-06
47.24419 341.0768 277.5069 -2.707658E-06
47.34419 341.0768 277.5069 -2.707658E-06
47.44419 341.0768 277.5069 -2.707658E-06
47.54419 341.0768 277.5069 -2.707658E-06
47.64419 341.0768 277.5069 -2.707658E-06
47.74419 341.0768 277.5069 -2.707658E-06
47.84419 341.0768 277.5069 -2.707658E-06
47.94419 341.0768 277.5069 -2.707658E-06
48.04419 341.0768 277.5069 -2.707658E-06
48.14419 341.0768 277.5069 -2.707658E-06
48.24419 341.0768 277.5069 -2.707658E-06
48.34419 341.0768 277.5069 -2.707658E-06
48.44419 341.0768 277.5069 -2.707658E-06
48.54419 341.0768 277.5069 -2.707658E-06
48.64419 341.0768 277.5069 -2.707658E-06
48.74419 341.0768 277.5069 -2.707658E-06
48.84419 341.0768 277.5069 -2.707658E-06
48.94419 341.0768 277.5069 -2.707658E-06
49.04419 341.0768 277.5069 -2.707658E-06
49.14419 341.0768 277.5069 -2.707658E-06
49.24419 341.0768 277.5069 -2.707658E-06
49.34419 341.0768 277.5069 -2.707658E-06
49.44419 341.0768 277.5069 -2.707658E-06
49.54419 341.0768 277.5069 -2.707658E-06
49.64419 341.0768 277.5069 -2.707658E-06
49.74419 341.0768 277.5069 -2.707658E-06
49.84419 341.0768 277.5069 -2.707658E-06
49.94419 341.0768 277.5069 -2.707658E-06
50.04419 341.0768 277.5069 -2.707658E-06
50.14419 341.0768 277.5069 -2.707658E-06
50.24419 341.0768 277.5069 -2.707658E-06
50.34419 341.0768 277.5069 -2.707658E-06
50.44419 341.0768 277.5069 -2.707658E-06
50.54419 341.0768 277.5069 -2.707658E-06
50.64419 341.0768 277.5069 -2.707658E-06
50.74419 341.0768 277.5069 -2.707658E-06
50.84419 341.0768 277.5069 -2.707658E-06
50.94419 341.0768 277.5069 -2.707658E-06
51.04419 341.0768 277.5069 -2.707658E-06
51.14419 341.0768 277.5069 -2.707658E-06
51.24419 341.0768 277.5069 -2.707658E-06
51.34419 341.0768 277.5069 -2.707658E-06
51.44419 341.0768 277.5069 -2.707658E-06
51.54419 341.0768 277.5069 -2.707658E-06
51.64419 341.0768 277.5069 -2.707658E-06
51.74419 341.0768 277.5069 -2.707658E-06
51.84419 341.0768 277.5069 -2.707658E-06
51.94419 341.0768 277.5069 -2.707658E-06
52.04419 341.0768 277.5069 -2.707658E-06
52.14419 341.0768 277.5069 -2.707658E-06
52.24419 341.0768 277.5069 -2.707658E-06
52.34419 341.0768 277.5069 -2.707658E-06
52.44419 341.0768 277.5069 -2.707658E-06
52.54419 341.0768 277.5069 -2.707658E-06
52.64419 341.0768 277.5069 -2.707658E-06
52.74419 341.0768 277.5069 -2.707658E-06
52.84419 341.0768 277.5069 -2.707658E-06
52.94419 341.0768 277.5069 -2.707658E-06
53.04419 341.0768 277.5069 -2.707658E-06
53.14419 341.0768 277.5069 -2.707658E-06
53.24419 341.0768 277.5069 -2.707658E-06
53.34419 341.0768 277.5069 -2.707658E-06
53.44419 341.0768 277.5069 -2.707658E-06
53.54419 341.0768 277.5069 -2.707658E-06
53.64419 341.0768 277.5069 -2.707658E-06
53.74419 341.0768 277.5069 -2.707658E-06
53.84419 341.0768 277.5069 -2.707658E-06
53.94419 341.0768 277.5069 -2.707658E-06
54.04419 341.0768 277.5069 -2.707658E-06
54.14419 341.0768 277.5069 -2.707658E-06
54.24419 341.0768 277.5069 -2.707658E-06
54.34419 341.0768 277.5069 -2.707658E-06
54.44419 341.0768 277.5069 -2.707658E-06
54.54419 341.0768 277.5069 -2.707658E-06
54.64419 341.0768 277.5069 -2.707658E-06
54.74419 341.0768 277.5069 -2.707658E-06
54.84419 341.0768 277.5069 -2.707658E-06
54.94419 341.0768 277.5069 -2.707658E-06
55.04419 341.0768 277.5069 -2.707658E-06
55.14419 341.0768 277.5069 -2.707658E-06
55.24419 341.0768 277.5069 -2.707658E-06
55.34419 341.0768 277.5069 -2.707658E-06
55.44419 341.0768 277.5069 -2.707658E-06
55.54419 341.0768 277.5069 -2.707658E-06
55.64419 341.0768 277.5069 -2.707658E-06
55.74419 341.0768 277.5069 -2.707658E-06
55.84419 341.0768 277.5069 -2.707658E-06
55.94419 341.0768 277.5069 -2.707658E-06
56.04419 341.0768 277.5069 -2.707658E-06
56.14419 341.0768 277.5069 -2.707658E-06
56.24419 341.0768 277.5069 -2.707658E-06
56.34419 341.0768 277.5069 -2.707658E-06
56.44419 341.0768 277.5069 -2.707658E-06
56.54419 341.0768 277.5069 -2.707658E-06
56.64419 341.0768 277.5069 -2.707658E-06
56.74419 341.0768 277.5069 -2.707658E-06
56.84419 341.0768 277.5069 -2.707658E-06
56.94419 341.0768 277.5069 -2.707658E-06
57.04419 341.0768 277.5069 -2.707658E-06
57.14419 341.0768 277.5069 -2.707658E-06
57.24419 341.0768 277.5069 -2.707658E-06
57.34419 341.0768 277.5069 -2.707658E-06
57.44419 341.0768 277.5069 -2.707658E-06
57.54419 341.0768 277.5069 -2.707658E-06
57.64419 341.0768 277.5069 -2.707658E-06
57.74419 341.0768 277.5069 -2.707658E-06
57.84419 341.0768 277.5069 -2.707658E-06
57.94419 341.0768 277.5069 -2.707658E-06
58.04419 341.0768 277.5069 -2.707658E-06
58.14419 341.0768 277.5069 -2.707658E-06
58.24419 341.0768 277.5069 -2.707658E-06
58.34419 341.0768 277.5069 -2.707658E-06
58.44419 341.0768 277.5069 -2.707658E-06
58.54419 341.0768 277.5069 -2.707658E-06
58.64419 341.0768 277.5069 -2.707658E-06
58.74419 341.0768 277.5069 -2.707658E-06
58.84419 341.0768 277.5069 -2.707658E-06
58.94419 341.0768 277.5069 -2.707658E-06
59.04419 341.0768 277.5069 -2.707658E-06
59.14419 341.0768 277.5069 -2.707658E-06
59.24419 341.0768 277.5069 -2.707658E-06
59.34419 341.0768 277.5069 -2.707658E-06
59.44419 341.0768 277.5069 -2.707658E-06
59.54419 341.0768 277.5069 -2.707658E-06
59.64419 341.0768 277.5069 -2.707658E-06
59.74419 341.0768 277.5069 -2.707658E-06
59.84419 341.0768 277.5069 -2.707658E-06
59.94419 341.0768 277.5069 -2.707658E-06
60.04419 341.0768 277.5069 -2.707658E-06
60.14419 341.0768 277.5069 -2.707658E-06
60.24419 341.0768 277.5069 -2.707658E-06
60.34419 341.0768 277.5069 -2.707658E-06
60.44419 341.0768 277.5069 -2.707658E-06
60.54419 341.0768 277.5069 -2.707658E-06
60.64419 341.0768 277.5069 -2.707658E-06
60.74419 341.0768 277.5069 -2.707658E-06
60.84419 341.0768 277.5069 -2.707658E-06
60.94419 341.0768 277.5069 -2.707658E-06
61.04419 341.0768 277.5069 -2.707658E-06
61.14419 341.0768 277.5069 -2.707658E-06
61.24419 341.0768 277.5069 -2.707658E-06
