1.460149 0 270 0
1.490981 0 270 0
1.641421 0 270 0
1.661421 0 270 0
1.681421 0 270 0
1.701421 0 270 0
1.721421 0 270 0
1.741421 0 270 0
1.761421 0 270 0
1.781421 0 270 0
1.801421 0 270 0
1.821421 0 270 0
1.841421 0 270 0
1.861421 0 270 0
1.881421 0 270 0
1.901421 0 270 0
1.921421 0 270 0
1.941421 0 270 0
1.961421 0 270 0
1.981421 0 270 0
2.001421 0 270 0
2.021421 0 270 0
2.041421 0 270 0
2.061421 0 270 0
2.081421 0 270 0
2.101421 0 270 0
2.121421 0 270 0
2.141421 0 270 0
2.161421 0 270 0
2.181421 0 270 0
2.201421 0 270 0
2.221421 0 270 0
2.241421 0 270 0
2.261421 0 270 0
2.281421 0 270 0
2.301421 0 270 0
2.321421 0 270 0
2.341421 0 270 0
2.361421 0 270 0
2.381421 0 270 0
2.401421 0 270 0
2.421421 0 270 0
2.441421 0 270 0
2.461421 0 270 0
2.481421 0 270 0
2.501421 0 270 0
2.521421 0 270 0
2.541421 0 270 0
2.561421 0 270 0
2.581421 0 270 0
2.601421 0 270 0
2.621421 0 270 0
2.641421 0 270 0
2.661421 0 270 0
2.681421 0 270 0
2.701421 0 270 0
2.721421 0 270 0
2.741421 0 270 0
2.761421 0 270 0
2.781421 0 270 0
2.801421 0 270 0
2.821421 0 270 0
2.841421 0 270 0
2.861421 0 270 0
2.881421 0 270 0
2.901421 0 270 0
2.921421 0 270 0
2.941421 0 270 0
2.961421 0 270 0
2.981421 0 270 0
3.001421 0 270 0
3.021421 0 270 0
3.041421 0 270 0
3.061421 0 270 0
3.081421 0 270 0
3.101421 0 270 0
3.121421 0 270 0
3.141421 0 270 0
3.161421 0 270 0
3.181421 0 270 0
3.201421 0 270 0
3.221421 0 270 0
3.241421 0 270 0
3.261421 0 270 0
3.281421 0 270 0
3.301421 0 270 0
3.321421 0 270 0
3.341421 0 270 0
3.361421 0 270 0
3.381421 0 270 0
3.401421 0 270 0
3.421421 0 270 0
3.441421 0 270 0
3.461421 0 270 0
3.481421 0 270 0
3.501421 0 270 0
3.521421 0 270 0
3.541421 0 270 0
3.561421 0 270 0
3.581421 0 270 0
3.601421 0 270 0
3.621421 0 270 0
3.641421 0 270 0
3.661421 0 270 0
3.681421 0 270 0
3.701421 0 270 0
3.721421 0 270 0
3.741421 0 270 0
3.761421 0 270 0
3.781421 0 270 0
3.801421 0 270 0
3.821421 0 270 0
3.841421 0 270 0
3.861421 0 270 0
3.881421 0 270 0
3.901421 0 270 0
3.921421 0 270 0
3.941421 0 270 0
3.961421 0 270 0
3.981421 0 270 0
4.001421 0 270 0
4.021421 0 270 0
4.041421 0 270 0
4.061421 0 270 0
4.081421 0 270 0
4.101421 0 270 0
4.121421 0 270 0
4.141421 0 270 0
4.161421 0 270 0
4.181421 0 270 0
4.201421 0 270 0
4.221421 0 270 0
4.241421 0 270 0
4.261421 0 270 0
4.281421 0 270 0
4.301421 0 270 0
4.321421 0 270 0
4.341421 0 270 0
4.361421 0 270 0
4.381421 0 270 0
4.401421 0 270 0
4.421421 0 270 0
4.441421 0 270 0
4.461421 0 270 0
4.481421 0 270 0
4.501421 0 270 0
4.521421 0 270 0
4.541421 0 270 0
4.561421 0 270 0
4.581421 0 270 0
4.601421 0 270 0
4.621421 0 270 0
4.641421 0 270 0
4.661421 0 270 0
4.681421 0 270 0
4.701421 0 270 0
4.721421 0 270 0
4.741421 0 270 0
4.761421 0 270 0
4.781421 0 270 0
4.801421 0 270 0
4.821421 0 270 0
4.841421 0 270 0
4.861421 0 270 0
4.881421 0 270 0
4.901421 0 270 0
4.921421 0 270 0
4.941421 0 270 0
4.961421 0 270 0
4.981421 0 270 0
5.001421 0 270 0
5.021421 0 270 0
5.041421 0 270 0
5.061421 0 270 0
5.081421 0 270 0
5.101421 0 270 0
5.121421 0 270 0
5.141421 0 270 0
5.161421 0 270 0
5.181421 0 270 0
5.201421 0 270 0
5.221421 0 270 0
5.241421 0 270 0
5.261421 0 270 0
5.281421 0 270 0
5.301421 0 270 0
5.321421 0 270 0
5.341421 0 270 0
5.361421 0 270 0
5.381421 0 270 0
5.401421 0 270 0
5.421421 0 270 0
5.441421 0 270 0
5.461421 0 270 0
5.481421 0 270 0
5.501421 0 270 0
5.521421 0 270 0
5.541421 0 270 0
5.561421 0 270 0
5.581421 0 270 0
5.601421 0 270 0
5.621421 0 270 0
5.641421 0 270 0
5.661421 0 270 0
5.681421 0 270 0
5.701421 0 270 0
5.721421 0 270 0
5.741421 0 270 0
5.761421 0 270 0
5.781421 0 270 0
5.801421 0 270 0
5.821421 0 270 0
5.841421 0 270 0
5.861421 0 270 0
5.881421 0 270 0
5.901421 0 270 0
5.921421 0 270 0
5.941421 0 270 0
5.961421 0 270 0
5.981421 0 270 0
6.001421 0 270 0
6.021421 0 270 0
6.041421 0 270 0
6.061421 0 270 0
6.081421 0 270 0
6.101421 0 270 0
6.121421 0 270 0
6.141421 0 270 0
6.161421 0 270 0
6.181421 0 270 0
6.201421 0 270 0
6.221421 0 270 0
6.241421 0 270 0
6.261421 0 270 0
6.281421 0 270 0
6.301421 0 270 0
6.321421 0 270 0
6.341421 0 270 0
6.361421 0 270 0
6.381421 0 270 0
6.401421 0 270 0
6.421421 0 270 0
6.441421 0 270 0
6.461421 0 270 0
6.481421 0 270 0
6.501421 0 270 0
6.521421 0 270 0
6.541421 0 270 0
6.561421 0 270 0
6.581421 0 270 0
6.601421 0 270 0
6.621421 0 270 0
6.641421 0 270 0
6.661421 0 270 0
6.681421 0 270 0
6.701421 0 270 0
6.721421 0 270 0
6.741421 0 270 0
6.761421 0 270 0
6.781421 0 270 0
6.801421 0 270 0
6.821421 0 270 0
6.841421 0 270 0
6.861421 0 270 0
6.881421 0 270 0
6.901421 0 270 0
6.921421 0 270 0
6.941421 0 270 0
6.961421 0 270 0
6.981421 0 270 0
7.001421 0 270 0
7.021421 0 270 0
7.041421 0 270 0
7.061421 0 270 0
7.081421 0 270 0
7.101421 0 270 0
7.121421 0 270 0
7.141421 0 270 0
7.161421 0 270 0
7.181421 0 270 0
7.201421 0 270 0
7.221421 0 270 0
7.241421 0 270 0
7.261421 0 270 0
7.281421 0 270 0
7.301421 0 270 0
7.321421 0 270 0
7.341421 0 270 0
7.361421 0 270 0
7.381421 0 270 0
7.401421 0 270 0
7.421421 0 270 0
7.441421 0 270 0
7.461421 0 270 0
7.481421 0 270 0
7.501421 0 270 0
7.521421 0 270 0
7.541421 0 270 0
7.561421 0 270 0
7.581421 0 270 0
7.601421 0 270 0
7.621421 0 270 0
7.641421 0 270 0
7.661421 0 270 0
7.681421 0 270 0
7.701421 0 270 0
7.721421 0 270 0
7.741421 0 270 0
7.761421 0 270 0
7.781421 0 270 0
7.801421 0 270 0
7.821421 0 270 0
7.841421 0 270 0
7.861421 0 270 0
7.881421 0 270 0
7.901421 0 270 0
7.921421 0 270 0
7.941421 0 270 0
7.961421 0 270 0
7.981421 0 270 0
8.001421 0 270 0
8.021421 0 270 0
8.041421 0 270 0
8.061421 0 270 0
8.081421 0 270 0
8.101421 0 270 0
8.121421 0 270 0
8.141421 0 270 0
8.161421 0 270 0
8.181421 0 270 0
8.201421 0 270 0
8.221421 0 270 0
8.241421 0 270 0
8.261421 0 270 0
8.281421 0 270 0
8.301421 0 270 0
8.321421 0 270 0
8.341421 0 270 0
8.361421 0 270 0
8.381421 0 270 0
8.401421 0 270 0
8.421421 0 270 0
8.441421 0 270 0
8.461421 0 270 0
8.481421 0 270 0
8.501421 0 270 0
8.521421 0 270 0
8.541421 0 270 0
8.561421 0 270 0
8.581421 0 270 0
8.601421 0 270 0
8.621421 0 270 0
8.641421 0 270 0
8.661421 0 270 0
8.681421 0 270 0
8.701421 0 270 0
8.721421 0 270 0
8.741421 0 270 0
8.761421 0 270 0
8.781421 0 270 0
8.801421 0 270 0
8.821421 0 270 0
8.841421 359.55 272.25 0
8.861421 358.575 279.45 0
8.881421 357.075 292.2 0
8.901421 355.95 303.3 -4.279555E-07
8.921421 354.825 316.5 -3.214755E-07
8.941421 353.8499 330.525 -2.146789E-07
8.961421 353.5499 338.7 -1.181417E-06
8.981421 353.3249 340.8 -9.670506E-07
9.001421 353.1749 341.25 -9.673504E-07
9.021421 353.1749 341.25 -9.673504E-07
9.041421 353.1749 341.25 -9.673504E-07
9.061421 353.1749 341.475 -7.523836E-07
9.081421 353.1749 341.55 -1.934701E-06
9.101421 353.1749 341.55 -1.934701E-06
9.121421 353.1749 341.55 -1.934701E-06
9.141421 353.1749 341.55 -1.934701E-06
9.161421 353.1749 341.55 -1.934701E-06
9.181421 353.1749 341.55 -1.934701E-06
9.201421 353.1749 341.55 -1.934701E-06
9.221421 353.1749 341.55 -1.934701E-06
9.241421 353.1749 341.55 -1.934701E-06
9.261421 353.1749 341.325 -1.719734E-06
9.281421 353.4749 340.2 -1.611263E-06
9.301421 354.3749 335.625 -1.179619E-06
9.321421 355.5748 326.325 -1.177449E-06
9.341421 356.1748 316.8 -9.626398E-07
9.361421 356.7748 301.575 -1.282692E-06
9.381421 357.2247 288.225 -1.175317E-06
9.401421 357.5246 280.425 -1.388678E-06
9.421421 357.9746 269.4 -1.495038E-06
9.441421 358.4247 259.5 -1.334526E-06
9.461421 358.7997 254.55 -1.387687E-06
9.481421 359.2496 248.85 -1.334136E-06
9.501421 359.4746 245.325 -1.334078E-06
9.521421 359.6996 242.8499 -1.307359E-06
9.541421 359.6996 242.5499 -1.334039E-06
9.561421 359.6996 242.5499 -1.307359E-06
9.581421 359.6996 242.7749 -1.307359E-06
9.601421 359.6996 244.1999 -1.307359E-06
9.621421 359.6996 244.1999 -1.307359E-06
9.641421 359.6996 244.1999 -1.307359E-06
9.661421 359.6996 244.1999 -1.307359E-06
9.681421 359.6996 244.1999 -1.307359E-06
9.701421 359.6996 244.1999 -1.307359E-06
9.721421 359.6996 244.1999 -1.307359E-06
9.741421 359.6996 244.1999 -1.307359E-06
9.761421 359.6996 244.1999 -1.307359E-06
9.781421 359.6996 244.1999 -1.307359E-06
9.801421 359.6996 244.1999 -1.307359E-06
9.821421 359.6996 244.1999 -1.307359E-06
9.841421 359.6996 244.1999 -1.307359E-06
9.861421 359.6996 244.1999 -1.307359E-06
9.881421 359.6996 243.4499 -1.320699E-06
9.901421 359.6996 242.3999 -1.34738E-06
9.921421 359.6996 239.1749 -1.320699E-06
9.941421 359.6996 233.3249 -1.307359E-06
9.961421 359.6996 227.9999 -1.280678E-06
9.981421 359.6996 220.1999 -1.253997E-06
10.00142 359.6996 216.3749 -1.287348E-06
10.02142 359.6996 215.6249 -1.280678E-06
10.04142 359.6996 215.6249 -1.280678E-06
10.06142 359.6996 215.6249 -1.280678E-06
10.08142 359.6996 215.6249 -1.280678E-06
10.10142 359.6996 215.6249 -1.280678E-06
10.12142 359.6996 215.6249 -1.280678E-06
10.14142 359.6996 215.6249 -1.280678E-06
10.16142 359.6996 215.6249 -1.280678E-06
10.18142 359.6996 215.6249 -1.280678E-06
10.20142 359.6996 215.6249 -1.280678E-06
10.22142 359.6996 215.6249 -1.280678E-06
10.24142 359.6996 215.6249 -1.280678E-06
10.26142 359.6996 215.6249 -1.280678E-06
10.28142 359.6996 215.6249 -1.280678E-06
10.30142 359.6996 215.6249 -1.280678E-06
10.32142 359.6996 215.6249 -1.280678E-06
10.34142 359.6996 215.6249 -1.280678E-06
10.36142 359.6996 215.6249 -1.280678E-06
10.38142 359.6996 215.6249 -1.280678E-06
10.40142 359.6996 215.6249 -1.280678E-06
10.42142 359.6996 215.6249 -1.280678E-06
10.44142 359.6996 215.6249 -1.280678E-06
10.46142 359.6996 215.6249 -1.280678E-06
10.48142 359.6996 215.6249 -1.280678E-06
10.50142 359.6996 215.6249 -1.280678E-06
10.52142 359.6996 215.6249 -1.280678E-06
10.54142 359.6996 215.6249 -1.280678E-06
10.56142 359.6996 215.6249 -1.280678E-06
10.58142 359.6996 215.6249 -1.280678E-06
10.60142 359.6996 215.6249 -1.280678E-06
10.62142 359.6996 215.6249 -1.280678E-06
10.64142 359.6996 215.6249 -1.280678E-06
10.66142 359.6996 215.6249 -1.280678E-06
10.68142 359.6996 215.6249 -1.280678E-06
10.70142 359.6996 215.6249 -1.280678E-06
10.72142 359.6996 215.6249 -1.280678E-06
10.74142 359.6996 215.6249 -1.280678E-06
10.76142 359.6996 215.6249 -1.280678E-06
10.78142 359.6996 215.6249 -1.280678E-06
10.80142 359.6996 215.6249 -1.280678E-06
10.82142 359.6996 215.6249 -1.280678E-06
10.84142 359.6996 215.6249 -1.280678E-06
10.86142 359.6996 215.6249 -1.280678E-06
10.88142 359.6996 215.6249 -1.280678E-06
10.90142 359.6996 215.6249 -1.280678E-06
10.92142 359.6996 215.6249 -1.280678E-06
10.94142 359.6996 215.6249 -1.280678E-06
10.96142 359.6996 215.6249 -1.280678E-06
10.98142 359.6996 215.6249 -1.280678E-06
11.00142 359.6996 215.6249 -1.280678E-06
11.02142 359.6996 215.6249 -1.280678E-06
11.04142 359.6996 215.6249 -1.280678E-06
11.06142 359.6996 215.6249 -1.280678E-06
11.08142 359.6996 215.6249 -1.280678E-06
11.10142 359.6996 215.6249 -1.280678E-06
11.12142 359.6996 215.6249 -1.280678E-06
11.14142 359.6996 215.6249 -1.280678E-06
11.16142 359.6996 215.6249 -1.280678E-06
11.18142 359.6996 215.6249 -1.280678E-06
11.20142 359.6996 215.6249 -1.280678E-06
11.22142 359.6996 215.6249 -1.280678E-06
11.24142 359.6996 215.6249 -1.280678E-06
11.26142 359.6996 215.6249 -1.280678E-06
11.28142 359.6996 215.6249 -1.280678E-06
11.30142 359.6996 215.6249 -1.280678E-06
11.32142 359.6996 215.6249 -1.280678E-06
11.34142 359.6996 215.6249 -1.280678E-06
11.36142 359.6996 215.6249 -1.280678E-06
11.38142 359.6996 215.6249 -1.280678E-06
11.40142 359.6996 215.6249 -1.280678E-06
11.42142 359.6996 215.6249 -1.280678E-06
11.44142 359.6996 215.6249 -1.280678E-06
11.46142 359.6996 215.6249 -1.280678E-06
11.48142 359.6996 215.6249 -1.280678E-06
11.50142 359.6996 215.6249 -1.280678E-06
11.52142 359.6996 215.6249 -1.280678E-06
11.54142 359.6996 215.6249 -1.280678E-06
11.56142 359.6996 215.6249 -1.280678E-06
11.58142 359.6996 215.6249 -1.280678E-06
11.60142 359.6996 215.6249 -1.280678E-06
11.62142 359.6996 215.6249 -1.280678E-06
11.64142 359.6996 215.6249 -1.280678E-06
11.66142 359.6996 215.6249 -1.280678E-06
11.68142 359.6996 215.6249 -1.280678E-06
11.70142 359.6996 215.6249 -1.280678E-06
11.72142 359.6996 215.6249 -1.280678E-06
11.74142 359.6996 215.6249 -1.280678E-06
11.76142 359.6996 215.6249 -1.280678E-06
11.78142 359.6996 215.6249 -1.280678E-06
11.80142 359.6996 215.6249 -1.280678E-06
11.82142 359.6996 215.6249 -1.280678E-06
11.84142 359.6996 215.6249 -1.280678E-06
11.86142 359.6996 215.6249 -1.280678E-06
11.88142 359.6996 215.6249 -1.280678E-06
11.90142 359.6996 215.6249 -1.280678E-06
11.92142 359.6996 215.6249 -1.280678E-06
11.94142 359.6996 215.6249 -1.280678E-06
11.96142 359.6996 215.6249 -1.280678E-06
11.98142 359.6996 215.6249 -1.280678E-06
12.00142 359.6996 215.6249 -1.280678E-06
12.02142 359.6996 215.6249 -1.280678E-06
12.04142 359.6996 215.6249 -1.280678E-06
12.06142 359.6996 215.6249 -1.280678E-06
12.08142 359.6996 215.6249 -1.280678E-06
12.10142 359.6996 215.6249 -1.280678E-06
12.12142 359.6996 215.6249 -1.280678E-06
12.14142 359.6996 215.6249 -1.280678E-06
12.16142 359.6996 215.6249 -1.280678E-06
12.18142 359.6996 215.6249 -1.280678E-06
12.20142 359.6996 215.6249 -1.280678E-06
12.22142 359.6996 215.6249 -1.280678E-06
12.24142 359.6996 215.6249 -1.280678E-06
12.26142 359.6996 215.6249 -1.280678E-06
12.28142 359.6996 215.6249 -1.280678E-06
12.30142 359.6996 215.6249 -1.280678E-06
12.32142 359.6996 215.6249 -1.280678E-06
12.34142 359.6996 215.6249 -1.280678E-06
12.36142 359.6996 215.6249 -1.280678E-06
12.38142 359.6996 215.6249 -1.280678E-06
12.40142 359.6996 215.6249 -1.280678E-06
12.42142 359.6996 215.6249 -1.280678E-06
12.44142 359.6996 215.6249 -1.280678E-06
12.46142 359.6996 215.6249 -1.280678E-06
12.48142 359.6996 215.6249 -1.280678E-06
12.50142 359.6996 215.6249 -1.280678E-06
12.52142 359.6996 215.6249 -1.280678E-06
12.54142 359.6996 215.6249 -1.280678E-06
12.56142 359.6996 215.6249 -1.280678E-06
12.58142 359.6996 215.6249 -1.280678E-06
12.60142 359.6996 215.6249 -1.280678E-06
12.62142 359.6996 215.6249 -1.280678E-06
12.64142 359.6996 215.6249 -1.280678E-06
12.66142 359.6996 215.6249 -1.280678E-06
12.68142 359.6996 215.6249 -1.280678E-06
12.70142 359.6996 215.6249 -1.280678E-06
12.72142 359.6996 215.6249 -1.280678E-06
12.74142 359.6996 215.6249 -1.280678E-06
12.76142 359.6996 215.6249 -1.280678E-06
12.78142 359.6996 215.6249 -1.280678E-06
12.80142 359.6996 215.6249 -1.280678E-06
12.82142 359.6996 215.6249 -1.280678E-06
12.84142 359.6996 215.6249 -1.280678E-06
12.86142 359.6996 215.6249 -1.280678E-06
12.88142 359.6996 215.6249 -1.280678E-06
12.90142 359.6996 215.6249 -1.280678E-06
12.92142 359.6996 215.6249 -1.280678E-06
12.94142 359.6996 215.6249 -1.280678E-06
12.96142 359.6996 215.6249 -1.280678E-06
12.98142 359.6996 215.6249 -1.280678E-06
13.00142 359.6996 215.6249 -1.280678E-06
13.02142 359.6996 215.6249 -1.280678E-06
13.04142 359.6996 215.6249 -1.280678E-06
13.06142 359.6996 215.6249 -1.280678E-06
13.08142 359.6996 215.6249 -1.280678E-06
13.10142 359.6996 215.6249 -1.280678E-06
13.12142 359.6996 215.6249 -1.280678E-06
13.14142 359.6996 215.6249 -1.280678E-06
13.16142 359.6996 215.6249 -1.280678E-06
13.18142 359.6996 215.6249 -1.280678E-06
13.20142 359.6996 215.6249 -1.280678E-06
13.22142 359.6996 215.6249 -1.280678E-06
13.24142 359.6996 215.6249 -1.280678E-06
13.26142 359.6996 215.6249 -1.280678E-06
13.28142 359.6996 215.6249 -1.280678E-06
13.30142 359.6996 215.6249 -1.280678E-06
13.32142 359.6996 215.6249 -1.280678E-06
13.34142 359.6996 215.6249 -1.280678E-06
13.36142 359.6996 215.6249 -1.280678E-06
13.38142 359.6996 215.6249 -1.280678E-06
13.40142 359.6996 215.6249 -1.280678E-06
13.42142 359.6996 215.6249 -1.280678E-06
13.44142 359.6996 215.6249 -1.280678E-06
13.46142 359.6996 215.6249 -1.280678E-06
13.48142 359.6996 215.6249 -1.280678E-06
13.50142 359.6996 215.6249 -1.280678E-06
13.52142 359.6996 215.6249 -1.280678E-06
13.54142 359.6996 215.6249 -1.280678E-06
13.56142 359.6996 215.6249 -1.280678E-06
13.58142 359.6996 215.6249 -1.280678E-06
13.60142 359.6996 215.6249 -1.280678E-06
13.62142 359.6996 215.6249 -1.280678E-06
13.64142 359.6996 215.6249 -1.280678E-06
13.66142 359.6996 215.6249 -1.280678E-06
13.68142 359.6996 215.6249 -1.280678E-06
13.70142 359.6996 215.6249 -1.280678E-06
13.72142 359.6996 215.6249 -1.280678E-06
13.74142 359.6996 215.6249 -1.280678E-06
13.76142 359.6996 215.6249 -1.280678E-06
13.78142 359.6996 215.6249 -1.280678E-06
13.80142 359.6996 215.6249 -1.280678E-06
13.82142 359.6996 215.6249 -1.280678E-06
13.84142 359.6996 215.6249 -1.280678E-06
13.86142 359.6996 215.6249 -1.280678E-06
13.88142 359.6996 215.6249 -1.280678E-06
13.90142 359.6996 215.6249 -1.280678E-06
13.92142 359.6996 215.6249 -1.280678E-06
13.94142 359.6996 215.6249 -1.280678E-06
13.96142 359.6996 215.6249 -1.280678E-06
13.98142 359.6996 215.6249 -1.280678E-06
14.00142 359.6996 215.6249 -1.280678E-06
14.02142 359.6996 215.6249 -1.280678E-06
14.04142 359.6996 215.6249 -1.280678E-06
14.06142 359.6996 215.6249 -1.280678E-06
14.08142 359.6996 215.6249 -1.280678E-06
14.10142 359.6996 215.6249 -1.280678E-06
14.12142 359.6996 215.6249 -1.280678E-06
14.14142 359.6996 215.6249 -1.280678E-06
14.16142 359.6996 215.6249 -1.280678E-06
14.18142 359.6996 215.6249 -1.280678E-06
14.20142 359.6996 215.6249 -1.280678E-06
14.22142 359.6996 215.6249 -1.280678E-06
14.24142 359.6996 215.6249 -1.280678E-06
14.26142 359.6996 215.6249 -1.280678E-06
