1.493452 0 270 0
1.772007 0 270 0
1.872006 0 270 0
1.972006 0 270 0
2.072006 0 270 0
2.172006 0 270 0
2.272007 0 270 0
2.372006 0 270 0
2.472007 0 270 0
2.572006 0 270 0
2.672006 0 270 0
2.772007 0 270 0
2.872006 0 270 0
2.972007 0 270 0
3.072006 0 270 0
3.172006 0 270 0
3.272007 0 270 0
3.372006 0 270 0
3.472007 0 270 0
3.572006 0 270 0
3.672006 0 270 0
3.772007 0 270 0
3.872006 0 270 0
3.972007 0 270 0
4.072007 0 270 0
4.172007 0 270 0
4.272007 0 270 0
4.372006 0 270 0
4.472006 0 270 0
4.572007 0 270 0
4.672007 0 270 0
4.772007 0 270 0
4.872006 0 270 0
4.972006 0 270 0
5.072007 0 270 0
5.172007 0 270 0
5.272007 0 270 0
5.372006 0 270 0
5.472006 0 270 0
5.572007 0 270 0
5.672007 0 270 0
5.772007 0 270 0
5.872006 0 270 0
5.972006 0 270 0
6.072007 0 270 0
6.172007 0 270 0
6.272007 0 270 0
6.372006 0 270 0
6.472006 1.35 285.975 0
6.572007 8.925006 350.775 -2.700742E-07
6.672007 9.900013 2.549987 -7.312604E-07
6.772007 9.900013 2.549987 -7.312604E-07
6.872006 9.900013 2.549987 -7.312604E-07
6.972006 9.900013 2.549987 -7.312604E-07
7.072007 9.900013 2.549987 -7.312604E-07
7.172007 9.900013 2.549987 -7.312604E-07
7.272007 9.900013 2.549987 -7.312604E-07
7.372006 9.900013 2.549987 -7.312604E-07
7.472006 10.09785 7.546054 -1.409211E-06
7.572007 10.61222 20.53586 -1.085788E-06
7.672007 11.12659 33.52565 -1.957791E-06
7.772007 11.64095 46.51553 -3.050962E-06
7.872006 12.19489 60.50463 -3.930677E-06
7.972006 12.81943 74.49032 -3.940194E-06
8.072006 13.64291 88.38969 8.785627E-07
8.172007 13.64291 88.38969 8.785627E-07
8.272007 13.64291 88.38969 8.785627E-07
8.372006 13.64291 88.38969 8.785627E-07
8.472007 13.64291 88.38969 8.785627E-07
8.572006 13.64291 88.38969 8.785627E-07
8.672007 13.64291 88.38969 8.785627E-07
8.772007 13.64291 88.38969 8.785627E-07
8.872006 13.64291 88.38969 8.785627E-07
8.972007 13.64291 88.38969 8.785627E-07
9.072006 13.64291 88.38969 8.785627E-07
9.172007 13.64291 88.38969 8.785627E-07
9.272007 13.64291 88.38969 8.785627E-07
9.372006 13.64291 88.38969 8.785627E-07
9.472007 13.64291 88.38969 8.785627E-07
9.572006 13.64291 88.38969 8.785627E-07
9.672007 13.64291 88.38969 8.785627E-07
9.772007 13.64291 88.38969 8.785627E-07
9.872006 13.64291 88.38969 8.785627E-07
9.972007 13.64291 88.38969 8.785627E-07
10.07201 13.70337 85.39028 0
10.17201 13.9088 72.39196 -8.795628E-07
10.27201 14.00459 59.3924 4.399642E-07
10.37201 14.04132 47.39247 -4.400346E-07
10.47201 14.08686 34.39254 2.200611E-06
10.57201 14.15356 20.39263 6.163516E-06
10.67201 14.20448 7.392711 7.706126E-06
10.77201 14.18746 353.3928 1.106296E-05
10.87201 14.06693 339.3934 1.408268E-05
10.97201 13.86027 326.3951 1.538913E-05
11.07201 13.50446 313.4001 1.58049E-05
11.17201 12.95853 300.4118 1.533149E-05
11.27201 12.08478 286.4392 1.484309E-05
11.37201 11.41335 280.7965 -1.306496E-06
11.47201 11.41335 280.7965 -1.306496E-06
11.57201 11.41335 280.7965 -1.306496E-06
11.67201 11.41335 280.7965 -1.306496E-06
11.77201 11.41335 280.7965 -1.306496E-06
11.87201 11.41335 280.7965 -1.306496E-06
11.97201 11.41335 280.7965 -1.306496E-06
12.07201 11.41335 280.7965 -1.306496E-06
12.17201 11.41335 280.7965 -1.306496E-06
12.27201 11.41335 280.7965 -1.306496E-06
12.37201 11.41335 280.7965 -1.306496E-06
12.47201 11.41335 280.7965 -1.306496E-06
12.57201 11.41335 280.7965 -1.306496E-06
12.67201 11.41335 280.7965 -1.306496E-06
12.77201 11.41335 280.7965 -1.306496E-06
12.87201 11.41335 280.7965 -1.306496E-06
12.97201 11.41335 280.7965 -1.306496E-06
13.07201 11.41335 280.7965 -1.306496E-06
13.17201 11.41335 280.7965 -1.306496E-06
13.27201 11.41335 280.7965 -1.306496E-06
13.37201 11.41335 280.7965 -1.306496E-06
13.47201 11.41335 280.7965 -1.306496E-06
13.57201 11.41335 280.7965 -1.306496E-06
13.67201 11.41335 280.7965 -1.306496E-06
13.77201 11.41335 280.7965 -1.306496E-06
13.87201 11.41335 280.7965 -1.306496E-06
13.97201 10.88837 292.3466 1.304139E-06
14.07201 10.88837 296.6965 0
14.17201 10.88837 300.5215 4.34713E-07
14.27201 11.33838 295.3465 4.353842E-07
14.37201 11.56338 275.9215 1.307192E-06
14.47201 12.01338 267.0715 0
14.57201 12.31339 257.1715 1.310815E-06
14.67201 12.0884 249.2965 -4.365673E-07
14.77201 9.463402 242.9964 4.327766E-07
14.87201 7.138408 238.4964 -2.151107E-07
14.97201 5.563411 235.8714 -4.289072E-07
15.07201 5.113417 234.5963 -1.285777E-06
15.17201 5.263422 233.0213 -1.286083E-06
15.27201 5.263422 233.0213 -1.071736E-06
15.37201 6.688425 235.4962 -1.934154E-06
15.47201 7.813428 242.0962 -8.617742E-07
15.57201 8.638427 246.4462 -8.635702E-07
15.67201 9.088432 249.2962 -2.161571E-06
15.77201 9.08843 249.2962 -4.323142E-06
15.87201 9.08843 249.2962 -6.917028E-06
15.97201 8.413437 249.2961 -9.493681E-06
16.07201 7.513445 249.2961 -1.011872E-05
16.17201 7.363458 249.2961 -1.076091E-05
16.27201 7.363464 249.2961 -1.162179E-05
16.37201 7.363464 249.2961 -1.162179E-05
16.47201 7.363464 249.2961 -1.162179E-05
16.57201 7.363464 249.2961 -1.162179E-05
16.67201 7.363464 249.2961 -1.162179E-05
16.77201 7.363464 249.2961 -1.162179E-05
16.87201 7.363464 249.2961 -1.162179E-05
16.97201 7.363464 249.2961 -1.162179E-05
17.07201 7.363464 249.2961 -1.162179E-05
17.17201 7.363464 249.2961 -1.162179E-05
17.27201 7.363464 249.2961 -1.162179E-05
17.37201 7.363464 249.2961 -1.162179E-05
17.47201 7.363464 249.2961 -1.162179E-05
17.57201 7.363464 249.2961 -1.162179E-05
17.67201 7.363464 249.2961 -1.162179E-05
17.77201 7.363464 249.2961 -1.162179E-05
17.87201 7.363464 249.2961 -1.162179E-05
17.97201 7.363464 249.2961 -1.162179E-05
18.07201 7.363464 249.2961 -1.162179E-05
18.17201 7.363464 249.2961 -1.162179E-05
18.27201 7.363464 249.2961 -1.162179E-05
18.37201 7.363464 249.2961 -1.162179E-05
18.47201 7.363464 249.2961 -1.162179E-05
18.57201 7.363464 249.2961 -1.162179E-05
18.67201 7.363464 249.2961 -1.162179E-05
18.77201 7.363464 249.2961 -1.162179E-05
18.87201 7.363464 249.2961 -1.162179E-05
18.97201 7.363464 249.2961 -1.162179E-05
19.07201 7.363464 249.2961 -1.162179E-05
19.17201 7.363464 249.2961 -1.162179E-05
19.27201 7.363464 249.2961 -1.162179E-05
19.37201 7.363464 249.2961 -1.162179E-05
19.47201 7.363464 249.2961 -1.162179E-05
19.57201 7.363464 249.2961 -1.162179E-05
19.67201 7.363464 249.2961 -1.162179E-05
19.77201 7.363464 249.2961 -1.162179E-05
19.87201 7.363464 249.2961 -1.162179E-05
19.97201 7.363464 249.2961 -1.162179E-05
20.07201 7.363464 249.2961 -1.162179E-05
20.17201 7.363464 249.2961 -1.162179E-05
20.27201 7.363464 249.2961 -1.162179E-05
20.37201 7.363464 249.2961 -1.162179E-05
20.47201 7.363464 249.2961 -1.162179E-05
20.57201 7.363464 249.2961 -1.162179E-05
20.67201 7.363464 249.2961 -1.162179E-05
20.77201 7.363464 249.2961 -1.162179E-05
20.87201 7.363468 256.271 -1.226744E-05
20.97201 7.36348 264.371 -1.29131E-05
21.07201 7.363487 271.3461 -1.205222E-05
21.17201 7.363491 275.2461 -1.205223E-05
21.27201 7.363491 276.071 -1.205222E-05
21.37201 7.363491 276.071 -1.205222E-05
21.47201 7.363491 276.071 -1.205222E-05
21.57201 7.363491 276.071 -1.205222E-05
21.67201 7.363491 276.071 -1.205222E-05
21.77201 7.363491 276.071 -1.205222E-05
21.87201 7.363491 276.071 -1.205222E-05
21.97201 7.363491 276.071 -1.205222E-05
22.07201 7.363491 276.071 -1.205222E-05
22.17201 7.363491 276.071 -1.205222E-05
22.27201 7.363491 276.071 -1.205222E-05
22.37201 7.363491 276.071 -1.205222E-05
22.47201 7.363491 276.071 -1.205222E-05
22.57201 7.363491 276.071 -1.205222E-05
22.67201 7.363491 276.071 -1.205222E-05
22.77201 5.188493 277.0461 -1.221633E-05
22.87201 2.263495 278.1711 -1.238939E-05
22.97201 0.4634963 278.8461 -1.222004E-05
23.07201 359.0384 278.9961 -1.222135E-05
23.17201 358.8884 278.9961 -1.243542E-05
23.27201 358.8884 278.9961 -1.259553E-05
23.37201 358.8884 278.9961 -1.26489E-05
23.47201 358.8884 278.9961 -1.275564E-05
23.57201 358.8884 278.9961 -1.275564E-05
23.67201 358.8134 282.446 -1.280935E-05
23.77201 358.8134 283.6461 -1.275598E-05
23.87201 358.2884 286.9461 -1.275894E-05
23.97201 357.9883 288.4461 -1.324165E-05
24.07201 357.9883 288.4461 -1.324165E-05
24.17201 357.9883 288.4461 -1.324165E-05
24.27201 357.9883 288.4461 -1.324165E-05
24.37201 357.9883 288.4461 -1.324165E-05
24.47201 357.9883 288.4461 -1.324165E-05
24.57201 357.9883 288.4461 -1.324165E-05
24.67201 357.9883 288.4461 -1.324165E-05
24.77201 357.9883 288.4461 -1.324165E-05
24.87201 357.9883 288.4461 -1.324165E-05
24.97201 357.9883 288.4461 -1.324165E-05
25.07201 357.9883 288.4461 -1.324165E-05
25.17201 357.9883 288.4461 -1.324165E-05
25.27201 357.9883 288.4461 -1.324165E-05
25.37201 357.9883 288.4461 -1.324165E-05
25.47201 357.9883 288.4461 -1.324165E-05
25.57201 357.9883 288.4461 -1.324165E-05
25.67201 357.9883 288.4461 -1.324165E-05
25.77201 357.9883 288.4461 -1.324165E-05
25.87201 357.9883 288.4461 -1.324165E-05
25.97201 357.9883 288.4461 -1.324165E-05
26.07201 357.9883 288.4461 -1.324165E-05
26.17201 357.9883 288.4461 -1.324165E-05
26.27201 357.9883 288.4461 -1.324165E-05
26.37201 357.9883 288.4461 -1.324165E-05
26.47201 357.9883 288.4461 -1.324165E-05
26.57201 357.9883 288.4461 -1.324165E-05
26.67201 357.9883 288.4461 -1.324165E-05
26.77201 357.9883 288.4461 -1.324165E-05
26.87201 357.9883 288.4461 -1.324165E-05
26.97201 357.9883 288.4461 -1.324165E-05
27.07201 357.9883 288.4461 -1.324165E-05
27.17201 357.9883 288.4461 -1.324165E-05
27.27201 357.9883 288.4461 -1.324165E-05
27.37201 357.9883 288.4461 -1.324165E-05
27.47201 357.9883 288.4461 -1.324165E-05
27.57201 357.9883 288.4461 -1.324165E-05
27.67201 357.9883 288.4461 -1.324165E-05
27.77201 357.9883 288.4461 -1.324165E-05
27.87201 357.9883 288.4461 -1.324165E-05
27.97201 357.9883 288.4461 -1.324165E-05
28.07201 357.9883 288.4461 -1.324165E-05
28.17201 357.9883 288.4461 -1.324165E-05
28.27201 357.9883 288.4461 -1.324165E-05
28.37201 357.9883 288.4461 -1.324165E-05
28.47201 357.9883 288.4461 -1.324165E-05
28.57201 357.9883 288.4461 -1.324165E-05
28.67201 357.9883 288.4461 -1.324165E-05
28.77201 357.9883 288.4461 -1.324165E-05
28.87201 357.9883 288.4461 -1.324165E-05
28.97201 357.9883 288.4461 -1.324165E-05
29.07201 357.9883 288.4461 -1.324165E-05
29.17201 357.9883 288.4461 -1.324165E-05
29.27201 357.9883 288.4461 -1.324165E-05
29.37201 357.9883 288.4461 -1.324165E-05
29.47201 357.9883 288.4461 -1.324165E-05
29.57201 357.9883 288.4461 -1.324165E-05
29.67201 357.9883 288.4461 -1.324165E-05
29.77201 357.9883 288.4461 -1.324165E-05
29.87201 357.9883 288.4461 -1.324165E-05
29.97201 357.9883 288.4461 -1.324165E-05
30.07201 357.9883 288.4461 -1.324165E-05
30.17201 357.9883 288.4461 -1.324165E-05
30.27201 357.9883 288.4461 -1.324165E-05
30.37201 357.9883 288.4461 -1.324165E-05
30.47201 357.9883 288.4461 -1.324165E-05
30.57201 357.9883 288.4461 -1.324165E-05
30.67201 357.9883 288.4461 -1.324165E-05
30.77201 357.9883 288.4461 -1.324165E-05
30.87201 357.9883 288.4461 -1.324165E-05
30.97201 357.9883 288.4461 -1.324165E-05
31.07201 357.9883 288.4461 -1.324165E-05
31.17201 357.9883 288.4461 -1.324165E-05
31.27201 357.9883 288.4461 -1.324165E-05
31.37201 357.9883 288.4461 -1.324165E-05
31.47201 357.9883 288.4461 -1.324165E-05
31.57201 357.9883 288.4461 -1.324165E-05
31.67201 357.9883 288.4461 -1.324165E-05
31.77201 357.9883 288.4461 -1.324165E-05
31.87201 357.9883 288.4461 -1.324165E-05
31.97201 357.9883 288.4461 -1.324165E-05
32.07201 357.9883 288.4461 -1.324165E-05
32.17201 357.9883 288.4461 -1.324165E-05
32.27201 357.9883 288.4461 -1.324165E-05
32.37201 357.9883 288.4461 -1.324165E-05
32.47201 357.9883 288.4461 -1.324165E-05
32.57201 357.9883 288.4461 -1.324165E-05
32.67201 357.9883 288.5961 -1.292129E-05
32.77201 357.9883 288.6711 -1.356201E-05
32.87201 357.6883 290.9961 -1.36715E-05
32.97201 357.5383 293.9961 -1.377982E-05
33.07201 357.5383 295.9461 -1.388664E-05
33.17201 357.5383 297.8961 -1.356618E-05
33.27201 357.5383 298.5711 -1.356618E-05
33.37201 357.5383 298.5711 -1.260479E-05
33.47201 357.5383 298.5711 -1.260479E-05
33.57201 357.5383 298.5711 -1.260479E-05
33.67201 357.5383 298.5711 -1.260479E-05
33.77201 357.5383 298.5711 -1.260479E-05
33.87201 357.5383 298.5711 -1.260479E-05
33.97201 357.5383 301.2711 -1.271162E-05
34.07201 357.5383 317.4711 -1.260479E-05
34.17201 357.5383 327.4461 -1.292525E-05
34.27201 356.9381 334.2712 -1.314554E-05
34.37201 356.113 339.2212 -1.283613E-05
34.47201 355.963 340.0462 -1.267798E-05
34.57201 355.963 340.0462 -1.267798E-05
34.67201 355.963 340.0462 -1.267798E-05
34.77201 355.963 340.0462 -1.267798E-05
34.87201 355.963 340.0462 -1.267798E-05
34.97201 355.963 340.0462 -1.267798E-05
35.07201 355.963 340.0462 -1.267798E-05
35.17201 355.963 340.0462 -1.267798E-05
35.27201 355.963 340.0462 -1.267798E-05
35.37201 355.963 340.0462 -1.267798E-05
35.47201 355.963 340.0462 -1.267798E-05
35.57201 355.963 340.0462 -1.267798E-05
35.67201 355.963 340.0462 -1.267798E-05
35.77201 355.963 340.0462 -1.267798E-05
35.87201 355.6629 337.1962 -1.321798E-05
35.97201 355.4379 321.3712 -1.274025E-05
36.07201 355.8879 309.7462 -1.348164E-05
36.17201 355.8879 303.6712 -1.433762E-05
36.27201 355.8129 301.4962 -1.647913E-05
36.37201 355.8129 301.4962 -1.990336E-05
36.47201 355.8129 301.4962 -2.300657E-05
36.57201 355.7379 302.7712 -2.589827E-05
36.67201 355.2128 315.2962 -2.688092E-05
36.77201 354.6127 332.2462 -2.67988E-05
36.87201 353.8625 343.1963 -2.806861E-05
36.97201 353.7875 344.3213 -2.796523E-05
37.07201 353.7875 344.3213 -2.796523E-05
37.17201 353.7875 344.3213 -2.796523E-05
37.27201 353.7875 344.3213 -2.796523E-05
37.37201 353.7875 344.3213 -2.796523E-05
37.47201 353.7875 344.3213 -2.796523E-05
37.57201 353.7875 344.3213 -2.796523E-05
37.67201 353.7875 344.3213 -2.796523E-05
37.77201 353.7875 344.3213 -2.796523E-05
37.87201 353.7875 344.3213 -2.796523E-05
37.97201 353.7875 344.3213 -2.796523E-05
38.07201 353.5625 7.946319 -2.82996E-05
38.17201 352.2874 35.54631 -2.929329E-05
38.27201 351.2374 47.54628 -2.677955E-05
38.37201 351.2374 47.54628 -2.548377E-05
38.47201 351.2374 47.54628 -2.548377E-05
38.57201 351.2374 47.54628 -2.548377E-05
38.67201 351.2374 47.54628 -2.548377E-05
38.77201 351.2374 47.54628 -2.548377E-05
38.87201 351.2374 47.54628 -2.548377E-05
38.97201 351.2374 47.54628 -2.548377E-05
39.07201 351.2374 47.54628 -2.548377E-05
39.17201 351.2374 47.54628 -2.548377E-05
39.27201 351.2374 47.54628 -2.548377E-05
39.37201 351.2374 47.24629 -2.505184E-05
39.47201 351.2374 47.24629 -2.505184E-05
39.57201 351.2374 47.24629 -2.505184E-05
39.67201 351.2374 47.24629 -2.505184E-05
39.77201 351.2374 47.24629 -2.505184E-05
39.87201 351.2374 47.24629 -2.505184E-05
39.97201 351.2374 47.24629 -2.505184E-05
40.07201 351.2374 47.24629 -2.505184E-05
40.17201 351.2374 47.24629 -2.505184E-05
40.27201 351.2374 56.24629 -2.418798E-05
40.37201 351.2374 59.99629 -2.289219E-05
40.47201 351.2374 62.24627 -2.375605E-05
40.57201 351.2374 66.29625 -2.375605E-05
40.67201 351.2374 72.44624 -2.246027E-05
40.77201 351.2374 74.02124 -2.332413E-05
40.87201 351.2374 74.24622 -2.246027E-05
40.97201 351.2374 75.0712 -2.375605E-05
41.07201 351.2374 75.0712 -2.116448E-05
41.17201 351.2374 75.0712 -1.857291E-05
41.27201 351.2374 75.0712 -1.68452E-05
41.37201 351.2374 75.0712 -1.425363E-05
41.47201 351.2374 75.0712 -1.123013E-05
41.57201 351.2374 75.0712 -9.502421E-06
41.67201 351.2374 75.0712 -7.774708E-06
41.77201 351.2374 75.0712 -6.478923E-06
41.87201 351.2374 75.0712 -4.75121E-06
41.97201 351.2374 74.69621 -4.751211E-06
42.07201 351.2374 74.39622 -4.319282E-06
42.17201 351.2374 74.39622 -4.319282E-06
42.27201 351.2374 74.39622 -4.319282E-06
42.37201 351.2374 74.39622 -4.319282E-06
42.47201 351.2374 74.39622 -4.319282E-06
42.57201 351.2374 74.17123 -4.319282E-06
42.67201 351.2374 73.42125 -4.319283E-06
42.77201 351.2374 72.37126 -4.319283E-06
42.87201 351.2374 72.37126 -4.319283E-06
42.97201 351.2374 72.37126 -4.319283E-06
43.07201 351.2374 72.37126 -4.319283E-06
43.17201 351.2374 72.37126 -4.319283E-06
43.27201 351.2374 72.37126 -4.319283E-06
43.37201 351.2374 72.37126 -4.319283E-06
43.47201 351.2374 72.37126 -4.319283E-06
43.57201 351.2374 72.37126 -4.319283E-06
43.67201 351.2374 72.37126 -4.319283E-06
43.77201 351.2374 72.37126 -4.319283E-06
43.87201 351.2374 72.37126 -4.319283E-06
43.97201 351.2374 72.37126 -4.319283E-06
44.07201 351.2374 72.37126 -4.319283E-06
44.17201 351.2374 72.37126 -4.319283E-06
44.27201 351.2374 72.37126 -4.319283E-06
44.37201 351.2374 72.37126 -4.319283E-06
44.47201 351.2374 72.37126 -4.319283E-06
44.57201 351.2374 72.37126 -4.319283E-06
44.67201 351.2374 72.37126 -4.319283E-06
44.77201 351.2374 72.37126 -4.319283E-06
44.87201 351.2374 72.37126 -4.319283E-06
44.97201 351.2374 72.37126 -4.319283E-06
45.07201 351.2374 72.37126 -4.319283E-06
45.17201 351.2374 72.37126 -4.319283E-06
45.27201 351.2374 72.37126 -4.319283E-06
45.37201 351.2374 72.37126 -4.319283E-06
45.47201 351.2374 72.37126 -4.319283E-06
45.57201 351.2374 72.37126 -4.319283E-06
45.67201 351.2374 72.37126 -4.319283E-06
45.77201 351.2374 72.37126 -4.319283E-06
45.87201 351.2374 72.37126 -4.319283E-06
45.97201 351.2374 72.37126 -4.319283E-06
46.07201 351.2374 72.37126 -4.319283E-06
46.17201 351.2374 72.37126 -4.319283E-06
46.27201 351.1624 71.62128 -6.480237E-06
46.37201 351.1624 71.62128 -8.2083E-06
46.47201 351.1624 71.62128 -1.08004E-05
46.57201 351.1624 71.62128 -1.252846E-05
46.67201 351.1624 71.62128 -1.339249E-05
46.77201 351.1624 71.62128 -1.339249E-05
46.87201 351.1624 71.62128 -1.339249E-05
46.97201 351.1624 71.62128 -1.339249E-05
47.07201 351.1624 71.62128 -1.339249E-05
47.17201 351.1624 71.62128 -1.339249E-05
47.27201 351.1624 71.62128 -1.339249E-05
47.37201 351.1624 71.62128 -1.339249E-05
47.47201 351.1624 71.62128 -1.339249E-05
47.57201 351.1624 71.62128 -1.339249E-05
47.67201 351.1624 71.62128 -1.339249E-05
47.77201 351.1624 71.62128 -1.339249E-05
47.87201 351.1624 71.62128 -1.339249E-05
47.97201 351.1624 71.62128 -1.339249E-05
48.07201 351.1624 71.62128 -1.339249E-05
48.17201 351.1624 71.62128 -1.339249E-05
48.27201 351.1624 71.62128 -1.339249E-05
48.37201 351.1624 71.62128 -1.339249E-05
48.47201 351.1624 71.62128 -1.339249E-05
48.57201 351.1624 71.62128 -1.339249E-05
48.67201 351.1624 71.62128 -1.339249E-05
48.77201 351.1624 71.62128 -1.339249E-05
48.87201 351.1624 71.62128 -1.339249E-05
48.97201 351.1624 71.62128 -1.339249E-05
49.07201 351.1624 71.62128 -1.339249E-05
49.17201 351.1624 71.62128 -1.339249E-05
49.27201 351.1624 71.62128 -1.339249E-05
49.37201 351.1624 71.62128 -1.339249E-05
49.47201 351.1624 71.62128 -1.339249E-05
49.57201 351.1624 71.62128 -1.339249E-05
49.67201 351.1624 71.47129 -1.252846E-05
49.77201 351.1624 71.24629 -1.209644E-05
49.87201 351.1624 71.09629 -1.080039E-05
49.97201 351.1624 70.1213 -9.072333E-06
50.07201 351.1624 69.22133 -8.2083E-06
50.17201 351.1624 68.84634 -7.344269E-06
50.27201 351.1624 68.69635 -7.344269E-06
50.37201 351.1624 68.69635 -7.344269E-06
50.47201 351.1624 68.69635 -7.344269E-06
50.57201 351.1624 68.69635 -7.344269E-06
50.67201 351.1624 68.69635 -7.344269E-06
50.77201 352.0623 60.97134 -6.896262E-06
50.87201 354.4623 18.14637 -6.59416E-06
50.97201 354.6873 9.746371 -6.430927E-06
51.07201 354.6873 9.746371 -6.430927E-06
51.17201 354.6873 9.746371 -6.430927E-06
51.27201 354.6873 9.746371 -6.430927E-06
51.37201 354.6873 354.7464 -6.404133E-06
51.47201 354.7623 330.3714 -6.43015E-06
51.57201 354.7623 326.9964 -6.43015E-06
51.67201 354.7623 326.9964 -6.43015E-06
51.77201 354.7623 326.9964 -6.43015E-06
51.87201 354.7623 326.9964 -6.43015E-06
51.97201 354.7623 326.9964 -6.43015E-06
52.07201 354.7623 326.9964 -6.43015E-06
52.17201 354.7623 326.9964 -6.43015E-06
52.27201 354.7623 326.9964 -6.43015E-06
52.37201 354.7623 326.9964 -6.43015E-06
52.47201 354.7623 326.9964 -6.43015E-06
52.57201 354.7623 326.9964 -6.43015E-06
52.67201 354.7623 326.9964 -6.43015E-06
52.77201 354.7623 326.9964 -6.43015E-06
52.87201 354.7623 326.9964 -6.43015E-06
52.97201 354.7623 326.9964 -6.43015E-06
53.07201 354.7623 326.9964 -6.43015E-06
53.17201 354.7623 326.9964 -6.43015E-06
53.27201 354.7623 326.9964 -6.43015E-06
53.37201 354.7623 326.9964 -6.43015E-06
53.47201 354.7623 326.9964 -6.43015E-06
53.57201 354.7623 326.9964 -6.43015E-06
53.67201 354.7623 326.9964 -6.43015E-06
53.77201 354.7623 326.9964 -6.43015E-06
53.87201 354.7623 326.9964 -6.43015E-06
53.97201 354.7623 326.9964 -6.43015E-06
54.07201 354.7623 326.9964 -6.43015E-06
54.17201 354.7623 322.9464 -6.858827E-06
54.27201 354.7623 322.3464 -7.073166E-06
54.37201 354.7623 322.3464 -7.073166E-06
54.47201 354.7623 322.3464 -7.073166E-06
54.57201 354.7623 322.3464 -7.073166E-06
54.67201 354.7623 322.3464 -7.073166E-06
54.77201 354.7623 322.3464 -7.073166E-06
54.87201 354.7623 322.3464 -7.073166E-06
54.97201 354.7623 322.3464 -7.073166E-06
55.07201 354.7623 322.3464 -7.073166E-06
55.17201 354.7623 322.3464 -7.073166E-06
55.27201 354.7623 322.3464 -7.073166E-06
55.37201 354.7623 322.3464 -7.073166E-06
55.47201 354.7623 322.3464 -7.073166E-06
55.57201 354.7623 322.3464 -7.073166E-06
55.67201 354.7623 322.3464 -7.073166E-06
55.77201 354.7623 322.3464 -7.073166E-06
55.87201 354.7623 322.3464 -7.073166E-06
55.97201 354.7623 322.3464 -7.073166E-06
56.07201 354.7623 322.3464 -7.073166E-06
56.17201 354.7623 322.3464 -7.073166E-06
56.27201 354.7623 322.3464 -7.073166E-06
56.37201 354.7623 322.3464 -7.073166E-06
56.47201 354.7623 322.3464 -7.073166E-06
56.57201 354.7623 322.3464 -7.073166E-06
56.67201 354.7623 322.3464 -7.073166E-06
56.77201 354.7623 322.3464 -7.073166E-06
56.87201 354.7623 322.3464 -7.073166E-06
56.97201 354.7623 322.3464 -7.073166E-06
57.07201 354.7623 322.3464 -7.073166E-06
57.17201 354.7623 322.3464 -7.073166E-06
57.27201 354.7623 322.3464 -7.073166E-06
57.37201 354.7623 322.3464 -7.073166E-06
57.47201 354.7623 322.3464 -7.073166E-06
57.57201 354.7623 322.3464 -7.073166E-06
57.67201 354.7623 322.3464 -7.073166E-06
57.77201 354.7623 322.3464 -7.073166E-06
57.87201 354.7623 322.3464 -7.073166E-06
57.97201 354.7623 322.3464 -7.073166E-06
58.07201 354.7623 322.3464 -7.073166E-06
58.17201 354.7623 322.3464 -7.073166E-06
58.27201 354.7623 322.3464 -7.073166E-06
58.37201 354.7623 322.3464 -7.073166E-06
58.47201 354.7623 322.3464 -7.073166E-06
58.57201 354.7623 322.3464 -7.073166E-06
58.67201 354.7623 322.3464 -7.073166E-06
58.77201 354.7623 322.3464 -7.073166E-06
58.87201 354.7623 322.3464 -7.073166E-06
58.97201 354.7623 322.3464 -7.073166E-06
59.07201 354.7623 322.3464 -7.073166E-06
59.17201 354.7623 322.3464 -7.073166E-06
59.27201 354.7623 322.3464 -7.073166E-06
59.37201 354.7623 322.3464 -7.073166E-06
59.47201 354.7623 322.4214 -6.858826E-06
59.57201 354.7623 322.4214 -6.858826E-06
59.67201 354.7623 322.4214 -6.858826E-06
59.77201 354.7623 322.4214 -6.858826E-06
59.87201 354.7623 322.4214 -6.858826E-06
59.97201 354.7623 322.4214 -6.858826E-06
60.07201 354.7623 322.4214 -6.858826E-06
60.17201 354.7623 322.4214 -6.858826E-06
60.27201 354.7623 322.4214 -6.858826E-06
60.37201 354.7623 322.4214 -6.858826E-06
60.47201 354.7623 322.4214 -6.858826E-06
60.57201 354.7623 322.4214 -6.858826E-06
60.67201 354.7623 322.4214 -6.858826E-06
60.77201 354.7623 322.4214 -6.858826E-06
60.87201 354.7623 322.4214 -6.858826E-06
60.97201 354.7623 322.4214 -6.858826E-06
61.07201 354.7623 322.4214 -6.858826E-06
61.17201 354.7623 322.4214 -6.858826E-06
61.27201 354.7623 322.4214 -6.858826E-06
61.37201 354.7623 322.4214 -6.858826E-06
61.47201 354.7623 322.4214 -6.858826E-06
61.57201 354.7623 322.4214 -6.858826E-06
61.67201 354.7623 322.4214 -6.858826E-06
61.77201 354.7623 322.4214 -6.858826E-06
61.87201 354.7623 322.4214 -6.858826E-06
61.97201 354.7623 322.4214 -6.858826E-06
62.07201 354.7623 322.4214 -6.858826E-06
62.17201 354.7623 322.4214 -6.858826E-06
62.27201 354.7623 322.4214 -6.858826E-06
62.37201 354.7623 322.4214 -6.858826E-06
62.47201 354.7623 322.4214 -6.858826E-06
62.57201 354.7623 322.4214 -6.858826E-06
62.67201 354.7623 322.4214 -6.858826E-06
62.77201 354.7623 322.4214 -6.858826E-06
62.87201 354.7623 322.4214 -6.858826E-06
62.97201 354.7623 322.4214 -6.858826E-06
63.07201 354.7623 322.4214 -6.858826E-06
63.17201 354.7623 322.4214 -6.858826E-06
63.27201 354.7623 322.4214 -6.858826E-06
63.37201 354.7623 322.4214 -6.858826E-06
63.47201 354.7623 322.4214 -6.858826E-06
63.57201 354.7623 322.4214 -6.858826E-06
63.67201 354.7623 322.4214 -6.858826E-06
63.77201 354.7623 322.4214 -6.858826E-06
63.87201 354.7623 322.4214 -6.858826E-06
63.97201 354.7623 322.4214 -6.858826E-06
64.07201 354.7623 322.4214 -6.858826E-06
64.172 354.7623 322.4214 -6.858826E-06
64.27201 354.7623 322.4214 -6.858826E-06
64.37201 354.7623 322.4214 -6.858826E-06
64.47201 354.7623 322.4214 -6.858826E-06
64.57201 354.7623 322.4214 -6.858826E-06
64.672 354.7623 322.4214 -6.858826E-06
64.77201 354.7623 322.4214 -6.858826E-06
64.87201 354.7623 322.4214 -6.858826E-06
64.97201 354.7623 322.4214 -6.858826E-06
65.07201 354.7623 322.4214 -6.858826E-06
65.172 354.7623 322.4214 -6.858826E-06
65.27201 354.7623 322.4214 -6.858826E-06
65.37201 354.7623 322.4214 -6.858826E-06
65.47201 354.7623 322.4214 -6.858826E-06
65.57201 354.7623 322.4214 -6.858826E-06
