2.699046 0 270 0
2.74089 0 270 0
3.055827 20.51696 273.5497 2.68344
3.069716 20.51696 273.5497 2.68344
3.083605 20.51696 273.5497 2.68344
3.097494 20.51696 273.5497 2.68344
3.111383 20.51696 273.5497 2.68344
3.125272 20.51696 273.5497 2.68344
3.139161 20.51696 273.5497 2.68344
3.153049 20.51696 273.5497 2.68344
3.166939 20.51696 273.5497 2.68344
3.180827 20.51696 273.5497 2.68344
3.194716 20.51696 273.5497 2.68344
3.208605 20.51696 273.5497 2.68344
3.222494 20.51696 273.5497 2.68344
3.236383 20.51696 273.5497 2.68344
3.250272 20.51696 273.5497 2.68344
3.264161 20.51696 273.5497 2.68344
3.278049 20.51696 273.5497 2.68344
3.291939 20.51696 273.5497 2.68344
3.305827 20.51696 273.5497 2.68344
3.319716 20.51696 273.5497 2.68344
3.333605 20.51696 273.5497 2.68344
3.347494 20.51696 273.5497 2.68344
3.361383 20.51696 273.5497 2.68344
3.375272 20.51696 273.5497 2.68344
