1.474352 0 270 0
1.728815 0 270 0
1.828815 0 270 0
1.928815 0 270 0
2.028815 0 270 0
2.128815 0 270 0
2.228815 0 270 0
2.328815 0 270 0
2.428815 0 270 0
2.528815 0 270 0
2.628815 0 270 0
2.728815 0 270 0
2.828815 0 270 0
2.928815 0 270 0
3.028815 0 270 0
3.128815 0 270 0
3.228815 0 270 0
3.328815 0 270 0
3.428815 0 270 0
3.528815 0 270 0
3.628815 0 270 0
3.728815 0 270 0
3.828815 0 270 0
3.928815 0 270 0
4.028815 0 270 0
4.128815 0 270 0
4.228815 0 270 0
4.328815 0 270 0
4.428815 0 270 0
4.528815 0 270 0
4.628815 0 270 0
4.728815 0 270 0
4.828815 0 270 0
4.928815 0 270 0
5.028815 0 270 0
5.128815 0 270 0
5.228815 0 270 0
5.328815 0 270 0
5.428815 0 270 0
5.528815 0 270 0
5.628815 0 270 0
5.728815 0 270 0
5.828815 0 270 0
5.928815 0 270 0
6.028815 0 270 0
6.128815 0 270 0
6.228815 0 270 0
6.328815 0 270 0
6.428815 0 270 0
6.528815 0 270 0
6.628815 0 270 0
6.728815 0 270 0
6.828815 0 270 0
6.928815 0 270 0
7.028815 0 270 0
7.128815 0 270 0
7.228815 0 270 0
7.328815 0 270 0
7.428815 0 270 0
7.528815 0 270 0
7.628815 0 270 0
7.728815 0 270 0
7.828815 0 270 0
7.928815 0 270 0
8.028815 0 270 0
8.128815 359.7 270.225 0
8.228815 359.7 270.225 0
8.328815 359.7 270.225 0
8.428815 359.7 270.225 0
8.528815 359.7 270.225 0
8.628815 0.08003789 275.2105 -3.335056E-09
8.728815 1.144202 289.17 -5.337149E-08
8.828815 2.132356 302.1324 0
8.928815 2.818786 311.1062 -1.06851E-07
9.028815 3.917162 325.0631 1.069716E-07
9.128815 4.954917 338.0216 7.498542E-07
9.228815 6.139941 351.9713 1.422221E-06
9.328815 7.33548 4.916152 2.28655E-06
9.428815 8.75568 17.83767 1.727681E-06
9.528815 11.14854 32.64033 2.393036E-06
9.628815 14.71781 45.12672 3.089581E-06
9.728815 23.44134 56.77762 5.583457E-06
9.828815 23.66314 56.91122 0
9.928815 23.66314 56.91122 0
10.02882 23.66314 56.91122 0
10.12881 23.66314 56.91122 0
10.22882 23.66314 56.91122 0
10.32882 23.66314 56.91122 0
10.42881 23.66314 56.91122 0
10.52882 23.66314 56.91122 0
10.62881 23.66314 56.91122 0
10.72882 23.66314 56.91122 0
10.82882 23.66314 56.91122 0
10.92881 23.66314 56.91122 0
11.02882 23.66314 56.91122 0
11.12881 23.66314 56.91122 0
11.22882 23.66314 56.91122 0
11.32882 23.66314 56.91122 0
11.42881 23.66314 56.91122 0
11.52882 23.66314 56.91122 0
11.62881 23.66314 56.91122 0
11.72882 23.66314 56.91122 0
11.82882 23.66314 56.91122 0
11.92881 23.66314 56.91122 0
12.02882 23.66314 56.91122 0
12.12881 23.66314 56.91122 0
12.22882 23.66314 56.91122 0
12.32882 23.66314 56.91122 0
12.42881 23.66314 56.91122 0
12.52882 23.66314 56.91122 0
12.62881 23.66314 56.91122 0
12.72882 23.66314 56.91122 0
12.82882 23.66314 56.91122 0
12.92881 23.66314 56.91122 0
13.02882 23.66314 56.91122 0
13.12881 23.66314 56.91122 0
13.22882 23.66314 56.91122 0
13.32882 23.66314 56.91122 0
13.42881 23.66314 56.91122 0
13.52882 23.66314 56.91122 0
13.62881 23.66314 56.91122 0
13.72882 23.66314 56.91122 0
13.82882 23.66314 56.91122 0
13.92881 23.66314 56.91122 0
14.02882 23.66314 56.91122 0
14.12881 23.66314 56.91122 0
14.22882 23.66314 56.91122 0
14.32882 23.66314 56.91122 0
14.42881 23.66314 56.91122 0
14.52882 23.66314 56.91122 0
14.62881 23.66314 56.91122 0
14.72882 23.66314 56.91122 0
14.82882 23.66314 56.91122 2.796443E-06
14.92881 23.66314 56.91123 8.389329E-06
15.02882 22.35424 43.97727 1.015463E-05
15.12881 21.04531 31.04333 1.052012E-05
15.22882 20.34051 24.07885 1.092663E-05
15.32882 20.34051 24.07885 1.092663E-05
15.42881 20.34051 24.07885 1.092663E-05
15.52882 20.34051 24.07885 1.092663E-05
15.62881 20.34051 24.07885 1.092663E-05
15.72882 20.34051 24.07885 1.092663E-05
15.82882 20.34051 24.07885 1.092663E-05
15.92881 20.34051 24.07885 1.092663E-05
16.02881 20.34051 24.07885 1.092663E-05
16.12881 20.34051 24.07885 1.092663E-05
16.22882 20.34051 24.07885 1.092663E-05
16.32882 20.34051 24.07885 1.092663E-05
16.42882 20.34051 24.07885 1.092663E-05
16.52881 20.34051 24.07885 1.092663E-05
16.62881 20.34051 24.07885 1.092663E-05
16.72882 20.34051 24.07885 1.092663E-05
16.82882 20.34051 24.07885 1.092663E-05
16.92882 20.34051 24.07885 1.092663E-05
17.02881 20.34051 24.07885 1.092663E-05
17.12881 20.34051 24.07885 1.092663E-05
17.22882 20.34051 24.07885 1.092663E-05
17.32882 20.34051 24.07885 1.092663E-05
17.42882 20.34051 24.07885 1.092663E-05
17.52881 20.34051 24.07885 1.092663E-05
17.62881 20.34051 24.07885 1.092663E-05
17.72882 20.49053 23.70385 1.230444E-05
17.82882 22.59055 7.128884 9.940787E-06
17.92882 22.66557 342.0789 1.781067E-05
18.02881 22.66558 337.879 2.266811E-05
18.12881 22.59058 337.804 2.08063E-05
18.22882 22.59058 337.804 2.08063E-05
18.32882 22.59058 337.804 2.08063E-05
18.42882 22.59058 337.804 2.08063E-05
18.52881 22.59058 337.804 2.08063E-05
18.62881 22.59058 337.804 2.08063E-05
18.72882 24.31559 327.229 2.24852E-05
18.82882 23.41562 308.179 2.605106E-05
18.92882 23.19061 307.579 2.786468E-05
19.02881 22.74061 307.504 2.684636E-05
19.12881 22.29062 307.654 2.675909E-05
19.22882 22.29062 307.654 2.675909E-05
19.32882 22.29062 307.654 2.675909E-05
19.42882 22.29062 307.654 2.675909E-05
19.52881 22.29062 307.654 2.675909E-05
19.62881 22.29062 307.654 2.768182E-05
19.72882 17.26563 307.279 2.905698E-05
19.82882 14.41563 306.979 2.776814E-05
19.92882 13.14064 308.929 2.67403E-05
20.02881 12.61566 312.1541 2.668433E-05
20.12881 12.09067 312.079 2.663084E-05
20.22882 11.26568 311.9291 2.524587E-05
20.32882 11.1157 312.2291 2.349261E-05
20.42882 11.11572 312.2291 2.305756E-05
20.52881 11.11572 312.2291 2.305756E-05
20.62881 11.11572 312.2291 2.305756E-05
20.72882 11.11572 312.2291 2.305756E-05
20.82882 11.11572 312.2291 2.305756E-05
20.92882 11.11572 312.2291 2.305756E-05
21.02881 11.11572 312.2291 2.305756E-05
21.12881 11.11572 312.2291 2.305756E-05
21.22882 11.11572 312.2291 2.305756E-05
21.32882 11.11572 312.2291 2.305756E-05
21.42882 11.11572 312.2291 2.305756E-05
21.52881 11.11572 312.2291 2.305756E-05
21.62881 11.11572 312.2291 2.305756E-05
21.72882 11.11572 312.2291 2.305756E-05
21.82882 11.11572 312.2291 2.305756E-05
21.92882 11.11572 312.2291 2.305756E-05
22.02881 11.11572 312.2291 2.305756E-05
22.12881 11.11572 312.2291 2.305756E-05
22.22882 11.11572 312.2291 2.305756E-05
22.32882 11.11572 312.2291 2.305756E-05
22.42882 11.11572 312.2291 2.305756E-05
22.52881 11.11572 312.2291 2.305756E-05
22.62881 11.11572 312.2291 2.305756E-05
22.72882 11.11572 312.2291 2.305756E-05
22.82882 11.11572 312.2291 2.305756E-05
22.92882 11.11572 312.2291 2.305756E-05
23.02882 11.11572 312.2291 2.305756E-05
23.12881 11.11572 312.2291 2.305756E-05
23.22882 11.11572 312.2291 2.305756E-05
23.32882 11.11572 312.2291 2.305756E-05
23.42882 11.11572 312.2291 2.305756E-05
23.52882 11.11572 312.2291 2.305756E-05
23.62881 11.11572 312.2291 2.305756E-05
23.72882 11.11572 312.2291 2.305756E-05
23.82882 11.11572 312.2291 2.305756E-05
23.92882 11.11572 312.2291 2.305756E-05
24.02882 11.11572 312.2291 2.305756E-05
24.12881 11.11572 312.2291 2.305756E-05
24.22882 11.11572 312.2291 2.305756E-05
24.32882 11.11572 312.2291 2.305756E-05
24.42882 11.11572 312.2291 2.305756E-05
24.52882 11.11572 312.2291 2.305756E-05
24.62881 11.11572 312.2291 2.305756E-05
24.72882 11.11572 312.2291 2.305756E-05
24.82882 11.11572 312.2291 2.305756E-05
24.92882 11.11572 312.2291 2.305756E-05
25.02882 11.11572 312.2291 2.305756E-05
25.12881 11.11572 312.2291 2.305756E-05
25.22882 11.11572 312.2291 2.305756E-05
25.32882 11.11572 312.2291 2.305756E-05
25.42882 11.11572 312.2291 2.305756E-05
25.52882 11.11572 312.2291 2.305756E-05
25.62881 11.11572 312.2291 2.305756E-05
25.72882 11.11572 312.2291 2.305756E-05
25.82882 11.11572 312.2291 2.305756E-05
25.92882 11.11572 312.2291 2.305756E-05
26.02882 11.11572 312.2291 2.305756E-05
26.12881 11.11572 312.2291 2.305756E-05
26.22882 11.11572 312.2291 2.305756E-05
26.32882 11.11572 312.2291 2.305756E-05
26.42882 11.11572 312.2291 2.305756E-05
26.52882 11.11572 312.2291 2.305756E-05
26.62881 11.11572 312.2291 2.305756E-05
26.72882 11.11572 312.2291 2.305756E-05
26.82882 11.11572 312.2291 2.305756E-05
26.92882 11.11572 312.2291 2.305756E-05
27.02882 11.11572 312.2291 2.305756E-05
27.12881 11.11572 312.2291 2.305756E-05
27.22882 11.11572 312.2291 2.305756E-05
27.32882 11.11572 312.2291 2.305756E-05
27.42882 11.11572 312.2291 2.305756E-05
27.52882 11.11572 312.2291 2.305756E-05
27.62881 11.11572 312.2291 2.305756E-05
27.72882 11.11572 312.2291 2.305756E-05
27.82882 11.11572 312.2291 2.305756E-05
27.92882 11.11572 312.2291 2.305756E-05
28.02882 11.11572 312.2291 2.305756E-05
28.12881 11.11572 312.2291 2.305756E-05
28.22882 11.11572 312.2291 2.305756E-05
28.32882 11.11572 312.2291 2.305756E-05
28.42882 11.11572 312.2291 2.305756E-05
28.52882 11.11572 312.2291 2.305756E-05
28.62881 11.11572 312.2291 2.305756E-05
28.72882 11.11572 312.2291 2.305756E-05
28.82882 11.11572 312.2291 2.305756E-05
28.92882 11.11572 312.2291 2.305756E-05
29.02882 11.11572 312.2291 2.305756E-05
29.12881 11.11572 312.2291 2.305756E-05
29.22882 11.11572 312.2291 2.305756E-05
29.32882 11.11572 312.2291 2.305756E-05
29.42882 11.11572 312.2291 2.305756E-05
29.52882 11.11572 312.2291 2.305756E-05
29.62881 11.11572 312.2291 2.305756E-05
29.72882 11.11572 312.2291 2.305756E-05
29.82882 11.11572 318.454 2.305757E-05
29.92882 11.11574 323.929 2.131737E-05
30.02882 11.11575 325.879 1.935966E-05
30.12881 11.11575 327.004 1.957718E-05
30.22882 11.11575 327.004 1.957718E-05
30.32882 11.11575 327.004 1.957718E-05
30.42882 11.11575 327.004 1.957718E-05
30.52882 11.11575 327.004 1.957718E-05
30.62881 11.11575 327.004 1.957718E-05
30.72882 11.11575 327.004 1.957718E-05
30.82882 11.11575 327.004 1.957718E-05
30.92882 11.11575 327.004 1.957718E-05
31.02882 11.11575 327.004 1.957718E-05
31.12881 11.11575 327.004 1.957718E-05
31.22882 11.11575 327.004 1.957718E-05
31.32882 11.11575 327.004 1.957718E-05
31.42882 11.11575 327.004 1.957718E-05
31.52882 11.11575 327.004 1.957718E-05
31.62881 11.11575 327.004 1.957718E-05
31.72882 11.11575 327.004 1.957718E-05
31.82882 11.11575 327.004 1.957718E-05
31.92882 11.11575 327.004 1.957718E-05
32.02882 11.11575 327.004 1.957718E-05
32.12881 11.11575 327.004 1.957718E-05
32.22882 11.11575 327.004 1.957718E-05
32.32882 11.11575 327.004 1.957718E-05
32.42881 11.11575 327.004 1.957718E-05
32.52882 11.11575 327.004 1.957718E-05
32.62881 11.11575 327.004 1.957718E-05
32.72882 11.11575 327.004 1.957718E-05
32.82882 11.11575 327.004 1.957718E-05
32.92881 11.11575 327.004 1.957718E-05
33.02882 11.11575 327.004 1.957718E-05
33.12881 11.11575 327.004 1.957718E-05
33.22882 11.11575 327.004 1.957718E-05
33.32882 11.11575 327.004 1.957718E-05
33.42881 11.11575 327.004 1.957718E-05
33.52882 11.11575 327.004 1.957718E-05
33.62881 11.11575 327.004 1.957718E-05
33.72882 11.11575 327.004 1.957718E-05
33.82882 11.11575 327.004 1.957718E-05
33.92881 11.11575 327.004 1.957718E-05
34.02882 11.11575 327.004 1.957718E-05
34.12881 11.11575 327.004 1.957718E-05
34.22882 11.11575 327.004 1.957718E-05
34.32882 11.11575 327.004 1.957718E-05
34.42881 11.11575 327.004 1.957718E-05
34.52882 11.11575 327.004 1.957718E-05
34.62881 11.11575 327.004 1.957718E-05
34.72882 11.11575 327.004 1.957718E-05
34.82882 11.11575 327.004 1.957718E-05
34.92881 11.11575 327.004 1.957718E-05
35.02882 11.11575 327.004 1.957718E-05
35.12881 11.11575 327.004 1.957718E-05
35.22882 11.11575 327.004 1.957718E-05
35.32882 11.11575 327.004 1.957718E-05
35.42881 11.11575 327.004 1.957718E-05
35.52882 11.11575 327.004 1.957718E-05
35.62881 11.11575 327.004 1.957718E-05
35.72882 11.11575 327.004 1.957718E-05
35.82882 11.11575 327.004 1.957718E-05
35.92881 11.11575 327.004 1.957718E-05
36.02882 11.11575 327.004 1.957718E-05
36.12881 11.11575 327.004 1.957718E-05
36.22882 11.11575 327.004 1.957718E-05
36.32882 11.11575 327.004 1.957718E-05
36.42881 11.11575 327.004 1.957718E-05
36.52882 11.11575 327.004 1.957718E-05
36.62881 11.11575 327.004 1.957718E-05
36.72882 11.11575 327.004 1.957718E-05
36.82882 11.11575 327.004 1.957718E-05
36.92881 11.11575 327.004 1.957718E-05
37.02882 11.11575 327.004 1.957718E-05
37.12881 11.11575 327.004 1.957718E-05
37.22882 11.11575 327.004 1.957718E-05
37.32882 6.090753 327.004 2.049956E-05
37.42881 1.665755 327.004 2.023231E-05
37.52882 1.440755 327.004 2.028354E-05
37.62881 356.7158 326.329 2.009669E-05
37.72882 352.6658 326.029 2.022918E-05
37.82882 352.5908 326.029 2.044786E-05
37.92881 352.5908 326.029 2.044786E-05
38.02882 352.5908 326.029 2.044786E-05
38.12881 353.0408 325.354 2.064265E-05
38.22882 355.2157 315.229 2.131187E-05
38.32882 356.3408 298.504 2.160183E-05
38.42881 357.0159 288.9789 2.222826E-05
38.52882 357.0159 280.9539 2.212139E-05
38.62881 357.0159 280.279 2.201452E-05
38.72882 357.0159 280.279 2.201452E-05
38.82882 357.0159 280.279 2.201452E-05
38.92881 357.0159 280.279 2.201452E-05
39.02882 357.0159 280.279 2.201452E-05
39.12881 357.0159 280.279 2.201452E-05
39.22882 357.0159 280.279 2.201452E-05
39.32882 357.0159 280.279 2.201452E-05
39.42881 357.0159 280.279 2.201452E-05
39.52882 357.0159 280.279 2.201452E-05
39.62881 357.0159 280.279 2.201452E-05
39.72882 357.0159 280.279 2.201452E-05
39.82882 357.0159 280.279 2.201452E-05
39.92881 357.0159 280.279 2.201452E-05
40.02882 357.0159 280.279 2.201452E-05
40.12881 357.0159 280.279 2.201452E-05
40.22882 357.0159 280.279 2.201452E-05
40.32882 357.0159 280.279 2.201452E-05
40.42881 357.0159 280.279 2.201452E-05
40.52882 357.0159 280.279 2.201452E-05
40.62881 357.0159 280.279 2.201452E-05
40.72882 357.0159 280.279 2.201452E-05
40.82882 357.0159 280.279 2.201452E-05
40.92881 357.0159 280.279 2.201452E-05
41.02882 357.0159 280.279 2.201452E-05
41.12881 357.0159 280.279 2.201452E-05
41.22882 357.0159 280.279 2.201452E-05
41.32882 358.34 288.1686 2.19939E-05
41.42881 0.8164333 302.9628 2.212032E-05
41.52882 3.113668 316.773 2.244469E-05
41.62881 5.398075 330.5854 2.315458E-05
41.72882 7.735752 344.3889 2.31559E-05
41.82882 10.05484 358.1955 2.513209E-05
41.92881 12.34288 12.00734 3.091686E-05
42.02882 14.72758 26.81645 3.310413E-05
42.12881 14.96672 30.54325 0
42.22882 14.96672 30.54325 0
42.32882 14.96672 30.54325 0
42.42881 14.96672 30.54325 0
42.52882 14.96672 30.54325 0
42.62881 14.96672 30.54325 0
42.72882 14.96672 30.54325 0
42.82882 14.96672 30.54325 0
42.92881 14.96672 30.54325 0
43.02882 14.96672 30.54325 0
43.12881 14.96672 30.54325 0
43.22882 14.96672 30.54325 0
43.32882 14.96672 30.54325 0
43.42881 14.96672 30.54325 0
43.52882 14.96672 30.54325 0
43.62881 14.96672 30.54325 0
43.72882 14.96672 30.54325 0
43.82882 14.96672 30.54325 0
43.92881 14.96672 30.54325 0
44.02882 14.96672 30.54325 0
44.12881 14.96672 30.54325 0
44.22882 14.96672 30.54325 0
44.32882 14.96672 30.54325 0
44.42881 14.96672 30.54325 0
44.52882 14.96672 30.54325 0
44.62881 14.96672 30.54325 0
44.72882 14.96672 30.54325 0
44.82882 14.96672 30.54325 0
44.92881 14.96672 30.54325 0
45.02882 14.96672 30.54325 0
45.12881 14.96672 30.54325 0
45.22882 14.96672 30.54325 0
45.32882 14.96672 30.54325 0
45.42881 14.96672 30.54325 0
45.52882 14.96672 30.54325 0
45.62881 14.96672 30.54325 0
45.72882 14.96672 30.54325 0
45.82882 14.96672 30.54325 0
45.92881 14.79322 26.54699 0
46.02882 14.18596 12.56014 2.421727E-06
46.12881 13.57761 358.5733 3.019226E-06
46.22882 12.92464 343.5875 3.722856E-06
46.32882 12.31237 329.6009 5.243239E-06
46.42881 11.69989 315.6143 1.002672E-05
46.52882 11.0382 300.629 1.304799E-05
46.62881 10.41983 286.6427 1.302134E-05
46.72882 10.18863 281.7251 -4.337263E-07
46.82882 10.18863 281.7251 -4.337263E-07
46.92881 10.18863 281.7251 -4.337263E-07
47.02882 10.18863 281.7251 -4.337263E-07
47.12881 10.18863 281.7251 -4.337263E-07
47.22882 10.18863 281.7251 -4.337263E-07
47.32882 10.18863 281.7251 -4.337263E-07
47.42881 10.18863 281.7251 -4.337263E-07
47.52882 10.18863 281.7251 -4.337263E-07
47.62881 10.18863 281.7251 -4.337263E-07
47.72882 10.18863 281.7251 -4.337263E-07
47.82882 10.18863 281.7251 -4.337263E-07
47.92881 10.18863 281.7251 -4.337263E-07
48.02882 10.21729 284.725 -4.337653E-07
48.12881 10.35105 298.7243 -4.339492E-07
48.22882 10.48481 312.7237 -4.341355E-07
48.32882 10.62812 327.723 -2.17169E-07
48.42881 10.75194 340.7224 6.517727E-07
48.52882 10.89441 355.7217 1.575866E-06
48.62881 11.07725 9.720482 3.697425E-06
48.72882 11.31217 24.71863 1.959049E-06
48.82882 11.52882 38.71695 1.742707E-06
48.92881 11.72511 51.68388 -4.359842E-07
49.02882 11.72511 51.68388 -4.359842E-07
49.12881 11.72511 51.68388 -4.359842E-07
49.22882 11.72511 51.68388 -4.359842E-07
49.32882 11.72511 51.68388 -4.359842E-07
49.42881 11.72511 51.68388 -4.359842E-07
49.52882 11.72511 51.68388 -4.359842E-07
49.62881 11.72511 51.68388 -4.359842E-07
49.72882 11.72511 51.68388 -4.359842E-07
49.82882 11.72511 51.68388 -4.359842E-07
49.92881 11.72511 51.68388 -4.359842E-07
50.02882 11.72511 51.68388 -4.359842E-07
50.12881 11.72511 51.68388 -4.359842E-07
50.22882 11.72511 51.68388 -4.359842E-07
50.32882 11.72511 51.68388 -4.359842E-07
50.42881 11.72511 51.68388 -4.359842E-07
50.52882 11.72511 51.68388 -4.359842E-07
50.62881 11.72511 51.68388 -4.359842E-07
50.72882 11.72511 51.68388 -4.359842E-07
50.82882 11.72511 51.68388 -4.359842E-07
50.92881 11.72511 51.68388 -4.359842E-07
51.02882 11.72511 51.68388 -4.359842E-07
51.12881 11.72512 51.68388 -8.719684E-07
51.22882 11.72512 51.68387 -4.359842E-06
51.32882 11.73291 48.60886 -4.359965E-06
51.42881 11.77523 34.60892 -4.360634E-06
51.52882 11.85356 20.60916 -5.452352E-06
51.62881 11.93201 6.609363 -3.708669E-06
51.72882 12.01642 351.6096 -5.073734E-06
51.82882 12.09529 337.6098 -9.823019E-06
51.92881 12.18729 324.6102 -1.353861E-05
52.02882 12.41097 309.6119 -1.704695E-05
52.12881 12.62144 295.6134 -1.66234E-05
52.22882 12.67386 292.1263 8.750954E-07
52.32882 12.67386 292.1263 8.750954E-07
52.42881 12.67386 292.1263 8.750954E-07
52.52882 12.67386 292.1263 8.750954E-07
52.62881 12.67386 292.1263 8.750954E-07
52.72882 12.67386 292.1263 8.750954E-07
52.82882 12.67386 292.1263 8.750954E-07
52.92881 12.67386 292.1263 8.750954E-07
53.02882 12.67386 292.1263 8.750954E-07
53.12881 12.67386 292.1263 8.750954E-07
53.22882 12.67386 292.1263 8.750954E-07
53.32882 12.67386 292.1263 8.750954E-07
53.42881 12.67386 292.1263 8.750954E-07
53.52882 12.67386 292.1263 8.750954E-07
53.62881 12.67386 292.1263 8.750954E-07
53.72882 12.67386 292.1263 8.750954E-07
53.82882 12.67386 292.1263 8.750954E-07
53.92881 12.67386 292.1263 8.750954E-07
54.02882 12.67386 292.1263 8.750954E-07
54.12881 12.67386 292.1263 8.750954E-07
54.22882 12.67386 292.1263 8.750954E-07
54.32882 12.67386 292.1263 8.750954E-07
54.42881 12.67386 292.1263 8.750954E-07
54.52882 12.67386 292.1263 8.750954E-07
54.62881 12.67386 292.1263 8.750954E-07
54.72882 12.67386 292.1263 8.750954E-07
54.82882 12.67386 292.1263 8.750954E-07
54.92881 12.67386 292.1263 8.750954E-07
55.02882 12.67386 292.1263 8.750954E-07
55.12881 12.67386 292.1263 8.750954E-07
55.22882 12.67386 292.1263 8.750954E-07
55.32882 12.67386 292.1263 8.750954E-07
55.42881 12.67386 292.1263 8.750954E-07
55.52882 12.67386 292.1263 8.750954E-07
55.62881 12.67386 292.1263 8.750954E-07
55.72882 12.67386 292.1263 8.750954E-07
55.82882 12.67386 292.1263 8.750954E-07
55.92881 12.67386 292.1263 8.750954E-07
56.02882 12.67386 292.1263 8.750954E-07
56.12881 12.67386 292.1263 8.750954E-07
56.22882 12.67386 292.1263 8.750954E-07
56.32882 12.67386 292.1263 8.750954E-07
56.42881 12.67386 292.1263 8.750954E-07
56.52882 12.67386 292.1263 8.750954E-07
56.62881 12.67386 292.1263 8.750954E-07
56.72882 12.67386 292.1263 8.750954E-07
56.82882 12.67386 292.1263 8.750954E-07
56.92881 12.67386 292.1263 8.750954E-07
57.02882 12.67386 292.1263 8.750954E-07
57.12881 12.67386 292.1263 8.750954E-07
57.22882 12.67386 292.1263 8.750954E-07
57.32882 12.67386 292.1263 8.750954E-07
57.42881 12.67386 292.1263 8.750954E-07
57.52882 12.67386 292.1263 8.750954E-07
57.62881 12.67386 292.1263 8.750954E-07
57.72882 12.67386 292.1263 8.750954E-07
57.82882 12.67386 292.1263 8.750954E-07
57.92881 12.67386 292.1263 8.750954E-07
58.02882 12.67386 292.1263 8.750954E-07
58.12881 12.67386 292.1263 8.750954E-07
58.22882 12.67386 292.1263 8.750954E-07
58.32882 12.67386 292.1263 8.750954E-07
58.42881 12.67386 292.1263 8.750954E-07
58.52882 12.67386 292.1263 8.750954E-07
58.62881 12.67386 292.1263 8.750954E-07
58.72882 12.67386 292.1263 8.750954E-07
58.82882 12.67386 292.1263 8.750954E-07
58.92881 12.67386 292.1263 8.750954E-07
59.02882 12.67386 292.1263 8.750954E-07
59.12881 12.67386 292.1263 8.750954E-07
59.22882 12.67386 292.1263 8.750954E-07
59.32882 12.67386 292.1263 8.750954E-07
59.42881 12.67386 292.1263 8.750954E-07
59.52882 12.67386 292.1263 8.750954E-07
59.62881 12.67386 292.1263 8.750954E-07
59.72882 12.67386 292.1263 8.750954E-07
59.82882 12.67386 292.1263 8.750954E-07
59.92881 12.67386 292.1263 8.750954E-07
60.02882 12.67386 292.1263 8.750954E-07
60.12881 12.67386 292.1263 8.750954E-07
60.22882 12.67386 292.1263 8.750954E-07
60.32882 12.67386 292.1263 8.750954E-07
60.42881 12.67386 292.1263 8.750954E-07
60.52882 12.67386 292.1263 8.750954E-07
60.62881 12.67386 292.1263 8.750954E-07
60.72882 12.67386 292.1263 8.750954E-07
60.82882 12.67386 292.1263 8.750954E-07
60.92881 12.67386 292.1263 8.750954E-07
61.02882 12.67386 292.1263 8.750954E-07
61.12881 12.67386 292.1263 8.750954E-07
61.22882 12.67386 292.1263 8.750954E-07
61.32882 12.67386 292.1263 8.750954E-07
61.42882 12.67386 292.1263 8.750954E-07
61.52882 12.67386 292.1263 8.750954E-07
61.62881 12.67386 292.1263 8.750954E-07
61.72882 12.67386 292.1263 8.750954E-07
61.82882 12.67386 292.1263 8.750954E-07
61.92882 12.67386 292.1263 8.750954E-07
62.02882 12.67386 292.1263 8.750954E-07
62.12881 12.67386 292.1263 8.750954E-07
62.22882 12.67386 292.1263 8.750954E-07
62.32882 12.67386 292.1263 8.750954E-07
62.42882 12.67386 292.1263 8.750954E-07
62.52882 12.67386 292.1263 8.750954E-07
62.62881 12.67386 292.1263 8.750954E-07
62.72882 12.67386 292.1263 8.750954E-07
62.82882 12.67386 292.1263 8.750954E-07
62.92882 12.67386 292.1263 8.750954E-07
63.02882 12.67386 292.1263 8.750954E-07
63.12881 12.67386 292.1263 8.750954E-07
63.22882 12.67386 292.1263 8.750954E-07
63.32882 12.67386 292.1263 8.750954E-07
63.42882 12.67386 292.1263 8.750954E-07
63.52882 12.67386 292.1263 8.750954E-07
63.62881 12.67386 292.1263 8.750954E-07
63.72882 12.67386 292.1263 8.750954E-07
63.82882 12.67386 292.1263 8.750954E-07
63.92882 12.67386 292.1263 8.750954E-07
64.02882 12.67386 292.1263 8.750954E-07
64.12881 12.67386 292.1263 8.750954E-07
64.22881 12.67386 292.1263 8.750954E-07
64.32882 12.67386 292.1263 8.750954E-07
64.42882 12.67386 292.1263 8.750954E-07
64.52882 12.67386 292.1263 8.750954E-07
64.62881 12.67386 292.1263 8.750954E-07
64.72881 12.67386 292.1263 8.750954E-07
64.82882 12.67386 292.1263 8.750954E-07
64.92882 12.67386 292.1263 8.750954E-07
65.02882 12.67386 292.1263 8.750954E-07
65.12881 12.67386 292.1263 8.750954E-07
65.22881 12.67386 292.1263 8.750954E-07
65.32882 12.67386 292.1263 8.750954E-07
65.42882 12.67386 292.1263 8.750954E-07
65.52882 12.67386 292.1263 8.750954E-07
65.62881 12.67386 292.1263 8.750954E-07
65.72881 12.67386 292.1263 8.750954E-07
65.82882 12.67386 292.1263 8.750954E-07
65.92882 12.67386 292.1263 8.750954E-07
66.02882 12.67386 292.1263 8.750954E-07
66.12881 12.67386 292.1263 8.750954E-07
66.22881 12.67386 292.1263 8.750954E-07
66.32882 12.67386 292.1263 8.750954E-07
66.42882 12.67386 292.1263 8.750954E-07
66.52882 12.67386 292.1263 8.750954E-07
66.62881 12.67386 292.1263 8.750954E-07
66.72881 12.67386 292.1263 8.750954E-07
66.82882 12.67386 292.1263 8.750954E-07
66.92882 12.67386 292.1263 8.750954E-07
67.02882 12.67386 292.1263 8.750954E-07
67.12881 12.67386 292.1263 8.750954E-07
67.22881 12.67386 292.1263 8.750954E-07
67.32882 12.67386 292.1263 8.750954E-07
67.42882 12.67386 292.1263 8.750954E-07
67.52882 12.67386 292.1263 8.750954E-07
67.62881 12.67386 292.1263 8.750954E-07
67.72881 12.67386 292.1263 8.750954E-07
67.82882 12.67386 292.1263 8.750954E-07
67.92882 12.67386 292.1263 8.750954E-07
68.02882 12.67386 292.1263 8.750954E-07
68.12881 12.67386 292.1263 8.750954E-07
68.22881 12.67386 292.1263 8.750954E-07
68.32882 12.67386 292.1263 8.750954E-07
68.42882 12.67386 292.1263 8.750954E-07
68.52882 12.67386 292.1263 8.750954E-07
68.62881 12.67386 292.1263 8.750954E-07
68.72881 12.67386 292.1263 8.750954E-07
68.82882 12.67386 292.1263 8.750954E-07
68.92882 12.67386 292.1263 8.750954E-07
69.02882 12.67386 292.1263 8.750954E-07
69.12881 12.67386 292.1263 8.750954E-07
69.22881 12.67386 292.1263 8.750954E-07
69.32882 12.67386 292.1263 8.750954E-07
69.42882 12.67386 292.1263 8.750954E-07
69.52882 12.67386 292.1263 8.750954E-07
69.62881 12.67386 292.1263 8.750954E-07
69.72881 12.67386 292.1263 8.750954E-07
69.82882 12.67386 292.1263 8.750954E-07
69.92882 12.67386 292.1263 8.750954E-07
70.02882 12.67386 292.1263 8.750954E-07
70.12881 12.67386 292.1263 8.750954E-07
70.22881 12.67386 292.1263 8.750954E-07
70.32882 12.67386 292.1263 8.750954E-07
70.42882 12.67386 292.1263 8.750954E-07
70.52882 12.67386 292.1263 8.750954E-07
70.62881 12.67386 292.1263 8.750954E-07
70.72881 12.67386 292.1263 8.750954E-07
70.82882 12.67386 292.1263 8.750954E-07
70.92882 12.67386 292.1263 8.750954E-07
71.02882 12.67386 292.1263 8.750954E-07
71.12881 12.67386 292.1263 8.750954E-07
71.22881 12.67386 292.1263 8.750954E-07
71.32882 12.67386 292.1263 8.750954E-07
71.42882 12.67386 292.1263 8.750954E-07
71.52882 12.67386 292.1263 8.750954E-07
71.62881 12.67386 292.1263 8.750954E-07
71.72881 12.67386 292.1263 8.750954E-07
71.82882 12.67386 292.1263 8.750954E-07
71.92882 12.67386 292.1263 8.750954E-07
72.02882 12.67386 292.1263 8.750954E-07
72.12881 12.67386 292.1263 8.750954E-07
72.22881 12.67386 292.1263 8.750954E-07
72.32882 12.67386 292.1263 8.750954E-07
72.42882 12.67386 292.1263 8.750954E-07
72.52882 12.67386 292.1263 8.750954E-07
72.62881 12.67386 292.1263 8.750954E-07
72.72881 12.67386 292.1263 8.750954E-07
72.82882 12.67386 292.1263 8.750954E-07
72.92882 12.67386 292.1263 8.750954E-07
73.02882 12.67386 292.1263 8.750954E-07
73.12881 12.67386 292.1263 8.750954E-07
73.22881 12.67386 292.1263 8.750954E-07
73.32882 12.67386 292.1263 8.750954E-07
73.42882 12.67386 292.1263 8.750954E-07
73.52882 12.67386 292.1263 8.750954E-07
73.62881 12.67386 292.1263 8.750954E-07
73.72881 12.67386 292.1263 8.750954E-07
73.82882 12.67386 292.1263 8.750954E-07
73.92882 12.67386 292.1263 8.750954E-07
74.02882 12.67386 292.1263 8.750954E-07
74.12881 12.67386 292.1263 8.750954E-07
74.22881 12.67386 292.1263 8.750954E-07
74.32882 12.67386 292.1263 8.750954E-07
74.42882 12.67386 292.1263 8.750954E-07
74.52882 12.67386 292.1263 8.750954E-07
74.62881 12.67386 292.1263 8.750954E-07
74.72881 12.67386 292.1263 8.750954E-07
74.82882 12.67386 292.1263 8.750954E-07
74.92882 12.67386 292.1263 8.750954E-07
75.02882 12.67386 292.1263 8.750954E-07
75.12881 12.67386 292.1263 8.750954E-07
75.22881 12.67386 292.1263 8.750954E-07
75.32882 12.67386 292.1263 8.750954E-07
75.42882 12.67386 292.1263 8.750954E-07
75.52882 12.67386 292.1263 8.750954E-07
75.62881 12.67386 292.1263 8.750954E-07
75.72881 12.67386 292.1263 8.750954E-07
75.82882 12.67386 292.1263 8.750954E-07
75.92882 12.67386 292.1263 8.750954E-07
76.02882 12.67386 292.1263 8.750954E-07
76.12881 12.67386 292.1263 8.750954E-07
76.22881 12.67386 292.1263 8.750954E-07
76.32882 12.67386 292.1263 8.750954E-07
76.42882 12.67386 292.1263 8.750954E-07
76.52882 12.67386 292.1263 8.750954E-07
76.62881 12.67386 292.1263 8.750954E-07
76.72881 12.67386 292.1263 8.750954E-07
76.82882 12.67386 292.1263 8.750954E-07
76.92882 12.67386 292.1263 8.750954E-07
77.02882 12.67386 292.1263 8.750954E-07
77.12881 12.67386 292.1263 8.750954E-07
77.22881 12.67386 292.1263 8.750954E-07
77.32882 12.67386 292.1263 8.750954E-07
77.42882 12.67386 292.1263 8.750954E-07
77.52882 12.67386 292.1263 8.750954E-07
77.62881 12.67386 292.1263 8.750954E-07
77.72881 12.67386 292.1263 8.750954E-07
77.82882 12.67386 292.1263 8.750954E-07
77.92882 12.67386 292.1263 8.750954E-07
78.02882 12.67386 292.1263 8.750954E-07
78.12881 12.67386 292.1263 8.750954E-07
78.22881 12.67386 292.1263 8.750954E-07
78.32882 12.67386 292.1263 8.750954E-07
78.42882 12.67386 292.1263 8.750954E-07
78.52882 12.67386 292.1263 8.750954E-07
78.62881 12.67386 292.1263 8.750954E-07
78.72881 12.67386 292.1263 8.750954E-07
78.82882 12.67386 292.1263 8.750954E-07
78.92882 12.67386 292.1263 8.750954E-07
79.02882 12.67386 292.1263 8.750954E-07
79.12881 12.67386 292.1263 8.750954E-07
79.22881 12.67386 292.1263 8.750954E-07
79.32882 12.67386 292.1263 8.750954E-07
79.42882 12.67386 292.1263 8.750954E-07
79.52882 12.67386 292.1263 8.750954E-07
79.62881 12.67386 292.1263 8.750954E-07
79.72881 12.67386 292.1263 8.750954E-07
79.82882 12.67386 292.1263 8.750954E-07
79.92882 12.67386 292.1263 8.750954E-07
80.02882 12.67386 292.1263 8.750954E-07
80.12881 12.67386 292.1263 8.750954E-07
80.22881 12.67386 292.1263 8.750954E-07
80.32882 12.67386 292.1263 8.750954E-07
80.42882 12.67386 292.1263 8.750954E-07
80.52882 12.67386 292.1263 8.750954E-07
80.62881 12.67386 292.1263 8.750954E-07
80.72881 12.67386 292.1263 8.750954E-07
80.82882 12.67386 292.1263 8.750954E-07
80.92882 12.67386 292.1263 8.750954E-07
81.02882 12.67386 292.1263 8.750954E-07
81.12881 12.67386 292.1263 8.750954E-07
81.22881 12.67386 292.1263 8.750954E-07
81.32882 12.67386 292.1263 8.750954E-07
81.42882 12.67386 292.1263 8.750954E-07
81.52882 12.67386 292.1263 8.750954E-07
81.62881 12.67386 292.1263 8.750954E-07
81.72881 12.67386 292.1263 8.750954E-07
81.82882 12.67386 292.1263 8.750954E-07
81.92882 12.67386 292.1263 8.750954E-07
82.02882 12.67386 292.1263 8.750954E-07
82.12881 12.67386 292.1263 8.750954E-07
82.22881 12.67386 292.1263 8.750954E-07
82.32882 12.67386 292.1263 8.750954E-07
82.42882 12.67386 292.1263 8.750954E-07
82.52882 12.67386 292.1263 8.750954E-07
82.62881 12.67386 292.1263 8.750954E-07
82.72881 12.67386 292.1263 8.750954E-07
82.82882 12.67386 292.1263 8.750954E-07
82.92882 12.67386 292.1263 8.750954E-07
83.02882 12.67386 292.1263 8.750954E-07
83.12881 12.67386 292.1263 8.750954E-07
83.22881 12.67386 292.1263 8.750954E-07
83.32882 12.67386 292.1263 8.750954E-07
83.42882 12.67386 292.1263 8.750954E-07
83.52882 12.67386 292.1263 8.750954E-07
83.62881 12.67386 292.1263 8.750954E-07
83.72881 12.67386 292.1263 8.750954E-07
83.82882 12.67386 292.1263 8.750954E-07
83.92882 12.67386 292.1263 8.750954E-07
84.02882 12.67386 292.1263 8.750954E-07
84.12881 12.67386 292.1263 8.750954E-07
84.22881 12.67386 292.1263 8.750954E-07
84.32882 12.67386 292.1263 8.750954E-07
84.42882 12.67386 292.1263 8.750954E-07
84.52882 12.67386 292.1263 8.750954E-07
84.62881 12.67386 292.1263 8.750954E-07
84.72881 12.67386 292.1263 8.750954E-07
84.82882 12.67386 292.1263 8.750954E-07
84.92882 12.67386 292.1263 8.750954E-07
85.02882 12.67386 292.1263 8.750954E-07
85.12881 12.67386 292.1263 8.750954E-07
85.22881 12.67386 292.1263 8.750954E-07
85.32882 12.67386 292.1263 8.750954E-07
85.42882 12.67386 292.1263 8.750954E-07
85.52882 12.67386 292.1263 8.750954E-07
85.62881 12.67386 292.1263 8.750954E-07
85.72881 12.67386 292.1263 8.750954E-07
85.82882 12.67386 292.1263 8.750954E-07
85.92882 12.67386 292.1263 8.750954E-07
86.02882 12.67386 292.1263 8.750954E-07
86.12881 12.67386 292.1263 8.750954E-07
86.22881 12.67386 292.1263 8.750954E-07
86.32882 12.67386 292.1263 8.750954E-07
86.42882 12.67386 292.1263 8.750954E-07
86.52882 12.67386 292.1263 8.750954E-07
86.62881 12.67386 292.1263 8.750954E-07
86.72881 12.67386 292.1263 8.750954E-07
86.82882 12.67386 292.1263 8.750954E-07
86.92882 12.67386 292.1263 8.750954E-07
87.02882 12.67386 292.1263 8.750954E-07
87.12881 12.67386 292.1263 8.750954E-07
87.22881 12.67386 292.1263 8.750954E-07
87.32882 12.67386 292.1263 8.750954E-07
87.42882 12.67386 292.1263 8.750954E-07
87.52882 12.67386 292.1263 8.750954E-07
87.62881 12.67386 292.1263 8.750954E-07
87.72881 12.67386 292.1263 8.750954E-07
87.82882 12.67386 292.1263 8.750954E-07
87.92882 12.67386 292.1263 8.750954E-07
88.02882 12.67386 292.1263 8.750954E-07
88.12881 12.67386 292.1263 8.750954E-07
88.22881 12.67386 292.1263 8.750954E-07
88.32882 12.67386 292.1263 8.750954E-07
88.42882 12.67386 292.1263 8.750954E-07
88.52882 12.67386 292.1263 8.750954E-07
88.62881 12.67386 292.1263 8.750954E-07
88.72881 12.67386 292.1263 8.750954E-07
88.82882 12.67386 292.1263 8.750954E-07
88.92882 12.67386 292.1263 8.750954E-07
89.02882 12.67386 292.1263 8.750954E-07
89.12881 12.67386 292.1263 8.750954E-07
89.22881 12.67386 292.1263 8.750954E-07
89.32882 12.67386 292.1263 8.750954E-07
89.42882 12.67386 292.1263 8.750954E-07
89.52882 12.67386 292.1263 8.750954E-07
89.62881 12.67386 292.1263 8.750954E-07
89.72881 12.67386 292.1263 8.750954E-07
89.82882 12.67386 292.1263 8.750954E-07
89.92882 12.67386 292.1263 8.750954E-07
90.02882 12.67386 292.1263 8.750954E-07
90.12881 12.67386 292.1263 8.750954E-07
90.22881 12.67386 292.1263 8.750954E-07
90.32882 12.67386 292.1263 8.750954E-07
90.42882 12.67386 292.1263 8.750954E-07
90.52882 12.67386 292.1263 8.750954E-07
90.62881 12.67386 292.1263 8.750954E-07
90.72881 12.67386 292.1263 8.750954E-07
90.82882 12.67386 292.1263 8.750954E-07
90.92882 12.67386 292.1263 8.750954E-07
91.02882 12.67386 292.1263 8.750954E-07
91.12881 12.67386 292.1263 8.750954E-07
91.22881 12.67386 292.1263 8.750954E-07
91.32882 12.67386 292.1263 8.750954E-07
91.42882 12.67386 292.1263 8.750954E-07
91.52882 12.67386 292.1263 8.750954E-07
91.62881 12.67386 292.1263 8.750954E-07
91.72881 12.67386 292.1263 8.750954E-07
91.82882 12.67386 292.1263 8.750954E-07
91.92882 12.67386 292.1263 8.750954E-07
92.02882 12.67386 292.1263 8.750954E-07
92.12881 12.67386 292.1263 8.750954E-07
92.22881 12.67386 292.1263 8.750954E-07
92.32882 12.67386 292.1263 8.750954E-07
92.42882 12.67386 292.1263 8.750954E-07
92.52882 12.67386 292.1263 8.750954E-07
92.62881 12.67386 292.1263 8.750954E-07
92.72881 12.67386 292.1263 8.750954E-07
92.82882 12.67386 292.1263 8.750954E-07
92.92882 12.67386 292.1263 8.750954E-07
93.02882 12.67386 292.1263 8.750954E-07
93.12881 12.67386 292.1263 8.750954E-07
93.22881 12.67386 292.1263 8.750954E-07
93.32882 12.67386 292.1263 8.750954E-07
93.42882 12.67386 292.1263 8.750954E-07
93.52882 12.67386 292.1263 8.750954E-07
93.62881 12.67386 292.1263 8.750954E-07
93.72881 12.67386 292.1263 8.750954E-07
93.82882 12.67386 292.1263 8.750954E-07
93.92882 12.67386 292.1263 8.750954E-07
94.02882 12.67386 292.1263 8.750954E-07
94.12881 12.67386 292.1263 8.750954E-07
94.22881 12.67386 292.1263 8.750954E-07
94.32882 12.67386 292.1263 8.750954E-07
94.42882 12.67386 292.1263 8.750954E-07
94.52882 12.67386 292.1263 8.750954E-07
94.62881 12.67386 292.1263 8.750954E-07
94.72881 12.67386 292.1263 8.750954E-07
94.82882 12.67386 292.1263 8.750954E-07
94.92882 12.67386 292.1263 8.750954E-07
95.02882 12.67386 292.1263 8.750954E-07
95.12881 12.67386 292.1263 8.750954E-07
95.22881 12.67386 292.1263 8.750954E-07
95.32882 12.67386 292.1263 8.750954E-07
95.42882 12.67386 292.1263 8.750954E-07
95.52882 12.67386 292.1263 8.750954E-07
95.62881 12.67386 292.1263 8.750954E-07
95.72881 12.67386 292.1263 8.750954E-07
95.82882 12.67386 292.1263 8.750954E-07
95.92882 12.67386 292.1263 8.750954E-07
96.02882 12.67386 292.1263 8.750954E-07
96.12881 12.67386 292.1263 8.750954E-07
96.22881 12.67386 292.1263 8.750954E-07
96.32882 12.67386 292.1263 8.750954E-07
96.42882 12.67386 292.1263 8.750954E-07
96.52882 12.67386 292.1263 8.750954E-07
96.62881 12.67386 292.1263 8.750954E-07
96.72881 12.67386 292.1263 8.750954E-07
96.82882 12.67386 292.1263 8.750954E-07
96.92882 12.67386 292.1263 8.750954E-07
97.02882 12.67386 292.1263 8.750954E-07
97.12881 12.67386 292.1263 8.750954E-07
97.22881 12.67386 292.1263 8.750954E-07
97.32882 12.67386 292.1263 8.750954E-07
97.42882 12.67386 292.1263 8.750954E-07
97.52882 12.67386 292.1263 8.750954E-07
97.62881 12.67386 292.1263 8.750954E-07
97.72881 12.67386 292.1263 8.750954E-07
97.82882 12.67386 292.1263 8.750954E-07
97.92882 12.67386 292.1263 8.750954E-07
98.02882 12.67386 292.1263 8.750954E-07
98.12881 12.67386 292.1263 8.750954E-07
98.22881 12.67386 292.1263 8.750954E-07
98.32882 12.67386 292.1263 8.750954E-07
98.42882 12.67386 292.1263 8.750954E-07
98.52882 12.67386 292.1263 8.750954E-07
98.62881 12.67386 292.1263 8.750954E-07
98.72881 12.67386 292.1263 8.750954E-07
98.82882 12.67386 292.1263 8.750954E-07
98.92882 12.67386 292.1263 8.750954E-07
99.02882 12.67386 292.1263 8.750954E-07
99.12881 12.67386 292.1263 8.750954E-07
99.22881 12.67386 292.1263 8.750954E-07
99.32882 12.67386 292.1263 8.750954E-07
99.42882 12.67386 292.1263 8.750954E-07
99.52882 12.67386 292.1263 8.750954E-07
99.62881 12.67386 292.1263 8.750954E-07
99.72881 12.67386 292.1263 8.750954E-07
99.82882 12.67386 292.1263 8.750954E-07
99.92882 12.67386 292.1263 8.750954E-07
100.0288 12.67386 292.1263 8.750954E-07
100.1288 12.67386 292.1263 8.750954E-07
100.2288 12.67386 292.1263 8.750954E-07
100.3288 12.67386 292.1263 8.750954E-07
100.4288 12.67386 292.1263 8.750954E-07
100.5288 12.67386 292.1263 8.750954E-07
100.6288 12.67386 292.1263 8.750954E-07
100.7288 12.67386 292.1263 8.750954E-07
100.8288 12.67386 292.1263 8.750954E-07
100.9288 12.67386 292.1263 8.750954E-07
101.0288 12.67386 292.1263 8.750954E-07
101.1288 12.67386 292.1263 8.750954E-07
101.2288 12.67386 292.1263 8.750954E-07
101.3288 12.67386 292.1263 8.750954E-07
101.4288 12.67386 292.1263 8.750954E-07
101.5288 12.67386 292.1263 8.750954E-07
101.6288 12.67386 292.1263 8.750954E-07
101.7288 12.67386 292.1263 8.750954E-07
101.8288 12.67386 292.1263 8.750954E-07
101.9288 12.67386 292.1263 8.750954E-07
102.0288 12.67386 292.1263 8.750954E-07
102.1288 12.67386 292.1263 8.750954E-07
102.2288 12.67386 292.1263 8.750954E-07
102.3288 12.67386 292.1263 8.750954E-07
102.4288 12.67386 292.1263 8.750954E-07
102.5288 12.67386 292.1263 8.750954E-07
102.6288 12.67386 292.1263 8.750954E-07
102.7288 12.67386 292.1263 8.750954E-07
102.8288 12.67386 292.1263 8.750954E-07
102.9288 12.67386 292.1263 8.750954E-07
103.0288 12.67386 292.1263 8.750954E-07
103.1288 12.67386 292.1263 8.750954E-07
103.2288 12.67386 292.1263 8.750954E-07
103.3288 12.67386 292.1263 8.750954E-07
103.4288 12.67386 292.1263 8.750954E-07
103.5288 12.67386 292.1263 8.750954E-07
103.6288 12.67386 292.1263 8.750954E-07
103.7288 12.67386 292.1263 8.750954E-07
103.8288 12.67386 292.1263 8.750954E-07
103.9288 12.67386 292.1263 8.750954E-07
104.0288 12.67386 292.1263 8.750954E-07
104.1288 12.67386 292.1263 8.750954E-07
104.2288 12.67386 292.1263 8.750954E-07
104.3288 12.67386 292.1263 8.750954E-07
104.4288 12.67386 292.1263 8.750954E-07
104.5288 12.67386 292.1263 8.750954E-07
104.6288 12.67386 292.1263 8.750954E-07
104.7288 12.67386 292.1263 8.750954E-07
104.8288 12.67386 292.1263 8.750954E-07
104.9288 12.67386 292.1263 8.750954E-07
105.0288 12.67386 292.1263 8.750954E-07
105.1288 12.67386 292.1263 8.750954E-07
105.2288 12.67386 292.1263 8.750954E-07
105.3288 12.67386 292.1263 8.750954E-07
105.4288 12.67386 292.1263 8.750954E-07
105.5288 12.67386 292.1263 8.750954E-07
105.6288 12.67386 292.1263 8.750954E-07
105.7288 12.67386 292.1263 8.750954E-07
105.8288 12.67386 292.1263 8.750954E-07
105.9288 12.67386 292.1263 8.750954E-07
106.0288 12.67386 292.1263 8.750954E-07
106.1288 12.67386 292.1263 8.750954E-07
106.2288 12.67386 292.1263 8.750954E-07
106.3288 12.67386 292.1263 8.750954E-07
106.4288 12.67386 292.1263 8.750954E-07
106.5288 12.67386 292.1263 8.750954E-07
106.6288 12.67386 292.1263 8.750954E-07
106.7288 12.67386 292.1263 8.750954E-07
106.8288 12.67386 292.1263 8.750954E-07
106.9288 12.67386 292.1263 8.750954E-07
107.0288 12.67386 292.1263 8.750954E-07
107.1288 12.67386 292.1263 8.750954E-07
107.2288 12.67386 292.1263 8.750954E-07
107.3288 12.67386 292.1263 8.750954E-07
107.4288 12.67386 292.1263 8.750954E-07
107.5288 12.67386 292.1263 8.750954E-07
107.6288 12.67386 292.1263 8.750954E-07
107.7288 12.67386 292.1263 8.750954E-07
107.8288 12.67386 292.1263 8.750954E-07
107.9288 12.67386 292.1263 8.750954E-07
108.0288 12.67386 292.1263 8.750954E-07
108.1288 12.67386 292.1263 8.750954E-07
108.2288 12.67386 292.1263 8.750954E-07
108.3288 12.67386 292.1263 8.750954E-07
108.4288 12.67386 292.1263 8.750954E-07
108.5288 12.67386 292.1263 8.750954E-07
108.6288 12.67386 292.1263 8.750954E-07
108.7288 12.67386 292.1263 8.750954E-07
108.8288 12.67386 292.1263 8.750954E-07
108.9288 12.67386 292.1263 8.750954E-07
109.0288 12.67386 292.1263 8.750954E-07
109.1288 12.67386 292.1263 8.750954E-07
109.2288 12.67386 292.1263 8.750954E-07
109.3288 12.67386 292.1263 8.750954E-07
109.4288 12.67386 292.1263 8.750954E-07
109.5288 12.67386 292.1263 8.750954E-07
109.6288 12.67386 292.1263 8.750954E-07
109.7288 12.67386 292.1263 8.750954E-07
109.8288 12.67386 292.1263 8.750954E-07
109.9288 12.67386 292.1263 8.750954E-07
110.0288 12.67386 292.1263 8.750954E-07
110.1288 12.67386 292.1263 8.750954E-07
110.2288 12.67386 292.1263 8.750954E-07
110.3288 12.67386 292.1263 8.750954E-07
110.4288 12.67386 292.1263 8.750954E-07
110.5288 12.67386 292.1263 8.750954E-07
110.6288 12.67386 292.1263 8.750954E-07
110.7288 12.67386 292.1263 8.750954E-07
110.8288 12.67386 292.1263 8.750954E-07
110.9288 12.67386 292.1263 8.750954E-07
111.0288 12.67386 292.1263 8.750954E-07
111.1288 12.67386 292.1263 8.750954E-07
111.2288 12.67386 292.1263 8.750954E-07
111.3288 12.67386 292.1263 8.750954E-07
111.4288 12.67386 292.1263 8.750954E-07
111.5288 12.67386 292.1263 8.750954E-07
111.6288 12.67386 292.1263 8.750954E-07
111.7288 12.67386 292.1263 8.750954E-07
111.8288 12.67386 292.1263 8.750954E-07
111.9288 12.67386 292.1263 8.750954E-07
112.0288 12.67386 292.1263 8.750954E-07
112.1288 12.67386 292.1263 8.750954E-07
112.2288 12.67386 292.1263 8.750954E-07
112.3288 12.67386 292.1263 8.750954E-07
112.4288 12.67386 292.1263 8.750954E-07
112.5288 12.67386 292.1263 8.750954E-07
112.6288 12.67386 292.1263 8.750954E-07
112.7288 12.67386 292.1263 8.750954E-07
112.8288 12.67386 292.1263 8.750954E-07
112.9288 12.67386 292.1263 8.750954E-07
113.0288 12.67386 292.1263 8.750954E-07
113.1288 12.67386 292.1263 8.750954E-07
113.2288 12.67386 292.1263 8.750954E-07
113.3288 12.67386 292.1263 8.750954E-07
113.4288 12.67386 292.1263 8.750954E-07
113.5288 12.67386 292.1263 8.750954E-07
113.6288 12.67386 292.1263 8.750954E-07
113.7288 12.67386 292.1263 8.750954E-07
113.8288 12.67386 292.1263 8.750954E-07
113.9288 12.67386 292.1263 8.750954E-07
114.0288 12.67386 292.1263 8.750954E-07
114.1288 12.67386 292.1263 8.750954E-07
114.2288 12.67386 292.1263 8.750954E-07
114.3288 12.67386 292.1263 8.750954E-07
114.4288 12.67386 292.1263 8.750954E-07
114.5288 12.67386 292.1263 8.750954E-07
114.6288 12.67386 292.1263 8.750954E-07
114.7288 12.67386 292.1263 8.750954E-07
114.8288 12.67386 292.1263 8.750954E-07
114.9288 12.67386 292.1263 8.750954E-07
115.0288 12.67386 292.1263 8.750954E-07
115.1288 12.67386 292.1263 8.750954E-07
115.2288 12.67386 292.1263 8.750954E-07
115.3288 12.67386 292.1263 8.750954E-07
115.4288 12.67386 292.1263 8.750954E-07
115.5288 12.67386 292.1263 8.750954E-07
115.6288 12.67386 292.1263 8.750954E-07
115.7288 12.67386 292.1263 8.750954E-07
115.8288 12.67386 292.1263 8.750954E-07
115.9288 12.67386 292.1263 8.750954E-07
116.0288 12.67386 292.1263 8.750954E-07
116.1288 12.67386 292.1263 8.750954E-07
116.2288 12.67386 292.1263 8.750954E-07
116.3288 12.67386 292.1263 8.750954E-07
116.4288 12.67386 292.1263 8.750954E-07
116.5288 12.67386 292.1263 8.750954E-07
116.6288 12.67386 292.1263 8.750954E-07
116.7288 12.67386 292.1263 8.750954E-07
116.8288 12.67386 292.1263 8.750954E-07
116.9288 12.67386 292.1263 8.750954E-07
117.0288 12.67386 292.1263 8.750954E-07
117.1288 12.67386 292.1263 8.750954E-07
117.2288 12.67386 292.1263 8.750954E-07
117.3288 12.67386 292.1263 8.750954E-07
117.4288 12.67386 292.1263 8.750954E-07
117.5288 12.67386 292.1263 8.750954E-07
117.6288 12.67386 292.1263 8.750954E-07
117.7288 12.67386 292.1263 8.750954E-07
117.8288 12.67386 292.1263 8.750954E-07
117.9288 12.67386 292.1263 8.750954E-07
118.0288 12.67386 292.1263 8.750954E-07
118.1288 12.67386 292.1263 8.750954E-07
118.2288 12.67386 292.1263 8.750954E-07
118.3288 12.67386 292.1263 8.750954E-07
118.4288 12.67386 292.1263 8.750954E-07
118.5288 12.67386 292.1263 8.750954E-07
118.6288 12.67386 292.1263 8.750954E-07
118.7288 12.67386 292.1263 8.750954E-07
118.8288 12.67386 292.1263 8.750954E-07
118.9288 12.67386 292.1263 8.750954E-07
119.0288 12.67386 292.1263 8.750954E-07
119.1288 12.67386 292.1263 8.750954E-07
119.2288 12.67386 292.1263 8.750954E-07
119.3288 12.67386 292.1263 8.750954E-07
119.4288 12.67386 292.1263 8.750954E-07
119.5288 12.67386 292.1263 8.750954E-07
119.6288 12.67386 292.1263 8.750954E-07
119.7288 12.67386 292.1263 8.750954E-07
119.8288 12.67386 292.1263 8.750954E-07
119.9288 12.67386 292.1263 8.750954E-07
120.0288 12.67386 292.1263 8.750954E-07
120.1288 12.67386 292.1263 8.750954E-07
120.2288 12.67386 292.1263 8.750954E-07
120.3288 12.67386 292.1263 8.750954E-07
120.4288 12.67386 292.1263 8.750954E-07
120.5288 12.67386 292.1263 8.750954E-07
120.6288 12.67386 292.1263 8.750954E-07
120.7288 12.67386 292.1263 8.750954E-07
120.8288 12.67386 292.1263 8.750954E-07
120.9288 12.67386 292.1263 8.750954E-07
121.0288 12.67386 292.1263 8.750954E-07
121.1288 12.67386 292.1263 8.750954E-07
121.2288 12.67386 292.1263 8.750954E-07
121.3288 12.67386 292.1263 8.750954E-07
121.4288 12.67386 292.1263 8.750954E-07
121.5288 12.67386 292.1263 8.750954E-07
121.6288 12.67386 292.1263 8.750954E-07
121.7288 12.67386 292.1263 8.750954E-07
121.8288 12.67386 292.1263 8.750954E-07
121.9288 12.67386 292.1263 8.750954E-07
122.0288 12.67386 292.1263 8.750954E-07
122.1288 12.67386 292.1263 8.750954E-07
122.2288 12.67386 292.1263 8.750954E-07
122.3288 12.67386 292.1263 8.750954E-07
122.4288 12.67386 292.1263 8.750954E-07
122.5288 12.67386 292.1263 8.750954E-07
122.6288 12.67386 292.1263 8.750954E-07
122.7288 12.67386 292.1263 8.750954E-07
122.8288 12.67386 292.1263 8.750954E-07
122.9288 12.67386 292.1263 8.750954E-07
123.0288 12.67386 292.1263 8.750954E-07
123.1288 12.67386 292.1263 8.750954E-07
123.2288 12.67386 292.1263 8.750954E-07
123.3288 12.67386 292.1263 8.750954E-07
123.4288 12.67386 292.1263 8.750954E-07
123.5288 12.67386 292.1263 8.750954E-07
123.6288 12.67386 292.1263 8.750954E-07
123.7288 12.67386 292.1263 8.750954E-07
123.8288 12.67386 292.1263 8.750954E-07
123.9288 12.67386 292.1263 8.750954E-07
124.0288 12.67386 292.1263 8.750954E-07
124.1288 12.67386 292.1263 8.750954E-07
124.2288 12.67386 292.1263 8.750954E-07
124.3288 12.67386 292.1263 8.750954E-07
124.4288 12.67386 292.1263 8.750954E-07
124.5288 12.67386 292.1263 8.750954E-07
124.6288 12.67386 292.1263 8.750954E-07
124.7288 12.67386 292.1263 8.750954E-07
124.8288 12.67386 292.1263 8.750954E-07
124.9288 12.67386 292.1263 8.750954E-07
125.0288 12.67386 292.1263 8.750954E-07
125.1288 12.67386 292.1263 8.750954E-07
125.2288 12.67386 292.1263 8.750954E-07
125.3288 12.67386 292.1263 8.750954E-07
125.4288 12.67386 292.1263 8.750954E-07
125.5288 12.67386 292.1263 8.750954E-07
125.6288 12.67386 292.1263 8.750954E-07
125.7288 12.67386 292.1263 8.750954E-07
125.8288 12.67386 292.1263 8.750954E-07
125.9288 12.67386 292.1263 8.750954E-07
126.0288 12.67386 292.1263 8.750954E-07
126.1288 12.67386 292.1263 8.750954E-07
126.2288 12.67386 292.1263 8.750954E-07
126.3288 12.67386 292.1263 8.750954E-07
126.4288 12.67386 292.1263 8.750954E-07
126.5288 12.67386 292.1263 8.750954E-07
126.6288 12.67386 292.1263 8.750954E-07
126.7288 12.67386 292.1263 8.750954E-07
126.8288 12.67386 292.1263 8.750954E-07
126.9288 12.67386 292.1263 8.750954E-07
127.0288 12.67386 292.1263 8.750954E-07
127.1288 12.67386 292.1263 8.750954E-07
127.2288 12.67386 292.1263 8.750954E-07
127.3288 12.67386 292.1263 8.750954E-07
127.4288 12.67386 292.1263 8.750954E-07
127.5288 12.67386 292.1263 8.750954E-07
127.6288 12.67386 292.1263 8.750954E-07
127.7288 12.67386 292.1263 8.750954E-07
127.8288 12.67386 292.1263 8.750954E-07
127.9288 12.67386 292.1263 8.750954E-07
128.0288 12.67386 292.1263 8.750954E-07
128.1288 12.67386 292.1263 8.750954E-07
128.2288 12.67386 292.1263 8.750954E-07
128.3288 12.67386 292.1263 8.750954E-07
128.4288 12.67386 292.1263 8.750954E-07
128.5288 12.67386 292.1263 8.750954E-07
128.6288 12.67386 292.1263 8.750954E-07
128.7288 12.67386 292.1263 8.750954E-07
128.8288 12.67386 292.1263 8.750954E-07
128.9288 12.67386 292.1263 8.750954E-07
129.0288 12.67386 292.1263 8.750954E-07
129.1288 12.67386 292.1263 8.750954E-07
129.2288 12.67386 292.1263 8.750954E-07
129.3288 12.67386 292.1263 8.750954E-07
129.4288 12.67386 292.1263 8.750954E-07
129.5288 12.67386 292.1263 8.750954E-07
129.6288 12.67386 292.1263 8.750954E-07
129.7288 12.67386 292.1263 8.750954E-07
129.8288 12.67386 292.1263 8.750954E-07
129.9288 12.67386 292.1263 8.750954E-07
130.0288 12.67386 292.1263 8.750954E-07
130.1288 12.67386 292.1263 8.750954E-07
130.2288 12.67386 292.1263 8.750954E-07
130.3288 12.67386 292.1263 8.750954E-07
130.4288 12.67386 292.1263 8.750954E-07
130.5288 12.67386 292.1263 8.750954E-07
130.6288 12.67386 292.1263 8.750954E-07
130.7288 12.67386 292.1263 8.750954E-07
130.8288 12.67386 292.1263 8.750954E-07
130.9288 12.67386 292.1263 8.750954E-07
131.0288 12.67386 292.1263 8.750954E-07
131.1288 12.67386 292.1263 8.750954E-07
131.2288 12.67386 292.1263 8.750954E-07
131.3288 12.67386 292.1263 8.750954E-07
131.4288 12.67386 292.1263 8.750954E-07
131.5288 12.67386 292.1263 8.750954E-07
131.6288 12.67386 292.1263 8.750954E-07
131.7288 12.67386 292.1263 8.750954E-07
131.8288 12.67386 292.1263 8.750954E-07
131.9288 12.67386 292.1263 8.750954E-07
132.0288 12.67386 292.1263 8.750954E-07
132.1288 12.67386 292.1263 8.750954E-07
132.2288 12.67386 292.1263 8.750954E-07
132.3288 12.67386 292.1263 8.750954E-07
132.4288 12.67386 292.1263 8.750954E-07
132.5288 12.67386 292.1263 8.750954E-07
132.6288 12.67386 292.1263 8.750954E-07
132.7288 12.67386 292.1263 8.750954E-07
132.8288 12.67386 292.1263 8.750954E-07
132.9288 12.67386 292.1263 8.750954E-07
133.0288 12.67386 292.1263 8.750954E-07
133.1288 12.67386 292.1263 8.750954E-07
133.2288 12.67386 292.1263 8.750954E-07
133.3288 12.67386 292.1263 8.750954E-07
133.4288 12.67386 292.1263 8.750954E-07
133.5288 12.67386 292.1263 8.750954E-07
133.6288 12.67386 292.1263 8.750954E-07
133.7288 12.67386 292.1263 8.750954E-07
133.8288 12.67386 292.1263 8.750954E-07
133.9288 12.67386 292.1263 8.750954E-07
134.0288 12.67386 292.1263 8.750954E-07
134.1288 12.67386 292.1263 8.750954E-07
134.2288 12.67386 292.1263 8.750954E-07
134.3288 12.67386 292.1263 8.750954E-07
134.4288 12.67386 292.1263 8.750954E-07
134.5288 12.67386 292.1263 8.750954E-07
134.6288 12.67386 292.1263 8.750954E-07
134.7288 12.67386 292.1263 8.750954E-07
134.8288 12.67386 292.1263 8.750954E-07
134.9288 12.67386 292.1263 8.750954E-07
135.0288 12.67386 292.1263 8.750954E-07
135.1288 12.67386 292.1263 8.750954E-07
135.2288 12.67386 292.1263 8.750954E-07
135.3288 12.67386 292.1263 8.750954E-07
135.4288 12.67386 292.1263 8.750954E-07
135.5288 12.67386 292.1263 8.750954E-07
135.6288 12.67386 292.1263 8.750954E-07
135.7288 12.67386 292.1263 8.750954E-07
135.8288 12.67386 292.1263 8.750954E-07
135.9288 12.67386 292.1263 8.750954E-07
136.0288 12.67386 292.1263 8.750954E-07
136.1288 12.67386 292.1263 8.750954E-07
136.2288 12.67386 292.1263 8.750954E-07
136.3288 12.67386 292.1263 8.750954E-07
136.4288 12.67386 292.1263 8.750954E-07
136.5288 12.67386 292.1263 8.750954E-07
136.6288 12.67386 292.1263 8.750954E-07
136.7288 12.67386 292.1263 8.750954E-07
136.8288 12.67386 292.1263 8.750954E-07
136.9288 12.67386 292.1263 8.750954E-07
137.0288 12.67386 292.1263 8.750954E-07
137.1288 12.67386 292.1263 8.750954E-07
137.2288 12.67386 292.1263 8.750954E-07
137.3288 12.67386 292.1263 8.750954E-07
137.4288 12.67386 292.1263 8.750954E-07
137.5288 12.67386 292.1263 8.750954E-07
137.6288 12.67386 292.1263 8.750954E-07
137.7288 12.67386 292.1263 8.750954E-07
137.8288 12.67386 292.1263 8.750954E-07
137.9288 12.67386 292.1263 8.750954E-07
138.0288 12.67386 292.1263 8.750954E-07
138.1288 12.67386 292.1263 8.750954E-07
138.2288 12.67386 292.1263 8.750954E-07
138.3288 12.67386 292.1263 8.750954E-07
138.4288 12.67386 292.1263 8.750954E-07
138.5288 12.67386 292.1263 8.750954E-07
138.6288 12.67386 292.1263 8.750954E-07
138.7288 12.67386 292.1263 8.750954E-07
138.8288 12.67386 292.1263 8.750954E-07
138.9288 12.67386 292.1263 8.750954E-07
139.0288 12.67386 292.1263 8.750954E-07
139.1288 12.67386 292.1263 8.750954E-07
139.2288 12.67386 292.1263 8.750954E-07
139.3288 12.67386 292.1263 8.750954E-07
139.4288 12.67386 292.1263 8.750954E-07
139.5288 12.67386 292.1263 8.750954E-07
139.6288 12.67386 292.1263 8.750954E-07
139.7288 12.67386 292.1263 8.750954E-07
139.8288 12.67386 292.1263 8.750954E-07
139.9288 12.67386 292.1263 8.750954E-07
140.0288 12.67386 292.1263 8.750954E-07
140.1288 12.67386 292.1263 8.750954E-07
140.2288 12.67386 292.1263 8.750954E-07
140.3288 12.67386 292.1263 8.750954E-07
140.4288 12.67386 292.1263 8.750954E-07
140.5288 12.67386 292.1263 8.750954E-07
140.6288 12.67386 292.1263 8.750954E-07
140.7288 12.67386 292.1263 8.750954E-07
140.8288 12.67386 292.1263 8.750954E-07
140.9288 12.67386 292.1263 8.750954E-07
141.0288 12.67386 292.1263 8.750954E-07
141.1288 12.67386 292.1263 8.750954E-07
141.2288 12.67386 292.1263 8.750954E-07
141.3288 12.67386 292.1263 8.750954E-07
141.4288 12.67386 292.1263 8.750954E-07
141.5288 12.67386 292.1263 8.750954E-07
141.6288 12.67386 292.1263 8.750954E-07
141.7288 12.67386 292.1263 8.750954E-07
141.8288 12.67386 292.1263 8.750954E-07
141.9288 12.67386 292.1263 8.750954E-07
142.0288 12.67386 292.1263 8.750954E-07
142.1288 12.67386 292.1263 8.750954E-07
142.2288 12.67386 292.1263 8.750954E-07
142.3288 12.67386 292.1263 8.750954E-07
142.4288 12.67386 292.1263 8.750954E-07
142.5288 12.67386 292.1263 8.750954E-07
142.6288 12.67386 292.1263 8.750954E-07
142.7288 12.67386 292.1263 8.750954E-07
142.8288 12.67386 292.1263 8.750954E-07
142.9288 12.67386 292.1263 8.750954E-07
143.0288 12.67386 292.1263 8.750954E-07
143.1288 12.67386 292.1263 8.750954E-07
143.2288 12.67386 292.1263 8.750954E-07
143.3288 12.67386 292.1263 8.750954E-07
143.4288 12.67386 292.1263 8.750954E-07
143.5288 12.67386 292.1263 8.750954E-07
143.6288 12.67386 292.1263 8.750954E-07
143.7288 12.67386 292.1263 8.750954E-07
143.8288 12.67386 292.1263 8.750954E-07
143.9288 12.67386 292.1263 8.750954E-07
144.0288 12.67386 292.1263 8.750954E-07
144.1288 12.67386 292.1263 8.750954E-07
144.2288 12.67386 292.1263 8.750954E-07
144.3288 12.67386 292.1263 8.750954E-07
144.4288 12.67386 292.1263 8.750954E-07
144.5288 12.67386 292.1263 8.750954E-07
144.6288 12.67386 292.1263 8.750954E-07
144.7288 12.67386 292.1263 8.750954E-07
144.8288 12.67386 292.1263 8.750954E-07
144.9288 12.67386 292.1263 8.750954E-07
145.0288 12.67386 292.1263 8.750954E-07
145.1288 12.67386 292.1263 8.750954E-07
145.2288 12.67386 292.1263 8.750954E-07
145.3288 12.67386 292.1263 8.750954E-07
145.4288 12.67386 292.1263 8.750954E-07
145.5288 12.67386 292.1263 8.750954E-07
145.6288 12.67386 292.1263 8.750954E-07
145.7288 12.67386 292.1263 8.750954E-07
145.8288 12.67386 292.1263 8.750954E-07
145.9288 12.67386 292.1263 8.750954E-07
146.0288 12.67386 292.1263 8.750954E-07
146.1288 12.67386 292.1263 8.750954E-07
146.2288 12.67386 292.1263 8.750954E-07
146.3288 12.67386 292.1263 8.750954E-07
146.4288 12.67386 292.1263 8.750954E-07
146.5288 12.67386 292.1263 8.750954E-07
146.6288 12.67386 292.1263 8.750954E-07
146.7288 12.67386 292.1263 8.750954E-07
146.8288 12.67386 292.1263 8.750954E-07
146.9288 12.67386 292.1263 8.750954E-07
147.0288 12.67386 292.1263 8.750954E-07
147.1288 12.67386 292.1263 8.750954E-07
147.2288 12.67386 292.1263 8.750954E-07
147.3288 12.67386 292.1263 8.750954E-07
147.4288 12.67386 292.1263 8.750954E-07
147.5288 12.67386 292.1263 8.750954E-07
147.6288 12.67386 292.1263 8.750954E-07
147.7288 12.67386 292.1263 8.750954E-07
147.8288 12.67386 292.1263 8.750954E-07
147.9288 12.67386 292.1263 8.750954E-07
148.0288 12.67386 292.1263 8.750954E-07
148.1288 12.67386 292.1263 8.750954E-07
148.2288 12.67386 292.1263 8.750954E-07
148.3288 12.67386 292.1263 8.750954E-07
148.4288 12.67386 292.1263 8.750954E-07
148.5288 12.67386 292.1263 8.750954E-07
148.6288 12.67386 292.1263 8.750954E-07
148.7288 12.67386 292.1263 8.750954E-07
148.8288 12.67386 292.1263 8.750954E-07
148.9288 12.67386 292.1263 8.750954E-07
149.0288 12.67386 292.1263 8.750954E-07
149.1288 12.67386 292.1263 8.750954E-07
149.2288 12.67386 292.1263 8.750954E-07
149.3288 12.67386 292.1263 8.750954E-07
149.4288 12.67386 292.1263 8.750954E-07
149.5288 12.67386 292.1263 8.750954E-07
149.6288 12.67386 292.1263 8.750954E-07
149.7288 12.67386 292.1263 8.750954E-07
149.8288 12.67386 292.1263 8.750954E-07
149.9288 12.67386 292.1263 8.750954E-07
150.0288 12.67386 292.1263 8.750954E-07
150.1288 12.67386 292.1263 8.750954E-07
150.2288 12.67386 292.1263 8.750954E-07
150.3288 12.67386 292.1263 8.750954E-07
150.4288 12.67386 292.1263 8.750954E-07
150.5288 12.67386 292.1263 8.750954E-07
150.6288 12.67386 292.1263 8.750954E-07
150.7288 12.67386 292.1263 8.750954E-07
150.8288 12.67386 292.1263 8.750954E-07
150.9288 12.67386 292.1263 8.750954E-07
151.0288 12.67386 292.1263 8.750954E-07
151.1288 12.67386 292.1263 8.750954E-07
151.2288 12.67386 292.1263 8.750954E-07
151.3288 12.67386 292.1263 8.750954E-07
151.4288 12.67386 292.1263 8.750954E-07
151.5288 12.67386 292.1263 8.750954E-07
151.6288 12.67386 292.1263 8.750954E-07
151.7288 12.67386 292.1263 8.750954E-07
151.8288 12.67386 292.1263 8.750954E-07
151.9288 12.67386 292.1263 8.750954E-07
152.0288 12.67386 292.1263 8.750954E-07
152.1288 12.67386 292.1263 8.750954E-07
152.2288 12.67386 292.1263 8.750954E-07
152.3288 12.67386 292.1263 8.750954E-07
152.4288 12.67386 292.1263 8.750954E-07
152.5288 12.67386 292.1263 8.750954E-07
152.6288 12.67386 292.1263 8.750954E-07
152.7288 12.67386 292.1263 8.750954E-07
152.8288 12.67386 292.1263 8.750954E-07
152.9288 12.67386 292.1263 8.750954E-07
153.0288 12.67386 292.1263 8.750954E-07
153.1288 12.67386 292.1263 8.750954E-07
153.2288 12.67386 292.1263 8.750954E-07
153.3288 12.67386 292.1263 8.750954E-07
153.4288 12.67386 292.1263 8.750954E-07
153.5288 12.67386 292.1263 8.750954E-07
153.6288 12.67386 292.1263 8.750954E-07
153.7288 12.67386 292.1263 8.750954E-07
153.8288 12.67386 292.1263 8.750954E-07
153.9288 12.67386 292.1263 8.750954E-07
154.0288 12.67386 292.1263 8.750954E-07
154.1288 12.67386 292.1263 8.750954E-07
154.2288 12.67386 292.1263 8.750954E-07
154.3288 12.67386 292.1263 8.750954E-07
154.4288 12.67386 292.1263 8.750954E-07
154.5288 12.67386 292.1263 8.750954E-07
154.6288 12.67386 292.1263 8.750954E-07
154.7288 12.67386 292.1263 8.750954E-07
154.8288 12.67386 292.1263 8.750954E-07
154.9288 12.67386 292.1263 8.750954E-07
155.0288 12.67386 292.1263 8.750954E-07
155.1288 12.67386 292.1263 8.750954E-07
155.2288 12.67386 292.1263 8.750954E-07
155.3288 12.67386 292.1263 8.750954E-07
155.4288 12.67386 292.1263 8.750954E-07
155.5288 12.67386 292.1263 8.750954E-07
155.6288 12.67386 292.1263 8.750954E-07
155.7288 12.67386 292.1263 8.750954E-07
155.8288 12.67386 292.1263 8.750954E-07
155.9288 12.67386 292.1263 8.750954E-07
156.0288 12.67386 292.1263 8.750954E-07
156.1288 12.67386 292.1263 8.750954E-07
156.2288 12.67386 292.1263 8.750954E-07
156.3288 12.67386 292.1263 8.750954E-07
156.4288 12.67386 292.1263 8.750954E-07
156.5288 12.67386 292.1263 8.750954E-07
156.6288 12.67386 292.1263 8.750954E-07
156.7288 12.67386 292.1263 8.750954E-07
156.8288 12.67386 292.1263 8.750954E-07
156.9288 12.67386 292.1263 8.750954E-07
157.0288 12.67386 292.1263 8.750954E-07
157.1288 12.67386 292.1263 8.750954E-07
157.2288 12.67386 292.1263 8.750954E-07
157.3288 12.67386 292.1263 8.750954E-07
157.4288 12.67386 292.1263 8.750954E-07
157.5288 12.67386 292.1263 8.750954E-07
157.6288 12.67386 292.1263 8.750954E-07
157.7288 12.67386 292.1263 8.750954E-07
157.8288 12.67386 292.1263 8.750954E-07
157.9288 12.67386 292.1263 8.750954E-07
158.0288 12.67386 292.1263 8.750954E-07
158.1288 12.67386 292.1263 8.750954E-07
158.2288 12.67386 292.1263 8.750954E-07
158.3288 12.67386 292.1263 8.750954E-07
158.4288 12.67386 292.1263 8.750954E-07
158.5288 12.67386 292.1263 8.750954E-07
158.6288 12.67386 292.1263 8.750954E-07
158.7288 12.67386 292.1263 8.750954E-07
158.8288 12.67386 292.1263 8.750954E-07
158.9288 12.67386 292.1263 8.750954E-07
159.0288 12.67386 292.1263 8.750954E-07
159.1288 12.67386 292.1263 8.750954E-07
159.2288 12.67386 292.1263 8.750954E-07
159.3288 12.67386 292.1263 8.750954E-07
159.4288 12.67386 292.1263 8.750954E-07
159.5288 12.67386 292.1263 8.750954E-07
159.6288 12.67386 292.1263 8.750954E-07
159.7288 12.67386 292.1263 8.750954E-07
159.8288 12.67386 292.1263 8.750954E-07
159.9288 12.67386 292.1263 8.750954E-07
