-0.03333334 347.0117 264.3241 357.2458
0.03333334 347.0277 264.3396 357.25
0.03333334 347.0068 264.3307 357.2616
0.06666667 346.9926 264.3321 357.2268
0.1 347.1084 264.2999 357.2249
0.1333333 347.1624 264.3059 357.2587
0.1333333 347.1983 264.2948 357.2767
0.1333333 347.3919 264.3193 357.3475
0.1333333 347.5222 264.1719 357.4294
0.1333333 347.6064 264.0984 357.541
0.1333333 347.6719 264.0319 357.5507
0.5333334 347.73 263.935 357.6
0.5333334 347.7865 263.8127 357.6956
0.5666667 347.7947 263.7723 357.6965
0.5666667 347.8945 263.5802 357.7677
0.6 347.9188 263.5528 357.7734
0.6 347.9268 263.5131 357.7907
0.6333333 347.979 263.4305 357.8194
0.6333333 348.0222 263.2906 357.8618
0.6333333 348.0739 263.1887 357.8955
0.6666667 348.1309 263.0423 357.923
0.6666667 348.1894 262.9157 357.9405
0.7 348.2541 262.7657 357.9644
0.7 348.3149 262.6071 358.006
0.7 348.3705 262.4257 358.0437
0.7333333 348.4367 262.2836 358.0627
0.7333333 348.4933 262.0993 358.0977
0.7666667 348.5677 261.9373 358.1222
0.7666667 348.6006 261.7672 358.1323
0.8 348.6222 261.6358 358.1547
0.8 348.6696 261.4858 358.1595
0.8 348.7297 261.3269 358.174
0.8333333 348.8072 261.1961 358.1862
0.8333333 348.8852 261.0552 358.2085
0.8666667 348.9356 260.9403 358.2261
0.8666667 348.994 260.8189 358.2633
0.9 349.043 260.7288 358.2901
0.9 349.1139 260.6183 358.3269
0.9 349.1913 260.5057 358.3734
0.9333333 349.28 260.4 358.4178
0.9333333 349.3969 260.2913 358.4527
0.9666666 349.4883 260.198 358.4436
0.9666666 349.5516 260.1112 358.4079
1 349.5943 260.0515 358.38
1 349.6604 260.0047 358.3762
1 349.7466 259.9344 358.4093
1.033333 349.8419 259.8538 358.4361
1.033333 349.9214 259.7902 358.4628
1.066667 350.0173 259.6946 358.4796
1.066667 350.1152 259.6077 358.4816
1.066667 350.2309 259.4998 358.5035
1.1 350.3445 259.4012 358.5147
1.1 350.4756 259.2971 358.5221
1.133333 350.6107 259.1644 358.5367
1.133333 350.7205 259.0287 358.546
1.133333 350.8314 258.8976 358.5471
1.166667 350.9472 258.7353 358.5374
1.166667 351.0832 258.6025 358.5135
1.2 351.2188 258.4576 358.4811
1.2 351.3358 258.3227 358.4705
1.233333 351.4751 258.1718 358.4686
1.233333 351.5909 258.0418 358.4667
1.233333 351.6977 257.9345 358.4368
1.266667 351.8235 257.8275 358.3876
1.266667 351.924 257.7281 358.3773
1.3 352.0089 257.6291 358.395
1.3 352.0748 257.547 358.415
1.3 352.1473 257.4879 358.4183
1.333333 352.2298 257.4446 358.3876
1.333333 352.2969 257.4027 358.3729
1.366667 352.3704 257.3828 358.3623
1.366667 352.4184 257.3706 358.3638
1.4 352.4352 257.3608 358.3833
1.4 352.4081 257.3689 358.4028
1.4 352.3822 257.3707 358.4285
1.433333 352.3794 257.3796 358.4241
1.433333 352.3991 257.3882 358.4511
1.466667 352.4328 257.3945 358.4559
1.466667 352.4638 257.3983 358.4582
1.5 352.4873 257.3799 358.4655
1.5 352.4991 257.3703 358.4718
1.5 352.5096 257.3427 358.4757
1.533333 352.557 257.3304 358.4595
1.533333 352.6096 257.2932 358.4434
1.566667 352.6565 257.2677 358.4305
1.566667 352.7 257.2606 358.3976
1.566667 352.7094 257.273 358.3769
1.6 352.7189 257.2893 358.3656
1.6 352.7416 257.3366 358.3583
1.633333 352.7723 257.3713 358.3565
1.633333 352.8188 257.3934 358.3642
1.666667 352.8767 257.437 358.3722
1.666667 352.924 257.4704 358.3632
1.666667 352.9602 257.4696 358.3674
1.7 352.9756 257.4614 358.3719
1.7 353.0124 257.4578 358.378
1.733333 353.0624 257.4375 358.3915
1.733333 353.0907 257.4329 358.3728
1.733333 353.1308 257.4359 358.33
1.766667 353.178 257.4197 358.3289
1.766667 353.2412 257.4123 358.3216
1.8 353.3153 257.4078 358.2928
1.8 353.3773 257.4091 358.281
1.833333 353.4073 257.4435 358.265
1.833333 353.415 257.4684 358.257
1.833333 353.422 257.5035 358.2514
1.866667 353.4212 257.5442 358.2373
1.866667 353.4468 257.6096 358.2155
1.9 353.4649 257.6968 358.1879
1.9 353.4966 257.8065 358.1647
1.933333 353.5048 257.9473 358.1591
1.933333 353.5153 258.074 358.1643
1.933333 353.5199 258.2206 358.1537
1.966667 353.5259 258.349 358.1345
1.966667 353.5301 258.4927 358.1165
2 353.5387 258.6325 358.099
2 353.5619 258.8088 358.0739
2 353.5983 258.9554 358.0519
2.033333 353.6538 259.1263 358.0304
2.033333 353.7069 259.293 358.0184
2.066667 353.7453 259.424 357.9985
2.066667 353.7484 259.55 357.9648
2.1 353.7491 259.6803 357.9363
2.1 353.7411 259.8199 357.9172
2.1 353.7256 259.9525 357.8907
2.133333 353.7357 260.0777 357.8688
2.133333 353.7493 260.1953 357.8661
2.166667 353.7627 260.29 357.8638
2.166667 353.7817 260.3963 357.85
2.166667 353.7985 260.4937 357.8379
2.2 353.8017 260.5747 357.81
2.2 353.814 260.6869 357.7893
2.233333 353.8107 260.7911 357.7891
2.233333 353.805 260.8885 357.7883
2.266667 353.8027 261.0043 357.8068
2.266667 353.7837 261.0767 357.8305
2.266667 353.734 261.1661 357.8569
2.3 353.6537 261.2578 357.8524
2.3 353.5692 261.3347 357.8651
2.333333 353.5016 261.4187 357.8775
2.333333 353.4091 261.5245 357.9004
2.333333 353.3233 261.6216 357.9422
2.366667 353.2451 261.7199 357.9518
2.366667 353.1576 261.7992 357.9559
2.4 353.0554 261.9125 357.9451
2.4 352.9087 262.0162 357.9553
2.433333 352.7777 262.0865 357.9872
2.433333 352.6502 262.1938 358.015
2.433333 352.5079 262.312 358.0629
2.466667 352.412 262.3993 358.0804
2.466667 352.2788 262.5172 358.0895
2.5 352.1184 262.6461 358.0746
2.5 351.9812 262.763 358.0598
2.533333 351.7913 262.9026 358.0656
2.533333 351.5751 263.0055 358.109
2.533333 351.3406 263.121 358.1606
2.566667 351.1044 263.2527 358.1894
2.566667 350.9418 263.3801 358.2142
2.6 350.823 263.5005 358.2313
2.6 350.7192 263.6355 358.2323
2.6 350.5961 263.7823 358.2131
2.633333 350.4455 263.899 358.2229
2.633333 350.2878 264.0193 358.2287
2.666667 350.1211 264.1486 358.2208
2.666667 349.9746 264.2557 358.225
2.7 349.8696 264.3441 358.2207
2.7 349.7252 264.446 358.2148
2.7 349.5777 264.5305 358.2268
2.733333 349.4687 264.5944 358.2461
2.733333 349.3641 264.6685 358.2342
2.766667 349.2657 264.7547 358.2103
2.766667 349.195 264.8311 358.1825
2.766667 349.1233 264.8858 358.1774
2.8 349.0572 264.9517 358.1783
2.8 349.0127 265.005 358.1773
2.833333 348.9472 265.0579 358.1868
2.833333 348.8741 265.1127 358.1912
2.866667 348.7815 265.1501 358.1964
2.866667 348.7021 265.1938 358.2127
2.9 348.6453 265.2284 358.2253
2.9 348.5668 265.25 358.2372
2.9 348.4333 265.2877 358.2533
2.933333 348.3323 265.341 358.2632
2.933333 348.2554 265.3775 358.2675
2.966667 348.2007 265.425 358.2922
2.966667 348.1568 265.4675 358.3103
2.966667 348.1062 265.4987 358.3494
3 348.0452 265.5473 358.3634
3 347.9638 265.5811 358.3789
3.033333 347.8849 265.6025 358.4022
3.033333 347.8191 265.6362 358.4167
3.033333 347.7581 265.6623 358.4207
3.066667 347.7104 265.6816 358.4244
3.066667 347.6853 265.7193 358.4112
3.1 347.664 265.7402 358.4073
3.1 347.6444 265.7748 358.4075
3.1 347.6144 265.817 358.398
3.133333 347.604 265.8538 358.4002
3.133333 347.5845 265.894 358.3916
3.166667 347.5244 265.9377 358.393
3.166667 347.4532 265.9687 358.4074
3.2 347.3853 265.9842 358.4355
3.2 347.3733 266.0066 358.4593
3.2 347.3916 266.0371 358.4568
3.233333 347.3826 266.0874 358.4492
3.233333 347.3537 266.1399 358.4406
3.266667 347.3296 266.1758 358.457
3.266667 347.3352 266.2039 358.4722
3.266667 347.344 266.2208 358.4963
3.3 347.3335 266.267 358.51
3.3 347.334 266.2804 358.5283
3.333333 347.3403 266.305 358.5475
3.333333 347.3387 266.3342 358.5504
3.366667 347.3109 266.3577 358.558
3.366667 347.2751 266.3732 358.5577
3.366667 347.2462 266.3911 358.5566
3.4 347.211 266.4155 358.5474
3.4 347.1747 266.4394 358.5587
3.433333 347.152 266.4718 358.5477
3.433333 347.1393 266.5216 358.5444
3.466667 347.1054 266.5567 358.5477
3.466667 347.082 266.5822 358.5673
3.466667 347.0478 266.6236 358.5839
3.5 347.009 266.6416 358.5965
3.5 346.982 266.6655 358.5959
3.533333 346.9558 266.6963 358.5987
3.533333 346.9485 266.7303 358.5908
3.533333 346.9199 266.7551 358.589
3.566667 346.8886 266.7813 358.6195
3.566667 346.8351 266.8162 358.6351
3.6 346.787 266.8332 358.6397
3.6 346.7091 266.8565 358.6487
3.633333 346.6539 266.8882 358.6422
3.633333 346.5825 266.9159 358.642
3.633333 346.4844 266.9272 358.6391
3.666667 346.3867 266.9607 358.6265
3.666667 346.2938 266.977 358.6289
3.7 346.1914 266.9879 358.6406
3.7 346.0558 267.0028 358.657
3.7 345.9456 267.0093 358.6777
3.733333 345.8379 267.0179 358.684
3.733333 345.7632 267.0286 358.6898
3.766667 345.6857 267.0386 358.703
3.766667 345.6028 267.0469 358.7159
3.8 345.5033 267.0655 358.7127
3.8 345.3856 267.0856 358.7188
3.8 345.3019 267.1067 358.7177
3.833333 345.1937 267.1255 358.7106
3.833333 345.0985 267.1465 358.7087
3.866667 345.034 267.1682 358.7174
3.866667 344.9398 267.1875 358.7286
3.866667 344.8641 267.2048 358.7372
3.9 344.778 267.2422 358.752
3.9 344.6948 267.2724 358.7702
3.933333 344.6249 267.3073 358.7709
3.933333 344.5476 267.3308 358.7852
3.966667 344.4704 267.3607 358.7982
3.966667 344.3966 267.374 358.8288
3.966667 344.3445 267.4023 358.8418
4 344.2788 267.4333 358.8387
4 344.2213 267.4609 358.8278
4.033333 344.167 267.5078 358.8066
4.033333 344.1206 267.5201 358.8182
4.066667 344.093 267.5174 358.8461
4.066667 344.0506 267.5343 358.8505
4.066667 343.9979 267.5505 358.8557
4.1 343.9582 267.5562 358.8621
4.1 343.9419 267.5625 358.8633
4.133333 343.9034 267.5557 358.8715
4.133333 343.8815 267.5562 358.8759
4.133333 343.8602 267.5559 358.8886
4.166667 343.8309 267.567 358.8987
4.166667 343.8029 267.5647 358.9047
4.2 343.7883 267.5692 358.9067
4.2 343.7697 267.5751 358.9004
4.233333 343.7372 267.5859 358.8954
4.233333 343.6924 267.5914 358.9093
4.266667 343.6487 267.5978 358.9229
4.266667 343.6019 267.5904 358.9419
4.266667 343.5448 267.5945 358.9341
4.3 343.4827 267.6085 358.9231
4.3 343.4115 267.6198 358.9304
4.3 343.343 267.6319 358.9363
4.333333 343.2622 267.6315 358.955
4.333333 343.1857 267.6369 358.9611
4.366667 343.1096 267.6301 358.9749
4.366667 343.0558 267.6381 358.9729
4.4 343.0091 267.655 358.9627
4.4 342.9951 267.6589 358.9628
4.4 342.9816 267.6703 358.9687
4.433333 342.9666 267.6853 358.9781
4.433333 342.9388 267.6946 358.9917
4.466667 342.8923 267.7047 359.0145
4.466667 342.8605 267.7207 359.0154
4.466667 342.8297 267.7215 359.0277
4.5 342.8193 267.7122 359.0464
4.5 342.7894 267.7088 359.068
4.533333 342.7548 267.7024 359.0842
4.533333 342.7328 267.6807 359.1079
4.566667 342.721 267.6416 359.1314
4.566667 342.7418 267.6183 359.145
4.566667 342.806 267.5774 359.1458
4.6 342.8902 267.5428 359.1428
4.6 343.0359 267.4964 359.1446
4.633333 343.2315 267.4383 359.1348
4.633333 343.4556 267.3854 359.1278
4.633333 343.7606 267.3137 359.1205
4.666667 344.0768 267.2582 359.1303
4.666667 344.4314 267.1986 359.1482
4.7 344.8874 267.1252 359.1887
4.7 345.3809 267.0806 359.2227
4.733333 345.768 267.0193 359.2679
4.733333 346.1954 266.9523 359.3118
4.733333 346.6337 266.8308 359.3425
4.766667 346.9665 266.7434 359.3291
4.766667 347.3815 266.6519 359.3053
4.8 347.7753 266.5856 359.2486
4.8 347.9979 266.5398 359.2428
4.833333 348.1611 266.5044 359.2544
4.833333 348.3211 266.4619 359.2634
4.833333 348.5392 266.4047 359.2682
4.866667 348.8345 266.3297 359.2677
4.866667 349.0375 266.2776 359.257
4.9 349.136 266.2296 359.2649
4.9 349.1746 266.2011 359.28
4.933333 349.2548 266.1673 359.2734
4.933333 349.4156 266.1277 359.2548
4.933333 349.629 266.0842 359.2265
4.966667 349.8784 266.0558 359.1942
4.966667 350.0858 266.0545 359.1638
5 350.1583 266.0637 359.1686
5 350.1763 266.0992 359.1665
5 350.21 266.1255 359.168
5.033333 350.329 266.1747 359.1565
5.033333 350.508 266.2519 359.1354
5.066667 350.6629 266.3515 359.0606
5.066667 350.8634 266.4981 358.9802
5.066667 351.0667 266.6458 358.9164
5.1 351.2906 266.7994 358.8958
5.1 351.4381 266.9204 358.9092
5.133333 351.5917 267.045 358.9348
5.133333 351.7563 267.1725 358.9289
5.166667 351.8721 267.2623 358.9011
5.166667 352.0316 267.3784 358.8667
5.166667 352.1827 267.483 358.8478
5.2 352.3252 267.5762 358.8522
5.2 352.4747 267.6638 358.862
5.233333 352.6032 267.738 358.8778
5.233333 352.6824 267.7876 358.8863
5.233333 352.7476 267.8195 358.8904
5.266667 352.7993 267.8403 358.8863
5.266667 352.8835 267.8672 358.8763
5.3 352.98 267.889 358.8396
5.3 353.0784 267.9111 358.8328
5.333333 353.1397 267.9215 358.8312
5.333333 353.1911 267.9493 358.832
5.333333 353.2333 267.9587 358.8253
5.366667 353.2998 267.9801 358.7785
5.366667 353.3589 268.0212 358.694
5.4 353.3939 268.0569 358.6304
5.4 353.3996 268.0911 358.5838
5.4 353.3943 268.1378 358.5858
5.433333 353.4459 268.1848 358.6035
5.433333 353.5403 268.256 358.6117
5.466667 353.6568 268.3145 358.6531
5.466667 353.8039 268.3723 358.6978
5.5 353.9303 268.442 358.7292
5.5 354.0474 268.5198 358.7349
5.5 354.1145 268.5995 358.7428
5.533333 354.1248 268.6809 358.7319
5.533333 354.0936 268.7764 358.724
5.566667 354.0581 268.844 358.7326
5.566667 354.0042 268.9081 358.7737
5.566667 353.9488 268.9659 358.8637
5.6 353.9408 269.0453 358.9431
5.6 354.0091 269.1447 359.0047
5.633333 354.098 269.2416 359.0308
5.633333 354.2265 269.3711 359.0448
5.666667 354.3105 269.5094 359.0683
5.666667 354.3724 269.6137 359.1291
5.666667 354.4193 269.7223 359.1807
5.7 354.4862 269.8618 359.2194
5.7 354.5438 269.9955 359.2485
5.733333 354.5714 270.0896 359.2596
5.733333 354.6032 270.196 359.2712
5.733333 354.6647 270.2727 359.3313
5.766667 354.7116 270.3596 359.3811
5.766667 354.7608 270.4668 359.4351
5.8 354.795 270.5566 359.4196
5.8 354.8249 270.666 359.3693
5.833333 354.8538 270.758 359.367
5.833333 354.8735 270.8437 359.3818
5.833333 354.909 270.9473 359.3988
5.866667 354.9456 271.0709 359.3941
5.866667 354.9857 271.2018 359.3637
5.9 355.0178 271.3012 359.3515
5.9 355.0375 271.3662 359.3612
5.9 355.0563 271.4229 359.3915
5.933333 355.104 271.4651 359.4278
5.933333 355.1878 271.5444 359.4129
5.966667 355.2841 271.6413 359.3763
5.966667 355.3643 271.728 359.3462
6 355.3886 271.8029 359.3186
6 355.3744 271.8652 359.3272
6 355.2954 271.9103 359.3289
6.033333 355.2354 271.9398 359.3561
6.033333 355.2303 273.976 359.3558
6.066667 355.2772 276.0573 359.3274
6.066667 355.3398 278.1283 359.2879
6.1 355.386 280.206 359.2574
6.133333 355.4068 282.2622 359.253
6.133333 355.3728 284.3378 359.2377
6.166667 355.3171 286.4205 359.1477
6.2 355.1977 288.7705 358.9401
6.2 355.1036 290.6271 359.1214
6.233333 354.9977 292.6721 359.4191
6.266667 355.0615 294.696 359.4979
6.266667 355.3104 296.6715 359.3907
6.3 355.8808 298.874 359.0359
6.3 355.7309 300.8568 359.1344
6.333333 355.6044 302.9394 359.5092
6.366667 355.7471 305.1435 359.6494
6.4 355.4585 307.367 359.7532
6.4 354.6775 309.4294 0.04308941
6.433333 354.2558 311.6122 0.2017849
6.466667 354.5891 313.8782 359.9904
6.5 354.6972 315.9489 359.8589
6.533333 354.3606 318.0689 359.783
6.566667 354.2476 320.3471 359.5441
6.566667 354.5555 322.5816 359.2165
6.6 354.5356 324.9922 359.088
6.633333 354.1169 327.3023 359.3452
6.666667 353.8448 329.5837 359.6566
6.666667 353.7901 331.597 359.9558
6.7 353.5245 333.6033 0.008157343
6.733333 353.4355 335.8596 359.9031
6.766667 353.494 338.2756 359.6205
6.8 353.5121 340.7605 359.3781
6.833333 353.4088 343.1866 359.3853
6.866667 353.3758 345.5039 359.6077
6.866667 353.5548 347.6478 359.8622
6.9 353.7407 349.6354 359.9673
6.933333 353.8313 351.5891 359.9935
6.966667 353.8197 353.5229 0.09082871
7 353.8785 355.4688 0.1394348
7.033333 353.7946 357.3327 0.02222863
7.033333 353.6651 359.2744 0.0009089258
7.066667 353.6047 1.194047 0.04497152
7.1 353.5739 3.118249 0.07221712
7.1 353.6697 5.060206 0.09335382
7.133333 353.7653 7.122067 359.964
