-0.03333334 8.353191 244.9895 358.795
0.03333334 8.346714 245.0057 358.7939
0.03333334 8.326751 245.0401 358.8002
0.06666667 8.42713 245.1617 358.6205
0.1 8.371883 245.2459 358.5872
0.1333333 8.500384 245.2161 358.5236
0.1333333 8.637798 245.4605 358.4888
0.1333333 8.574512 245.47 358.5303
0.1333333 8.670228 245.4315 358.5888
0.1333333 8.781211 245.2924 358.6597
0.5333334 8.752215 244.912 358.8516
0.6 8.976312 244.2986 359.0525
0.6333333 9.207343 243.7065 359.1386
0.6666667 9.592336 242.5045 359.4852
0.6666667 9.650003 242.189 359.5718
0.6666667 9.765487 241.8317 359.6259
0.7 9.973998 241.2526 359.7065
0.7 10.17125 240.6756 359.7298
0.7 10.40503 240.1877 359.7231
0.7333333 10.55999 239.8669 359.6765
0.7333333 10.69388 239.4948 359.5537
0.7333333 10.81496 239.2133 359.5008
0.7666667 10.90879 238.9659 359.4448
0.7666667 10.98791 238.6968 359.3761
0.8 11.02427 238.516 359.3228
0.8 10.99422 238.3789 359.2839
0.8333333 11.02632 238.2679 359.2694
0.8333333 10.98102 238.4401 359.3304
0.8333333 11.17654 237.9993 359.3131
0.8666667 11.15628 238.3562 359.2802
0.8666667 11.31854 238.4036 359.2602
0.8666667 11.3885 238.4759 359.2699
0.9 11.47689 238.5944 359.3089
0.9 11.52921 238.8363 359.4319
0.9333333 11.50571 239.0685 359.5264
0.9333333 11.52793 239.3199 359.5423
0.9666666 11.54312 239.5116 359.5271
0.9666666 11.52961 239.6599 359.5188
0.9666666 11.53967 239.8026 359.532
1 11.47173 239.9887 359.5554
1 11.39012 240.1207 359.5493
1.033333 11.35023 240.196 359.5261
1.033333 11.3529 240.2164 359.5215
1.033333 11.35946 240.2014 359.5122
1.066667 11.43554 240.1492 359.5027
1.066667 11.54339 240.0752 359.5052
1.1 11.6339 240.0027 359.5229
1.1 11.72452 239.9351 359.517
1.133333 11.85469 239.8248 359.4296
1.133333 11.99447 239.7175 359.3473
1.133333 12.10537 239.6187 359.2893
1.166667 12.1756 239.4891 359.1964
1.166667 12.21518 239.361 359.0891
1.2 12.2824 239.235 358.9319
1.2 12.34484 239.1128 358.7252
1.2 12.39178 239.0005 358.5572
1.233333 12.37273 238.9207 358.4692
1.233333 12.37116 238.8704 358.4384
1.266667 12.40294 238.8082 358.4244
1.266667 12.41405 238.7705 358.4203
1.3 12.46149 238.7186 358.3544
1.3 12.53006 238.6781 358.2795
1.3 12.60311 238.6094 358.1884
1.333333 12.66188 238.5663 358.153
1.333333 12.65003 238.5603 358.2292
1.366667 12.6024 238.593 358.3123
1.366667 12.57545 238.6017 358.3794
1.366667 12.61394 238.5942 358.3728
1.4 12.6259 238.5972 358.3481
1.4 12.66591 238.6267 358.3648
1.433333 12.6799 238.6619 358.4005
1.433333 12.65201 238.7245 358.4615
1.466667 12.63546 238.7916 358.5057
1.466667 12.66763 238.8804 358.5474
1.466667 12.69358 238.9347 358.534
1.5 12.71643 238.9654 358.5676
1.5 12.70462 239.0259 358.6686
1.533333 12.70507 239.1049 358.6882
1.533333 12.77669 239.1605 358.5903
1.533333 12.74827 239.2021 358.4967
1.566667 12.72904 239.219 358.4599
1.566667 12.67013 239.2235 358.4563
1.6 12.65624 239.1968 358.4258
1.6 12.65172 239.1648 358.4311
1.633333 12.71878 239.1427 358.455
1.633333 12.82429 239.0592 358.3888
1.633333 12.86014 238.9656 358.3304
1.666667 12.91666 238.8782 358.2958
1.666667 12.97197 238.7418 358.2856
1.7 13.00273 238.5951 358.2838
1.7 13.04299 238.44 358.2368
1.733333 13.15048 238.2296 358.1937
1.733333 13.24487 238.0145 358.1877
1.733333 13.30392 237.7839 358.1642
1.766667 13.46252 237.479 358.1383
1.766667 13.58028 237.2037 358.1639
1.8 13.73144 236.9479 358.2455
1.8 13.95367 236.6632 358.3235
1.8 14.14805 236.3457 358.3482
1.833333 14.36363 236.0288 358.3994
1.833333 14.63402 235.6566 358.4909
1.866667 14.88982 235.292 358.59
1.866667 15.00949 234.9898 358.6153
1.9 15.15127 234.6863 358.6043
1.9 15.33982 234.4302 358.6189
1.933333 15.4642 234.2528 358.6117
1.933333 15.57247 234.0551 358.5314
1.933333 15.71431 233.8886 358.4505
1.966667 15.88813 233.7498 358.4288
1.966667 16.10203 233.6414 358.4458
1.966667 16.23343 233.5551 358.4549
2 16.39535 233.428 358.4261
2 16.54997 233.346 358.4288
2.033333 16.84347 233.2496 358.4713
2.033333 17.252 233.1323 358.4722
2.066667 17.7188 232.9818 358.4762
2.066667 18.15337 232.8251 358.5108
2.066667 18.50809 232.6368 358.4965
2.1 18.81499 232.4327 358.4717
2.1 19.06831 232.212 358.452
2.133333 19.48317 231.9742 358.4325
2.133333 20.01251 231.7185 358.3918
2.133333 20.55173 231.4039 358.3109
2.166667 20.90396 231.0333 358.2865
2.2 21.22018 230.5719 358.3696
2.2 21.46712 230.1104 358.5493
2.2 21.72572 229.6451 358.7321
2.233333 22.02141 229.1148 358.8189
2.233333 22.42028 228.5597 358.7811
2.233333 22.99995 227.8754 358.6715
2.266667 23.59986 227.1028 358.6045
2.266667 24.16302 226.3372 358.575
2.266667 24.67338 225.471 358.532
2.3 25.16493 224.6508 358.422
2.333333 25.63233 223.8339 358.2996
2.333333 25.95258 223.2062 358.1799
2.333333 26.25089 222.6768 358.032
2.366667 26.65178 222.0197 357.8693
2.366667 26.94923 221.5017 357.765
2.366667 27.22888 220.8816 357.6099
2.4 27.34859 220.311 357.4287
2.4 27.40111 219.7374 357.2547
2.433333 27.4649 219.2464 357.106
2.433333 27.60674 218.7568 356.973
2.466667 27.68832 218.7984 356.9842
2.466667 28.02366 218.3401 356.9083
2.466667 28.81095 216.913 356.6944
2.5 28.75438 217.1643 356.8335
2.5 28.89411 216.8675 356.7792
2.533333 28.69544 217.0811 356.8207
2.533333 28.69765 216.8666 356.7652
2.533333 28.84116 216.6462 356.6539
2.566667 28.93886 216.498 356.5825
2.566667 29.08448 216.3831 356.5662
2.566667 29.15395 216.2832 356.5938
2.6 29.15161 216.2409 356.6525
2.6 29.06886 216.2139 356.7443
2.633333 28.96489 216.1483 356.7687
2.633333 28.93617 216.0461 356.7428
2.666667 29.04366 215.8881 356.7012
2.666667 29.27671 215.74 356.7119
2.7 29.52823 215.5672 356.7929
2.7 29.69816 215.3956 356.9185
2.7 29.87202 214.9113 357.0419
2.733333 29.77902 214.8307 357.0463
2.733333 29.92207 214.5555 357.0273
2.766667 30.16521 214.2764 357.0204
2.766667 30.31787 214.0549 357.0292
2.8 30.49537 213.842 357.0346
2.8 30.61563 213.6598 357.0688
2.833333 30.67777 213.4028 357.0424
2.833333 30.7254 213.1596 356.994
2.833333 30.81197 212.9163 356.9554
2.866667 30.98526 212.7117 356.9544
2.866667 31.21612 212.609 357.0309
2.9 31.40061 212.571 357.1327
2.9 31.55949 212.51 357.209
2.9 31.62476 212.4189 357.2638
2.933333 31.59205 212.2963 357.273
2.933333 31.4974 212.2326 357.2637
2.966667 31.42448 212.1876 357.2133
2.966667 31.35651 212.1917 357.1989
3 31.37451 212.2093 357.229
3 31.41998 212.2494 357.3067
3 31.4194 212.2915 357.3825
3.033333 31.38113 212.3243 357.3925
3.033333 31.30198 212.3556 357.3599
3.066667 31.22839 212.3804 357.3333
3.066667 31.1758 212.4373 357.3701
3.066667 31.13195 212.457 357.4019
3.1 31.12223 212.4575 357.4655
3.1 31.16384 212.4286 357.5083
3.133333 31.29372 212.3696 357.4624
3.133333 31.39483 212.2947 357.4171
3.166667 31.43941 212.2386 357.4006
3.166667 31.43268 212.162 357.3671
3.166667 31.36749 212.1035 357.3442
3.2 31.31642 212.0212 357.3223
3.2 31.34256 211.9483 357.3418
3.233333 31.39492 211.8891 357.351
3.233333 31.44056 211.8328 357.334
3.233333 31.45479 211.7697 357.3158
3.266667 31.46037 211.6988 357.2655
3.266667 31.41482 211.6508 357.2327
3.3 31.40968 211.621 357.2514
3.3 31.46307 211.6003 357.2509
3.3 31.49117 211.6009 357.2742
3.333333 31.50975 211.5992 357.2715
3.333333 31.45921 211.6053 357.2776
3.366667 31.40858 211.5978 357.2651
3.366667 31.3606 211.6061 357.2482
3.4 31.37098 211.6324 357.2051
3.4 31.36783 211.6418 357.1433
3.4 31.40191 211.6607 357.1078
3.433333 31.388 211.6606 357.102
3.433333 31.35763 211.667 357.117
3.466667 31.29147 211.6277 357.0658
3.466667 31.30656 211.5916 357.0062
3.5 31.36271 211.5536 356.9856
3.5 31.40865 211.5326 357.003
3.5 31.40824 211.5203 357.0288
3.533333 31.38243 211.5072 357.0475
3.533333 31.35044 211.4823 357.0372
3.566667 31.29821 211.4416 357.0276
3.566667 31.27309 211.4044 356.9798
3.566667 31.27354 211.392 356.9572
3.6 31.26816 211.3941 356.9685
3.6 31.21261 211.4313 357.0186
3.633333 31.12183 211.4815 356.998
3.633333 31.00409 211.5124 356.9208
3.666667 30.81961 211.6166 356.84
3.666667 30.56903 211.7767 356.7705
3.666667 30.22034 212.07 356.753
3.7 29.90258 212.39 356.8051
3.7 29.55379 212.8328 356.9367
3.733333 29.28286 213.2664 357.0308
3.733333 29.03958 213.6662 356.998
3.766667 28.83919 213.9765 356.9048
3.766667 28.62143 214.3431 356.856
3.766667 28.36894 214.634 356.8788
3.8 28.06307 214.9052 356.8958
3.8 27.71192 215.1257 356.868
3.833333 27.41655 215.2033 356.8302
3.833333 27.11243 215.2421 356.7862
3.866667 26.84115 215.2057 356.7045
3.866667 26.67156 215.1332 356.5995
3.866667 26.3897 215.0174 356.3953
3.9 26.08169 214.9182 356.1645
3.9 25.84694 214.822 356.0123
3.933333 25.45313 214.7365 355.9364
3.933333 24.98377 214.6268 355.8158
3.933333 24.65852 214.5094 355.6425
3.966667 24.23865 214.3645 355.3951
3.966667 23.82519 214.1977 355.1502
4 23.46578 213.9937 354.9547
4 23.14621 213.7953 354.7883
4 22.90833 213.591 354.6448
4.033333 22.65617 213.325 354.4763
4.033333 22.29083 213.0099 354.3832
4.066667 21.90256 212.6926 354.3571
4.066667 21.54754 212.3696 354.3094
4.1 21.20009 212.0094 354.1836
4.1 20.90092 211.6127 353.9533
4.1 20.58932 211.2515 353.7444
4.133333 20.13343 210.8566 353.5835
4.133333 19.66494 210.5196 353.5228
4.166667 19.23586 210.234 353.4905
4.166667 18.70451 209.8566 353.4395
4.166667 18.29341 209.5495 353.3588
4.2 17.93806 209.2525 353.2422
4.2 17.51339 208.9338 353.1007
4.233333 17.14725 208.6382 352.9744
4.233333 16.80449 208.3409 352.8771
4.266667 16.5463 208.0994 352.8331
4.266667 16.18906 207.8547 352.8385
4.266667 15.81585 207.6078 352.8336
4.3 15.54581 207.3795 352.8678
4.3 15.33061 207.1665 352.9088
4.333333 15.11014 207.0192 352.931
4.333333 14.90146 206.858 352.9432
4.333333 14.68629 206.7123 352.9581
4.366667 14.43158 206.5587 353.0131
4.366667 14.10368 206.3751 353.0965
4.4 13.8319 206.1409 353.1549
4.4 13.53905 205.8659 353.1806
4.4 13.31024 205.6032 353.1969
4.433333 13.12768 205.2476 353.1729
4.466667 12.94135 204.8408 353.1477
4.466667 12.74535 204.3373 353.1624
4.466667 12.51174 203.7511 353.2367
4.5 12.23857 203.1003 353.3202
4.5 11.98321 202.4552 353.3698
4.5 11.75725 201.7067 353.381
4.533333 11.64734 200.7967 353.3996
4.533333 11.53835 199.8592 353.3819
4.566667 11.41256 198.7769 353.3809
4.566667 11.29067 197.8448 353.4205
4.6 11.13571 196.9104 353.4902
4.6 10.99793 196.0454 353.553
4.6 10.90535 195.0968 353.5678
4.633333 10.8238 194.0295 353.5723
4.633333 10.75611 193.1801 353.5803
4.666667 10.70901 192.1557 353.5663
4.666667 10.75165 191.2453 353.615
4.7 10.7639 190.466 353.7318
4.7 10.78153 189.815 353.7433
4.733333 10.7296 187.5117 353.8034
4.733333 10.83196 187.6306 353.8115
4.766667 10.86539 187.131 353.9252
4.766667 10.95886 186.6534 354.0329
4.8 11.06526 186.3302 354.0916
4.8 11.18918 186.104 354.1318
4.833333 11.39919 186.518 354.0959
4.833333 11.69969 186.0971 354.1306
4.866667 11.67093 186.5884 354.2062
4.866667 11.73785 186.8876 354.3946
4.866667 11.83415 187.3624 354.5727
4.9 11.91915 187.7854 354.6602
4.9 12.07012 188.3523 354.7585
4.9 12.1841 188.8827 354.8744
4.933333 12.25915 189.4453 354.9812
4.933333 12.40401 189.8659 355.0424
4.966667 12.57827 190.308 355.1259
4.966667 12.7803 190.7238 355.2074
5 13.03332 191.2225 355.3297
5 13.13901 191.5849 355.4479
5 13.27097 191.9532 355.6134
5.033333 13.37798 192.3102 355.7022
5.033333 13.52458 192.7067 355.7768
5.066667 13.69564 193.1465 355.8184
5.066667 13.8342 193.4702 355.7854
5.1 13.93905 193.7076 355.8334
5.1 14.00313 193.9498 355.9458
5.1 14.00335 194.1082 356.0153
5.133333 14.017 194.2263 355.9991
5.133333 14.10362 194.288 355.8604
5.166667 14.16496 194.3412 355.7458
5.166667 14.23161 194.38 355.6743
5.2 14.27678 194.394 355.5814
5.2 14.4194 194.3584 355.4618
5.2 14.48848 194.3166 355.3566
5.233333 14.55783 194.2112 355.2166
5.233333 14.60336 194.138 355.227
5.266667 14.6632 194.0901 355.263
5.266667 14.78644 194.0355 355.1912
5.266667 14.86798 193.9826 355.0185
5.3 14.97638 193.8779 354.7528
5.3 15.06507 193.745 354.5498
5.333333 15.07946 193.6392 354.4031
5.333333 15.10018 193.5678 354.332
5.333333 15.13059 193.4599 354.1982
5.366667 15.15152 193.3137 354.0065
5.366667 15.22334 193.1495 353.8851
5.4 15.2725 192.9907 353.7993
5.4 15.2975 192.8525 353.7038
5.433333 15.36292 192.6647 353.5407
5.433333 15.38854 192.571 353.2736
5.433333 15.38114 192.4803 353.235
5.466667 15.33262 190.3917 353.2146
5.466667 15.27261 188.2941 353.1561
5.5 15.2458 186.1954 353.1046
5.533333 15.25909 184.0989 353.0525
5.533333 15.24444 182.0104 353.0438
5.566667 15.25305 180.0167 353.2153
5.6 15.18842 178.0332 353.4255
5.6 15.12837 176.103 353.563
5.633333 15.18185 174.2312 353.6226
5.666667 15.17756 172.3098 353.8335
5.666667 15.24483 170.2656 353.9097
5.7 15.28497 168.2277 354.1086
5.733333 15.13151 166.2012 354.2066
5.733333 14.77896 163.9206 354.3523
5.766667 14.39388 161.6359 354.4289
5.8 13.79635 159.4176 354.228
5.8 12.85521 156.7294 354.4796
5.833333 12.59018 153.8889 354.509
5.866667 12.50488 151.1018 353.9737
5.866667 12.07108 148.7559 354.0743
5.9 11.56984 146.5422 354.5221
5.933333 11.14344 144.4926 354.8219
5.966667 10.58053 142.5276 355.057
6 10.42954 140.5338 355.1123
6.033333 10.22888 138.6982 355.3929
6.033333 10.02082 136.7081 355.5481
6.066667 10.14604 134.6516 355.4338
6.1 10.00816 132.5029 355.7222
6.133333 10.04489 130.4182 355.8683
6.133333 10.10609 128.4518 355.8287
6.166667 10.07494 126.7747 355.813
6.2 9.654243 125.0403 356.0153
6.233333 9.610087 123.0598 356.2405
6.266667 9.533416 121.2257 355.797
6.3 9.317919 119.3708 355.3486
6.3 9.157259 117.511 355.4147
6.333333 9.108438 115.7979 355.2345
6.366667 9.175516 114.0686 354.9555
6.4 9.190627 112.3772 354.8171
6.433333 9.000237 110.7405 354.9335
6.466667 8.903464 108.862 354.965
6.466667 8.868819 106.9862 354.8022
6.5 9.073226 105.1662 354.7516
6.533333 9.071236 103.4801 354.8532
6.533333 9.07151 101.4911 354.9572
6.566667 9.03759 99.55082 354.8626
6.6 9.082829 97.81335 354.9424
6.633333 9.04528 95.99117 354.9321
6.666667 8.896809 94.07482 354.9255
6.7 8.858535 92.03819 354.7398
6.7 9.058857 89.83216 354.6912
6.733333 9.148372 87.84503 354.6728
6.766667 9.145686 85.84657 354.7461
6.766667 9.141148 83.8756 354.8235
6.8 9.068851 81.82682 354.998
6.833333 9.060379 79.71855 355.064
6.833333 9.097527 77.7479 354.9879
6.866667 9.099563 75.81499 355.0117
6.866667 8.939545 73.95937 354.987
6.9 8.772287 72.15479 355.0102
6.933333 8.643724 70.38234 354.9316
6.933333 8.346966 68.81894 354.9464
6.966667 8.012033 67.35994 355.1142
6.966667 7.877373 65.80847 355.1235
7 7.931675 64.2559 355.0129
7.033333 7.878556 63.52877 355.068
7.033333 7.67 62.95294 354.9449
7.066667 7.366921 62.91726 355.2027
7.1 7.172178 62.70776 355.5811
7.133333 6.946178 62.31469 355.6931
