-0.03333334 1.345267 340.7789 4.964024
0.03333334 1.564451 340.5129 4.907172
0.03333334 1.830485 340.1541 4.608846
0.03333334 1.255474 340.1085 3.775549
0.06666667 1.514627 339.7993 3.870795
0.1333333 1.589983 339.5406 3.849562
0.1333333 1.633985 339.3347 3.790089
0.1333333 0.5728401 338.6612 4.306858
0.1333333 0.2597379 338.5019 4.327723
0.4 359.9596 338.2465 4.331819
0.5 359.83 338.0334 4.439371
0.5 359.6045 337.6264 4.395103
0.5333334 359.6812 337.6199 4.378272
0.5666667 359.5337 337.2426 4.479159
0.5666667 359.5874 337.2489 4.504397
0.6 359.5756 337.1907 4.493791
0.6 359.5479 337.2365 4.436609
0.6 359.4267 337.4339 4.353565
0.6333333 359.2542 337.8321 4.389238
0.6333333 359.1083 338.2778 4.541625
0.6333333 359.0632 338.6441 4.678002
0.6666667 358.9065 339.3139 4.903901
0.6666667 358.6496 340.128 5.153248
0.7 358.2639 341.1603 5.430898
0.7 357.6626 342.5289 5.888335
0.7333333 357.1123 343.8432 6.313194
0.7333333 356.5801 345.3031 6.725923
0.7333333 356.0761 346.9116 7.076703
0.7666667 355.6507 348.3291 7.282834
0.7666667 355.2076 349.8553 7.472622
0.8 354.7942 351.2094 7.625432
0.8 354.3488 352.6025 7.713222
0.8 353.9069 353.933 7.744648
0.8333333 353.4939 355.0382 7.651649
0.8333333 353.0757 356.062 7.491374
0.8666667 352.7297 356.863 7.337266
0.8666667 352.406 357.6148 7.203605
0.9 352.1143 358.3492 7.101691
0.9 351.8873 358.9524 7.075973
0.9 351.6702 359.6534 7.0576
0.9333333 351.5391 0.1404064 7.063266
0.9333333 351.476 0.5842195 7.049618
0.9333333 351.498 0.9661117 7.004376
0.9666666 351.6086 1.252682 6.954461
0.9666666 351.776 1.501666 6.837972
1 352.0066 1.629655 6.565246
1 352.1893 1.832593 6.286891
1.033333 352.3885 1.988747 6.015535
1.033333 352.5969 2.120596 5.834277
1.033333 352.7864 1.927392 5.838943
1.066667 353.1532 2.008933 5.73106
1.066667 353.5208 2.058759 5.652388
1.1 353.9128 2.086076 5.527809
1.1 354.3163 2.089025 5.38811
1.133333 355.0976 1.925559 5.098085
1.133333 356.5433 1.950852 4.471616
1.166667 356.7985 1.792171 4.320919
1.166667 357.3387 1.673209 4.034866
1.166667 357.8419 1.498529 3.784604
1.2 358.0757 1.302975 3.677479
1.2 358.1269 1.047791 3.658638
1.233333 357.9981 0.7374133 3.734847
1.233333 357.8721 0.4433731 3.758399
1.233333 357.7572 0.1361635 3.648009
1.266667 357.6779 359.8255 3.418755
1.266667 357.5704 359.5155 3.208806
1.3 357.47 359.2144 3.090594
1.3 357.4458 358.9178 3.096577
1.3 357.5185 358.5931 3.205701
1.333333 357.6329 358.336 3.311061
1.333333 357.7808 358.1254 3.353158
1.366667 357.903 357.9227 3.295447
1.366667 357.9768 357.7901 3.171345
1.366667 358.0017 357.6834 3.022814
1.4 358.0232 357.5866 2.900794
1.4 358.0618 357.4568 2.857442
1.433333 358.0464 357.2992 2.91127
1.433333 358.0116 357.1204 3.026284
1.466667 357.9893 356.9637 3.133575
1.466667 358.0128 356.7907 3.183177
1.466667 358.0565 356.6762 3.148539
1.5 358.0721 356.5781 3.117228
1.5 358.0561 356.5058 3.166685
1.533333 358.0389 356.4233 3.282879
1.533333 358.0358 356.332 3.429238
1.566667 358.064 356.2181 3.600753
1.566667 358.1313 356.14 3.720742
1.566667 358.2671 356.076 3.803413
1.6 358.4497 356.047 3.840799
1.6 358.636 356.0327 3.847021
1.633333 358.8007 356.0186 3.878704
1.633333 358.9822 355.9731 3.958462
1.666667 359.1983 355.9082 4.037133
1.666667 359.3838 355.8557 4.059739
1.666667 359.5374 355.845 3.992942
1.7 359.6419 355.8765 3.941169
1.7 359.6924 355.8941 3.944651
1.733333 359.7727 355.9081 3.993446
1.733333 359.9113 355.9445 4.09067
1.733333 0.005452265 355.9727 4.182285
1.766667 0.04627725 356.0314 4.258899
1.766667 0.02214072 356.0921 4.274189
1.8 0.0125614 356.1593 4.254031
1.8 0.03661667 356.2485 4.199351
1.833333 0.05714742 356.3161 4.13787
1.833333 0.07046539 356.365 4.107247
1.833333 0.05128045 356.4274 4.119934
1.866667 0.03260835 356.475 4.173872
1.866667 0.04345763 356.5095 4.183014
1.9 0.06874363 356.561 4.114407
1.9 0.1047431 356.6321 4.03089
1.9 0.1658611 356.7 3.985064
1.933333 0.2136858 356.7368 3.994174
1.933333 0.2377324 356.7538 4.004238
1.966667 0.2088885 356.798 3.957909
1.966667 0.1924489 356.8912 3.845862
2 0.2361601 356.9888 3.71876
2 0.3530497 357.0776 3.637385
2 0.4476593 357.1307 3.677522
2.033333 0.4991046 357.1346 3.80527
2.033333 0.4987727 357.136 3.875391
2.066667 0.456275 357.1488 3.877186
2.066667 0.4299842 359.2072 3.790101
2.066667 0.4651361 1.248537 3.64903
2.1 0.5349247 3.276279 3.523046
2.133333 0.6064825 5.282227 3.455231
2.133333 0.7121342 7.272324 3.397514
2.166667 0.8011954 9.328292 3.319822
2.2 1.026247 11.45565 3.132647
2.2 1.149239 13.56183 3.100109
2.233333 1.466531 15.7918 2.913866
2.233333 1.444365 17.85665 2.885704
2.266667 1.459293 20.17525 2.856765
2.3 1.464118 22.36282 2.882039
2.3 1.438897 24.40324 3.047103
2.333333 1.539394 26.69997 3.135878
2.333333 1.366406 28.89165 3.31127
2.366667 1.124195 30.89413 3.347649
2.4 1.05135 33.00755 3.394934
2.433333 0.8023493 35.43369 3.484317
2.433333 0.5966099 37.59138 3.426219
2.466667 0.3369656 39.91882 3.397932
2.5 0.1999899 42.28101 3.374352
2.533333 359.7493 44.62141 3.372195
2.566667 358.9828 46.99733 3.412712
2.566667 358.506 49.40355 3.453254
2.6 358.1833 51.72457 3.498761
2.633333 358.08 53.76365 3.557417
2.666667 357.409 56.22827 3.724669
2.666667 357.1184 57.76558 3.918119
2.7 356.7816 57.9696 4.083381
2.733333 356.5325 58.12442 4.229407
2.733333 356.4293 58.06033 4.225839
2.766667 355.8271 58.31784 4.41217
2.8 355.514 58.4393 4.598911
2.833333 355.3069 58.52221 4.775294
2.866667 355.0672 58.55273 4.800657
2.866667 354.6228 58.49846 4.767285
2.9 354.118 58.50063 4.75719
2.933333 353.7814 58.6317 4.862943
2.966667 353.3699 58.83001 5.001867
3 352.7921 59.11431 5.125519
3.033333 352.4307 59.4341 5.266688
3.033333 352.3348 59.73851 5.397988
3.066667 352.116 60.04531 5.513602
3.1 351.6984 60.33767 5.682056
3.133333 351.4933 60.54003 5.877009
3.166667 351.3201 60.68222 6.02639
3.2 350.9845 60.76931 6.157814
3.233333 350.8116 60.83865 6.311898
3.233333 350.5959 60.84739 6.435539
3.266667 350.14 60.87384 6.53244
3.3 349.6789 60.88375 6.604157
3.333333 349.311 60.86485 6.675336
3.366667 348.9481 60.96127 6.611732
3.366667 348.3084 61.17358 6.591759
3.4 347.9108 61.47797 6.540415
3.433333 347.5766 61.76861 6.543421
3.466667 347.2267 61.98898 6.547127
3.466667 347.3971 62.05338 6.562706
3.5 347.6471 62.12045 6.666311
3.533333 347.713 62.35113 6.81147
3.533333 348.0178 62.2254 6.887298
3.533333 348.3052 62.16567 6.918341
3.566667 348.53 62.04214 6.807237
3.566667 348.7402 61.96101 6.71209
3.6 348.9619 61.81575 6.630093
3.6 349.1734 61.58452 6.548444
3.6 349.3433 61.35788 6.503637
3.633333 349.5482 61.02907 6.47077
3.633333 349.774 60.6918 6.462755
3.666667 349.9332 60.37728 6.477511
3.666667 350.0425 59.96194 6.508587
3.7 350.1268 59.61257 6.582669
3.7 350.2354 59.29768 6.640872
3.7 350.4022 58.95602 6.718389
3.733333 350.5905 58.61905 6.776186
3.733333 350.8129 58.28146 6.789527
3.766667 350.9437 58.01783 6.778118
3.766667 351.0709 57.71923 6.80771
3.766667 351.2105 57.41192 6.884721
3.8 351.2961 57.16962 6.952326
3.8 351.3902 56.90023 6.989665
3.833333 351.4343 56.70586 6.94979
3.833333 351.4156 56.54768 6.906973
3.866667 351.3025 56.38068 6.886179
3.866667 351.1931 56.26145 6.902326
3.866667 351.0737 56.13395 6.933757
3.9 350.9964 56.02829 6.974946
3.9 350.9247 55.97299 7.012647
3.933333 350.7967 55.96428 7.002187
3.933333 350.5958 55.99114 6.996318
3.933333 350.3491 56.08217 7.01092
3.966667 350.2067 56.16374 7.02925
3.966667 350.0907 56.26524 7.047027
4 350.0262 56.37182 7.059606
4 349.9785 56.45786 7.073648
4.033333 349.8795 56.56555 7.079266
4.033333 349.7574 56.66722 7.112578
4.033333 349.7051 56.76139 7.115521
4.066667 349.6815 56.86234 7.140216
4.066667 349.6628 56.97009 7.146177
4.1 349.6803 57.06852 7.149436
4.1 349.729 57.15569 7.133107
4.1 349.8168 57.25138 7.105229
4.133333 349.9078 57.32253 7.083465
4.133333 350.0248 57.35722 7.073254
4.166667 350.1446 57.36489 7.049561
4.166667 350.217 57.35785 7.030037
4.2 350.2906 57.35209 6.997918
4.2 350.3369 57.3364 6.958209
4.2 350.3608 57.32536 6.946056
4.233333 350.3794 57.31077 6.908612
4.233333 350.3976 57.30719 6.883401
4.266667 350.3954 57.31723 6.849472
4.266667 350.3987 57.31464 6.810385
4.266667 350.3872 57.33131 6.757653
4.3 350.3738 57.35698 6.714258
4.3 350.3687 57.37308 6.666665
4.333333 350.3538 57.39416 6.647514
4.333333 350.3228 57.40806 6.619722
4.366667 350.2769 57.41303 6.588645
4.366667 350.2221 57.44466 6.499542
4.366667 350.2068 57.45982 6.439819
4.4 350.2137 57.47137 6.401975
4.4 350.2399 57.48053 6.368271
4.433333 350.2367 57.47924 6.356027
4.433333 350.1998 57.48631 6.345713
4.433333 350.1607 57.48426 6.343589
4.466667 350.1581 57.4879 6.332859
4.466667 350.1842 57.46367 6.335358
4.5 350.1914 57.45743 6.337379
4.5 350.2244 57.43412 6.362913
4.533333 350.2674 57.38936 6.41151
4.533333 350.3096 57.36181 6.439968
4.533333 350.3585 57.29708 6.479626
4.566667 350.3808 57.25426 6.49039
4.566667 350.3895 57.20029 6.512075
4.6 350.3871 57.14355 6.53662
4.6 350.3732 57.08768 6.577762
4.633333 350.3958 57.04721 6.613396
4.633333 350.4312 57.00471 6.648229
4.633333 350.4724 56.95562 6.673075
4.666667 350.5042 56.93106 6.686694
4.666667 350.5453 56.88945 6.716777
4.7 350.5679 56.849 6.732366
4.7 350.5703 56.82318 6.73086
4.7 350.5595 56.78199 6.765745
4.733333 350.5453 56.73851 6.797239
4.733333 350.5468 56.69674 6.830153
4.766667 350.5563 56.64314 6.854144
4.766667 350.5797 56.59613 6.876425
4.8 350.6094 56.55002 6.886873
4.8 350.6292 56.50386 6.887323
4.8 350.6248 56.45684 6.901132
4.833333 350.6268 56.41343 6.929303
4.833333 350.6438 56.34787 6.978736
4.866667 350.6394 56.28439 7.028537
4.866667 350.6366 56.22169 7.082878
4.866667 350.6148 56.13597 7.132214
4.9 350.5985 56.06664 7.169811
4.9 350.5685 55.98478 7.196143
4.933333 350.5506 55.90487 7.216137
4.933333 350.5392 55.82409 7.241951
4.966667 350.5559 55.75127 7.276651
4.966667 350.5961 55.65615 7.322122
4.966667 350.658 55.61224 7.344818
5 350.7137 55.56416 7.329342
5 350.7245 55.52462 7.347916
5.033333 350.7288 55.47958 7.369933
5.033333 350.7051 55.44049 7.396665
5.033333 350.6785 55.42188 7.422087
5.066667 350.6691 55.39743 7.425119
5.066667 350.6678 55.39849 7.435866
5.1 350.6596 55.3943 7.449534
5.1 350.636 55.39915 7.44838
5.133333 350.632 55.42243 7.467202
5.133333 350.6462 55.44759 7.507844
5.133333 350.6515 55.46136 7.518074
5.166667 350.6587 55.47347 7.544514
5.166667 350.6302 55.46605 7.553124
5.2 350.5887 55.48382 7.532659
5.2 350.5593 55.48426 7.524349
5.2 350.5258 55.48877 7.511781
5.233333 350.5234 55.47503 7.524301
5.233333 350.5396 55.45671 7.55491
5.266667 350.5201 55.44753 7.573331
5.266667 350.4874 55.41545 7.614207
5.3 350.4935 55.3728 7.649834
5.3 350.5183 55.36167 7.660301
5.3 350.5147 55.34577 7.682833
5.333333 350.469 55.34747 7.711495
5.333333 350.4277 55.3447 7.722573
5.366667 350.416 55.34869 7.735775
5.366667 350.3965 55.3634 7.741937
5.366667 350.3968 55.39366 7.726355
5.4 350.3975 55.39396 7.727303
5.4 350.3933 55.41105 7.759961
5.433333 350.3966 55.41432 7.778677
5.433333 350.3981 55.4298 7.776358
5.466667 350.3797 55.44005 7.755934
5.466667 350.3495 55.44661 7.729599
5.466667 350.3177 55.45115 7.693038
5.5 350.29 55.45424 7.669755
5.5 350.3026 55.47273 7.645438
5.533333 350.3245 55.48985 7.625539
5.533333 350.3313 55.49766 7.632266
5.566667 350.3254 55.52679 7.633077
5.566667 350.3384 55.53817 7.638024
5.566667 350.3468 55.55325 7.644372
5.6 350.3483 55.57079 7.649791
5.6 350.3367 55.58266 7.649131
5.633333 350.3263 55.59731 7.661477
5.633333 350.3144 55.61205 7.670669
5.633333 350.3033 55.6164 7.674715
5.666667 350.2948 55.61138 7.670899
5.666667 350.266 55.60954 7.68287
5.7 350.2602 55.61667 7.68144
5.7 350.2499 55.63251 7.656069
5.733333 350.2015 55.65373 7.66353
5.733333 350.1829 55.66668 7.653927
5.733333 350.1511 55.70117 7.634223
5.766667 350.1334 55.71443 7.63364
5.766667 350.1106 55.74056 7.635908
5.8 350.0888 55.74763 7.647507
5.8 350.0631 55.74023 7.646525
5.8 350.032 55.73423 7.658092
5.833333 349.9733 55.72937 7.651322
5.833333 349.9643 55.73788 7.641242
5.866667 349.97 55.74809 7.635761
5.866667 349.971 55.75383 7.638162
5.9 349.9746 55.75732 7.641495
5.9 349.9658 55.75452 7.637555
5.9 349.9609 55.74611 7.630179
5.933333 349.9571 55.73022 7.653068
5.933333 349.9604 55.70866 7.667041
5.966667 349.9556 55.69469 7.690142
5.966667 349.9689 55.67696 7.713734
5.966667 349.9714 55.65851 7.736397
6 349.9709 55.63736 7.75284
6 349.9727 55.60764 7.773779
6.033333 349.9558 55.57902 7.790134
6.033333 349.945 55.55162 7.806123
6.066667 349.9338 55.54374 7.811422
6.066667 349.9132 55.53262 7.832668
6.066667 349.8681 55.52092 7.854967
6.1 349.8534 55.53176 7.870685
6.1 349.8769 55.51225 7.907419
6.133333 349.8856 55.51234 7.917528
6.133333 349.8813 55.49746 7.937832
6.133333 349.855 55.48561 7.958321
6.166667 349.8109 55.4697 7.957558
6.166667 349.7789 55.4608 7.957513
6.2 349.7411 55.44157 7.967884
6.2 349.7331 55.44438 7.972634
6.233333 349.731 55.45575 7.965979
6.233333 349.7155 55.46657 7.975884
6.233333 349.709 55.47731 8.004844
6.266667 349.7087 55.47857 8.011949
6.266667 349.6989 55.47858 8.017338
6.3 349.6987 55.47287 8.035913
6.3 349.6971 55.4866 8.035373
6.3 349.7057 55.49078 8.040882
6.333333 349.7244 55.48798 8.040837
6.333333 349.7295 55.48616 8.034936
6.366667 349.745 55.47518 8.045859
6.366667 349.7646 55.46195 8.058388
6.4 349.7821 55.43824 8.068617
6.4 349.7914 55.42625 8.072561
6.4 349.7997 55.39926 8.074117
6.433333 349.8106 55.401 8.068516
6.433333 349.8317 55.38601 8.072283
6.466667 349.8478 55.37221 8.085072
6.466667 349.8544 55.36971 8.097458
6.5 349.8696 55.36142 8.116655
6.5 349.8759 55.33648 8.134092
6.5 349.8625 55.30174 8.134338
6.533333 349.8393 55.27514 8.131616
6.533333 349.8178 55.22287 8.134029
6.566667 349.7774 55.18509 8.127451
6.566667 349.7452 55.13742 8.107814
6.566667 349.7449 55.09998 8.091557
6.6 349.7869 55.063 8.08414
6.6 349.8214 55.02495 8.087954
6.633333 349.8354 54.98966 8.077626
6.633333 349.8433 54.95108 8.065541
6.666667 349.8333 54.91478 8.041803
6.666667 349.8129 54.89918 8.019817
6.666667 349.8112 54.87207 8.025086
6.7 349.8079 54.85428 8.031287
6.7 349.8207 54.83951 8.053463
6.733333 349.8409 54.83529 8.071974
6.733333 349.8523 54.83606 8.07641
6.733333 349.8528 54.83281 8.082409
6.766667 349.8418 54.84209 8.104362
6.766667 349.8571 54.85611 8.129007
6.8 349.8762 54.86614 8.160664
6.8 349.8925 54.85717 8.189357
6.833333 349.9325 54.86262 8.207726
6.833333 349.925 54.85822 8.205988
6.833333 349.8987 54.84522 8.176105
6.866667 349.8826 54.82464 8.174644
6.866667 349.9052 54.81258 8.174884
6.9 349.9546 54.80422 8.170594
6.9 349.9951 54.78143 8.175432
6.9 350.002 54.78279 8.166281
6.933333 350.0143 54.78162 8.152098
6.933333 350.0114 54.78048 8.147737
6.966667 350.0092 54.78122 8.129972
6.966667 350.0029 54.79618 8.106829
7 349.986 54.80052 8.096683
7 349.9891 54.81995 8.083959
7 349.994 54.82866 8.082991
7.033333 350 54.83791 8.11739
7.033333 350.0262 54.83842 8.139733
7.066667 350.0652 54.84346 8.158497
7.066667 350.1119 54.83599 8.177413
7.066667 350.1379 54.83093 8.178555
7.1 350.1633 54.81425 8.194752
7.1 350.1859 54.78957 8.211922
7.133333 350.1959 54.77353 8.223866
7.133333 350.2015 54.74732 8.251724
7.166667 350.2154 54.71681 8.282144
7.166667 350.2386 54.69651 8.275573
7.166667 350.2477 54.69506 8.283622
7.2 350.2587 54.69722 8.311055
7.2 350.2751 54.70832 8.344418
7.233333 350.2995 54.72086 8.380556
7.233333 350.3031 54.72981 8.393766
7.266667 350.2861 54.7379 8.392583
7.266667 350.2478 54.73249 8.387206
7.266667 350.208 54.73174 8.367768
7.3 350.1713 54.71374 8.367627
7.3 350.1555 54.68726 8.376013
7.333333 350.145 54.65796 8.375995
7.333333 350.1542 54.64534 8.351161
7.333333 350.1783 54.6406 8.33938
7.366667 350.196 54.64144 8.324908
7.366667 350.1953 54.64635 8.313265
7.4 350.1626 54.66103 8.306557
7.4 350.1248 54.66304 8.303524
7.4 350.1078 54.67154 8.287318
7.433333 350.1148 54.68118 8.272829
7.433333 350.1286 54.66917 8.27559
7.466667 350.1508 54.66407 8.258525
7.466667 350.1837 54.64991 8.256225
7.5 350.2345 54.63006 8.259482
7.5 350.282 54.61474 8.299176
7.5 350.3013 54.58111 8.340841
7.533333 350.2924 54.57124 8.347157
7.533333 350.2846 54.53753 8.320725
7.566667 350.2762 54.47009 8.368627
7.566667 350.3063 54.4203 8.455921
7.566667 350.4125 54.35732 8.580668
7.6 350.5055 54.22489 8.61288
7.6 350.6039 54.042 8.548429
7.633333 350.761 53.88551 8.457814
7.633333 351.0067 53.69314 8.264499
7.666667 351.2014 53.5165 8.086015
7.666667 351.3181 53.34089 8.03341
7.666667 351.4623 53.11641 7.980693
7.7 351.5627 52.95863 7.938735
7.7 351.6681 52.80579 7.856105
7.733333 351.7633 52.67062 7.739587
7.733333 351.8664 52.5781 7.641902
7.766667 352.0113 52.49802 7.563202
7.766667 352.1935 52.42993 7.538814
7.766667 352.3614 52.38051 7.573764
7.8 352.4555 52.3244 7.656358
7.8 352.5176 52.28103 7.731783
7.833333 352.5583 52.22552 7.802347
7.833333 352.6201 52.14101 7.866032
7.866667 352.7254 52.04145 7.929342
7.866667 352.8506 51.95733 7.961508
7.866667 352.9445 51.87663 8.006965
7.9 353.0282 51.7663 8.083175
7.9 353.1106 51.66761 8.15683
7.933333 353.2098 51.51813 8.266324
7.933333 353.3064 51.35008 8.368888
7.933333 353.3868 51.19073 8.431078
7.966667 353.4518 50.97259 8.453278
7.966667 353.4711 50.81437 8.487743
8 353.5052 50.55821 8.553355
8 353.5199 50.34443 8.608067
8.033334 353.4351 50.08886 8.432201
8.033334 353.4779 49.99296 8.892989
8.033334 353.5275 49.7709 8.582614
8.066667 353.5163 49.57342 8.671132
8.066667 353.514 49.42202 8.806849
8.1 353.4886 49.2947 8.723945
8.1 353.4502 49.16905 8.736742
8.1 353.3781 49.11918 8.737831
8.133333 353.3286 49.08929 8.752116
8.133333 353.3023 49.11464 8.737011
8.166667 353.3333 49.16566 8.724188
8.166667 353.4479 49.25019 8.708466
8.166667 353.5881 49.26909 8.451632
8.2 353.6301 49.23454 8.33484
8.2 353.6762 49.1748 8.271253
8.233334 353.6778 49.06391 8.257417
8.233334 353.7712 48.92441 8.24275
8.266666 353.8763 48.73281 8.16925
8.266666 354.0396 48.58282 8.151126
8.266666 354.2555 48.42409 8.106969
8.3 354.4551 48.2536 8.101349
8.3 354.6648 48.04846 8.081949
8.333333 354.8302 47.85962 8.076613
8.333333 354.9734 47.63789 8.020081
8.333333 355.0915 47.37566 8.004264
8.366667 355.2247 47.12909 8.02013
8.366667 355.416 46.83155 8.01895
8.4 355.6786 46.45314 8.020188
8.4 355.9099 46.1424 7.92953
8.433333 356.0685 45.87036 7.811616
8.433333 356.1978 45.56556 7.727157
8.433333 356.263 45.30005 7.690552
8.466666 356.3326 45.03756 7.653929
8.466666 356.3919 44.73098 7.593709
8.5 356.4294 44.48464 7.487535
8.5 356.4811 44.24477 7.338643
8.5 356.5677 44.03133 7.189425
8.533334 356.6902 43.84317 7.09945
8.533334 356.8089 43.69114 6.984796
8.566667 356.8792 43.57709 6.79373
8.566667 356.9007 43.51291 6.581982
8.6 356.9081 43.47346 6.449687
8.6 356.9293 43.41946 6.389638
8.6 356.9687 43.30551 6.386981
8.633333 357.0314 43.09293 6.363067
8.633333 357.0462 42.85445 6.214561
8.666667 357.0014 42.63513 6.076823
8.666667 356.9166 42.41257 5.989523
8.7 356.8332 42.17373 5.964728
8.7 356.8097 41.97598 5.957287
8.7 356.7994 41.75266 5.926722
8.733334 356.7977 41.56762 5.875867
8.733334 356.8369 41.39798 5.856771
8.766666 356.9237 41.22803 5.816964
8.766666 356.9918 41.0914 5.78534
8.766666 357.0532 40.95126 5.745654
8.8 357.0949 40.77064 5.702639
8.8 357.2018 40.56264 5.664963
8.833333 357.3013 40.33976 5.632013
8.833333 357.3317 40.14391 5.560984
8.866667 357.3412 39.93096 5.413977
8.866667 357.3846 39.79719 5.27238
8.866667 357.4873 39.70746 5.131012
8.9 357.6249 39.66284 5.07794
8.9 357.7522 39.65919 5.107138
8.933333 357.9588 39.65263 5.258519
8.933333 358.1359 39.61324 5.394747
8.933333 358.2494 39.59641 5.443076
8.966666 358.299 39.60146 5.424006
8.966666 358.3657 39.64618 5.339352
9 358.4882 37.76421 5.186848
9 358.626 35.87182 5.147835
9.033334 358.8076 34.01921 5.201177
9.033334 358.9507 32.10787 5.270397
9.066667 359.0945 30.14534 5.365416
9.1 359.2187 28.11608 5.458086
9.1 359.2878 25.94759 5.478641
9.133333 359.8033 23.66553 5.522079
9.166667 359.8836 21.56536 5.580597
9.166667 359.7204 19.51905 5.652263
9.2 359.791 17.35694 5.731613
9.2 359.6164 15.3874 5.613639
9.233334 359.4951 13.38319 5.51063
9.233334 359.2357 11.39903 5.447167
9.266666 358.8923 9.338694 5.443027
9.3 358.9038 7.387457 5.372313
9.3 358.7724 5.276454 4.701411
9.333333 358.7654 3.128758 4.408016
9.366667 358.8941 1.088907 4.239073
9.4 359.1135 359.1567 3.79558
9.433333 359.3758 357.1782 3.50327
9.466666 359.6089 355.1293 3.311716
9.466666 359.7492 352.9713 3.184313
9.5 359.8791 350.6361 3.141353
9.533334 359.8116 348.2973 3.063332
9.566667 359.764 346.0238 2.975187
9.566667 359.6002 343.9427 3.020814
9.6 359.3735 341.4525 2.841576
9.633333 359.129 339.1562 2.703039
9.666667 358.9852 337.0367 2.683
9.666667 358.7763 335.1159 2.543224
9.7 358.5283 333.0918 2.45259
9.733334 358.5514 331.2335 2.654076
9.766666 358.3914 329.8757 3.058736
9.8 358.0674 332.2756 2.89596
9.8 357.7856 334.6954 2.696969
9.833333 357.7625 337.0208 3.155725
9.866667 357.3211 339.6735 2.950567
9.9 356.8654 342.4381 2.56341
9.933333 356.7794 345.0281 2.929863
9.966666 356.4404 347.9623 2.719694
9.966666 356.1537 350.8843 2.508927
10 356.0876 353.5909 2.455457
10.03333 356.4271 355.498 2.571525
10.06667 356.3752 358.1909 2.560939
10.06667 356.2789 0.1535829 2.754069
10.1 356.3105 1.732288 2.918462
10.13333 356.4043 2.875246 3.033164
10.16667 356.6173 3.970201 3.062377
10.2 356.8424 5.308287 3.10612
10.23333 356.9929 6.924943 2.878661
10.23333 357.0913 8.872462 2.829029
10.26667 357.0516 11.16784 3.040895
10.3 356.9077 13.84449 3.335014
10.33333 356.8696 16.77352 3.798507
10.36667 356.8644 19.77578 4.210392
10.4 356.5692 22.84434 4.363238
10.4 356.0438 25.77595 4.291751
10.43333 355.8504 28.51528 4.21734
10.46667 355.8152 31.07838 4.261991
10.5 355.7043 33.64139 4.298582
10.53333 355.5305 36.16103 4.175297
10.56667 355.3033 38.61678 4.099741
10.56667 355.1239 41.10823 4.112562
10.6 355.1283 42.9632 4.141817
10.63333 354.9443 45.1686 4.130702
10.63333 354.5525 47.87119 4.10993
10.66667 354.5041 49.88513 4.127774
10.66667 354.3768 52.1002 4.168369
10.7 354.1156 54.32742 4.322811
10.73333 353.5912 56.98344 4.430907
10.73333 353.4473 59.03751 4.310667
10.76667 352.7987 61.81116 4.270422
10.76667 352.8085 63.80045 4.264729
10.8 352.6601 65.96861 4.300104
10.8 352.0797 67.87368 4.329583
10.83333 352.1864 67.74744 4.327416
10.86667 351.8294 68.17261 4.327344
10.86667 351.9533 68.01646 4.332635
10.86667 352.0487 67.85673 4.303258
10.9 351.9646 67.89924 4.25142
10.93333 352.0895 67.52671 4.202846
10.93333 352.3131 67.10201 4.250452
10.96667 352.4656 66.69025 4.234134
11 352.4762 66.3935 4.193026
11.03333 352.496 66.13329 4.328717
11.06667 352.5747 65.92666 4.516615
11.06667 352.6052 65.81497 4.600637
11.1 352.5697 65.82623 4.542149
11.13333 352.5534 65.87652 4.633405
11.16667 352.4887 65.96462 4.713681
11.2 352.4484 66.0368 4.639127
11.23333 352.4437 66.092 4.622099
11.23333 352.4434 66.1184 4.631454
11.26667 352.4794 66.11792 4.606607
11.3 352.3768 66.12902 4.577595
11.33333 352.3518 66.0871 4.59608
11.33333 352.4659 66.00436 4.647309
11.36667 352.4973 65.90537 4.643452
11.4 352.5128 65.84943 4.613525
11.43333 352.4464 65.81694 4.656087
11.46667 352.3882 65.7712 4.73457
11.5 352.3906 65.67828 4.766119
11.5 352.4256 65.56199 4.749395
11.53333 352.4244 65.42809 4.748513
11.56667 352.4583 65.31472 4.745314
11.6 352.4915 65.25176 4.758501
11.6 352.5272 64.98759 4.777732
11.63333 352.4872 64.769 4.791015
11.66667 352.4449 64.53626 4.799407
11.7 352.4174 64.33172 4.860724
11.7 352.4354 64.32279 4.90274
11.73333 352.5023 64.02442 4.973262
11.76667 352.4805 63.86478 4.979804
11.8 352.4051 63.77967 5.024941
11.83333 352.3726 63.70007 5.142236
11.86667 352.4173 63.69935 5.188386
11.86667 352.4459 63.42877 5.242329
11.86667 352.5075 63.33037 5.197134
11.9 352.6422 62.99097 5.21748
11.9 352.7944 62.60553 5.236577
11.93333 353.0474 62.0849 5.210527
11.93333 353.2949 61.66684 5.155001
11.96667 353.586 61.2065 5.061472
11.96667 353.8691 60.77099 4.998143
12 354.1894 60.29729 4.975733
12 354.5545 59.7614 4.988863
12 354.8156 59.29619 4.952982
12.03333 354.907 58.83353 4.849355
12.03333 354.9141 58.51958 4.704897
12.06667 354.8969 58.10243 4.534462
12.06667 354.9473 57.79477 4.483752
12.06667 355.0825 57.43873 4.482959
12.1 355.1998 57.1699 4.524343
12.1 355.2316 57.00271 4.48534
12.13333 355.1825 56.92615 4.310416
12.13333 355.1136 56.949 4.136309
12.16667 355.0872 57.01105 4.014315
12.16667 355.1328 57.06814 3.938119
12.16667 355.2468 57.10212 3.971202
12.2 355.3942 57.15859 4.019616
12.2 355.5336 57.17993 4.110981
12.2 355.5878 57.15951 4.176987
12.23333 355.6225 57.09985 4.254674
12.26667 355.6304 57.02419 4.344142
12.26667 355.6455 56.90299 4.421134
12.26667 355.6498 56.77059 4.490334
12.3 355.7133 56.63914 4.519323
12.3 355.7914 56.47596 4.580573
12.3 355.8734 56.32662 4.657639
12.33333 355.8982 56.2046 4.738608
12.33333 355.8851 56.04826 4.820658
12.36667 355.8474 55.85494 4.910746
12.36667 355.7795 55.64383 5.022089
12.4 355.6626 55.46568 4.969535
12.4 355.56 55.35053 4.823946
12.4 355.4138 55.24511 4.825335
12.43333 355.2353 55.13786 4.97604
12.43333 355.0514 55.05573 5.108462
12.46667 354.802 55.00142 5.08921
12.46667 354.5803 54.9882 4.943727
12.5 354.4175 54.98166 4.806398
12.5 354.2987 55.01864 4.749899
12.5 354.1365 55.0864 4.777696
12.53333 353.9446 55.22005 4.854192
12.53333 353.7432 55.39906 4.861075
12.53333 353.5152 55.61731 4.811885
12.56667 353.3447 55.82125 4.734114
12.56667 353.2185 54.02509 4.649875
12.6 353.1343 52.18437 4.605013
12.63333 353.0756 50.39995 4.571764
12.63333 352.9923 48.56939 4.555551
12.66667 352.9459 46.69074 4.543111
12.66667 352.9867 44.77264 4.494034
12.7 352.9043 43.10351 4.30528
12.73333 352.9925 41.00602 4.2405
12.73333 352.7882 39.22341 4.151308
12.76667 352.6739 37.06117 4.368509
12.8 352.4742 35.12184 4.456025
12.8 352.5345 33.06326 4.456902
12.83333 352.1406 31.10521 4.353885
12.86667 351.5167 29.10456 4.452773
12.86667 351.4198 27.0565 4.529604
12.9 351.4387 25.0073 4.490812
12.93333 351.3535 22.94271 4.503412
12.93333 351.2122 20.82561 4.511213
12.96667 351.1162 18.66121 4.410494
12.96667 350.8751 16.41098 4.312737
13 350.9909 14.05542 4.407632
13 351.0899 11.61794 4.371486
13.03333 351.1277 9.090829 4.445794
13.06667 351.2054 6.240666 4.690429
13.1 351.3249 3.731355 4.312522
13.13333 351.5394 1.350944 3.936651
13.16667 351.9221 358.8603 4.40162
13.16667 351.9666 356.7009 4.441278
13.2 351.6967 354.7236 4.107806
13.23333 351.8267 352.5307 4.455301
13.26667 352.0168 350.3079 4.849679
13.26667 352.0854 348.1497 4.897432
13.3 352.0028 346.2145 4.860842
13.33333 352.0105 343.9309 4.973827
13.36667 351.8672 341.6711 4.826147
13.4 351.7501 340.1148 4.805394
13.4 351.6872 339.9807 4.722956
13.43333 351.812 339.9723 4.70412
13.46667 352.0524 340.0229 4.915481
13.5 352.1526 340.0125 5.149439
13.5 352.3267 339.8157 5.444913
13.53333 352.7093 339.7325 5.628376
13.56667 352.8656 339.8422 5.797232
13.6 352.6895 339.9371 5.828739
13.63333 352.5743 340.0219 5.928945
13.66667 352.635 340.1283 6.105679
13.66667 352.6321 340.1451 6.216319
13.7 352.4562 339.951 6.031563
13.73333 352.3025 339.7464 5.873438
13.76667 352.3107 339.6406 5.7868
13.76667 352.3949 339.6294 5.71031
13.8 352.4415 339.6636 5.606191
13.83333 352.482 339.7449 5.506706
13.86667 352.5746 339.9191 5.365512
13.9 352.6604 340.1549 5.291834
13.93333 352.7255 340.3778 5.255248
13.93333 352.7488 340.5077 5.201707
13.96667 352.715 340.4704 5.246193
13.96667 352.779 340.6785 5.170877
14 352.7822 340.6328 5.179206
14 352.8351 340.7218 5.162819
14.03333 352.9458 340.9352 5.144097
14.03333 352.909 340.847 5.200447
14.03333 352.9271 340.9125 5.256285
14.06667 352.9514 340.976 5.297695
14.06667 353.011 341.0587 5.30786
14.1 353.1009 341.1957 5.271077
14.1 353.2155 341.3126 5.217456
14.1 353.3549 341.4511 5.165007
14.13333 353.4555 341.5815 5.126737
14.13333 353.5076 341.711 5.110732
14.16667 353.5275 341.7997 5.105464
14.16667 353.6008 341.9258 5.073152
14.16667 353.6969 342.0879 5.026491
14.2 353.8213 342.2602 4.949924
14.2 353.9602 344.4537 4.888288
14.23333 354.1844 346.661 4.857766
14.23333 354.4278 348.8758 4.811603
14.26667 354.6026 351.0552 4.780079
14.26667 354.777 353.2821 4.724945
14.3 354.9039 355.5005 4.639521
14.33333 354.9189 357.6953 4.570476
14.33333 355.2311 0.2543313 4.435888
14.36667 355.2065 2.218764 4.458163
14.36667 355.3058 4.330287 4.426533
14.4 355.701 6.967537 4.241515
14.43333 355.467 8.734428 4.27176
14.43333 355.5799 10.99153 4.16534
14.46667 355.5118 12.88899 4.207659
14.46667 355.4248 14.81205 4.308041
14.5 355.3286 16.8561 4.417495
14.53333 355.3235 18.7727 4.428755
14.56667 355.0829 20.97156 4.535071
14.56667 354.8265 23.25511 4.649647
14.6 354.5099 25.67837 4.725529
14.63333 353.9275 28.21458 4.873634
14.66667 353.2285 30.80718 5.121169
14.7 352.7649 33.31445 5.31521
14.73333 352.2607 35.78282 5.332659
14.76667 351.8346 38.17365 5.327946
14.76667 351.465 40.50634 5.344056
14.8 350.9745 42.77342 5.379223
14.83333 350.781 45.01278 5.469036
14.86667 350.7466 47.10438 5.573674
14.9 350.5284 49.20965 5.580782
14.93333 350.1783 51.27905 5.733481
14.93333 350.0072 53.31273 5.944901
14.96667 349.825 55.29119 6.124895
15 349.6555 57.27449 6.132312
15.03333 349.5045 59.21321 6.221035
15.06667 349.4028 61.21197 6.314219
15.1 349.3781 63.27135 6.366817
15.1 349.4146 65.20911 6.419897
15.13333 349.527 67.04278 6.448452
15.16667 349.4803 68.76482 6.487096
15.2 349.5298 70.42369 6.530218
15.23333 349.6859 71.56506 6.576659
15.26667 349.8319 71.21622 6.550875
15.26667 349.9142 70.87341 6.513951
15.3 349.9552 70.58099 6.544243
15.3 349.9128 70.52787 6.625033
15.33333 349.9525 70.15121 6.710162
15.36667 350.053 69.9955 6.694225
15.4 350.0929 69.78706 6.695723
15.43333 350.043 69.67207 6.733105
15.46667 349.9786 69.65446 6.819553
15.46667 350.005 69.8196 6.849565
15.5 349.9931 69.81715 6.894838
15.5 349.9512 69.92168 6.884271
15.53333 349.8838 70.04721 6.880628
15.53333 349.8337 70.14486 6.856923
15.56667 349.803 70.25649 6.845407
15.56667 349.8165 70.29927 6.831179
15.56667 349.7773 70.49173 6.807017
15.6 349.8223 70.43776 6.809418
15.6 349.8207 70.48967 6.795673
15.63333 349.8163 70.66313 6.760863
15.63333 349.8482 70.64583 6.735008
15.66667 349.8711 70.6831 6.695712
15.66667 349.8674 70.70776 6.677577
15.66667 349.8787 70.71262 6.678421
15.7 349.8779 70.67667 6.700662
15.7 349.8959 70.67236 6.713003
15.73333 349.9031 70.66243 6.718369
15.73333 349.8752 70.65462 6.707204
15.73333 349.8419 70.64898 6.717267
15.76667 349.8275 70.63357 6.724353
15.76667 349.8178 70.61115 6.713253
15.8 349.8016 70.59137 6.692405
15.8 349.8139 70.57554 6.681292
15.8 349.8401 70.55626 6.67418
15.83333 349.854 70.55714 6.638336
15.83333 349.8518 70.56107 6.632999
15.86667 349.8463 70.57629 6.64859
15.86667 349.8386 70.60045 6.685852
15.86667 349.841 70.60818 6.734941
15.9 349.8634 70.60646 6.789272
15.9 349.8662 70.59216 6.818813
15.93333 349.86 70.56914 6.832421
15.93333 349.8184 70.52708 6.832951
15.93333 349.7679 70.47908 6.822752
15.96667 349.727 70.44798 6.795872
15.96667 349.7075 70.41679 6.761492
16 349.7098 70.41225 6.734323
16 349.7307 70.36446 6.72944
16.03333 349.8002 70.28243 6.760791
16.03333 349.865 70.16872 6.763503
16.03333 349.854 70.04629 6.740617
16.06667 349.8 69.9379 6.743521
16.06667 349.7728 69.84675 6.755585
16.1 349.7676 69.78465 6.767725
16.1 349.7812 69.73336 6.769791
16.1 349.7568 69.69872 6.796517
16.13333 349.735 69.70608 6.79604
16.13333 349.7004 69.73074 6.819067
16.16667 349.6945 69.77821 6.845007
16.16667 349.6962 69.82966 6.866091
16.2 349.7096 69.88206 6.88281
16.2 349.7532 69.91427 6.916667
16.2 349.7919 69.93027 6.94776
16.23333 349.8146 69.91267 6.964206
16.23333 349.7835 69.87591 6.970875
16.26667 349.7316 69.82039 6.980468
16.26667 349.6979 69.76846 6.954439
16.3 349.7125 69.71209 6.9378
16.3 349.758 69.6288 6.907233
16.3 349.7892 69.50828 6.877561
16.33333 349.8137 69.3656 6.836473
16.33333 349.7943 69.26707 6.815111
16.36667 349.7783 69.19249 6.80617
16.36667 349.7712 69.14838 6.783008
16.36667 349.7837 69.12457 6.77606
16.4 349.7941 69.12795 6.781931
16.4 349.8126 69.13927 6.795679
16.43333 349.8263 69.15595 6.855104
16.43333 349.8355 69.14724 6.929109
16.46667 349.8831 69.15557 7.027102
16.46667 349.9519 69.13945 7.100851
16.46667 350.0243 69.14047 7.131933
16.5 350.1868 69.14113 7.15893
16.5 350.3495 69.1265 7.204043
16.53333 350.5641 69.05128 7.324651
16.53333 350.7632 68.93385 7.444524
16.53333 350.9388 68.78909 7.568343
16.56667 351.1129 68.60735 7.688052
16.56667 351.2785 68.4518 7.783012
16.6 351.5637 68.20166 7.970315
16.6 351.9058 67.88472 8.200007
16.63333 352.2553 67.55885 8.346505
16.63333 352.6758 67.11776 8.454472
16.63333 353.0151 66.75731 8.549325
16.66667 353.4081 66.30049 8.674375
16.66667 353.8866 65.79339 8.81938
16.7 354.4074 65.26334 8.975583
16.7 354.8795 64.727 9.149102
16.7 355.3885 64.07771 9.269323
16.73333 355.8269 63.41288 9.176421
16.73333 356.0468 62.85086 8.972671
16.76667 356.1346 62.2943 8.863844
16.76667 356.1993 61.89541 8.828851
16.8 356.3274 61.44041 8.881599
16.8 356.4876 61.04005 8.918674
16.8 356.5445 60.77905 8.871222
16.83333 356.4114 60.54438 8.764601
16.83333 356.2152 60.47008 8.721675
16.86667 356.0443 60.47161 8.772446
16.86667 355.8764 60.4932 8.825122
16.86667 355.6885 60.54621 8.885917
16.9 355.4807 60.66325 8.931666
16.93333 355.2514 60.82021 8.940039
16.93333 354.9145 61.07969 8.979062
16.93333 354.4772 61.43452 9.063246
16.96667 354.1704 61.72645 9.138235
16.96667 353.8884 61.96482 9.18963
16.96667 353.1929 62.39917 9.239792
17 353.4278 62.21865 9.068927
17 353.2368 62.26959 8.949235
17.03333 353.0519 62.29935 8.871636
17.03333 352.9441 62.32574 8.797679
17.06667 352.9268 62.32637 8.726695
17.06667 352.9907 62.31942 8.609452
17.06667 353.0768 62.32666 8.492094
17.1 353.1538 62.32067 8.41985
17.1 353.2368 62.33292 8.400899
17.13333 353.328 62.35084 8.408503
17.13333 353.4594 62.40001 8.436238
17.13333 353.58 62.4375 8.489318
17.16667 353.6739 62.4468 8.575093
17.16667 353.7262 62.466 8.629087
17.2 353.7718 62.48086 8.674459
17.2 353.7764 62.48877 8.737453
17.23333 353.7572 62.50029 8.78336
17.23333 353.7543 62.49741 8.827418
17.23333 353.7742 62.48928 8.877415
17.26667 353.7862 62.45804 8.97698
17.26667 353.7671 62.42352 9.061732
17.3 353.7193 62.39542 9.069114
17.3 353.6439 62.36184 9.000953
17.3 353.5649 62.34786 8.907495
17.33333 353.5048 62.32621 8.829279
17.33333 353.4192 62.33384 8.756046
17.36667 353.3535 62.36838 8.673212
17.36667 353.2917 62.41219 8.578521
17.4 353.2091 62.46589 8.442087
17.4 353.1322 62.54379 8.273297
17.4 353.0626 62.628 8.101504
17.43333 353.0074 62.75285 7.914127
17.43333 352.9777 62.86348 7.75503
17.46667 352.9644 63.01271 7.580132
17.46667 353.0071 63.18944 7.43331
17.46667 353.042 63.33893 7.379528
17.5 353.0683 63.47757 7.353173
17.5 353.0903 63.63539 7.304711
17.53333 353.0798 63.78423 7.282937
17.53333 353.0629 63.89667 7.28508
17.56667 353.0453 64.04421 7.222603
17.56667 353.039 62.1506 7.159725
17.6 353.0282 60.25568 7.15655
17.6 352.9891 58.33253 7.199914
17.63333 352.8957 56.40406 7.2087
17.63333 352.7998 54.45486 7.124835
17.66667 352.7347 52.50683 6.91969
17.7 352.652 50.79824 6.606902
17.7 352.7136 48.80222 6.724949
17.73333 352.6198 47.24757 6.519872
17.73333 352.6416 45.23174 6.42977
17.76667 352.5764 43.54443 6.12077
17.76667 352.609 41.53822 6.098048
17.8 352.6101 39.51744 6.194582
17.83333 352.491 37.90455 5.990807
17.83333 352.4541 35.8586 5.983792
17.86667 352.4351 33.91771 5.815004
17.86667 352.4717 31.92923 5.686364
17.9 352.4981 30.08105 5.518508
17.93333 352.4252 28.21462 5.530736
17.93333 352.3647 26.42765 5.301278
17.96667 352.3749 24.4663 5.372565
18 352.4255 22.46351 5.607397
18.03333 352.3677 20.30938 5.441557
18.06667 352.3546 17.8682 5.314858
18.06667 352.4078 15.61495 5.39267
18.1 352.4933 13.60292 5.334278
18.13333 352.4932 11.5756 5.126931
18.13333 352.597 9.62618 5.25839
18.16667 352.6408 7.800639 5.483932
18.2 352.5223 6.003882 5.412501
18.23333 352.4624 4.028471 5.53546
18.26667 352.4732 1.9498 5.726183
18.3 352.5414 359.8431 5.948817
18.3 352.4916 357.6224 6.212932
18.33333 352.344 355.3758 6.46326
18.36667 352.2185 353.0841 6.547899
18.4 352.1658 350.7994 6.645905
18.43333 352.1727 348.5037 6.741255
18.46667 352.2974 346.1566 6.800039
18.46667 352.4707 343.8867 6.81881
18.5 352.7033 341.5281 7.030065
18.53333 352.9875 339.0447 7.302201
18.56667 353.3326 336.4774 7.406965
18.6 353.6545 333.8452 7.473365
18.63333 354.025 331.0953 7.610511
18.63333 354.3108 328.4575 7.680749
18.66667 354.31 326.1508 7.568536
18.7 354.6265 323.061 7.680433
18.73333 354.9136 320.0434 7.783238
18.73333 355.3121 317.1838 7.781384
18.76667 355.4634 314.5279 7.675103
18.8 355.5685 311.905 7.693249
18.83333 355.4966 310.0452 7.744211
18.83333 355.8001 307.3959 7.907769
18.86667 356.0004 305.1195 8.047034
18.9 356.0324 302.9461 8.075097
18.93333 356.0015 300.8235 8.016383
18.93333 355.7133 299.2923 8.114346
18.96667 355.6665 297.4273 8.26347
19 355.7134 295.6784 8.176876
19.03333 355.7409 293.8214 8.208236
19.03333 355.7428 291.8891 8.178412
19.06667 355.7547 290.0063 8.16283
19.06667 355.7971 288.1896 8.147886
19.1 355.7692 286.1876 8.091208
19.13333 355.7142 284.1404 8.003111
19.13333 355.6959 282.2004 7.917224
19.16667 355.7221 280.1355 7.942363
19.16667 355.7397 278.1882 7.906311
19.2 355.7635 276.1979 7.894844
19.23333 355.775 274.2673 7.888322
19.23333 355.7679 272.8156 7.931817
19.26667 355.7749 272.8615 7.921853
19.26667 355.7643 272.8404 7.897155
19.3 355.7436 272.8527 7.835617
19.3 355.7369 272.9263 7.768272
19.33333 355.7411 272.9779 7.780022
19.33333 355.7549 273.1148 7.661945
19.36667 355.6702 273.4015 7.541306
19.4 355.654 273.8095 7.474812
19.43333 355.6459 274.2508 7.415504
19.46667 355.6497 274.6729 7.290091
19.5 355.6783 275.0342 7.165558
19.53333 355.7412 275.3353 7.117189
19.53333 355.7567 275.4022 7.102967
19.56667 355.7695 275.2665 7.059717
19.6 355.8249 275.0119 7.039145
19.63333 355.8652 274.7809 7.104347
19.66667 355.9496 274.6013 7.180357
19.7 355.967 274.4537 7.215419
19.7 355.9286 274.3362 7.202632
19.73333 355.8878 274.2715 7.22094
19.76667 355.8117 274.3297 7.227784
19.8 355.8029 274.3231 7.303378
19.8 355.8799 274.3458 7.348019
19.83333 355.8897 274.3384 7.387414
19.86667 355.8458 274.3547 7.392415
19.9 355.8377 274.3258 7.427752
19.93333 355.8888 274.2508 7.487729
19.96667 355.9498 274.1874 7.554266
19.96667 355.9836 274.1444 7.610811
20 356.0529 274.0545 7.673176
20.03333 356.0992 273.9663 7.682038
20.06667 356.0857 273.8293 7.72234
20.1 356.1304 273.7348 7.787745
20.13333 356.1365 273.607 7.833967
20.13333 356.1163 273.4694 7.785445
20.16667 356.1149 273.3918 7.790876
20.2 356.1568 273.3739 7.773141
20.23333 356.1716 273.3607 7.813898
20.26667 356.2362 273.3604 7.842957
20.3 356.2265 273.4346 7.767693
20.3 356.2479 273.4526 7.757344
20.3 356.259 273.4801 7.760792
20.33333 356.2644 273.5023 7.746002
20.33333 356.2238 273.5319 7.742722
20.36667 356.1879 273.5614 7.726356
20.36667 356.1877 273.5652 7.717866
20.36667 356.1862 273.5846 7.724582
20.4 356.2089 273.5858 7.746196
20.4 356.2632 273.5892 7.735712
20.43333 356.303 273.5826 7.730828
20.43333 356.3314 273.5665 7.7121
20.43333 356.3412 273.5627 7.693925
20.46667 356.3378 273.538 7.664663
20.46667 356.3136 273.55 7.655024
20.5 356.2969 273.5512 7.653034
20.5 356.2759 273.5617 7.648543
20.5 356.2737 273.5592 7.662605
20.53333 356.3034 273.5562 7.659242
20.53333 356.3177 273.5482 7.643723
20.56667 356.3466 273.5364 7.602581
20.56667 356.3578 273.5249 7.574814
20.6 356.3714 273.534 7.562023
20.6 356.3786 273.5297 7.537181
20.6 356.3605 273.5328 7.525271
20.63333 356.3417 273.5411 7.52163
20.63333 356.3228 273.5516 7.50054
20.66667 356.3231 273.5586 7.47224
20.66667 356.3316 273.5777 7.44774
20.66667 356.3377 273.5931 7.448415
20.7 356.3528 273.6264 7.445038
20.7 356.3664 273.6376 7.454069
20.73333 356.3499 273.6463 7.445999
20.73333 356.3451 273.6725 7.435404
20.76667 356.3363 273.6815 7.435881
20.76667 356.3236 273.6747 7.44807
20.76667 356.3127 273.6633 7.44971
20.8 356.2953 273.6571 7.469702
20.8 356.3135 273.6313 7.48251
20.83333 356.3346 273.6239 7.482903
20.83333 356.3375 273.6115 7.50036
20.86667 356.3374 273.5868 7.526233
20.86667 356.3244 273.5545 7.53171
20.86667 356.3113 273.5283 7.550415
20.9 356.3139 273.5002 7.557428
20.9 356.3249 273.4854 7.5754
20.93333 356.3373 273.4817 7.578893
20.93333 356.3331 273.4856 7.583014
20.93333 356.3277 273.496 7.594752
20.96667 356.3202 273.506 7.598929
20.96667 356.2999 273.5132 7.587632
21 356.2833 273.5054 7.583567
21 356.2523 273.5026 7.600304
21.03333 356.2322 273.4973 7.587916
21.03333 356.2214 273.4865 7.568453
21.03333 356.2092 273.5015 7.510976
21.06667 356.23 273.5267 7.485011
21.06667 356.2708 273.5504 7.482728
21.1 356.281 273.5741 7.468976
21.1 356.2701 273.602 7.458997
21.1 356.2654 273.6237 7.451789
21.13333 356.2544 273.6525 7.429825
21.13333 356.2437 273.6681 7.421405
21.16667 356.2503 273.6705 7.422682
21.16667 356.2575 273.6801 7.419477
21.2 356.2758 273.6917 7.398043
21.2 356.2928 273.6964 7.383922
21.2 356.2961 273.7208 7.363275
21.23333 356.2804 273.738 7.352837
21.23333 356.2617 273.7402 7.332053
21.26667 356.2273 273.7579 7.298913
21.26667 356.1969 273.7674 7.271445
21.26667 356.1875 273.7895 7.237924
21.3 356.1826 273.8188 7.18738
21.3 356.1967 273.8535 7.132078
21.33333 356.2012 273.8964 7.102993
21.33333 356.2131 273.942 7.081382
21.36667 356.2127 273.9997 7.056326
21.36667 356.1889 274.0657 7.061041
21.36667 356.1769 274.121 7.053867
21.4 356.1579 274.1829 7.035325
21.4 356.1381 274.241 7.024401
21.43333 356.1218 274.2887 7.018593
21.43333 356.107 274.3337 7.00045
21.43333 356.0874 274.3635 6.969324
21.46667 356.0785 274.4107 6.948364
21.46667 356.0867 274.429 6.940962
21.5 356.1164 274.4455 6.946535
21.5 356.1506 274.4503 6.936361
21.53333 356.1743 274.4424 6.935031
21.53333 356.1874 274.4245 6.941154
21.53333 356.1914 274.3865 6.936986
21.56667 356.1776 274.3616 6.932081
21.56667 356.1551 274.3259 6.93725
21.6 356.1327 274.2691 6.962673
21.6 356.1306 274.2357 6.978792
21.6 356.1575 274.1772 7.004332
21.63333 356.1975 274.1275 7.023948
21.63333 356.2211 274.0865 7.026299
21.66667 356.2149 274.0511 7.034262
21.66667 356.1904 274.0319 7.04247
21.7 356.1461 274.0145 7.062572
21.7 356.116 274.0035 7.083776
21.7 356.1082 273.9934 7.093451
21.73333 356.0865 274 7.097368
21.73333 356.098 274.01 7.084789
21.76667 356.1239 274.0222 7.015998
21.76667 356.1245 274.0146 6.887214
21.8 356.1239 273.9833 6.668941
21.8 356.1452 273.9788 6.47133
21.8 356.1844 273.9891 6.367901
21.83333 356.2668 274.0317 6.352115
21.83333 356.3374 274.0922 6.363287
21.86667 356.403 274.1638 6.355255
21.86667 356.4772 274.2465 6.352
21.86667 356.5638 274.3425 6.349328
21.9 356.6178 274.4337 6.344633
21.9 356.6425 274.4948 6.358614
21.93333 356.6766 274.5702 6.380312
21.93333 356.6961 274.6225 6.398648
21.96667 356.7234 274.6751 6.410391
21.96667 356.7368 274.6957 6.435479
21.96667 356.7576 274.7 6.462571
22 356.7818 274.6868 6.495303
22 356.8294 274.6609 6.533257
22.03333 356.8716 274.622 6.550506
22.03333 356.8845 274.5802 6.560013
22.03333 356.8786 274.5529 6.567469
22.06667 356.8716 274.5084 6.582496
22.06667 356.852 274.4724 6.597454
22.1 356.8418 274.446 6.600044
22.1 356.8563 274.4284 6.602827
22.13333 356.8777 274.4109 6.604405
22.13333 356.8659 274.4014 6.590491
22.13333 356.8647 274.4077 6.579519
22.16667 356.8705 274.4294 6.560932
22.16667 356.8754 274.4624 6.560967
22.2 356.8734 274.4936 6.561992
22.2 356.8734 274.5257 6.559644
22.2 356.8728 274.5704 6.547761
22.23333 356.8771 274.6015 6.530661
22.23333 356.8632 274.6542 6.494353
22.26667 356.8554 274.6813 6.451031
22.26667 356.8393 274.7192 6.432549
22.3 356.8381 274.7596 6.410628
22.3 356.8513 274.7922 6.418373
22.3 356.8705 274.8349 6.425486
22.33333 356.8855 274.8652 6.421701
22.33333 356.8905 274.9042 6.425346
22.36667 356.8834 274.9298 6.427367
22.36667 356.869 274.9573 6.417319
22.36667 356.8296 274.9811 6.424758
22.4 356.7874 274.9687 6.428644
22.4 356.7628 274.9662 6.428495
22.43333 356.7355 274.9483 6.428892
22.43333 356.7187 274.9428 6.424346
22.46667 356.7116 274.9564 6.42222
22.46667 356.7106 274.9648 6.417199
22.46667 356.7055 274.9755 6.415182
22.5 356.7121 274.9894 6.417231
22.5 356.7148 275.0181 6.405554
22.53333 356.7256 275.0426 6.380168
22.53333 356.7338 275.0804 6.35894
22.53333 356.7564 275.1269 6.337507
22.56667 356.7794 275.1819 6.327447
22.56667 356.8013 275.2464 6.318607
22.6 356.8178 275.2862 6.317601
22.6 356.8316 275.3466 6.316507
22.63333 356.8562 275.4008 6.315882
22.63333 356.8777 275.4627 6.303425
22.63333 356.9164 275.5198 6.291154
22.66667 356.9235 275.5778 6.26627
22.66667 356.9545 275.6701 6.220474
22.7 357.0101 275.7675 6.213248
22.7 357.0844 275.8508 6.201294
22.73333 357.1092 275.9219 6.200715
22.73333 357.1261 275.9917 6.186705
22.73333 357.153 276.0402 6.158067
22.76667 357.1667 276.1077 6.105254
22.76667 357.1828 276.1826 6.064274
22.8 357.2316 276.2466 6.042317
22.8 357.2823 276.3195 6.035844
22.8 357.3588 276.3875 6.03223
22.83333 357.4199 276.4481 6.022158
22.83333 357.465 276.526 5.989064
22.86667 357.5002 276.6006 5.974208
22.86667 357.5493 276.6984 5.962914
22.9 357.5903 276.7815 5.94304
22.9 357.6274 276.8956 5.923566
22.93333 357.6517 277.0214 5.90843
22.93333 357.6937 277.1537 5.907784
22.93333 357.7367 277.2916 5.897567
22.96667 357.7715 277.4101 5.847955
22.96667 357.8082 277.5114 5.825723
22.96667 357.8584 277.6305 5.807744
23 357.8994 277.7424 5.785402
23 357.923 277.828 5.744086
23.03333 357.937 277.9129 5.694197
23.03333 357.943 277.9746 5.63596
23.06667 357.9497 278.0165 5.576943
23.06667 357.9868 278.0634 5.520684
23.06667 358.0291 278.1045 5.470924
23.1 358.0746 278.1404 5.43769
23.1 358.1256 278.1701 5.406466
23.13333 358.1754 278.2037 5.377216
23.13333 358.2403 278.2192 5.350986
23.13333 358.2833 278.2483 5.32691
23.16667 358.3172 278.2558 5.309987
23.16667 358.3452 278.2638 5.306611
23.2 358.3778 278.2755 5.314726
23.2 358.4142 278.2904 5.311332
23.23333 358.4468 278.2971 5.334813
23.23333 358.4746 278.3168 5.344082
23.23333 358.5087 278.3143 5.361957
23.26667 358.5687 278.3303 5.375606
23.26667 358.624 278.3498 5.374102
23.3 358.6809 278.364 5.35508
23.3 358.7289 278.3884 5.340251
23.3 358.7097 278.3996 5.334167
23.33333 358.6351 278.4305 5.330013
23.33333 358.5934 278.452 5.320971
23.36667 358.5848 278.4829 5.289784
23.36667 358.5843 278.504 5.262246
23.4 358.5846 278.532 5.238837
23.4 358.5625 278.5446 5.233569
23.4 358.5464 278.5432 5.219366
23.43333 358.5419 278.5491 5.203084
23.43333 358.532 278.5553 5.152408
23.46667 358.5586 278.5757 5.122022
23.46667 358.5836 278.594 5.107585
23.5 358.5874 278.6237 5.090327
23.5 358.5833 278.6426 5.067434
23.5 358.5694 278.6605 5.046265
23.53333 358.5559 278.6812 5.034641
23.53333 358.5531 278.695 5.027769
23.56667 358.5715 278.7164 5.034739
23.56667 358.6123 278.7383 5.052976
23.56667 358.6477 278.7567 5.063843
23.6 358.6525 278.7667 5.086899
23.6 358.6581 278.7848 5.079952
23.63333 358.6663 278.802 5.071989
23.63333 358.6508 278.8265 5.05735
23.66667 358.6436 278.8342 5.049679
23.66667 358.6245 278.8538 5.048295
23.66667 358.6292 278.8602 5.048736
23.7 358.6152 278.8823 5.027647
23.7 358.6034 278.8983 4.973181
23.73333 358.5764 278.9132 4.934599
23.73333 358.5548 278.9266 4.90686
23.73333 358.5197 278.9503 4.864788
23.76667 358.4904 278.9737 4.852876
23.76667 358.4517 279.0029 4.836274
23.8 358.4251 279.0041 4.825014
23.8 358.3823 279.0309 4.790326
23.83333 358.3503 279.0424 4.770993
23.83333 358.3056 279.0556 4.746162
23.83333 358.2772 279.0503 4.725071
23.86667 358.2607 279.0551 4.703544
23.86667 358.2575 279.047 4.693431
23.9 358.2424 279.0508 4.691965
23.9 358.2338 279.044 4.691123
23.9 358.2052 279.0392 4.689083
23.93333 358.1697 279.0458 4.680027
23.93333 358.1443 279.0516 4.679037
23.96667 358.1184 279.041 4.697127
23.96667 358.0902 279.0153 4.694907
23.96667 358.0407 278.9792 4.700586
24 358.0012 278.9296 4.70857
24 357.9676 278.8817 4.709246
24.03333 357.9458 278.8414 4.69365
24.03333 357.9265 278.7966 4.688046
24.06667 357.9106 278.7502 4.689055
24.06667 357.8936 278.7086 4.687079
24.06667 357.8666 278.6575 4.671004
24.1 357.8645 278.6185 4.650813
24.1 357.8541 278.5775 4.639422
24.13333 357.8246 278.5181 4.611353
24.13333 357.7853 278.4394 4.604241
24.16667 357.7617 278.3644 4.604176
24.16667 357.7468 278.2979 4.613151
24.16667 357.7425 278.2341 4.626295
24.2 357.7306 278.1718 4.629471
24.2 357.7119 278.1106 4.650057
24.23333 357.7054 278.0591 4.662924
24.23333 357.7192 278.0142 4.637659
24.23333 357.7553 277.9759 4.63603
24.26667 357.7794 277.9483 4.634317
24.26667 357.7953 277.9143 4.649821
24.3 357.816 277.914 4.659086
24.3 357.807 277.9029 4.675002
24.33333 357.7897 277.8952 4.684514
24.33333 357.7964 277.9059 4.707189
24.33333 357.8188 277.9176 4.725321
24.36667 357.8435 277.9302 4.739993
24.36667 357.8734 277.9369 4.762097
24.4 357.9042 277.9543 4.760651
24.4 357.9177 277.9658 4.769709
24.43333 357.912 277.9831 4.780075
24.43333 357.8882 277.9982 4.798578
24.43333 357.8902 278.0005 4.823974
24.46667 357.9154 278.0077 4.836213
24.46667 357.9442 278.0198 4.849017
24.5 357.9969 278.0308 4.84837
24.5 358.0138 278.0424 4.848144
24.5 358.0152 278.0484 4.83496
24.53333 358.0185 278.0639 4.815807
24.53333 358.0219 278.0897 4.800724
24.56667 358.0343 278.1174 4.797225
24.56667 358.0437 278.1396 4.79439
24.6 358.046 278.1761 4.799362
24.6 358.0497 278.2134 4.787838
24.6 358.0711 278.2547 4.76152
24.63333 358.077 278.2821 4.727305
24.63333 358.1061 278.3225 4.698374
24.66667 358.1447 278.383 4.666428
24.66667 358.1935 278.415 4.643461
24.66667 358.2267 278.4701 4.617764
24.7 358.2368 278.5132 4.594726
24.7 358.2564 278.5401 4.556926
24.73333 358.2765 278.5889 4.528847
24.73333 358.2892 278.6053 4.507243
24.73333 358.2888 278.6227 4.493072
24.76667 358.286 278.6352 4.492435
24.76667 358.287 278.6346 4.476123
24.8 358.292 278.6192 4.465606
24.8 358.2983 278.6121 4.457348
24.83333 358.2919 278.5906 4.460707
24.83333 358.2908 278.5689 4.474848
24.83333 358.2861 278.5337 4.47282
24.86667 358.2942 278.5026 4.477146
24.86667 358.291 278.4592 4.470161
24.9 358.2856 278.427 4.440563
24.9 358.2833 278.392 4.420656
24.9 358.2612 278.3692 4.427707
24.93333 358.2139 278.3304 4.440616
24.93333 358.1779 278.3111 4.453197
24.96667 358.14 278.2906 4.451419
24.96667 358.0811 278.2586 4.454118
25 358.0428 278.2354 4.471148
25 358.0211 278.2103 4.479179
25 357.9754 278.1826 4.469949
25.03333 357.9502 278.1487 4.455527
25.03333 357.9641 278.1168 4.451209
25.06667 357.9868 278.1068 4.471607
25.06667 358.0009 278.0687 4.48289
25.1 357.957 278.0346 4.525474
25.1 357.934 278.0178 4.555505
25.1 357.9353 278.0011 4.544101
25.13333 357.8936 277.9615 4.540264
25.13333 357.8275 277.9007 4.582929
25.16667 357.8112 277.8384 4.61516
25.16667 357.8108 277.7657 4.648061
25.2 357.81 277.6947 4.662331
25.2 357.7867 277.5901 4.657167
25.2 357.7415 277.4977 4.677479
25.23333 357.699 277.3669 4.704714
25.23333 357.6741 277.2411 4.727479
25.26667 357.6208 277.079 4.75485
25.26667 357.5783 276.9596 4.794724
25.26667 357.5456 276.8062 4.840259
25.3 357.5183 276.6481 4.842899
25.3 357.4811 276.5034 4.830847
25.33333 357.431 276.3285 4.828793
25.33333 357.4015 276.1656 4.846857
25.36667 357.3961 275.9902 4.861299
25.36667 357.379 275.8288 4.879684
25.36667 357.3244 275.6518 4.897321
25.4 357.2945 275.474 4.901509
25.4 357.2788 275.3421 4.891538
25.43333 357.2405 275.1865 4.883525
25.43333 357.2094 275.014 4.868408
25.43333 357.1909 274.8903 4.873478
25.46667 357.2116 274.7615 4.883098
25.46667 357.234 274.6352 4.899943
25.5 357.2306 274.5286 4.918232
25.5 357.1978 274.4084 4.939179
25.5 357.1691 274.323 4.960239
25.53333 357.1172 274.2054 4.985869
25.53333 357.0815 274.0994 5.008576
25.56667 357.0434 273.981 5.038014
25.56667 357.0134 273.8628 5.080234
25.6 356.9958 273.7412 5.116661
25.6 356.9833 273.6567 5.151862
25.6 356.9619 273.5878 5.174991
25.63333 356.9454 273.5182 5.212167
25.63333 356.9434 273.4843 5.221326
25.66667 356.9177 273.4293 5.237259
25.66667 356.8474 273.3193 5.272103
25.66667 356.7678 273.158 5.28232
25.7 356.6796 272.9442 5.242373
25.7 356.5927 272.7195 5.245651
25.73333 356.5297 272.5479 5.251771
25.73333 356.4558 272.3379 5.24642
25.76667 356.35 272.0717 5.245258
25.76667 356.2411 271.8164 5.225407
25.76667 356.182 271.5467 5.204819
25.8 356.167 271.2747 5.187668
25.8 356.1518 271.0782 5.171912
25.83333 356.1068 270.8691 5.146086
25.83333 356.042 270.6427 5.123669
25.83333 355.9956 270.5177 5.112787
25.86667 355.9632 270.3643 5.107464
25.9 355.9442 270.2255 5.13066
25.9 355.9531 270.1329 5.149302
25.9 355.9842 270.0667 5.182377
25.93333 355.9885 270.0265 5.2039
25.93333 355.9691 269.9986 5.237398
25.93333 355.971 270.0027 5.252418
25.96667 355.9654 270.033 5.263538
25.96667 355.972 270.0819 5.285889
26 355.965 270.105 5.291002
26 355.9372 270.1248 5.288124
26 355.8908 270.1213 5.249873
26.03333 355.8653 270.1321 5.223091
26.03333 355.8824 270.1534 5.190163
26.06667 355.9182 270.1901 5.15393
26.06667 355.9462 270.2408 5.136621
26.1 355.9632 270.2934 5.128802
26.1 355.9509 270.329 5.110479
26.1 355.9101 270.3605 5.063386
26.13333 355.8643 270.3965 4.993138
26.13333 355.8245 270.4252 4.936502
26.16667 355.8024 270.4732 4.869075
26.16667 355.8047 270.52 4.826851
26.16667 355.8116 270.5959 4.787435
26.2 355.8061 270.6808 4.74529
26.2 355.7816 270.7095 4.723057
26.23333 355.7621 270.7155 4.677572
26.23333 355.7681 270.7154 4.634443
26.26667 355.7765 270.7194 4.606486
26.26667 355.7984 270.722 4.589604
26.26667 355.8333 270.7356 4.57628
26.3 355.828 270.7405 4.552706
26.3 355.8256 270.7311 4.534386
26.33333 355.8047 270.7063 4.506308
26.33333 355.7928 270.6656 4.491526
26.36667 355.7962 270.6159 4.454639
26.36667 355.8271 270.5792 4.425992
26.36667 355.8568 270.565 4.40931
26.4 355.8634 270.5287 4.393264
26.4 355.8575 270.4668 4.365047
26.43333 355.8522 270.4034 4.345298
26.43333 355.8382 270.324 4.304367
26.43333 355.8478 270.2783 4.281681
26.46667 355.8749 270.2416 4.256753
26.46667 355.853 270.1821 4.242533
26.5 355.8199 270.0944 4.219166
26.5 355.7697 269.9913 4.234019
26.53333 355.7598 269.8947 4.230565
26.53333 355.7692 269.8106 4.206831
26.53333 355.7612 269.7152 4.196076
26.56667 355.7592 269.5994 4.169505
26.56667 355.7569 269.4808 4.163097
26.6 355.7545 269.3195 4.136011
26.6 355.739 269.1921 4.139438
26.6 355.7235 269.066 4.114047
26.63333 355.7151 268.9352 4.105371
26.63333 355.7192 268.8028 4.112904
26.66667 355.7423 268.7066 4.11559
26.66667 355.7758 268.6008 4.137544
26.7 355.7981 268.5182 4.146352
26.7 355.8099 268.4792 4.159602
26.7 355.8047 268.4681 4.165267
26.73333 355.8047 268.4794 4.171234
26.73333 355.7917 268.4901 4.186787
26.76667 355.7835 268.5139 4.18964
26.76667 355.7879 268.5378 4.17534
26.76667 355.7975 268.5627 4.15639
26.8 355.8055 268.5994 4.154053
26.8 355.7906 268.6346 4.135316
26.83333 355.7611 268.6375 4.10039
26.83333 355.7303 268.624 4.059536
26.86667 355.6933 268.6108 4.011316
26.86667 355.6873 268.6094 3.982067
26.86667 355.6887 268.6202 3.941314
26.9 355.6717 268.6454 3.930438
26.9 355.6475 268.6756 3.912025
26.93333 355.6134 268.6793 3.894974
26.93333 355.5634 268.6693 3.847233
26.93333 355.5292 268.6521 3.806637
26.96667 355.5214 268.6506 3.756418
26.96667 355.5273 268.6566 3.727348
27 355.5431 268.6681 3.714645
27 355.5631 268.6971 3.708357
27.03333 355.5746 268.7253 3.716506
27.03333 355.5783 268.7329 3.721854
27.03333 355.5704 268.7207 3.716726
27.06667 355.5559 268.7066 3.704556
27.06667 355.5572 268.705 3.689599
27.1 355.5668 268.6947 3.673411
27.1 355.5609 268.6985 3.667941
27.1 355.5666 268.7123 3.670586
27.13333 355.5735 268.7325 3.673023
27.13333 355.592 268.7396 3.67592
27.16667 355.6057 268.7647 3.649181
27.16667 355.6241 268.7654 3.654649
27.2 355.6415 268.7876 3.637731
27.2 355.6661 268.796 3.64592
27.2 355.6821 268.8145 3.647961
27.23333 355.6886 268.814 3.671729
27.23333 355.6778 268.8212 3.677682
27.26667 355.6663 268.8069 3.673199
27.26667 355.6461 268.787 3.67526
27.26667 355.6466 268.7698 3.67696
27.3 355.6505 268.755 3.705924
27.3 355.641 268.7625 3.695039
27.33333 355.6475 268.7769 3.666142
27.33333 355.6771 268.7971 3.683636
27.36667 355.6851 268.8148 3.709789
27.36667 355.6857 268.83 3.732465
27.36667 355.6732 268.8427 3.75636
27.4 355.6671 268.8468 3.750491
27.4 355.6771 268.8476 3.724131
27.43333 355.7009 268.8483 3.727418
27.43333 355.7194 268.8588 3.708003
27.46667 355.7505 268.8585 3.711
27.46667 355.7697 268.8724 3.704689
27.46667 355.7946 268.9071 3.683147
27.5 355.7995 268.921 3.690423
27.5 355.8133 268.9341 3.701254
27.53333 355.8243 268.9429 3.717766
27.53333 355.8336 268.9455 3.723449
27.53333 355.8345 268.9597 3.70871
27.56667 355.8582 268.9493 3.723905
27.56667 355.8838 268.9617 3.714297
27.6 355.8904 268.9765 3.683535
27.6 355.9035 269.0013 3.650174
27.63333 355.9375 269.0228 3.651954
27.63333 355.9473 269.0367 3.656246
27.63333 355.9496 269.0497 3.667768
27.66667 355.9332 269.0569 3.681951
27.66667 355.9079 269.0524 3.683622
27.7 355.8841 269.0485 3.671747
27.7 355.8603 269.0451 3.64451
27.7 355.8488 269.0279 3.643877
27.73333 355.8537 269.0289 3.646244
27.73333 355.8569 269.0293 3.642272
27.76667 355.8765 269.0362 3.656249
27.76667 355.9006 269.0517 3.660305
27.8 355.92 269.0482 3.662338
27.8 355.9334 269.0601 3.666658
27.8 355.9217 269.0583 3.663424
27.83333 355.905 269.0551 3.668973
27.83333 355.9009 269.0438 3.675654
27.86667 355.9174 269.0405 3.673402
27.86667 355.9343 269.0359 3.675185
27.86667 355.9452 269.0298 3.669167
27.9 355.9574 269.0195 3.674831
27.9 355.9651 269.0161 3.667103
27.93333 355.9521 269.0054 3.657451
27.93333 355.9383 269.0031 3.651161
27.96667 355.9323 269.0154 3.656531
27.96667 355.9391 269.0314 3.645754
27.96667 355.9395 269.0462 3.645926
28 355.9141 269.0659 3.636812
28 355.8821 269.0865 3.625382
28.03333 355.8784 269.1093 3.628918
28.03333 355.8412 269.1104 3.625858
28.03333 355.8211 269.1252 3.621281
28.06667 355.7955 269.1322 3.608471
28.06667 355.7798 269.142 3.573199
28.1 355.7841 269.1668 3.549345
28.1 355.7875 269.1857 3.539131
28.13333 355.784 269.1898 3.548819
28.13333 355.7711 269.2106 3.53438
28.13333 355.73 269.2329 3.514575
28.16667 355.6962 269.2718 3.49037
28.16667 355.6903 269.3126 3.473782
28.2 355.7044 269.3573 3.471364
28.2 355.7448 269.4144 3.466229
28.2 355.791 269.4653 3.473073
28.23333 355.8028 269.5151 3.460948
28.23333 355.8239 269.5706 3.434791
28.26667 355.822 269.6193 3.409437
28.26667 355.8134 269.6799 3.37523
28.3 355.8052 269.7382 3.338418
28.3 355.7818 269.7885 3.310088
28.3 355.7708 269.8396 3.299297
28.33333 355.7602 269.8708 3.288666
28.33333 355.7495 269.8755 3.282192
28.36667 355.7489 269.8809 3.276074
28.36667 355.7551 269.8698 3.287401
28.4 355.7725 269.8404 3.290594
28.4 355.7623 269.8267 3.280426
28.4 355.7584 269.7985 3.292665
28.43333 355.731 269.7722 3.290283
28.43333 355.7128 269.7408 3.296982
28.46667 355.7162 269.7253 3.292317
28.46667 355.715 269.7198 3.267801
28.46667 355.7221 269.7237 3.251537
28.5 355.7256 269.7516 3.244636
28.5 355.7108 269.7509 3.253713
28.53333 355.7047 269.7773 3.255358
28.53333 355.7204 269.8013 3.242761
28.56667 355.743 269.8587 3.212569
28.56667 355.7815 269.8998 3.184051
28.56667 355.783 269.9343 3.173832
28.6 355.7776 269.9505 3.179822
28.6 355.7661 269.9503 3.193699
28.63333 355.7656 269.9385 3.196211
28.63333 355.7818 269.9322 3.181684
28.63333 355.8044 269.9378 3.151386
28.66667 355.8356 269.9431 3.137171
28.66667 355.8358 269.9376 3.134126
28.7 355.8548 269.9448 3.137337
28.7 355.889 269.9608 3.142813
28.73333 355.9236 269.9789 3.133167
28.73333 355.9427 269.9911 3.123277
28.73333 355.9644 270.0105 3.102821
28.76667 355.962 270.0385 3.09235
28.76667 355.9452 270.0583 3.105041
28.8 355.9201 270.0811 3.132523
28.8 355.9047 270.092 3.164305
28.8 355.9048 270.0979 3.190159
28.83333 355.9002 270.1111 3.186931
28.83333 355.9126 270.1103 3.144603
28.86667 355.9444 270.1302 3.095574
28.86667 355.974 270.1512 3.072112
28.9 355.9753 270.1718 3.05126
28.9 355.9527 270.1878 3.054905
28.9 355.9246 270.2116 3.037507
28.93333 355.892 270.2179 3.025487
28.93333 355.895 270.2358 3.002454
28.96667 355.9095 270.2686 2.988034
28.96667 355.9319 270.3065 2.973012
28.96667 355.9481 270.3221 2.976773
29 355.962 270.3612 2.973271
29 355.9615 270.3686 2.977499
29.03333 355.9483 270.3879 2.96588
29.03333 355.9378 270.3949 2.942192
29.06667 355.9279 270.4007 2.944041
29.06667 355.9343 270.4196 2.92868
29.06667 355.886 270.4248 2.878583
29.1 355.8662 270.3878 2.872618
29.1 355.8691 270.3371 2.884715
29.13333 355.8916 270.2914 2.891535
29.13333 355.9077 270.2546 2.886304
29.16667 355.8878 270.2319 2.891294
29.16667 355.8789 270.2277 2.912306
29.16667 355.8841 270.2191 2.903686
29.2 355.8461 270.2185 2.947709
29.2 355.8034 270.2284 2.99866
29.23333 355.7785 270.2251 2.988936
29.23333 355.7721 270.2198 2.97319
29.23333 355.7567 270.1998 2.96314
29.26667 355.7592 270.1862 2.948473
29.26667 355.7772 270.1684 2.949889
29.3 355.8007 270.1581 2.96358
29.3 355.8351 270.1425 2.979728
29.33333 355.8478 270.1225 2.989201
29.33333 355.842 270.0992 3.004295
29.33333 355.8514 270.0724 3.012862
29.36667 355.8858 270.0463 3.004746
29.36667 355.8942 270.006 3.013598
29.4 355.8953 269.9907 3.017981
29.4 355.9027 269.9724 3.058259
29.4 355.9454 269.9623 3.083183
29.43333 355.9591 269.9542 3.104115
29.43333 355.9747 269.9395 3.137825
29.46667 355.9916 269.9166 3.164003
29.46667 356.0121 269.8854 3.173061
29.5 356.0316 269.8546 3.190689
29.5 356.0495 269.8405 3.200436
29.5 356.0587 269.8098 3.226389
29.53333 356.0538 269.7751 3.242705
29.53333 356.0508 269.7647 3.24485
29.56667 356.0432 269.7277 3.283322
29.56667 356.0564 269.7136 3.310287
29.56667 356.0682 269.6873 3.322657
29.6 356.0729 269.6609 3.352188
29.6 356.0629 269.6454 3.354723
29.63333 356.0542 269.6293 3.325413
29.63333 356.0764 269.624 3.288045
29.66667 356.1028 269.6224 3.277095
29.66667 356.1264 269.6167 3.2921
29.66667 356.1602 269.6205 3.341188
29.7 356.1607 269.6085 3.357576
29.7 356.1381 269.6056 3.368112
29.73333 356.1216 269.6086 3.365268
29.73333 356.1277 269.6122 3.353853
29.73333 356.144 269.6214 3.353651
29.76667 356.1572 269.6073 3.370902
29.76667 356.1501 269.5971 3.390431
29.8 356.1628 269.5916 3.391532
29.8 356.1648 269.5772 3.394901
29.83333 356.1581 269.5643 3.393113
29.83333 356.1356 269.5498 3.392603
29.83333 356.1129 269.5312 3.404596
29.86667 356.0876 269.5266 3.417497
29.86667 356.0909 269.5082 3.450461
29.9 356.084 269.5054 3.449211
29.9 356.0602 269.4866 3.435107
29.9 356.0669 269.4953 3.425852
29.93333 356.075 269.5034 3.435339
29.93333 356.0799 269.4987 3.425911
29.96667 356.0645 269.4896 3.431686
29.96667 356.0513 269.4887 3.419887
30 356.026 269.4815 3.436752
30 356.0296 269.4638 3.441008
30 356.0441 269.4551 3.439248
30.03333 356.079 269.4631 3.421957
30.03333 356.0877 269.4671 3.409801
30.06667 356.0974 269.4809 3.40379
30.06667 356.1192 269.4954 3.403159
30.1 356.1522 269.5133 3.41746
30.1 356.1876 269.5343 3.421487
30.1 356.2077 269.5597 3.416569
30.13333 356.236 269.5853 3.390502
30.13333 356.2751 269.6053 3.369591
30.16667 356.2873 269.6492 3.350265
30.16667 356.3089 269.672 3.357236
30.16667 356.3312 269.7059 3.354644
30.2 356.3661 269.7579 3.347183
30.2 356.3986 269.809 3.330813
30.23333 356.419 269.8739 3.307306
30.23333 356.4462 269.9521 3.259688
30.26667 356.4671 270.0356 3.211543
30.26667 356.4954 270.1221 3.175662
30.26667 356.5286 270.1863 3.144618
30.3 356.583 270.2916 3.095273
30.3 356.6278 270.3849 3.05322
30.33333 356.6819 270.502 3.00214
30.33333 356.708 270.6127 2.952977
30.33333 356.7385 270.7035 2.925366
30.36667 356.7569 270.8132 2.906793
30.36667 356.7725 270.9025 2.89329
30.4 356.8157 270.9784 2.886408
30.4 356.8941 271.05 2.843635
30.4 356.9638 271.1046 2.816231
30.43333 357.0684 271.1834 2.806484
30.43333 357.1691 271.2249 2.792089
30.46667 357.2242 271.295 2.750884
30.46667 357.2245 271.3486 2.7127
30.5 357.2151 271.4007 2.663877
30.5 357.2239 271.4619 2.615372
30.5 357.2632 271.5041 2.585865
30.53333 357.319 271.5557 2.567003
30.53333 357.3562 271.5967 2.564508
30.56667 357.3824 271.6173 2.556342
30.56667 357.3788 271.6304 2.545539
30.56667 357.3683 271.612 2.533381
30.6 357.3372 271.5989 2.524752
30.6 357.3153 271.561 2.537146
30.63333 357.2825 271.5175 2.546647
30.63333 357.2451 271.4497 2.584609
30.66667 357.22 271.3685 2.624501
30.66667 357.2115 271.2947 2.660136
30.66667 357.1849 271.1906 2.682202
30.7 357.1177 271.0627 2.722795
30.7 357.086 270.9358 2.761028
30.73333 357.0611 270.8029 2.81433
30.73333 357.0552 270.6852 2.857061
30.73333 357.0648 270.5727 2.886844
30.76667 357.0504 270.4345 2.913457
30.76667 357.0081 270.295 2.951753
30.8 356.9732 270.1801 2.950898
30.8 356.9248 270.046 2.950666
30.83333 356.8714 269.9102 2.973385
30.83333 356.8572 269.7899 3.010074
30.86667 356.8474 269.6552 3.019583
30.86667 356.8375 269.5234 3.045329
30.86667 356.8245 269.3954 3.067873
30.9 356.8046 269.235 3.081791
30.9 356.7762 269.0818 3.078354
30.93333 356.7434 268.9528 3.096963
30.93333 356.7032 268.7998 3.126448
30.93333 356.6551 268.6366 3.146813
30.96667 356.6067 268.4681 3.160326
30.96667 356.5639 268.2851 3.172045
31 356.527 268.1458 3.17041
31 356.5097 267.9825 3.181554
31 356.4958 267.8171 3.187104
31.03333 356.4876 267.6999 3.179678
31.03333 356.4735 267.6139 3.16766
31.06667 356.4138 267.5064 3.165381
31.06667 356.3479 267.4145 3.161209
31.1 356.3003 267.3304 3.167762
31.1 356.2824 267.2574 3.180809
31.1 356.2633 267.1883 3.191695
31.13333 356.2649 267.157 3.198179
31.13333 356.2918 267.167 3.200139
31.16667 356.3045 267.212 3.147791
31.16667 356.3213 267.2956 3.103507
31.16667 356.3619 267.3994 3.0982
31.2 356.4023 267.5484 3.098681
31.2 356.4452 267.7507 3.077976
31.23333 356.4789 267.9812 3.045606
31.23333 356.5155 268.3208 3.019543
31.26667 356.5804 268.6577 3.014045
31.26667 356.7068 269.182 3.037104
31.26667 356.8454 269.7011 3.077667
31.3 357.0067 270.2379 3.122767
31.3 357.1666 270.8131 3.158957
31.33333 357.2472 271.3008 3.151873
31.33333 357.3132 271.8672 3.180462
31.33333 357.3965 272.3222 3.20933
31.36667 357.5419 272.8981 3.249115
31.36667 357.6792 273.4189 3.246737
31.4 357.7203 273.7985 3.190782
31.4 357.6816 274.1264 3.11095
31.43333 357.55 274.3065 2.991138
31.43333 357.4489 274.4292 2.859687
31.46667 357.4606 274.5116 2.747329
31.46667 357.5382 274.5778 2.671257
31.46667 357.6266 274.6078 2.584872
31.5 357.6899 274.598 2.532963
31.5 357.8562 274.8155 2.315287
31.53333 357.8639 274.6375 2.307763
31.53333 357.9045 274.585 2.255625
31.53333 357.9398 274.536 2.220192
31.56667 357.9654 274.4624 2.189023
31.56667 357.9287 274.3635 2.172293
31.6 357.8718 274.2521 2.213941
31.6 357.896 274.1691 2.192721
31.63333 357.9345 274.0745 2.176498
31.63333 357.9598 275.9999 2.183195
31.63333 358.0039 277.9239 2.203868
31.66667 358.0465 279.8486 2.213704
31.66667 358.0927 281.8074 2.213919
31.7 358.1469 283.7536 2.206135
31.73333 358.1898 285.7353 2.197006
31.73333 358.2137 287.7377 2.218057
31.76667 358.3614 289.6207 2.253497
31.76667 358.3383 291.7216 2.278796
31.8 358.4052 293.7032 2.302329
31.83333 358.3651 295.7236 2.279769
31.83333 358.2931 297.7361 2.281292
31.86667 358.2525 299.7177 2.305449
31.86667 358.1821 301.7146 2.334116
31.9 358.1313 303.6786 2.381227
31.9 357.9983 305.5927 2.494994
31.93333 357.9495 307.6171 2.451998
31.96667 357.8169 309.7824 2.565933
32 357.6042 312.0579 2.692906
32.03333 357.4085 314.3619 2.733361
32.06667 357.1869 316.6888 2.889788
32.1 356.9557 319.1082 3.023242
32.13334 356.8747 321.5488 3.045977
32.13334 356.8894 323.9303 2.992996
32.16667 356.4399 326.5031 3.090171
32.2 355.9386 329.2258 3.218588
32.23333 355.731 332.0684 3.24025
32.26667 355.3884 335.0939 3.405657
32.26667 354.8401 338.1848 3.644134
32.3 354.3808 341.2709 3.773589
32.33333 353.9371 344.3885 3.752647
32.36666 353.3708 347.6379 3.861045
32.4 352.9993 350.6976 3.988651
32.43333 352.4777 353.8593 4.006969
32.46667 351.9329 356.9287 3.958371
32.46667 351.4348 0.1360814 4.018721
32.5 351.1404 2.705116 3.988772
32.53333 351.0246 5.008759 3.889442
32.56667 350.9445 7.165353 3.872692
32.6 351.0649 8.988343 3.848193
32.6 351.2895 10.54855 3.752233
32.63334 351.3249 12.17661 3.788858
32.66667 351.4259 13.71898 3.841081
32.7 351.5009 15.34193 3.82158
32.7 351.5919 16.99001 3.78447
32.73333 351.6042 18.43036 3.736465
32.76667 351.6334 20.11042 3.834277
32.8 351.6346 21.84859 3.879454
32.83333 351.5441 23.6645 3.887447
32.83333 351.3405 25.97044 3.957402
32.86666 351.218 28.01818 4.1786
32.9 351.2416 30.1741 4.259359
32.9 351.1078 32.19834 4.477481
32.93333 351.0379 34.2608 4.489627
32.96667 350.94 36.32199 4.522119
32.96667 350.9133 38.3285 4.512575
33 350.8284 40.30183 4.600934
33 350.8862 42.22936 4.568858
33.03333 350.901 44.14526 4.581907
33.03333 350.8282 46.02569 4.694927
33.06667 350.8328 48.01027 4.684432
33.1 350.8495 49.91091 4.67908
33.1 350.7834 51.65112 4.718441
33.13334 350.7637 53.64708 4.617382
33.13334 350.638 55.5386 4.574787
33.16667 350.5327 57.47374 4.622657
33.2 350.4845 59.49009 4.643021
33.23333 350.383 61.37539 4.608498
33.26667 350.1783 63.2535 4.595747
33.3 350.1144 65.22084 4.637424
33.3 350.0921 67.11124 4.693659
33.33333 350.0497 68.97398 4.58505
33.36666 350.0609 70.80377 4.553877
33.4 350.1191 72.63559 4.598772
33.43333 350.0889 74.34297 4.569418
33.46667 350.0279 75.36765 4.497258
33.46667 350.0951 75.05693 4.506679
33.5 350.2842 74.82868 4.56469
33.53333 350.3581 74.56998 4.609316
33.56667 350.2842 74.28979 4.655811
33.56667 350.2391 74.01968 4.75402
33.6 350.2357 73.66061 4.916966
33.63334 350.2344 73.27614 4.973426
33.63334 350.2678 72.97965 5.001694
33.66667 350.3056 73.02966 4.970871
33.7 350.3223 72.6889 5.103467
33.73333 350.2758 72.53732 5.17981
33.76667 350.2422 72.52057 5.253895
33.8 350.1742 72.5728 5.36602
33.8 350.1169 72.56443 5.415915
33.83333 350.089 72.70156 5.363624
33.86666 349.9064 72.72643 5.420377
33.9 349.8311 72.77336 5.414888
33.9 349.778 72.74627 5.40018
33.93333 349.6861 72.68958 5.379955
33.96667 349.7046 72.62508 5.338012
34 349.635 72.60971 5.328976
34 349.5378 72.68101 5.295871
34.03333 349.5209 72.73698 5.223173
34.06667 349.4074 72.84881 5.125421
34.06667 349.3734 72.91811 5.122711
34.06667 349.2943 73.02346 5.097339
34.1 349.2652 73.07384 5.13284
34.1 349.1729 73.16422 5.133983
34.13334 348.9187 73.37364 5.051071
34.13334 348.8931 73.40716 4.983849
34.16667 348.8261 73.45354 4.922147
34.16667 348.8075 73.45531 4.937393
34.16667 348.6805 73.53589 4.931719
34.2 348.5811 73.5875 4.932541
34.2 348.4932 73.64093 4.946561
34.23333 348.465 73.67905 4.960828
34.23333 348.4248 73.69527 4.939106
34.23333 348.3646 73.70837 4.886784
34.26667 348.3014 73.71706 4.851858
34.26667 348.1016 73.71748 4.872755
34.3 347.7124 73.749 4.96949
34.3 347.2256 73.7865 5.097795
34.3 346.7402 73.85685 5.264398
34.33333 346.453 73.92688 5.375936
34.33333 346.0853 73.98757 5.483315
34.36666 345.6183 74.02899 5.601355
34.36666 344.9676 74.05909 5.767087
34.36666 344.2213 74.09954 5.994507
34.4 343.5443 74.13347 6.211692
34.4 342.8311 74.16841 6.401433
34.43333 342.2205 74.19724 6.566245
34.43333 341.7665 74.23643 6.663546
34.46667 341.1461 74.27911 6.754444
34.46667 340.4142 74.33327 6.908331
34.46667 339.4893 74.41801 7.099223
34.5 338.712 74.52091 7.295835
34.5 338.4203 74.62139 7.594541
34.53333 338.3461 74.66963 7.772473
34.53333 338.282 74.64935 7.793447
34.53333 337.8007 74.54107 7.944197
34.56667 337.2124 74.36002 8.208852
34.56667 336.8195 74.1423 8.54399
34.6 336.6643 73.88824 8.966
34.6 336.7449 73.64163 9.310934
34.63334 336.9516 73.40305 9.593928
34.63334 337.1098 73.19871 9.730407
34.63334 337.1665 72.92756 9.80269
34.66667 337.1256 72.65198 9.827642
34.66667 337.0944 72.38138 9.890636
34.7 337.1783 72.14465 10.006
34.7 337.3417 71.95348 10.12203
34.7 337.5764 71.80334 10.19111
34.73333 337.7411 71.70219 10.19926
34.73333 337.8502 71.58804 10.17407
34.76667 337.7146 71.47012 10.15916
34.76667 337.549 71.3701 10.21174
34.8 337.4556 71.31749 10.3155
34.8 337.5205 71.30623 10.41954
34.8 337.6527 71.31576 10.50769
34.83333 337.7463 71.33369 10.55501
34.83333 337.7504 71.33073 10.54882
34.86666 337.686 71.31337 10.5049
34.86666 337.6833 71.27108 10.48324
34.9 337.7717 71.22668 10.48883
34.9 337.854 71.1925 10.49789
34.9 337.9522 71.16828 10.49787
34.93333 338.0087 71.1231 10.5305
34.93333 338.0399 71.10583 10.53292
34.96667 337.9965 71.07203 10.53691
34.96667 337.9798 71.03461 10.53669
34.96667 338.0302 71.01133 10.55201
35 338.142 70.99676 10.57593
35 338.262 70.97607 10.60999
35.03333 338.2956 70.96136 10.60769
35.03333 338.2977 70.96934 10.59114
35.06667 338.3061 71.03373 10.52471
35.06667 338.3289 71.09971 10.47971
35.06667 338.3837 71.13323 10.46201
35.1 338.4704 71.17276 10.43899
35.1 338.5587 71.22271 10.39667
35.13334 338.6673 71.24677 10.34543
35.13334 338.7555 71.27695 10.29217
35.13334 338.8218 71.2802 10.24799
35.16667 338.8429 71.30208 10.21537
35.16667 338.8432 71.3215 10.18679
35.2 338.8408 71.34346 10.18868
35.2 338.8514 71.38622 10.19131
35.23333 338.8942 71.41999 10.1942
35.23333 338.9366 71.44827 10.16942
35.23333 338.9713 71.46321 10.12797
35.26667 338.984 71.48791 10.08633
35.26667 339.0502 71.50335 10.05247
35.3 339.1447 71.51282 10.04028
35.3 339.2548 71.52097 10.00352
35.3 339.3972 71.522 9.95887
35.33333 339.5777 71.49635 9.906955
35.33333 339.7653 71.44163 9.848186
35.36666 339.8955 71.36616 9.817395
35.36666 339.9663 71.2471 9.807256
35.4 340.0011 71.13169 9.802269
35.4 340.0623 71.0162 9.818071
35.4 340.1804 70.89999 9.842276
35.43333 340.3206 70.78675 9.858912
35.43333 340.4359 70.67801 9.842164
35.46667 340.5226 70.50854 9.845318
35.46667 340.5547 70.37455 9.841706
35.46667 340.5869 70.24666 9.851679
35.5 340.6458 70.13798 9.909552
35.53333 340.7692 69.97353 10.01328
35.53333 340.879 69.83218 10.07546
35.53333 340.9684 69.69514 10.12241
35.56667 341.0423 69.53339 10.14261
35.56667 341.1469 69.36861 10.16573
35.56667 341.2721 69.20907 10.18347
35.6 341.3929 69.07997 10.19654
35.6 341.5229 68.9268 10.21661
35.63334 341.6836 66.74167 10.25371
35.63334 341.8264 64.60225 10.29329
35.66667 342.0514 62.43887 10.32547
35.66667 342.2958 60.30999 10.31313
35.7 342.5583 58.17858 10.24033
35.7 342.8171 56.05624 10.1728
35.73333 343.0648 53.89019 10.02701
35.76667 343.5962 51.44761 9.894457
35.76667 343.4684 49.4599 9.894145
35.8 343.9292 47.12209 9.766752
35.8 344.005 45.15916 9.765106
35.83333 343.9904 43.11178 9.717955
35.83333 344.3525 40.69214 9.552488
35.86666 344.1371 38.84278 9.587892
35.9 344.0858 36.98136 9.593249
35.9 344.1928 34.97726 9.508341
35.93333 344.0484 33.13335 9.476541
35.93333 343.9532 31.24223 9.390285
35.96667 343.8644 29.32273 9.407009
36 343.8166 27.45496 9.380757
36 343.7451 25.63206 9.242827
36.03333 343.7926 23.61744 9.155704
36.03333 343.785 21.7212 8.948204
36.06667 343.8204 19.63204 8.986471
36.06667 343.8927 17.59057 8.923969
36.1 344.0199 15.47012 8.61213
36.13334 344.0831 13.24691 8.569064
36.13334 344.2588 10.94702 8.281417
36.16667 344.3932 8.762888 8.266912
36.16667 344.7012 6.372939 7.993299
36.2 344.6453 4.443797 8.123258
36.23333 344.8237 2.034621 8.103299
36.23333 345.2102 359.0205 7.909466
36.26667 345.3493 356.3575 7.752758
36.26667 345.8647 353.0039 7.35596
36.3 345.898 351.0161 7.324585
36.3 346.1854 348.5815 7.21343
36.33333 346.8143 345.4388 6.894006
36.36666 346.9122 343.6351 6.897941
36.36666 347.4212 340.8043 6.52041
36.4 347.2654 339.1595 6.686398
36.4 347.7424 336.6104 6.576647
36.43333 347.8085 334.7438 6.667998
36.43333 347.9668 332.6665 6.597645
36.46667 348.3766 330.2706 6.32507
36.5 348.228 328.5345 6.275227
36.5 348.5051 326.3896 6.108406
36.53333 348.4286 324.5943 6.324613
36.53333 348.5928 322.5887 6.281821
36.56667 348.4541 320.7042 6.326195
36.6 348.3309 318.9208 6.318058
36.6 348.2614 317.3225 6.403073
36.63334 348.235 315.3377 6.473212
36.63334 348.3458 313.3531 6.558122
36.66667 348.4658 310.9505 6.559756
36.7 348.7444 308.4674 6.537536
36.73333 348.9131 306.2122 6.610173
36.73333 349.0607 304.1194 6.70509
36.76667 349.2144 302.1075 6.805758
36.8 349.3181 300.1894 6.792674
36.83333 349.3144 298.3408 6.72265
36.86666 349.2553 296.5314 6.681813
36.9 349.2563 294.6808 6.610079
36.9 349.2467 292.7881 6.490258
36.93333 349.2387 290.8944 6.359316
36.96667 349.2477 289.0433 6.192091
37 349.1852 287.0708 6.148317
37.03333 349.0169 284.9554 6.111274
37.06667 348.8575 282.9352 6.135502
37.06667 348.7921 280.9412 6.222332
37.1 348.7335 279.0262 6.265286
37.13334 348.3933 277.2485 6.279597
37.16667 348.1369 276.7244 6.343006
37.2 348.0848 276.9833 6.278764
37.23333 348.183 277.229 6.194755
37.23333 348.2914 277.5301 6.120275
37.26667 348.3029 277.7836 5.938281
37.3 347.9786 278.165 5.90903
37.33333 347.7522 278.7306 5.827476
37.36666 347.7247 279.3371 5.718739
37.36666 347.4918 280.0361 5.701868
37.4 347.2496 280.6625 5.642514
37.43333 347.1704 280.825 5.657732
37.43333 346.9882 281.7429 5.53248
37.46667 346.9209 282.1487 5.463251
37.5 346.8481 282.3274 5.458999
37.53333 346.8392 282.4197 5.386211
37.56667 346.8276 282.3752 5.339437
37.6 346.9067 282.1033 5.345607
37.6 346.8628 282.1992 5.29101
37.63334 346.8608 282.0716 5.337564
37.63334 346.8123 282.0497 5.360899
37.63334 346.7881 282.0259 5.379491
37.66667 346.7921 282.0018 5.394544
37.66667 346.7497 281.9882 5.399189
37.66667 346.6608 282.0066 5.412313
37.7 346.5862 282.0603 5.399791
37.73333 346.5648 282.146 5.38911
37.73333 346.5645 282.2058 5.394705
37.73333 346.5998 282.2546 5.404589
37.76667 346.6429 282.2839 5.414443
37.76667 346.7131 282.3106 5.404054
37.76667 346.7505 282.3491 5.385601
37.8 346.7651 282.4154 5.3581
37.8 346.7681 282.4595 5.345241
37.83333 346.7819 282.503 5.322317
37.83333 346.806 282.5508 5.309058
37.83333 346.8331 282.5696 5.307605
37.86666 346.8623 282.5807 5.27904
37.86666 346.9084 282.6069 5.237702
37.9 346.9262 282.6556 5.178186
37.9 346.9002 282.7167 5.150445
37.93333 346.9065 282.7811 5.11497
37.93333 346.9163 282.854 5.054401
37.93333 346.9279 282.9031 5.012696
37.96667 346.9462 282.9288 4.978013
37.96667 346.9255 282.9648 4.935728
38 346.8277 283.0388 4.861362
38 346.7706 283.1248 4.811285
38 346.8195 283.2647 4.758942
38.03333 346.8912 283.3926 4.763438
38.03333 346.9431 283.5068 4.771288
38.06667 347.0076 283.6417 4.753084
38.06667 347.056 283.7369 4.711594
38.1 347.0873 283.8901 4.614732
38.1 347.1048 284.0687 4.532353
38.1 347.1071 284.2202 4.484976
38.13334 347.1169 284.354 4.421511
38.13334 347.1019 284.4951 4.361659
38.16667 347.0458 284.6028 4.332099
38.16667 346.9938 284.6903 4.326697
38.16667 346.9735 286.7752 4.315501
38.2 347.0063 288.8724 4.298699
38.23333 347.0496 290.9256 4.294981
38.23333 347.1074 292.961 4.305204
38.26667 347.1488 294.952 4.321552
38.26667 347.1581 296.9476 4.334882
38.3 347.16 298.9086 4.321683
38.3 347.2161 301.011 4.324922
38.33333 347.2405 303.0057 4.399029
38.36666 347.2826 305.0293 4.537861
38.36666 347.3127 307.201 4.796669
38.4 347.2579 309.2286 4.847428
38.4 347.2156 311.2287 4.843446
38.43333 347.1534 313.2645 4.919608
38.46667 347.0636 315.3861 4.950945
38.46667 346.9867 317.4582 4.817243
38.5 346.9775 319.4842 4.704443
38.53333 346.851 321.6785 4.61919
38.56667 346.8694 323.8191 4.545795
38.6 346.8658 325.9282 4.450763
38.6 346.9417 328.0224 4.387146
38.63334 346.9762 330.1035 4.407467
38.66667 346.8588 332.1707 4.481853
38.7 346.8158 334.2221 4.510996
38.73333 346.7989 336.2742 4.46852
38.76667 346.8116 338.3381 4.417906
38.76667 346.8073 340.3488 4.39756
38.8 346.7683 342.314 4.40243
38.83333 346.6833 344.3471 4.448634
38.83333 346.6711 346.3617 4.439
38.86666 346.7962 348.4721 4.267382
38.9 346.8405 350.557 4.21286
