2.658822 0 270 0
2.699646 0 270 0
3.007328 330.5307 259.5134 3.720697
3.021217 330.5307 259.5134 3.720697
3.035106 330.5307 259.5134 3.720697
3.048995 330.5307 259.5134 3.720697
3.062884 330.5307 259.5134 3.720697
3.076773 330.5307 259.5134 3.720697
3.090662 330.5307 259.5134 3.720697
3.104551 330.5307 259.5134 3.720697
3.118439 330.5307 259.5134 3.720697
3.132328 330.5307 259.5134 3.720697
3.146217 330.5307 259.5134 3.720697
3.160106 330.5307 259.5134 3.720697
3.173995 330.5307 259.5134 3.720697
3.187884 330.5307 259.5134 3.720697
3.201773 330.5307 259.5134 3.720697
3.215662 330.5307 259.5134 3.720697
3.229551 330.5307 259.5134 3.720697
3.243439 330.5307 259.5134 3.720697
3.257328 330.5307 259.5134 3.720697
3.271217 330.5307 259.5134 3.720697
3.285106 330.5307 259.5134 3.720697
3.298995 330.5307 259.5134 3.720697
3.312884 330.5307 259.5134 3.720697
3.326773 330.5307 259.5134 3.720697
