-0.03333334 341.8945 266.7696 354.8737
0.03333334 341.9263 266.9366 355.204
0.03333334 341.6363 267.402 356.3328
0.06666667 341.0852 268.4199 357.9862
0.1 340.7593 268.4267 357.8923
0.1333333 341.0462 267.8594 358.4395
0.1333333 342.5344 265.9478 2.077624
0.1333333 342.5872 265.7442 2.582536
0.1333333 342.8963 265.9467 2.746685
0.1333333 343.2018 266.082 2.927348
0.5 343.2635 266.1935 2.82253
0.5 343.3627 266.2801 2.793824
0.5333334 343.4671 266.3807 2.718238
0.5333334 343.562 266.4822 2.62512
0.5333334 343.601 266.5382 2.497443
0.5666667 343.7385 266.6102 2.420382
0.5666667 343.8896 266.679 2.323297
0.5666667 344.0129 266.7012 2.261659
0.6 344.137 266.6947 2.203576
0.6 344.2569 266.6864 2.14295
0.6 344.3869 266.6734 2.058682
0.6333333 344.5125 266.6668 1.975494
0.6333333 344.6035 266.6714 1.867493
0.6666667 344.6785 266.6677 1.77558
0.6666667 344.7344 266.6547 1.698121
0.7 344.7732 266.6501 1.620469
0.7 344.8266 266.6631 1.53407
0.7 344.917 266.6846 1.462671
0.7333333 345.0547 266.7534 1.398551
0.7333333 345.205 266.8281 1.340583
0.7666667 345.2818 266.9343 1.289432
0.7666667 345.2754 267.0297 1.199545
0.7666667 345.24 267.1371 1.098106
0.8 345.1861 267.2394 1.033103
0.8333333 345.1996 267.3167 0.997043
0.8333333 345.2646 267.3777 0.9749351
0.8333333 345.3822 267.4645 0.9465396
0.8666667 345.5174 267.5558 0.8821027
0.8666667 345.6117 267.6144 0.8382488
0.8666667 345.687 267.673 0.786789
0.9 345.7525 267.7188 0.7429856
0.9 345.8158 267.7398 0.7182121
0.9333333 345.8711 267.7488 0.6984294
0.9333333 345.9463 267.7283 0.6772013
0.9666666 346.0657 267.7084 0.6583259
0.9666666 346.1734 267.6831 0.6469471
0.9666666 346.3159 267.6542 0.6257576
1 346.4211 267.6245 0.59517
1 346.5153 267.5821 0.6013686
1.033333 346.599 267.5567 0.5735473
1.033333 346.7001 267.5405 0.4990977
1.033333 346.7948 267.5194 0.448904
1.066667 346.8807 267.497 0.4315978
1.066667 346.952 267.4778 0.4085146
1.1 346.9915 267.4617 0.39592
1.1 347.0425 267.4581 0.3986585
1.133333 347.0879 267.4756 0.3790188
1.133333 347.155 267.4992 0.3503687
1.133333 347.2328 267.5577 0.2926656
1.166667 347.2832 267.6028 0.2465467
1.166667 347.3274 267.6711 0.1745359
1.2 347.3908 267.7435 0.1046092
1.2 347.4485 267.809 0.03522326
1.2 347.511 267.8856 359.9685
1.233333 347.5692 267.9524 359.9058
1.233333 347.6085 268.0092 359.8582
1.266667 347.6372 268.0755 359.8153
1.266667 347.6547 268.1237 359.7995
1.3 347.6423 268.1398 359.8116
1.3 347.597 268.1428 359.8203
1.3 347.5746 268.1279 359.8463
1.333333 347.568 268.1143 359.8575
1.333333 347.5952 268.0897 359.856
1.366667 347.5993 268.065 359.8352
1.366667 347.6043 268.0273 359.8291
1.366667 347.6319 268.0003 359.8239
1.4 347.6328 267.9671 359.8109
1.4 347.602 267.9554 359.7715
1.433333 347.5596 267.9521 359.7109
1.433333 347.527 267.936 359.6952
1.466667 347.5309 267.8975 359.7196
1.466667 347.5532 267.8602 359.7729
1.5 347.5815 267.8152 359.8285
1.5 347.6025 267.7812 359.878
1.5 347.6279 267.7738 359.8637
1.533333 347.6627 267.7814 359.8378
1.533333 347.6954 267.7834 359.7975
1.566667 347.7118 267.794 359.758
1.566667 347.7406 267.7948 359.7115
1.566667 347.7834 267.7988 359.6502
1.6 347.8373 267.826 359.5842
1.6 347.9273 267.8355 359.5305
1.633333 348.0134 267.8485 359.4782
1.633333 348.0907 267.8624 359.4345
1.633333 348.1853 267.8731 359.386
1.666667 348.3003 267.8844 359.3409
1.666667 348.3922 267.9056 359.2781
1.7 348.4681 267.9242 359.2304
1.7 348.5353 267.9316 359.189
1.733333 348.5967 267.9298 359.1588
1.733333 348.6454 267.9163 359.1474
1.733333 348.6947 267.9069 359.1397
1.766667 348.7566 267.8945 359.1294
1.766667 348.7986 267.8428 359.1156
1.8 348.808 267.8073 359.0942
1.8 348.8169 267.7559 359.058
1.8 348.864 267.7028 359.0338
1.833333 348.9239 267.6479 359.0047
1.833333 348.9794 267.6011 358.9907
1.866667 349.0788 267.4995 358.9834
1.866667 349.185 267.4342 358.9581
1.9 349.3054 267.3594 358.9369
1.9 349.4626 267.2845 358.9151
1.9 349.6113 267.2115 358.8958
1.933333 349.7664 267.1309 358.8694
1.933333 349.9236 267.0462 358.8435
1.966667 350.0847 266.9588 358.8113
1.966667 350.2754 266.8761 358.7787
1.966667 350.4637 266.7959 358.7311
2 350.6565 266.7106 358.6892
2 350.8403 266.6199 358.6419
2.033333 351.03 266.5393 358.5982
2.033333 351.2361 266.4614 358.5592
2.066667 351.3827 266.3941 358.5084
2.066667 351.4155 266.3338 358.405
2.066667 351.3589 266.2744 358.2391
2.1 351.3212 266.2086 358.1018
2.1 351.3612 266.1209 357.9766
2.133333 351.4792 266.004 357.8859
2.133333 351.6216 265.8901 357.8243
2.166667 351.7567 265.7723 357.7645
2.166667 351.8553 265.6423 357.6884
2.166667 351.9024 265.5244 357.6381
2.2 351.9178 265.4117 357.5823
2.2 351.9375 265.3088 357.5546
2.233333 352.0091 265.233 357.5287
2.233333 352.1016 265.1368 357.5157
2.266667 352.1772 265.0572 357.5132
2.266667 352.2358 265.0089 357.4974
2.266667 352.2794 264.9417 357.4977
2.3 352.3228 264.9002 357.4962
2.3 352.3917 264.8563 357.5093
2.333333 352.4502 264.8362 357.5123
2.333333 352.5181 264.8029 357.521
2.333333 352.5902 264.7854 357.5215
2.366667 352.6365 264.7648 357.5271
2.366667 352.7084 264.7776 357.5197
2.4 352.7635 264.7823 357.5148
2.4 352.8196 264.7971 357.4958
2.4 352.8956 264.8173 357.4602
2.433333 352.9457 264.8271 357.4257
2.433333 352.9967 264.8414 357.3864
2.466667 353.049 264.872 357.3158
2.466667 353.0943 264.8805 357.2621
2.5 353.1364 264.8822 357.1953
2.5 353.2189 264.8907 357.1075
2.5 353.2889 264.8809 357.0423
2.533333 353.403 264.8759 356.9641
2.533333 353.5445 264.8475 356.8791
2.566667 353.6622 264.8279 356.8033
2.566667 353.8255 264.7713 356.7215
2.566667 353.9941 264.7136 356.6522
2.6 354.1172 264.6432 356.5889
2.6 354.2464 264.5613 356.5019
2.633333 354.3826 264.4429 356.4212
2.633333 354.499 264.3274 356.3582
2.666667 354.6813 264.1436 356.2909
2.666667 354.8524 263.9717 356.2067
2.666667 354.9743 263.8027 356.1217
2.7 355.0843 263.5778 356.0106
2.7 355.1487 263.326 355.8803
2.733333 355.1921 263.1023 355.7486
2.733333 355.234 262.827 355.5598
2.733333 355.2666 262.5795 355.3159
2.766667 355.2965 262.3448 355.0353
2.766667 355.382 262.0492 354.734
2.8 355.5107 261.7496 354.4806
2.8 355.649 261.4639 354.2915
2.833333 355.8427 261.1183 354.1081
2.833333 355.9996 260.8017 353.9574
2.833333 356.153 260.4855 353.8483
2.866667 356.2994 260.095 353.7349
2.866667 356.43 259.6847 353.6371
2.9 356.548 259.3519 353.5733
2.9 356.7476 258.926 353.4694
2.9 356.9287 258.5053 353.3513
2.933333 357.0133 258.0771 353.2368
2.933333 356.9938 257.6679 353.1115
2.966667 356.9559 257.1667 352.9898
2.966667 356.9719 256.6674 352.8831
3 356.9797 256.196 352.7761
3 356.9447 255.6351 352.6419
3 356.7729 255.1351 352.564
3.033333 356.5543 254.7402 352.5325
3.033333 356.3907 254.3163 352.4817
3.066667 356.3635 253.9585 352.4374
3.066667 356.4048 253.6621 352.3873
3.1 356.4728 253.4333 352.3362
3.1 356.5365 253.2774 352.2635
3.133333 356.602 253.1873 352.2029
3.133333 356.6581 253.1469 352.1582
3.133333 356.6896 253.1414 352.1273
3.166667 356.7104 253.1884 352.1235
3.166667 356.7467 253.2404 352.1383
3.166667 356.7821 253.2992 352.1685
3.2 356.8622 253.3787 352.2053
3.2 356.9242 253.4531 352.2129
3.233333 356.9615 253.5412 352.2407
3.233333 356.9592 253.6151 352.243
3.266667 356.9701 253.6846 352.2437
3.266667 357.002 253.7298 352.2212
3.266667 357.0647 253.7666 352.1921
3.3 357.1143 253.7976 352.1403
3.3 357.1759 253.82 352.0923
3.333333 357.2198 253.8057 352.0482
3.333333 357.2853 253.8004 351.9896
3.333333 357.335 253.7687 351.9267
3.366667 357.3717 253.7365 351.8788
3.366667 357.4073 253.6756 351.8458
3.4 357.3961 253.5963 351.844
3.4 357.3817 253.5203 351.8317
3.4 357.3355 253.3956 351.7885
3.433333 357.2834 253.2782 351.6863
3.433333 357.2697 253.1726 351.59
3.466667 357.2778 253.0295 351.523
3.466667 357.278 252.8641 351.5175
3.5 357.2687 252.6805 351.5291
3.5 357.2578 252.5302 351.5454
3.5 357.2384 252.3639 351.5374
3.533333 357.2121 252.2286 351.5402
3.533333 357.1803 252.0711 351.5262
3.566667 357.1305 251.9153 351.531
3.566667 357.127 251.7551 351.5453
3.6 357.1407 251.6293 351.5788
3.6 357.1847 251.435 351.6214
3.6 357.2285 251.2809 351.6395
3.633333 357.2435 251.1478 351.645
3.633333 357.2654 250.9559 351.6616
3.666667 357.2595 250.8024 351.6758
3.666667 357.2354 250.6586 351.6568
3.666667 357.1865 250.4694 351.6328
3.7 357.1632 250.2876 351.6143
3.7 357.168 250.1209 351.6085
3.733333 357.1646 249.9178 351.601
3.733333 357.1571 249.6975 351.5866
3.766667 357.144 249.5145 351.5564
3.766667 357.096 249.295 351.5328
3.766667 357.0836 249.0812 351.5118
3.8 357.0546 248.891 351.489
3.8 357.0293 248.6398 351.464
3.833333 356.9819 248.3968 351.4395
3.833333 356.9411 248.1401 351.4263
3.833333 356.9112 247.9141 351.4107
3.866667 356.9021 247.6433 351.3945
3.866667 356.8909 247.3533 351.3775
3.9 356.8538 247.1016 351.3412
3.9 356.7919 246.8585 351.3207
3.933333 356.7536 246.5798 351.3249
3.933333 356.7458 246.3198 351.3248
3.933333 356.701 246.072 351.3097
3.966667 356.626 245.8281 351.2878
3.966667 356.5836 245.538 351.273
4 356.5708 245.2916 351.2904
4 356.5532 245.0361 351.2829
4 356.5151 244.7245 351.2582
4.033333 356.4554 244.4894 351.2455
4.033333 356.3853 244.2027 351.2327
4.066667 356.3232 243.9118 351.2425
4.066667 356.2868 243.6794 351.2639
4.1 356.2445 243.3777 351.2786
4.1 356.166 243.0828 351.2782
4.133333 356.1028 242.8614 351.2322
4.133333 356.0453 242.5847 351.1995
4.133333 355.9796 242.2652 351.1699
4.166667 355.9391 241.9815 351.1542
4.166667 355.9061 241.6928 351.1457
4.166667 355.8594 241.3753 351.1452
4.2 355.7839 241.0883 351.1432
4.2 355.7184 240.7863 351.1487
4.233333 355.6495 240.4718 351.1544
4.233333 355.6002 240.2022 351.1663
4.266667 355.546 239.8276 351.1873
4.266667 355.5103 239.5165 351.2047
4.266667 355.4753 239.2615 351.1967
4.3 355.4268 238.9144 351.188
4.3 355.3858 238.6256 351.1981
4.333333 355.336 238.2998 351.2453
4.333333 355.2511 237.9704 351.2904
4.333333 355.1586 237.6426 351.3282
4.366667 355.0411 237.2966 351.3664
4.366667 354.9337 236.9915 351.4175
4.4 354.7979 236.677 351.4799
4.4 354.693 236.3667 351.5431
4.433333 354.5827 236.0247 351.6049
4.433333 354.48 235.7168 351.6381
4.433333 354.3644 235.4218 351.6544
4.466667 354.261 235.1396 351.656
4.466667 354.1435 234.846 351.6586
4.5 354.0387 234.5419 351.6346
4.5 353.9342 234.2689 351.6205
4.5 353.8356 233.9705 351.595
4.533333 353.7532 233.6777 351.571
4.533333 353.6939 233.3929 351.5291
4.566667 353.6548 233.1643 351.478
4.566667 353.6106 232.892 351.4173
4.6 353.5549 232.5832 351.3359
4.6 353.4963 232.3516 351.2875
4.6 353.4518 232.0981 351.2029
4.633333 353.4265 231.8304 351.1252
4.633333 353.4177 231.5613 351.0509
4.666667 353.4184 231.2978 350.9906
4.666667 353.4976 230.9854 350.9395
4.666667 353.5714 230.7856 350.8983
4.7 353.6532 230.5375 350.8467
4.7 353.7043 230.2736 350.8412
4.733333 353.7443 230.0769 350.8749
4.733333 353.7479 229.832 350.8522
4.766667 353.7383 229.6015 350.9282
4.766667 353.746 229.4136 350.9217
4.766667 353.7652 229.2381 350.9321
4.8 353.7513 229.0592 350.9213
4.8 353.7362 228.8607 350.9454
4.833333 353.7732 228.629 350.9955
4.833333 353.7983 228.3431 351.1111
4.866667 353.759 228.0317 351.2431
4.866667 353.6891 227.7506 351.375
4.866667 353.5969 227.3839 351.5417
4.9 353.5033 227.0575 351.6434
4.9 353.3475 226.6896 351.7393
4.933333 353.1509 226.2896 351.8104
4.933333 352.9735 225.9198 351.8817
4.933333 352.7871 225.4789 351.9755
4.966667 352.6145 225.1072 352.0534
4.966667 352.3934 224.6598 352.1964
5 352.1789 224.2476 352.3217
5 352.0167 223.9275 352.4236
5.033333 351.7876 223.5857 352.4463
5.033333 351.5717 223.2829 352.4364
5.033333 351.3687 223.03 352.3976
5.066667 351.2061 222.8217 352.3947
5.066667 351.0177 222.6316 352.3606
5.1 350.877 222.4836 352.3495
5.1 350.7795 222.383 352.3392
5.1 350.6599 222.2926 352.3347
5.133333 350.5327 222.2115 352.3583
5.133333 350.3727 222.1294 352.3961
5.166667 350.2414 222.0801 352.416
5.166667 350.0993 222.0282 352.4262
5.2 349.9924 222.0152 352.4101
5.2 349.9025 222.0264 352.3959
5.2 349.8425 222.0495 352.3336
5.233333 349.821 222.1019 352.2549
5.233333 349.8326 222.1722 352.1556
5.266667 349.8557 222.2626 352.0559
5.266667 349.9125 222.3502 351.9948
5.266667 349.99 222.4348 351.96
5.3 350.0878 222.5409 351.9762
5.3 350.1552 222.6593 351.991
5.333333 350.2082 222.786 352.0249
5.333333 350.2919 222.9536 352.0535
5.366667 350.3533 223.1133 352.0709
5.366667 350.4292 223.3232 352.1088
5.366667 350.4823 223.4582 352.1775
5.4 350.5487 223.5978 352.2597
5.4 350.6457 223.7404 352.3443
5.433333 350.7151 223.8951 352.4245
5.433333 350.7668 224.0772 352.4283
5.433333 350.8415 224.2407 352.4141
5.466667 350.8719 224.3847 352.3881
5.466667 350.8816 224.5208 352.3788
5.5 350.9079 224.6333 352.3987
5.5 350.9465 224.7197 352.4698
5.533333 351.0256 224.787 352.5762
5.533333 351.0829 224.822 352.6868
5.533333 351.1591 224.8567 352.7919
5.566667 351.2446 224.8807 352.8788
5.566667 351.2918 224.8937 352.9298
5.6 351.3011 224.8978 352.9806
5.6 351.2894 224.9113 353.0106
5.6 351.2087 224.9071 353.019
5.633333 351.1444 224.8776 353.0505
5.633333 351.0893 224.8102 353.1078
5.666667 351.0036 224.6805 353.1703
5.666667 350.9196 224.5215 353.2091
5.7 350.8718 224.3835 353.2468
5.7 350.8307 224.1997 353.3027
5.7 350.8444 224.0002 353.3643
5.733333 350.8448 223.8248 353.4171
5.733333 350.8847 223.6171 353.4753
5.766667 350.9554 223.4706 353.5116
5.766667 351.0321 223.3436 353.5374
5.8 351.2129 223.2121 353.5596
5.8 351.4382 223.1066 353.6085
5.8 351.6122 223.0459 353.667
5.833333 351.8299 222.9872 353.8015
5.833333 351.9861 222.9495 353.9303
5.866667 352.0907 222.9232 354.0642
5.866667 352.1938 222.8901 354.2115
5.866667 352.2736 222.8521 354.369
5.9 352.3269 222.8139 354.5372
5.9 352.3645 222.7716 354.6797
5.933333 352.3969 222.7225 354.8143
5.933333 352.4267 222.661 354.8839
5.966667 352.4737 222.6072 354.9641
5.966667 352.4912 222.5262 355.0226
5.966667 352.4655 222.4275 355.0609
6 352.4502 222.3175 355.0794
6 352.4492 222.1693 355.0488
6.033333 352.4476 222.0255 355.027
6.033333 352.4652 221.8742 355.0072
6.033333 352.4779 221.7175 354.9621
6.066667 352.5291 221.621 355.0138
6.066667 352.5797 221.5008 354.9364
6.1 352.5276 221.3656 354.9175
6.1 352.4513 221.246 354.9143
6.1 352.3801 221.1479 354.8435
6.133333 352.3399 221.0016 354.7539
6.133333 352.3108 220.9108 354.6455
6.166667 352.269 220.8177 354.5598
6.166667 352.2602 220.7152 354.5352
6.2 352.2495 220.5979 354.5193
6.2 352.2231 220.4798 354.524
6.2 352.2137 220.3743 354.5146
6.233333 352.2287 220.2637 354.4707
6.233333 352.2496 220.1388 354.3995
6.266667 352.258 220.0334 354.2913
6.266667 352.2822 219.8976 354.1852
6.3 352.3366 219.7337 354.0789
6.3 352.4186 219.5558 353.9966
6.3 352.4816 219.3568 353.934
6.333333 352.5593 219.1784 353.8716
6.333333 352.6521 218.9785 353.8383
6.366667 352.7414 218.7654 353.7892
6.366667 352.8192 218.5952 353.7354
6.4 352.8959 218.4158 353.6828
6.4 352.9832 218.1946 353.5999
6.4 353.0379 218.0193 353.5247
6.433333 353.1032 217.8223 353.4506
6.433333 353.1721 217.5966 353.3987
6.466667 353.2498 217.3792 353.3629
6.466667 353.3012 217.1393 353.3414
6.466667 353.3326 216.9089 353.3305
6.5 353.3334 216.7301 353.3369
6.5 353.3053 216.4993 353.352
6.533333 353.2717 216.288 353.3834
6.533333 353.2542 216.0943 353.3965
6.533333 353.2503 215.8565 353.4149
6.566667 353.2395 215.6486 353.4142
6.566667 353.2308 215.4653 353.4173
6.6 353.2099 215.2551 353.4182
6.6 353.1837 215.0259 353.4347
6.6 353.1614 214.8581 353.4038
6.633333 353.1352 214.6744 353.4053
6.633333 353.1068 214.4845 353.4613
6.666667 353.085 214.3264 353.5233
6.666667 353.0973 214.1846 353.5677
6.7 353.0976 214.0326 353.5968
6.7 353.0845 213.8884 353.576
6.7 353.0891 213.7617 353.5445
6.733333 353.1201 213.6086 353.5214
6.733333 353.1133 213.494 353.5279
6.766667 353.1121 213.3765 353.5293
6.766667 353.1305 213.2532 353.4637
6.8 353.1344 213.1767 353.4181
6.8 353.1524 213.1037 353.3897
6.8 353.1562 213.0318 353.3405
6.833333 353.1606 212.9793 353.3304
6.833333 353.1737 212.9074 353.3557
6.866667 353.1899 212.8441 353.3961
6.866667 353.2028 212.7836 353.3964
6.866667 353.2114 212.7184 353.3995
6.9 353.189 212.6584 353.3829
6.9 353.1933 212.6067 353.4319
6.933333 353.2549 212.5069 353.5077
6.933333 353.3448 212.4253 353.5654
6.966667 353.4332 212.3144 353.6212
6.966667 353.4929 212.2446 353.6634
6.966667 353.5383 212.1641 353.6852
7 353.5673 212.0751 353.7078
7 353.5856 210.0013 353.6967
7.033333 353.6076 207.9179 353.6885
7.033333 353.635 205.8528 353.6721
7.066667 353.6738 203.7938 353.6452
7.066667 353.7478 201.6992 353.6368
7.066667 353.8256 199.5986 353.653
7.1 353.9065 197.4969 353.6509
7.1 353.982 195.3953 353.6501
7.133333 354.0508 193.2957 353.6182
7.133333 354.1111 191.1998 353.596
7.166667 354.1642 189.1188 353.58
7.166667 354.2138 187.0183 353.5917
7.166667 354.252 184.9558 353.6213
7.2 354.2918 182.8887 353.6465
7.2 354.4289 180.6832 353.6659
7.233333 354.401 178.7357 353.6409
7.233333 354.4045 176.7333 353.5909
7.233333 354.4085 174.7272 353.5501
7.266667 354.4193 172.6879 353.533
7.266667 354.4589 170.6313 353.585
7.3 354.4829 168.6285 353.6432
7.3 354.5858 166.5681 353.7133
7.333333 354.7401 164.435 353.84
7.333333 354.6524 162.5079 353.81
7.366667 354.6465 160.5305 353.8521
7.366667 354.6231 158.5675 353.9343
7.4 354.5875 156.6168 353.937
7.4 354.5649 154.6867 353.9441
7.4 354.5381 152.7217 353.9258
7.433333 354.4949 150.7686 353.9447
7.433333 354.4625 148.8232 353.9567
7.466667 354.4266 146.8786 353.9452
7.466667 354.3921 145.302 353.947
7.466667 354.3632 145.3425 353.93
7.5 354.3402 145.3621 353.9104
7.5 354.3283 145.3638 353.8619
7.533333 354.3282 145.3665 353.8128
7.533333 354.3213 145.3419 353.8064
7.533333 354.3329 145.3123 353.7958
7.566667 354.3484 145.2654 353.7916
7.566667 354.3332 145.2409 353.7682
7.6 354.3138 145.2383 353.7394
7.6 354.272 145.2424 353.7412
7.6 354.2268 145.2626 353.7286
7.633333 354.1918 145.2948 353.7034
7.633333 354.1573 145.3249 353.6685
7.666667 354.139 145.3649 353.6272
7.666667 354.1236 145.3878 353.584
7.7 354.1115 145.418 353.5643
7.7 354.097 145.4546 353.5548
7.7 354.0684 145.5056 353.5419
7.733333 353.9708 145.5917 353.5042
7.733333 353.873 145.6728 353.479
7.766667 353.8069 145.7582 353.4466
7.766667 353.8061 145.8309 353.4152
7.8 353.8369 145.9033 353.4128
7.8 353.8739 145.9699 353.4052
7.8 353.9088 146.0435 353.412
7.833333 353.9585 146.1232 353.4025
7.833333 353.9772 146.1876 353.3735
7.866667 353.9923 146.2394 353.35
7.866667 354.0256 146.2828 353.335
7.866667 354.0773 146.3252 353.3204
7.9 354.1234 146.356 353.3359
7.9 354.1474 146.3922 353.3662
7.933333 354.1938 146.4255 353.4127
7.933333 354.2589 146.4839 353.4692
7.966667 354.2706 146.5654 353.4816
7.966667 354.2464 146.6716 353.4734
7.966667 354.2229 146.8041 353.4866
8 354.2291 146.913 353.5361
8 354.2677 146.9881 353.5956
8.033334 354.3371 147.0914 353.6862
8.033334 354.3905 147.1917 353.7635
8.033334 354.4471 147.3033 353.8309
8.066667 354.4789 147.3919 353.9086
8.066667 354.4893 147.4968 353.9897
8.1 354.4839 147.5869 354.063
8.1 354.4929 147.6747 354.1256
8.133333 354.5092 147.7551 354.1827
8.133333 354.5214 147.792 354.2258
8.166667 354.5737 147.8172 354.2648
8.166667 354.6338 147.8239 354.3211
8.166667 354.7266 147.8202 354.3499
8.2 354.8074 147.787 354.3776
8.2 354.8621 147.7552 354.3587
8.2 354.8784 147.7282 354.3151
8.233334 354.8771 147.7075 354.274
8.233334 354.8773 147.6804 354.2611
8.266666 354.8877 147.6455 354.2616
8.266666 354.9155 147.6052 354.2659
8.3 354.9623 147.5754 354.2916
8.3 355.0243 147.5318 354.3334
8.3 355.0974 147.4954 354.3852
8.333333 355.1617 147.4603 354.4396
8.333333 355.1868 147.4119 354.4745
8.366667 355.2104 147.367 354.4944
8.366667 355.2404 147.3157 354.5042
8.366667 355.2762 147.249 354.5174
8.4 355.3135 147.1684 354.5212
8.4 355.3191 147.0775 354.5348
8.433333 355.3226 146.9711 354.5493
8.433333 355.3248 146.8582 354.554
8.466666 355.3425 146.7124 354.5879
8.466666 355.3456 146.5305 354.6226
8.466666 355.336 146.3166 354.6392
8.5 355.2731 146.0725 354.6599
8.5 355.1837 145.8301 354.6604
8.533334 355.0526 145.5291 354.6429
8.533334 354.87 145.1352 354.6504
8.533334 354.7312 144.8123 354.6537
8.566667 354.605 144.3887 354.6699
8.566667 354.4343 143.9107 354.6443
8.6 354.2885 143.5277 354.5999
8.6 354.0733 143.0458 354.5198
8.633333 353.8394 142.5335 354.4368
8.633333 353.6118 141.9749 354.3811
8.633333 353.3959 141.377 354.3203
8.666667 353.1437 140.666 354.2179
8.666667 352.9463 140.1357 354.1105
8.7 352.7014 139.4481 353.9623
8.7 352.4389 138.7483 353.8038
8.733334 352.2298 138.1914 353.6712
8.733334 351.9572 137.5043 353.5243
8.733334 351.6782 136.8338 353.3649
8.766666 351.4528 136.324 353.2266
8.766666 351.1861 135.728 353.041
8.8 350.9236 135.2004 352.864
8.8 350.6758 134.6748 352.7065
8.833333 350.4091 134.1587 352.5892
8.833333 350.134 133.6381 352.5088
8.833333 349.8139 133.0453 352.3846
8.866667 349.4186 132.4108 352.3117
8.866667 348.952 131.7231 352.199
8.9 348.4437 130.966 352.0323
8.9 347.8904 130.201 351.8792
8.9 347.3474 129.4587 351.6734
8.933333 346.7708 128.7048 351.486
8.933333 346.1902 127.9652 351.3131
8.966666 345.5851 127.2314 351.1517
8.966666 345.1289 126.654 351.0603
9 344.7073 126.1148 350.9728
9 344.3124 125.5792 350.9048
9 344.0234 125.2272 350.8438
9.033334 343.7353 124.9085 350.8178
9.033334 343.4437 124.6578 350.8294
9.033334 343.1454 124.4497 350.8513
9.066667 342.8217 124.2767 350.8811
9.066667 342.473 124.1145 350.9083
9.1 342.2003 123.9902 350.9072
9.1 341.9297 123.8494 350.8929
9.133333 341.6894 123.694 350.8603
9.133333 341.4825 123.573 350.7822
9.133333 341.1917 123.3796 350.7157
9.166667 340.9002 123.171 350.653
9.166667 340.6773 122.9976 350.6045
9.2 340.4023 122.7642 350.5286
9.2 340.129 122.5081 350.4589
9.233334 339.8879 122.3261 350.3656
9.233334 339.5903 122.1186 350.2009
9.233334 339.2967 121.8991 350.083
9.266666 339.1215 121.7189 350.0305
9.266666 338.9655 121.4844 349.9671
9.3 338.9028 121.2944 349.9114
9.3 338.8599 121.1606 349.8856
9.333333 338.8192 121.0006 349.8679
9.333333 338.7746 120.8555 349.8895
9.333333 338.7242 120.659 349.9212
9.366667 338.6846 120.4994 349.9463
9.366667 338.6256 120.2921 350.0034
9.4 338.5434 120.0259 350.0583
9.4 338.4846 119.7362 350.117
9.4 338.4373 119.4674 350.1541
9.433333 338.4467 119.0938 350.2365
9.433333 338.4721 118.7315 350.3003
9.466666 338.4801 118.3849 350.3898
9.466666 338.4953 117.9812 350.4576
9.5 338.5099 117.5946 350.5575
9.5 338.4973 117.2389 350.6353
9.5 338.506 116.811 350.7182
9.533334 338.5388 116.4156 350.7691
9.533334 338.5804 116.0069 350.8245
9.566667 338.6311 115.6247 350.8582
9.566667 338.6947 115.2284 350.9195
9.6 338.7853 114.8248 350.9777
9.6 338.8659 114.4278 351.0396
9.6 338.9249 114.0303 351.0918
9.633333 338.9995 113.5894 351.1792
9.633333 339.0592 113.1783 351.2336
9.633333 339.1255 112.7995 351.2951
9.666667 339.1924 112.3903 351.3421
9.666667 339.2679 111.9925 351.4203
9.7 339.3661 111.5697 351.5074
9.7 339.469 111.2369 351.5866
9.733334 339.5981 110.829 351.6557
9.733334 339.7321 110.4108 351.775
9.733334 339.8297 110.0592 351.8535
9.766666 339.9251 109.6675 351.977
9.766666 340.0265 109.3143 352.0467
9.8 340.0897 109.0007 352.1423
9.8 340.186 108.59 352.2844
9.8 340.3003 108.1945 352.4082
9.833333 340.4094 107.8758 352.5168
9.833333 340.5089 107.5013 352.6226
9.866667 340.592 107.1483 352.6915
9.866667 340.6721 106.8285 352.7616
9.9 340.7388 106.5157 352.8677
9.9 340.8651 106.1344 352.9996
9.9 340.9956 105.8046 353.0964
9.933333 341.173 105.4267 353.1907
9.933333 341.3531 105.0535 353.2044
9.966666 341.475 104.7275 353.228
9.966666 341.6498 104.3029 353.2708
9.966666 341.8058 103.9028 353.3216
10 341.9667 103.4211 353.3891
10 342.0797 103.0509 353.4474
10.03333 342.2361 102.6109 353.5258
10.03333 342.4218 102.0895 353.6067
10.06667 342.6095 101.6353 353.6519
10.06667 342.8102 101.1716 353.707
10.06667 343.0152 100.7219 353.7599
10.1 343.2434 100.2348 353.8146
10.1 343.5185 99.72802 353.8522
10.13333 343.7778 99.24484 353.8738
10.13333 344.038 98.78872 353.8886
10.13333 344.3681 98.25667 353.8693
10.16667 344.6937 97.75683 353.8372
10.16667 345.0907 97.25385 353.7667
10.2 345.5479 96.72556 353.7032
10.2 346.0965 96.1437 353.6147
10.23333 346.5895 95.60219 353.559
10.23333 347.1779 94.94639 353.5072
10.23333 347.7243 94.33981 353.4634
10.26667 348.2993 93.72338 353.4402
10.26667 348.8553 93.10738 353.3999
10.3 349.3557 92.51232 353.3628
10.3 349.7503 91.9523 353.3614
10.3 350.2042 91.28165 353.4036
10.33333 350.6373 90.66761 353.4524
10.33333 350.9872 90.21136 353.4935
10.36667 351.3977 89.65041 353.5466
10.36667 351.7891 89.1403 353.5804
10.4 352.0749 88.75625 353.597
10.4 352.4325 88.32674 353.5978
10.4 352.7659 87.96082 353.5879
10.43333 353.1486 87.61564 353.5646
10.43333 353.5025 87.37367 353.5742
10.46667 354.0481 87.11548 353.6089
10.46667 354.6605 86.90851 353.7105
10.5 355.2858 86.65805 353.8006
10.5 355.689 86.499 353.8368
10.5 356.1127 86.31181 353.8537
10.53333 356.5153 86.10747 353.844
10.53333 356.8846 85.87926 353.8154
10.56667 357.1776 85.69644 353.786
10.56667 357.5749 85.43139 353.7412
10.56667 357.8879 85.1707 353.682
10.6 358.2048 84.90027 353.6185
10.63333 358.4942 84.60809 353.538
10.63333 358.715 84.34294 353.4714
10.63333 358.9736 84.00765 353.3888
10.66667 359.2306 83.6657 353.3047
10.66667 359.4843 83.34317 353.1942
10.66667 359.7515 83.0228 353.1026
10.7 0.0401152 82.68784 353.0033
10.7 0.3116667 82.37071 352.9098
10.73333 0.5940461 82.01575 352.8043
10.73333 0.8167315 81.68772 352.7184
10.73333 1.015146 81.4068 352.6472
10.76667 1.234644 81.09457 352.5778
10.76667 1.409532 80.85931 352.5288
10.8 1.66665 80.56068 352.4903
10.8 1.889013 80.35548 352.4628
10.8 2.146868 80.15048 352.4243
10.83333 2.422393 79.97375 352.3882
10.83333 2.733129 79.80212 352.3513
10.86667 3.047028 79.66699 352.2881
10.86667 3.435906 79.52514 352.2354
10.9 3.75121 79.43327 352.1786
10.9 4.153123 79.32838 352.1136
10.9 4.601003 79.24378 352.0332
10.93333 5.069904 79.16775 351.9106
10.93333 5.606231 79.10764 351.7406
10.96667 6.16365 79.06512 351.5712
10.96667 6.727962 79.05042 351.3978
10.96667 7.462631 79.06467 351.1234
11 8.198394 79.14014 350.7603
11 9.060434 79.32487 350.2532
11.03333 10.04337 79.59326 349.927
11.03333 10.94306 79.81532 350.0188
11.06667 11.75309 80.02489 350.1015
11.06667 12.50439 80.24781 350.0621
11.1 13.18672 80.4956 349.9443
11.1 13.92104 80.76752 349.8928
11.1 14.71842 80.97624 349.9784
11.13333 15.34917 81.1078 350.0414
11.13333 15.87657 81.20195 350.0493
11.13333 16.37617 81.32122 349.9249
11.16667 16.80338 81.46304 349.7261
11.16667 17.49987 81.68388 349.5338
11.2 18.03698 81.87317 349.5865
11.2 18.49743 82.03191 349.6345
11.23333 18.80535 82.14793 349.6186
11.23333 19.19996 82.31073 349.5147
11.23333 19.62814 82.50127 349.3397
11.26667 20.20699 82.76927 349.2612
11.26667 20.77099 83.03944 349.3563
11.3 21.30478 83.32996 349.4411
11.3 21.65515 83.58967 349.4636
11.3 21.9294 83.84096 349.504
11.33333 22.17286 84.1255 349.5327
11.33333 22.40655 84.37289 349.5977
11.36667 22.66146 84.60511 349.6964
11.36667 22.95442 84.83094 349.7524
11.4 23.20996 85.02254 349.7956
11.4 23.38222 85.18188 349.8181
11.4 23.52741 85.3352 349.8376
11.43333 23.62972 85.46277 349.8751
11.43333 23.72834 85.52476 349.8972
11.46667 23.84956 85.58031 349.9157
11.46667 23.96014 85.62251 349.9059
11.46667 24.06182 85.67866 349.8811
11.5 24.15158 85.70874 349.8464
11.5 24.26228 85.73296 349.8303
11.53333 24.39374 85.74574 349.8008
11.53333 24.5034 85.75858 349.7759
11.56667 24.63509 85.75866 349.715
11.56667 24.77336 85.78459 349.6493
11.56667 24.93133 85.81296 349.5853
11.6 25.14399 85.85931 349.5308
11.6 25.34084 85.895 349.5399
11.63333 25.53775 85.90657 349.5425
11.63333 25.8001 85.92217 349.5169
11.66667 26.07622 85.94797 349.4512
11.66667 26.39627 85.99242 349.3466
11.66667 26.77979 86.04254 349.2204
11.7 27.22607 86.12247 349.1038
11.7 27.72406 86.19604 348.9761
11.73333 28.09931 86.27284 348.9094
11.73333 28.50765 86.35903 348.8157
11.76667 28.89202 86.50224 348.7107
11.76667 29.17634 86.64474 348.619
11.76667 29.49801 86.85362 348.5249
11.8 29.77063 87.06664 348.4404
11.8 29.98715 87.30827 348.3947
11.83333 30.16462 87.60241 348.4084
11.83333 30.27024 87.81583 348.4328
11.83333 30.41698 88.07436 348.458
11.86667 30.60676 88.35735 348.5202
11.86667 30.72361 88.56805 348.5984
11.9 30.81193 88.80133 348.6682
11.9 30.92264 89.07423 348.7275
11.93333 31.02099 89.26269 348.7321
11.93333 31.19629 89.52671 348.7119
11.93333 31.39203 89.74451 348.6854
11.96667 31.59571 89.93459 348.6913
11.96667 31.87339 90.14769 348.6973
12 32.14627 90.36365 348.6939
12 32.35787 90.56115 348.6783
12 32.56811 90.78616 348.662
12.03333 32.81895 91.04952 348.6361
12.03333 33.07645 91.29462 348.633
12.06667 33.34361 91.59499 348.7111
12.06667 33.54242 91.94498 348.8424
12.06667 33.6548 92.29382 348.9657
12.1 33.73144 92.58449 349.042
12.1 33.88082 92.96696 349.1277
12.13333 34.03976 93.38766 349.2266
12.13333 34.15927 93.75275 349.3372
12.16667 34.27697 94.27844 349.5387
12.16667 34.33713 94.69415 349.6941
12.16667 34.37289 95.17173 349.8572
12.2 34.39 95.73169 350.0338
12.2 34.40867 96.16777 350.1461
12.23333 34.42017 96.74805 350.2968
12.23333 34.43108 97.37254 350.4871
12.23333 34.40596 97.92124 350.665
12.26667 34.2556 98.70006 350.9225
12.26667 34.03222 99.45092 351.2065
12.3 33.81776 100.2408 351.5387
12.3 33.65805 101.0813 351.8858
12.33333 33.4162 101.9767 352.2346
12.33333 32.96428 102.955 352.6281
12.36667 32.25905 104.0542 353.102
12.36667 31.3816 105.2547 353.6288
12.36667 30.44839 106.5634 354.2369
12.4 29.67081 107.6952 354.7775
12.4 28.8043 109.1105 355.456
12.43333 28.0606 110.5169 356.1268
12.43333 27.42869 111.8061 356.7209
12.43333 26.86184 112.9731 357.208
12.46667 26.16552 114.3571 357.7561
12.46667 25.57272 115.4998 358.1953
12.5 24.93217 116.7795 358.6822
12.5 24.35783 117.968 359.1246
12.5 23.80233 119.0284 359.5226
12.53333 23.10252 120.1321 359.9608
12.53333 22.33752 121.2166 0.3873722
12.56667 21.53181 122.3369 0.7793574
12.56667 20.85298 123.4164 1.116794
12.56667 20.38046 124.2396 1.382608
12.6 19.75427 125.307 1.725942
12.6 19.15592 126.2985 2.006153
12.63333 18.66171 127.1261 2.215942
12.63333 18.01065 128.0911 2.415102
12.66667 17.42317 128.8534 2.549971
12.66667 16.40965 129.894 2.735743
12.66667 15.42449 130.81 2.913059
12.7 14.54283 131.5991 3.032113
12.7 13.6027 132.5907 3.209832
12.73333 12.77517 133.6355 3.436545
12.73333 12.07207 134.5313 3.633281
12.73333 11.16309 135.5973 3.876494
12.76667 10.22973 136.5899 4.089294
12.8 9.369047 137.5985 4.28988
12.8 8.576623 138.6167 4.559732
12.8 7.748414 139.6809 4.863199
12.83333 6.908785 140.7925 5.124909
12.83333 6.040784 141.9083 5.384409
12.86667 5.118993 143.1159 5.657898
12.86667 4.37722 144.1841 5.904029
12.86667 3.622147 145.3661 6.18209
12.9 2.856555 146.53 6.435074
12.9 1.971945 147.8378 6.757124
12.93333 1.145637 149.0744 7.011686
12.93333 0.2252212 150.2787 7.278402
12.93333 359.2292 151.4463 7.559894
12.96667 358.1732 152.675 7.868433
12.96667 357.389 153.7141 8.143916
13 356.6289 154.8449 8.40754
13 355.7736 156.0823 8.665347
13 355.0104 157.1875 8.797664
13.03333 354.0423 158.5018 8.900367
13.03333 353.2086 159.6164 8.962365
13.06667 352.2675 160.8411 9.022465
13.06667 351.2287 162.1471 9.062373
13.06667 350.3123 163.379 9.021304
13.1 349.4512 164.6771 8.84618
13.1 348.4658 166.0739 8.54874
13.13333 347.5593 167.3121 8.211426
13.13333 346.4994 168.6998 7.821258
13.16667 345.4431 170.2363 7.340425
13.16667 344.5303 171.6709 6.857971
13.2 343.5094 173.5123 6.228174
13.2 342.632 175.4165 5.664175
13.2 342.0285 177.0344 5.337928
13.23333 341.3686 179.1725 5.011352
13.23333 340.8435 180.9939 4.792955
13.26667 340.3521 182.6728 4.657203
13.26667 339.8335 184.5777 4.488315
13.26667 339.4215 186.0513 4.338187
13.3 338.8631 188.0685 4.093558
13.3 338.3874 189.7451 3.882677
13.33333 338.0017 191.154 3.68657
13.33333 337.5267 193.0809 3.348599
13.36667 337.1937 194.7477 3.015187
13.36667 336.8831 196.2498 2.729472
13.36667 336.5017 198.0141 2.381907
13.4 336.1365 199.612 2.101216
13.4 335.6472 201.5442 1.796185
13.43333 335.2917 202.9236 1.591506
13.43333 334.8387 204.6136 1.361638
13.46667 334.4038 206.2101 1.146031
13.46667 333.9951 207.8217 0.9309952
13.46667 333.6266 209.2847 0.7529868
13.5 333.1982 211.0215 0.5268962
13.5 332.8148 212.3929 0.354056
13.53333 332.3276 213.8931 0.1943525
13.53333 331.8713 215.2573 0.0171347
13.53333 331.4763 216.5386 359.7909
13.56667 330.9984 218.1259 359.4596
13.56667 330.6497 219.3291 359.173
13.56667 330.2339 220.8387 358.8047
13.6 329.866 222.1525 358.5316
13.63333 329.4858 223.4564 358.2421
13.63333 329.1005 224.7716 357.8539
13.63333 328.6886 226.324 357.3795
13.66667 328.3941 227.5273 356.9949
13.66667 328.0338 228.996 356.5201
13.7 327.6694 230.455 355.9895
13.7 327.3518 231.8652 355.4601
13.7 327.066 233.1793 355.001
13.73333 326.7318 234.7944 354.3935
13.73333 326.4823 235.994 353.9265
13.76667 326.2275 237.4223 353.4757
13.76667 325.9904 238.8427 353.0664
13.76667 325.7811 240.1306 352.7421
13.8 325.5738 241.3863 352.4202
13.8 325.3653 242.8388 352.0265
13.83333 325.1487 244.2868 351.6897
13.83333 324.9383 245.4778 351.4322
13.86667 324.6616 246.9466 351.1218
13.86667 324.4076 248.3501 350.8392
13.86667 324.2125 249.5386 350.6096
13.9 324.0248 250.9622 350.3083
13.9 323.8852 252.1755 350.0701
13.93333 323.7112 253.4519 349.8586
13.93333 323.5157 254.7824 349.6694
13.93333 323.3344 256.109 349.4366
13.96667 323.1991 257.1929 349.192
13.96667 323.0541 258.5891 348.8551
14 322.9468 259.7031 348.6039
14 322.8296 260.9006 348.3356
14 322.7507 261.9052 348.1157
14.03333 322.6516 262.9001 347.8978
14.03333 322.5927 263.6445 347.7552
14.06667 322.5912 264.3204 347.6365
14.06667 322.6211 264.8739 347.5713
14.1 322.6177 265.2672 347.5328
14.1 322.594 265.5505 347.4779
14.1 322.5327 265.8702 347.3591
14.13333 322.4668 266.1084 347.2704
14.13333 322.4427 266.3348 347.2271
14.16667 322.4533 266.5391 347.2264
14.16667 322.4901 266.7198 347.2555
14.16667 322.5425 266.932 347.2577
14.2 322.6017 267.1703 347.2616
14.2 322.6147 267.484 347.2798
14.23333 322.569 267.7936 347.3047
14.23333 322.5099 268.1373 347.3813
14.26667 322.5027 268.504 347.4904
14.26667 322.5635 268.8815 347.5446
14.26667 322.6561 269.3104 347.5475
14.3 322.701 269.7481 347.5617
14.3 322.7143 270.1977 347.5999
14.33333 322.7435 270.636 347.623
14.33333 322.7647 271.1646 347.6221
14.33333 322.7749 271.633 347.5938
14.36667 322.7816 272.1115 347.5824
14.36667 322.8106 272.6419 347.6202
14.4 322.8296 273.0116 347.6607
14.4 322.8598 273.4742 347.7537
14.43333 322.8808 274.0107 347.7615
14.43333 322.9133 274.482 347.7418
14.43333 322.9633 274.9978 347.7418
14.46667 323.0521 275.5397 347.6819
14.46667 323.1474 275.9358 347.6422
14.5 323.2922 276.4115 347.6307
14.5 323.3881 276.8843 347.5578
14.53333 323.4784 277.3145 347.5822
14.53333 323.5942 277.7414 347.5684
14.53333 323.7102 278.2155 347.5532
14.56667 323.8416 278.6074 347.5759
14.56667 323.9769 279.0311 347.605
14.6 324.1202 279.5133 347.6107
14.6 324.2925 279.9369 347.6151
14.6 324.5102 280.4875 347.566
14.63333 324.7394 281.0421 347.4965
14.63333 324.9402 281.5569 347.4969
14.66667 325.1229 282.0618 347.5587
14.66667 325.3255 282.6495 347.6002
14.66667 325.5247 283.1821 347.6223
14.7 325.7474 283.7353 347.6722
14.7 326.0191 284.3114 347.6783
14.73333 326.2675 284.9313 347.651
14.73333 326.5394 285.5964 347.6477
14.76667 326.786 286.2747 347.6565
14.76667 327.0382 286.9878 347.7208
14.8 327.3816 287.9282 347.8735
14.8 327.7371 288.8012 348.0149
14.8 328.308 289.8749 348.2159
14.83333 328.895 290.8519 348.408
14.83333 329.5376 291.8457 348.5991
14.83333 330.2029 292.874 348.8051
14.86667 330.7411 293.7337 348.9721
14.86667 331.4171 294.8065 349.2173
14.9 331.9784 295.7295 349.3725
14.9 332.5783 296.6935 349.5237
14.93333 333.0984 297.514 349.6746
14.93333 333.6707 298.3613 349.8565
14.96667 334.2935 299.2538 349.9928
14.96667 334.9335 300.0933 350.0877
14.96667 335.6743 300.985 350.1312
15 336.4803 301.8248 350.1647
15 337.4009 302.6244 350.1979
15 338.3073 303.3379 350.2744
15.03333 339.3598 304.1588 350.4269
15.06667 340.3879 304.9634 350.6067
15.06667 341.1741 305.5937 350.7382
15.06667 342.0953 306.3659 350.8729
15.1 342.941 307.1467 350.9865
15.1 343.4879 307.7378 351.0429
15.1 344.1571 308.4731 351.1297
15.13333 344.6055 309.013 351.1901
15.13333 345.0674 309.6665 351.2443
15.16667 345.4226 310.275 351.3158
15.16667 345.8435 310.9636 351.3785
15.2 346.2124 311.4959 351.4768
15.2 346.5895 312.0317 351.5858
15.2 346.9904 312.6314 351.7262
15.23333 347.3002 313.1967 351.8604
15.23333 347.6245 313.7953 351.9692
15.26667 347.8997 314.3185 352.081
15.26667 348.1747 314.8876 352.2129
15.3 348.4061 315.4108 352.3416
15.3 348.6196 316.0287 352.4914
15.3 348.8164 316.6981 352.6819
15.33333 348.9606 317.2393 352.8377
15.33333 349.092 317.8878 353.0528
15.36667 349.222 318.6669 353.3307
15.36667 349.3082 319.2975 353.5123
15.36667 349.4106 320.1406 353.7781
15.4 349.507 320.9654 354.0309
15.4 349.6354 321.8203 354.2839
15.43333 349.7658 322.7208 354.5279
15.43333 349.9055 323.6362 354.7902
15.46667 350.0381 324.7009 355.0401
15.46667 350.0917 325.5525 355.1892
15.46667 350.0811 326.4193 355.33
15.5 350.0083 327.2305 355.4649
15.5 349.8864 328.0111 355.5409
15.53333 349.7921 328.6125 355.6001
15.53333 349.7411 329.079 355.6771
15.53333 349.7175 329.477 355.7714
15.56667 349.7083 329.7789 355.9162
15.56667 349.7103 329.9433 356.0105
15.6 349.7263 330.0789 356.0707
15.6 349.7411 330.1307 356.1423
15.6 349.8024 330.1188 356.2484
15.63333 349.873 330.089 356.3382
15.63333 349.9456 330.0305 356.4618
15.66667 349.9922 329.9411 356.5781
15.66667 350.0193 329.8447 356.6355
15.7 350.0387 329.6704 356.7029
15.7 350.0477 329.4888 356.7372
15.7 350.0308 329.2776 356.7805
15.73333 349.9816 329.0152 356.8277
15.73333 349.8658 328.6701 356.8836
15.76667 349.7712 328.413 356.9103
15.76667 349.6579 328.0738 356.9171
15.76667 349.6052 327.7945 356.9143
15.8 349.5821 327.5574 356.9272
15.83333 349.5529 327.2665 356.9467
15.83333 349.516 327.0097 356.9694
15.83333 349.4212 326.7506 357.0105
15.86667 349.3311 326.5311 357.026
15.86667 349.2453 326.2864 357.0501
15.86667 349.2129 326.0413 357.1378
15.9 349.1606 325.7815 357.249
15.9 349.1093 325.5045 357.3283
15.93333 349.0621 325.1821 357.3579
15.93333 349.039 324.8793 357.3869
15.93333 349.0262 324.6129 357.4352
15.96667 349.0452 324.3364 357.4905
16 349.0876 324.1042 357.5206
16 349.1459 323.9281 357.4989
16 349.2293 323.7794 357.4046
16.03333 349.3242 323.6597 357.3229
16.03333 349.4568 323.5435 357.2699
16.03333 349.604 323.4777 357.2322
16.06667 349.717 323.4256 357.2215
16.06667 349.8326 323.3856 357.21
16.1 349.956 323.3587 357.1797
16.1 350.0755 323.3214 357.154
16.13333 350.2096 323.2889 357.1549
16.13333 350.3405 323.2337 357.1542
16.13333 350.455 323.1956 357.14
16.16667 350.572 323.1582 357.1239
16.16667 350.6997 323.1006 357.1727
16.2 350.8135 323.058 357.2502
16.2 350.9697 323.065 357.3289
16.2 351.0992 323.119 357.3737
16.23333 351.2115 323.2087 357.4045
16.23333 351.3383 323.3289 357.4655
16.26667 351.4769 323.4564 357.5534
16.26667 351.5789 323.5948 357.6623
16.3 351.6417 323.737 357.743
16.3 351.6975 323.9362 357.8255
16.3 351.7365 324.0986 357.892
16.33333 351.8072 324.259 357.953
16.33333 351.8995 324.4074 358.0191
16.36667 352.0223 324.5568 358.084
16.36667 352.1382 324.6823 358.1448
16.36667 352.2864 324.8106 358.2112
16.4 352.4272 324.9414 358.2707
16.4 352.5648 325.054 358.3034
16.43333 352.6749 325.1625 358.3184
16.43333 352.745 325.228 358.3214
16.46667 352.8142 325.2711 358.3266
16.46667 352.8759 325.281 358.3132
16.46667 352.9012 325.2531 358.3047
16.5 352.9343 325.2284 358.2617
16.5 353.0094 325.1611 358.2478
16.53333 353.0624 325.1141 358.232
16.53333 353.0976 325.0571 358.225
16.53333 353.1215 325.0013 358.2155
16.56667 353.1452 324.9931 358.194
16.56667 353.1885 324.9727 358.1657
16.6 353.2242 326.9437 358.1552
16.6 353.2596 328.9199 358.1095
16.63333 353.2781 330.901 358.0709
16.63333 353.2884 332.8512 358.0373
16.66667 353.3029 334.8049 358.0244
16.66667 353.3128 336.7419 358.0061
16.66667 353.3173 338.6749 357.994
16.7 353.3134 340.605 357.9875
16.7 353.3122 342.5206 357.9909
16.73333 353.3247 344.4391 358.0169
16.73333 353.3391 346.3648 358.0252
16.76667 353.3503 348.283 358.0429
