1.580562 0 270 0
1.827055 0 270 0
1.927055 0 270 0
2.027055 0 270 0
2.127054 0 270 0
2.227055 0 270 0
2.327055 0 270 0
2.427055 0 270 0
2.527055 0 270 0
2.627054 0 270 0
2.727055 0 270 0
2.827055 0 270 0
2.927055 0 270 0
3.027055 0 270 0
3.127055 0 270 0
3.227055 0 270 0
3.327055 0 270 0
3.427055 0 270 0
3.527055 0 270 0
3.627055 0 270 0
3.727055 0 270 0
3.827055 0 270 0
3.927055 0 270 0
4.027055 0 270 0
4.127055 0 270 0
4.227055 0 270 0
4.327055 0 270 0
4.427054 0 270 0
4.527055 0 270 0
4.627055 0 270 0
4.727055 0 270 0
4.827055 0 270 0
4.927054 0 270 0
5.027055 0 270 0
5.127055 0 270 0
5.227055 0 270 0
5.327055 0 270 0
5.427054 0 270 0
5.527055 0 270 0
5.627055 0 270 0
5.727055 0 270 0
5.827055 0 270 0
5.927054 0 270 0
6.027055 0 270 0
6.127055 0 270 0
6.227055 0 270 0
6.327055 0 270 0
6.427054 0 270 0
6.527055 0 270 0
6.627055 0 270 0
6.727055 0 270 0
6.827055 0 270 0
6.927054 0 270 0
7.027055 0 270 0
7.127055 0 270 0
7.227055 0 270 0
7.327055 0 270 0
7.427054 0 270 0
7.527055 0.4881234 272.96 0
7.627055 2.603325 285.7868 0
7.727055 4.881239 299.6002 0
7.827055 6.671033 310.4537 4.297967E-07
7.927055 8.786231 323.2805 2.159779E-06
8.027055 10.90143 336.1072 2.391026E-06
8.127054 13.01664 348.9339 2.081189E-06
8.227055 15.13184 1.76063 8.568003E-07
8.327055 16.67256 11.10382 -4.456207E-07
8.427054 16.67256 11.10382 -4.456207E-07
8.527055 16.67256 11.10382 -4.456207E-07
8.627054 16.67256 11.10382 -4.456207E-07
8.727055 16.67256 11.10382 -4.456207E-07
8.827055 16.67256 11.10382 -4.456207E-07
8.927054 16.67256 11.10382 -4.456207E-07
9.027055 16.67256 11.10382 -4.456207E-07
9.127054 16.67256 11.10382 -4.456207E-07
9.227055 16.67256 11.10382 -4.456207E-07
9.327055 16.67256 11.10382 -4.456207E-07
9.427054 16.67256 11.10382 -4.456207E-07
9.527055 16.67256 11.10382 -4.456207E-07
9.627054 16.67256 11.10382 -4.456207E-07
9.727055 16.67256 11.10382 -4.456207E-07
9.827055 16.67256 11.10382 -4.456207E-07
9.927054 16.67256 11.10382 -4.456207E-07
10.02705 16.67256 11.10382 -4.456207E-07
10.12705 16.67256 11.10382 -4.456207E-07
10.22705 16.67256 11.10382 -4.456207E-07
10.32705 16.67256 11.10382 -4.456207E-07
10.42705 16.59756 11.25383 5.568081E-07
10.52705 15.39757 18.07881 1.106949E-06
10.62705 15.24759 28.80382 6.636933E-06
10.72705 15.24759 28.80382 1.681356E-05
10.82705 15.24759 28.80381 3.229974E-05
10.92705 15.24759 28.80381 3.229974E-05
11.02705 15.24759 28.80381 3.229974E-05
11.12706 15.24759 26.5538 3.097236E-05
11.22705 15.2476 13.27883 3.185728E-05
11.32705 15.24761 27.52885 3.119359E-05
11.42705 15.24761 41.32886 3.185729E-05
11.52705 14.27263 49.27885 3.435766E-05
11.62706 13.07264 61.20385 3.549779E-05
11.72705 13.22265 62.92885 3.639653E-05
11.82705 13.22265 62.92885 3.639653E-05
11.92705 13.22265 62.92885 3.639653E-05
12.02705 13.22265 62.92885 3.639653E-05
12.12706 13.22265 62.92885 3.639653E-05
12.22705 13.22265 66.60384 3.771206E-05
12.32705 13.22266 81.07883 3.727355E-05
12.42705 13.07267 88.80385 3.768902E-05
12.52705 13.07268 88.80385 3.768902E-05
12.62706 13.0727 88.80385 3.725077E-05
12.72705 13.0727 88.80385 3.725077E-05
12.82705 13.0727 88.80385 3.725077E-05
12.92705 13.0727 88.80385 3.725077E-05
13.02705 13.0727 88.80385 3.725077E-05
13.12706 13.0727 88.80385 3.725077E-05
13.22705 13.0727 88.80385 3.725077E-05
13.32705 13.0727 88.80385 3.725077E-05
13.42705 13.0727 88.80385 3.725077E-05
13.52705 13.0727 88.80385 3.725077E-05
13.62706 13.02409 89.80267 3.680529E-05
13.72705 12.34353 103.7862 3.714401E-05
13.82705 11.71156 116.771 3.618491E-05
13.92705 11.07961 129.7557 3.827953E-05
14.02705 10.44765 142.7404 3.906752E-05
14.12706 9.864294 154.7262 4.246266E-05
14.22705 9.183719 168.7097 5.297265E-05
14.32705 8.55175 181.6942 5.756267E-05
14.42705 7.919779 194.6787 6.34644E-05
14.52705 7.287819 207.6633 6.272548E-05
14.62706 6.704461 219.649 6.468884E-05
14.72705 6.072495 232.6335 6.503829E-05
14.82705 5.906141 236.0515 4.29165E-07
14.92705 5.906141 236.0515 4.29165E-07
15.02705 5.906141 236.0515 4.29165E-07
15.12706 5.906141 236.0515 4.29165E-07
15.22705 5.906141 236.0515 4.29165E-07
15.32705 5.906141 236.0515 4.29165E-07
15.42705 5.906141 236.0515 4.29165E-07
15.52705 5.906141 236.0515 4.29165E-07
15.62706 5.742369 245.05 4.290398E-07
15.72705 5.505812 258.048 4.288653E-07
15.82705 5.269251 271.0459 2.143492E-07
15.92705 5.032693 284.0438 2.142694E-07
16.02705 4.795801 298.0417 6.425799E-07
16.12705 4.683348 311.0411 9.63713E-07
16.22705 4.771607 325.0407 6.425573E-07
16.32705 5.289543 339.0301 5.358905E-07
16.42706 6.449535 350.4104 -2.148029E-07
16.52705 6.449535 350.4104 -2.148029E-07
16.62705 6.449535 350.4104 -2.148029E-07
16.72705 6.449535 350.4104 -2.148029E-07
16.82705 6.449535 350.4104 -2.148029E-07
16.92706 6.449535 350.4104 -2.148029E-07
17.02705 6.449535 350.4104 -2.148029E-07
17.12705 6.449535 350.4104 -2.148029E-07
17.22705 6.449535 350.4104 -2.148029E-07
17.32705 6.449535 350.4104 -2.148029E-07
17.42706 6.449535 350.4104 -2.148029E-07
17.52706 6.449535 350.4104 -2.148029E-07
17.62705 6.449535 350.4104 -2.148029E-07
17.72705 6.449535 350.4104 -2.148029E-07
17.82705 6.449535 350.4104 -2.148029E-07
17.92706 6.449535 350.4104 -2.148029E-07
18.02706 6.449535 350.4104 -2.148029E-07
18.12705 6.449535 350.4104 -2.148029E-07
18.22705 6.449535 350.4104 -2.148029E-07
18.32705 6.449535 350.4104 -2.148029E-07
18.42706 6.449535 350.4104 -2.148029E-07
18.52706 6.449535 350.4104 -2.148029E-07
18.62705 6.449535 350.4104 -2.148029E-07
18.72705 6.449535 350.4104 -2.148029E-07
18.82705 6.449535 350.4104 -2.148029E-07
18.92706 6.430457 342.4105 1.396166E-06
19.02706 6.399456 329.4105 5.369542E-07
19.12705 6.37322 318.4105 8.590829E-07
19.22705 6.344604 306.4106 1.503311E-06
19.32705 6.315987 294.4106 1.717975E-06
19.42706 6.284983 281.4106 2.362075E-06
19.52706 6.256366 269.4107 2.361945E-06
19.62705 6.227746 257.4107 3.220658E-06
19.72705 6.194356 243.4107 2.79106E-06
19.82705 6.1768 236.0515 0
19.92706 6.1768 236.0515 0
20.02706 6.1768 236.0515 0
20.12705 6.1768 236.0515 0
20.22705 6.1768 236.0515 0
20.32705 6.1768 236.0515 0
20.42706 6.1768 236.0515 0
20.52706 6.1768 236.0515 0
20.62705 6.1768 236.0515 0
20.72705 6.1768 236.0515 0
20.82705 5.446459 250.0322 0
20.92706 4.796359 263.0159 -2.141935E-07
21.02706 4.20332 276.0022 2.14019E-07
21.12705 3.681545 289.9924 2.138848E-07
21.22705 3.22597 302.9844 0
21.32705 3.062287 308.3161 1.068743E-07
21.42706 3.062287 308.3161 1.068743E-07
21.52706 3.062287 308.3161 1.068743E-07
21.62705 3.062287 308.3161 1.068743E-07
21.72705 3.062287 308.3161 1.068743E-07
21.82705 3.062287 308.3161 1.068743E-07
21.92706 3.062287 308.3161 1.068743E-07
22.02706 3.062287 308.3161 1.068743E-07
22.12705 3.062287 308.3161 1.068743E-07
22.22705 3.062287 308.3161 1.068743E-07
22.32705 3.062287 308.3161 1.068743E-07
22.42706 3.062287 308.3161 1.068743E-07
22.52706 3.062287 308.3161 1.068743E-07
22.62705 3.062287 308.3161 1.068743E-07
22.72705 3.062287 308.3161 1.068743E-07
22.82705 3.062287 308.3161 1.068743E-07
22.92706 3.062287 308.3161 1.068743E-07
23.02706 3.062287 308.3161 1.068743E-07
23.12705 3.062287 308.3161 1.068743E-07
23.22705 3.062287 308.3161 1.068743E-07
23.32705 3.062287 308.3161 1.068743E-07
23.42706 3.062287 308.3161 1.068743E-07
23.52706 3.062287 308.3161 1.068743E-07
23.62705 3.062287 308.3161 1.068743E-07
23.72705 3.062287 308.3161 1.068743E-07
23.82705 3.062287 308.3161 1.068743E-07
23.92706 3.062287 308.3161 1.068743E-07
24.02706 3.062287 308.3161 1.068743E-07
24.12705 3.062287 308.3161 1.068743E-07
24.22705 3.062287 308.3161 1.068743E-07
24.32705 3.062287 308.3161 1.068743E-07
24.42706 3.062287 308.3161 1.068743E-07
24.52706 3.062287 308.3161 1.068743E-07
24.62705 3.062287 308.3161 1.068743E-07
24.72705 3.062287 308.3161 1.068743E-07
24.82705 3.062287 308.3161 1.068743E-07
24.92706 3.062287 308.3161 1.068743E-07
25.02706 3.062287 308.3161 1.068743E-07
25.12705 3.062287 308.3161 1.068743E-07
25.22705 3.062287 308.3161 1.068743E-07
25.32705 3.062287 308.3161 1.068743E-07
25.42706 3.062287 308.3161 1.068743E-07
25.52706 3.062287 308.3161 1.068743E-07
25.62705 3.062287 308.3161 1.068743E-07
25.72705 3.062287 308.3161 1.068743E-07
25.82705 3.062287 308.3161 1.068743E-07
25.92706 3.062287 308.3161 1.068743E-07
26.02706 3.062287 308.3161 1.068743E-07
26.12705 3.062287 308.3161 1.068743E-07
26.22705 3.062287 308.3161 1.068743E-07
26.32705 3.062287 308.3161 1.068743E-07
26.42706 3.062287 308.3161 1.068743E-07
26.52706 3.062287 308.3161 1.068743E-07
26.62705 3.062287 308.3161 1.068743E-07
26.72705 3.062287 308.3161 1.068743E-07
26.82705 3.062287 308.3161 1.068743E-07
26.92706 3.062287 308.3161 1.068743E-07
27.02706 3.062287 308.3161 1.068743E-07
27.12705 3.062287 308.3161 1.068743E-07
27.22705 3.062287 308.3161 1.068743E-07
27.32705 3.062287 308.3161 1.068743E-07
27.42706 3.062287 308.3161 1.068743E-07
27.52706 3.062287 308.3161 1.068743E-07
27.62705 3.062287 308.3161 1.068743E-07
27.72705 3.062287 308.3161 1.068743E-07
27.82705 3.062287 308.3161 1.068743E-07
27.92706 3.062287 308.3161 1.068743E-07
28.02706 3.062287 308.3161 1.068743E-07
28.12705 3.062287 308.3161 1.068743E-07
28.22705 3.062287 308.3161 1.068743E-07
28.32705 3.062287 308.3161 1.068743E-07
28.42706 3.062287 308.3161 1.068743E-07
28.52706 3.062287 308.3161 1.068743E-07
28.62705 3.062287 308.3161 1.068743E-07
28.72705 3.062287 308.3161 1.068743E-07
28.82705 3.062287 308.3161 1.068743E-07
28.92706 3.062287 308.3161 1.068743E-07
29.02706 3.062287 308.3161 1.068743E-07
29.12705 3.062287 308.3161 1.068743E-07
29.22705 3.062287 308.3161 1.068743E-07
29.32705 3.062287 308.3161 1.068743E-07
29.42706 3.062287 308.3161 1.068743E-07
29.52706 3.062287 308.3161 1.068743E-07
29.62705 3.062287 308.3161 1.068743E-07
29.72705 3.062287 308.3161 1.068743E-07
29.82705 3.062287 308.3161 1.068743E-07
29.92706 3.062287 308.3161 1.068743E-07
30.02706 3.062287 308.3161 1.068743E-07
30.12705 3.062287 308.3161 1.068743E-07
30.22705 3.062287 308.3161 1.068743E-07
30.32705 3.062287 308.3161 1.068743E-07
30.42706 3.062287 308.3161 1.068743E-07
30.52706 3.062287 308.3161 1.068743E-07
30.62705 3.062287 308.3161 1.068743E-07
30.72705 3.062287 308.3161 1.068743E-07
30.82705 3.062287 308.3161 1.068743E-07
30.92706 3.062287 308.3161 1.068743E-07
31.02706 3.062287 308.3161 1.068743E-07
31.12705 3.062287 308.3161 1.068743E-07
31.22705 3.062287 308.3161 1.068743E-07
31.32705 3.062287 308.3161 1.068743E-07
31.42706 3.062287 308.3161 1.068743E-07
31.52706 3.062287 308.3161 1.068743E-07
31.62705 3.062287 308.3161 1.068743E-07
31.72705 3.062287 308.3161 1.068743E-07
31.82705 3.062287 308.3161 1.068743E-07
31.92706 3.062287 308.3161 1.068743E-07
32.02705 3.062287 308.3161 1.068743E-07
32.12706 3.062287 308.3161 1.068743E-07
32.22705 3.062287 308.3161 1.068743E-07
32.32706 3.062287 308.3161 1.068743E-07
32.42706 3.062287 308.3161 1.068743E-07
32.52705 3.062287 308.3161 1.068743E-07
32.62706 3.062287 308.3161 1.068743E-07
32.72705 3.062287 308.3161 1.068743E-07
32.82706 3.062287 308.3161 1.068743E-07
32.92706 3.062287 308.3161 1.068743E-07
33.02705 3.062287 308.3161 1.068743E-07
33.12706 3.062286 309.3661 -1.068743E-07
33.22705 3.062288 318.4411 -1.068743E-07
33.32706 2.23729 323.3161 -2.136063E-07
33.42706 2.087291 324.1411 -5.339628E-08
33.52705 1.262291 329.3162 -1.601214E-07
33.62706 0.8122925 342.2162 -8.004931E-08
33.72705 0.8122933 343.1162 4.002466E-08
33.82706 0.8122933 343.1162 4.002466E-08
33.92706 0.8122933 343.1162 4.002466E-08
34.02705 0.8122933 343.1162 4.002466E-08
34.12706 0.8122933 343.1162 4.002466E-08
34.22705 0.8122933 343.1162 4.002466E-08
34.32706 0.8122933 343.1162 4.002466E-08
34.42706 0.8122936 346.1162 -6.003698E-08
34.52705 2.162294 22.04115 -5.339887E-08
34.62706 2.612296 37.86618 0
34.72705 2.612296 37.86618 0
34.82706 2.612296 37.86618 0
34.92706 2.612296 37.86618 0
35.02705 2.612296 37.86618 0
35.12706 2.612296 37.86618 0
35.22705 2.612296 37.86618 0
35.32706 2.612296 37.86618 0
35.42706 2.612296 37.86618 0
35.52705 2.312297 39.66617 3.20426E-07
35.62706 1.562297 52.19116 3.736649E-07
35.72705 1.037298 57.14116 3.735872E-07
35.82706 0.962299 57.66615 3.202103E-07
35.92706 0.9623 57.66615 2.935261E-07
36.02705 0.9623 57.66615 2.935261E-07
36.12706 0.9623 57.66615 2.935261E-07
36.22705 0.9623 57.66615 2.935261E-07
36.32706 0.9623 57.66615 2.935261E-07
36.42706 0.8123001 58.94114 2.134649E-07
36.52705 0.5873007 83.84114 2.401364E-07
36.62706 0.5873008 88.94115 2.668183E-07
36.72705 0.5873008 88.94115 2.668183E-07
36.82706 0.5873008 88.94115 2.668183E-07
36.92706 0.5873008 88.94115 2.668183E-07
37.02705 0.5873008 88.94115 2.668183E-07
37.12706 0.3623009 96.14116 2.801501E-07
37.22705 0.3623011 122.1662 2.801501E-07
37.32706 0.3623013 122.7662 3.868739E-07
37.42706 0.3623019 122.7662 5.736406E-07
37.52705 0.3623024 122.7662 7.337264E-07
37.62706 0.3623028 122.7662 8.404502E-07
37.72705 0.3623028 122.7662 8.404502E-07
37.82706 0.3623028 122.7662 8.404502E-07
37.92706 0.3623028 122.7662 8.404502E-07
38.02705 0.3623028 122.7662 8.404502E-07
38.12706 359.8373 124.4162 8.671173E-07
38.22705 359.1623 151.7912 9.339146E-07
38.32706 359.1623 162.1411 8.672065E-07
38.42706 359.1623 162.1411 8.672065E-07
38.52705 359.1623 162.1411 8.672065E-07
38.62706 359.1623 162.0661 8.672065E-07
38.72705 359.6873 134.3161 8.671268E-07
38.82706 359.6873 96.96613 8.671267E-07
38.92706 359.6123 90.29113 8.404527E-07
39.02705 359.6123 90.29113 8.404527E-07
39.12706 359.6123 90.29113 8.404527E-07
39.22705 359.6123 90.29113 8.404527E-07
39.32706 359.6123 90.29113 8.404527E-07
39.42706 359.6123 90.29113 8.404527E-07
39.52705 359.9123 89.01612 8.637797E-07
39.62706 0.4373242 64.19113 8.40458E-07
39.72705 0.2123243 40.56613 8.804601E-07
39.82706 0.2123243 40.41615 9.004706E-07
39.92706 0.2123243 40.41615 9.004706E-07
40.02705 0.2123243 40.41615 9.004706E-07
40.12706 0.2123243 40.41615 9.004706E-07
40.22705 0.2123243 40.41615 9.004706E-07
40.32706 0.2123243 40.41615 9.004706E-07
40.42706 0.2123243 40.41615 9.004706E-07
40.52705 0.2123243 37.26612 8.804602E-07
40.62706 0.1373245 29.16614 9.104721E-07
40.72705 0.1373245 29.09116 9.138072E-07
40.82706 0.1373245 28.04116 9.038021E-07
40.92706 358.8623 13.94116 9.473418E-07
41.02705 358.1123 3.966159 9.610168E-07
41.12706 358.1123 3.966159 9.610168E-07
41.22705 358.1123 3.966159 9.610168E-07
41.32706 358.1123 3.966159 9.610168E-07
41.42706 358.1123 3.966159 9.610168E-07
41.52705 358.1123 3.966159 9.610168E-07
41.62706 358.1123 3.966159 9.610168E-07
41.72705 358.1123 1.566154 1.249655E-06
41.82706 357.9622 347.3162 1.228076E-06
41.92706 357.9622 346.7912 1.228076E-06
42.02705 357.9622 346.2662 1.308168E-06
42.12706 357.9622 334.1912 1.735325E-06
42.22705 357.9622 329.3912 2.028995E-06
42.32706 357.9622 324.7412 1.815417E-06
42.42706 357.9622 324.8162 1.922206E-06
42.52705 357.9622 324.8162 1.922206E-06
42.62706 357.9622 324.8162 1.922206E-06
42.72705 357.9622 324.8162 1.922206E-06
42.82706 357.5122 316.7162 2.083037E-06
42.92706 357.1371 301.7912 2.243957E-06
43.02705 357.1371 301.1161 2.137101E-06
43.12706 357.1371 301.1161 2.137101E-06
43.22705 357.1371 301.1161 2.137101E-06
43.32706 357.1371 301.1161 2.137101E-06
43.42706 357.1371 301.1161 2.137101E-06
43.52705 357.1371 301.1161 2.137101E-06
43.62706 357.1371 301.1161 2.137101E-06
43.72705 357.1371 301.1161 2.137101E-06
43.82706 357.1371 301.1161 2.137101E-06
43.92706 357.1371 301.1161 2.137101E-06
44.02705 356.837 307.2662 1.923921E-06
44.12706 357.2871 329.4662 2.350512E-06
44.22705 357.2871 331.9412 2.403933E-06
44.32706 357.2871 332.0912 1.549201E-06
44.42706 357.2871 332.0912 1.549201E-06
44.52705 357.2871 331.1912 1.762884E-06
44.62706 357.5871 315.5912 2.08292E-06
44.72705 358.2622 310.5662 1.815104E-06
44.82706 359.0122 308.7662 1.867907E-06
44.92706 2.987211 302.5412 2.137338E-06
45.02705 5.687212 292.9412 1.501495E-06
45.12706 5.687209 292.2662 2.144992E-06
45.22705 5.687209 292.2662 2.144992E-06
45.32706 5.687209 292.2662 2.144992E-06
45.42706 5.687209 292.2662 2.144992E-06
45.52705 5.08721 293.4662 1.928588E-06
45.62706 3.662213 298.2662 2.245742E-06
45.72705 3.662213 298.2662 2.780442E-06
45.82706 3.662213 298.2662 2.780442E-06
45.92706 3.662213 298.2662 2.780442E-06
46.02705 3.662213 298.2662 2.780442E-06
46.12706 3.662213 298.2662 2.780442E-06
46.22705 3.662213 298.2662 2.780442E-06
46.32706 3.662213 298.2662 2.780442E-06
46.42706 3.662213 298.2662 2.780442E-06
46.52705 3.662213 298.2662 2.780442E-06
46.62706 3.662213 298.2662 2.780442E-06
46.72705 3.662213 298.2662 2.780442E-06
46.82706 3.662213 298.2662 2.780442E-06
46.92706 3.662213 298.2662 2.780442E-06
47.02705 3.662213 298.2662 2.780442E-06
47.12706 3.662213 298.2662 2.780442E-06
47.22705 3.662213 298.2662 2.780442E-06
47.32706 3.662213 298.2662 2.780442E-06
47.42706 3.662213 298.2662 2.780442E-06
47.52705 3.287212 298.7912 2.886236E-06
47.62706 0.737213 316.2663 2.935089E-06
47.72705 0.4372132 327.1412 2.948273E-06
47.82706 0.4372132 327.1412 2.948273E-06
47.92706 0.6622135 328.5662 2.854996E-06
48.02705 0.7372137 348.8912 2.855042E-06
48.12706 0.512214 356.2412 2.818233E-06
48.22705 0.512214 356.2412 2.818233E-06
48.32706 0.512214 356.2412 2.818233E-06
48.42706 0.512214 356.2412 2.818233E-06
48.52705 0.512214 356.2412 2.818233E-06
48.62706 359.0122 358.8662 2.75433E-06
48.72705 357.6622 26.01625 2.830481E-06
48.82706 357.6622 27.59128 2.403239E-06
48.92706 357.6622 27.59128 2.403239E-06
49.02705 357.6622 27.59128 2.403239E-06
49.12706 357.6622 27.59128 2.403239E-06
49.22705 357.6622 27.59128 2.403239E-06
49.32706 357.6622 27.59128 2.403239E-06
49.42706 357.6622 27.59128 2.403239E-06
49.52705 357.7684 26.59692 2.403061E-06
49.62706 359.2552 12.67605 2.694951E-06
49.72705 0.635877 359.7496 2.762532E-06
49.82706 1.910453 347.8174 2.909783E-06
49.92706 3.291245 334.8909 2.832797E-06
50.02705 4.672036 321.9645 2.99817E-06
50.12706 6.159042 308.0437 3.864286E-06
50.22705 7.652598 294.1236 3.445783E-06
50.32706 9.149794 280.2039 4.323886E-06
50.42706 10.64697 266.2842 5.212377E-06
50.52705 10.79655 264.8935 0
50.62706 10.79655 264.8935 0
50.72705 10.79655 264.8935 0
50.82706 10.79655 264.8935 0
50.92706 10.79655 264.8935 0
51.02705 10.79655 264.8935 0
51.12706 10.79655 264.8935 0
51.22705 10.79655 264.8935 0
51.32706 10.79655 264.8935 0
51.42706 10.79655 264.8935 0
51.52705 10.79655 264.8935 0
51.62706 10.79655 264.8935 0
51.72705 10.79655 264.8935 0
51.82706 10.79655 264.8935 0
51.92706 10.79655 264.8185 0
52.02705 15.89656 264.1434 -8.877221E-07
52.12706 20.47156 264.9685 -9.113277E-07
52.22705 20.62156 264.9685 0
52.32706 21.07155 264.9685 0
52.42706 21.44658 264.9685 0
52.52705 21.52158 265.0435 0
52.62706 17.92162 271.8685 0
52.72705 16.12163 281.1685 0
52.82706 15.89663 281.3934 -8.877224E-07
52.92706 15.89663 281.3935 8.877225E-07
53.02705 15.89664 281.3935 0
53.12706 15.89664 281.3935 -1.775445E-06
53.22705 15.89664 281.3935 -1.775445E-06
53.32706 15.89664 281.3935 -1.775445E-06
53.42706 15.89664 281.3935 -1.775445E-06
53.52705 15.89664 281.3935 -1.775445E-06
53.62706 15.89664 281.3935 -1.775445E-06
53.72705 15.74665 281.9185 -1.774128E-06
53.82706 14.47167 284.9935 -8.817503E-07
53.92706 14.09668 286.0435 -2.640847E-06
54.02705 14.09668 286.0435 -2.640847E-06
54.12706 14.0967 286.4185 -1.320424E-06
54.22705 13.6467 287.8435 -4.392884E-07
54.32706 12.89671 293.6935 -4.379341E-07
54.42706 12.22172 305.3935 0
54.52705 12.22172 307.1935 -1.310359E-06
54.62706 12.22172 307.1935 -1.310359E-06
54.72705 12.14673 307.5685 4.366628E-07
54.82706 11.17173 315.0685 3.045926E-06
54.92706 10.42174 324.5935 3.038331E-06
55.02705 10.42174 324.6685 3.472378E-06
55.12706 10.42174 324.6685 3.472378E-06
55.22705 10.42174 324.6685 3.472378E-06
55.32706 10.42174 324.6685 3.472378E-06
55.42706 9.596745 328.7935 2.381201E-06
55.52705 9.146747 350.9935 1.621443E-06
55.62706 9.146748 352.7186 7.134351E-06
55.72705 9.146749 352.7186 1.053938E-05
55.82706 8.321749 355.4186 9.76109E-06
55.92706 8.171756 356.6187 1.088946E-05
56.02705 7.271763 1.118637 1.05906E-05
56.12706 7.046766 2.543645 1.177497E-05
56.22705 7.121768 2.168639 1.158867E-05
56.32706 7.121768 2.168639 1.158867E-05
56.42706 7.121768 2.168639 1.158867E-05
56.52705 6.146772 5.993635 1.172677E-05
56.62706 5.546778 17.9936 1.254518E-05
56.72705 5.546786 18.44359 1.099044E-05
56.82706 5.5468 18.44359 8.577902E-06
56.92706 5.546804 18.44359 6.326202E-06
57.02705 5.546806 18.59359 6.058142E-06
57.12706 2.996806 28.71859 5.396826E-06
57.22705 1.196806 38.61856 5.577426E-06
57.32706 0.8218073 40.8686 5.5501E-06
57.42706 0.8218079 40.8686 5.39E-06
57.52705 0.8218084 40.8686 5.336634E-06
57.62706 0.8218084 40.8686 5.336634E-06
57.72705 0.8218084 40.8686 5.336634E-06
57.82706 0.8218084 40.8686 5.336634E-06
57.92706 0.8218084 40.8686 5.336634E-06
58.02705 0.8218084 40.8686 5.336634E-06
58.12706 0.7468086 41.54359 5.389904E-06
58.22705 359.8468 59.09357 5.356115E-06
58.32706 359.8468 62.46858 5.369455E-06
58.42706 359.9218 64.26858 5.38278E-06
58.52705 359.9218 64.26858 5.38278E-06
58.62706 359.9218 64.26858 5.38278E-06
58.72705 359.9218 64.26858 5.38278E-06
58.82706 359.9218 64.26858 5.38278E-06
58.92706 359.9218 64.26858 5.38278E-06
59.02705 359.9218 64.26858 5.38278E-06
59.12706 359.9218 64.26858 5.38278E-06
59.22705 359.9218 64.26858 5.38278E-06
59.32706 359.9218 64.26858 5.38278E-06
59.42706 359.9218 64.26858 5.38278E-06
59.52705 359.9218 64.26858 5.38278E-06
59.62706 359.9218 64.26858 5.38278E-06
59.72705 359.9218 64.26858 5.38278E-06
59.82706 0.7560323 51.29536 5.389915E-06
59.92706 1.590232 38.32214 5.231379E-06
60.02705 2.424433 25.34896 5.234049E-06
60.12706 3.194464 13.37369 4.943561E-06
60.22705 4.092835 359.4025 5.578764E-06
60.32706 4.927035 346.4293 6.534168E-06
60.42706 5.697065 334.4541 7.936608E-06
60.52705 6.531269 321.4809 9.45286E-06
60.62706 7.365469 308.5077 1.033053E-05
60.72705 8.199674 295.5345 1.07824E-05
60.82706 9.098047 281.5633 1.080814E-05
60.92706 10.06058 266.5943 1.083883E-05
61.02705 10.89477 253.6213 1.217222E-05
61.12706 11.41336 245.5561 8.709974E-07
61.22705 11.41336 245.5561 8.709974E-07
61.32706 11.41336 245.5561 8.709974E-07
61.42706 11.41336 245.5561 8.709974E-07
61.52705 11.41336 245.5561 8.709974E-07
61.62706 11.41336 245.5561 8.709974E-07
61.72705 11.41336 245.5561 8.709974E-07
61.82706 11.41336 245.5561 8.709974E-07
61.92706 11.41336 245.5561 8.709974E-07
62.02705 11.41336 245.5561 8.709974E-07
62.12706 11.41336 245.5561 8.709974E-07
62.22705 9.388357 254.1061 4.326825E-07
62.32706 8.788372 263.4811 4.319583E-07
62.42706 8.788385 263.4811 4.319583E-07
62.52705 7.588397 266.481 0
62.62706 6.6884 270.5309 0
62.72705 8.113401 261.9809 -8.624058E-07
62.82706 10.73841 228.5309 4.344956E-07
62.92706 11.26342 214.5809 0
63.02705 10.28843 206.0309 1.301588E-06
63.12706 10.28843 206.0309 1.301588E-06
63.22705 10.28843 206.0309 1.301588E-06
63.32706 10.28843 206.0309 1.301588E-06
63.42706 10.28843 206.0309 1.301588E-06
63.52705 10.28843 206.0309 1.301588E-06
63.62706 10.28843 206.0309 1.301588E-06
63.72705 10.21343 206.1059 1.0844E-06
63.82706 10.07573 209.1026 1.734295E-06
63.92706 9.433127 223.0877 3.245538E-06
64.02705 8.79053 237.0725 2.159804E-06
64.12705 8.102034 252.0565 3.880716E-06
64.22706 7.418078 267.0407 3.443919E-06
64.32706 7.00859 282.0345 3.870905E-06
64.42706 7.001267 282.3553 -2.150469E-07
64.52705 7.001267 282.3553 -2.150469E-07
64.62705 7.001267 282.3553 -2.150469E-07
64.72706 7.001267 282.3553 -2.150469E-07
64.82706 7.001267 282.3553 -2.150469E-07
64.92706 7.001267 282.3553 -2.150469E-07
65.02705 7.001267 282.3553 -2.150469E-07
65.12705 7.001267 282.3553 -2.150469E-07
65.22706 7.001267 282.3553 -2.150469E-07
65.32706 7.001267 282.3553 -2.150469E-07
65.42706 7.001267 282.3553 -2.150469E-07
65.52705 7.001267 282.3553 -2.150469E-07
65.62705 7.001267 282.3553 -2.150469E-07
65.72706 7.001267 282.3553 -2.150469E-07
65.82706 7.001267 282.3553 -2.150469E-07
65.92706 6.626276 283.6304 -2.148788E-07
66.02705 6.626288 283.6304 6.446365E-07
66.12705 6.626304 283.6304 6.446365E-07
66.22706 5.12631 285.0554 8.572025E-07
66.32706 1.751313 288.3554 1.174487E-06
66.42706 1.751316 288.3554 1.067716E-06
66.52705 1.751317 288.3554 1.121102E-06
66.62705 1.751317 288.3554 1.121102E-06
66.72706 1.751317 288.3554 1.121102E-06
66.82706 1.751317 288.3554 1.121102E-06
66.92706 1.751317 288.3554 1.121102E-06
67.02705 1.751317 288.3554 1.121102E-06
67.12705 1.751317 288.3554 1.121102E-06
67.22706 1.751317 288.3554 1.121102E-06
67.32706 1.751317 288.3554 1.121102E-06
67.42706 1.751317 288.3554 1.121102E-06
67.52705 1.751317 288.3554 1.121102E-06
67.62705 1.751317 288.3554 1.121102E-06
67.72706 1.751317 288.3554 1.121102E-06
67.82706 1.751317 288.3554 1.121102E-06
67.92706 1.751317 288.3554 1.121102E-06
68.02705 1.751317 288.3554 1.121102E-06
68.12705 1.751317 288.3554 1.121102E-06
68.22706 1.751317 288.3554 1.121102E-06
68.32706 1.751317 288.3554 1.121102E-06
68.42706 1.751317 288.3554 1.121102E-06
68.52705 1.751317 288.3554 1.121102E-06
68.62705 1.751317 288.3554 1.121102E-06
68.72706 1.751317 288.3554 1.121102E-06
68.82706 1.751317 288.3554 1.121102E-06
68.92706 1.751317 288.3554 1.121102E-06
69.02705 1.751317 288.3554 1.121102E-06
69.12705 1.751317 288.3554 1.121102E-06
69.22706 1.751317 288.3554 1.121102E-06
69.32706 1.751317 288.3554 1.121102E-06
69.42706 1.751317 288.3554 1.121102E-06
69.52705 1.751317 288.3554 1.121102E-06
69.62705 1.751317 288.3554 1.121102E-06
69.72706 1.751317 288.3554 1.121102E-06
69.82706 1.751317 288.3554 1.121102E-06
69.92706 1.751317 288.3554 1.121102E-06
70.02705 1.751317 288.3554 1.121102E-06
70.12705 1.751317 288.3554 1.121102E-06
70.22706 1.751317 288.3554 1.121102E-06
70.32706 1.751317 288.3554 1.121102E-06
70.42706 1.751317 288.3554 1.121102E-06
70.52705 1.751317 288.3554 1.121102E-06
70.62705 1.751317 288.3554 1.121102E-06
70.72706 1.751317 288.3554 1.121102E-06
70.82706 1.751317 288.3554 1.121102E-06
70.92706 1.751317 288.3554 1.121102E-06
71.02705 1.751317 288.3554 1.121102E-06
71.12705 1.751317 288.3554 1.121102E-06
71.22706 1.751317 288.3554 1.121102E-06
71.32706 1.751317 288.3554 1.121102E-06
71.42706 1.751317 288.3554 1.121102E-06
71.52705 1.751317 288.3554 1.121102E-06
71.62705 1.751317 288.3554 1.121102E-06
71.72706 1.751317 288.3554 1.121102E-06
71.82706 1.751317 288.3554 1.121102E-06
71.92706 1.751317 288.3554 1.121102E-06
72.02705 1.751317 288.3554 1.121102E-06
72.12705 1.751317 288.3554 1.121102E-06
72.22706 1.751317 288.3554 1.121102E-06
72.32706 1.751317 288.3554 1.121102E-06
72.42706 1.751317 288.3554 1.121102E-06
72.52705 1.751317 288.3554 1.121102E-06
72.62705 1.751317 288.3554 1.121102E-06
72.72706 1.751317 288.3554 1.121102E-06
72.82706 1.751317 288.3554 1.121102E-06
72.92706 1.751317 288.3554 1.121102E-06
73.02705 1.751317 288.3554 1.121102E-06
73.12705 1.751317 288.3554 1.121102E-06
73.22706 1.751317 288.3554 1.121102E-06
73.32706 1.751317 288.3554 1.121102E-06
73.42706 1.751317 288.3554 1.121102E-06
73.52705 1.751317 288.3554 1.121102E-06
73.62705 1.751317 288.3554 1.121102E-06
73.72706 1.751317 288.3554 1.121102E-06
73.82706 1.751317 288.3554 1.121102E-06
73.92706 1.751317 288.3554 1.121102E-06
74.02705 1.751317 288.3554 1.121102E-06
74.12705 1.751317 288.3554 1.121102E-06
74.22706 1.751317 288.3554 1.121102E-06
74.32706 1.751317 288.3554 1.121102E-06
74.42706 1.751317 288.3554 1.121102E-06
74.52705 1.751317 288.3554 1.121102E-06
74.62705 1.751317 288.3554 1.121102E-06
74.72706 1.751317 288.3554 1.121102E-06
74.82706 1.751317 288.3554 1.121102E-06
74.92706 1.751317 288.3554 1.121102E-06
75.02705 1.751317 288.3554 1.121102E-06
75.12705 1.751317 288.3554 1.121102E-06
75.22706 1.751317 288.3554 1.121102E-06
75.32706 1.751317 288.3554 1.121102E-06
75.42706 1.751317 288.3554 1.121102E-06
75.52705 1.751317 288.3554 1.121102E-06
75.62705 1.751317 288.3554 1.121102E-06
75.72706 1.751317 288.3554 1.121102E-06
75.82706 1.751317 288.3554 1.121102E-06
75.92706 1.751317 288.3554 1.121102E-06
76.02705 1.751317 288.3554 1.121102E-06
76.12705 1.751317 288.3554 1.121102E-06
76.22706 1.751317 288.3554 1.121102E-06
76.32706 1.751317 288.3554 1.121102E-06
76.42706 1.751317 288.3554 1.121102E-06
76.52705 1.751317 288.3554 1.121102E-06
76.62705 1.751317 288.3554 1.121102E-06
76.72706 1.751317 288.3554 1.121102E-06
76.82706 1.751317 288.3554 1.121102E-06
76.92706 1.751317 288.3554 1.121102E-06
77.02705 1.751317 288.3554 1.121102E-06
77.12705 1.751317 288.3554 1.121102E-06
77.22706 1.751317 288.3554 1.121102E-06
77.32706 1.751317 288.3554 1.121102E-06
77.42706 1.751317 288.3554 1.121102E-06
77.52705 1.751317 288.3554 1.121102E-06
