2.792274 0 270 0
2.830145 0 270 0
3.012904 79.35375 160.9897 308.853
3.026793 79.35375 160.9897 308.853
3.040682 79.35375 160.9897 308.853
3.054571 79.35375 160.9897 308.853
3.06846 79.35375 160.9897 308.853
3.082349 79.35375 160.9897 308.853
3.096237 79.35375 160.9897 308.853
3.110126 79.35375 160.9897 308.853
3.124015 79.35375 160.9897 308.853
3.137904 79.35375 160.9897 308.853
3.151793 79.35375 160.9897 308.853
3.165682 79.35375 160.9897 308.853
3.179571 79.35375 160.9897 308.853
3.19346 79.35375 160.9897 308.853
3.207349 79.35375 160.9897 308.853
3.221237 79.35375 160.9897 308.853
3.235126 79.35375 160.9897 308.853
3.249015 79.35375 160.9897 308.853
3.262904 79.35375 160.9897 308.853
3.276793 79.35375 160.9897 308.853
3.290682 79.35375 160.9897 308.853
3.304571 79.35375 160.9897 308.853
3.31846 79.35375 160.9897 308.853
3.332349 79.35375 160.9897 308.853
3.346237 79.35375 160.9897 308.853
3.360126 79.35375 160.9897 308.853
3.374015 79.35375 160.9897 308.853
3.387904 79.36761 161.0175 308.8849
3.401793 79.36761 161.0175 308.8849
3.415682 79.35375 160.9897 308.853
3.429571 79.35375 160.9897 308.853
3.44346 79.35375 160.9897 308.853
3.457349 79.35375 160.9897 308.853
3.471237 79.35375 160.9897 308.853
3.485126 79.35375 160.9897 308.853
3.499015 79.35375 160.9897 308.853
3.512904 79.35375 160.9897 308.853
3.526793 79.35375 160.9897 308.853
3.540682 79.35375 160.9897 308.853
3.554571 79.35375 160.9897 308.853
3.56846 79.35375 160.9897 308.853
3.582349 79.35375 160.9897 308.853
3.596237 79.35375 160.9897 308.853
3.610126 79.35375 160.9897 308.853
3.624015 79.35375 160.9897 308.853
3.637904 79.35375 160.9897 308.853
3.651793 79.35375 160.9897 308.853
3.665682 79.35375 160.9897 308.853
3.679571 79.35375 160.9897 308.853
3.69346 79.35375 160.9897 308.853
3.707349 79.35375 160.9897 308.853
3.721237 79.35375 160.9897 308.853
3.735126 79.35375 160.9897 308.853
3.749015 79.35375 160.9897 308.853
3.762904 79.35375 160.9897 308.853
3.776793 79.35375 160.9897 308.853
3.790682 79.35375 160.9897 308.853
3.804571 79.35375 160.9897 308.853
3.81846 79.35375 160.9897 308.853
3.832349 79.35375 160.9897 308.853
3.846237 79.35375 160.9897 308.853
3.860126 79.35375 160.9897 308.853
3.874015 79.35375 160.9897 308.853
3.887904 79.35375 160.9897 308.853
3.901793 79.35375 160.9897 308.853
3.915682 79.35375 160.9897 308.853
3.929571 79.35375 160.9897 308.853
3.94346 79.35375 160.9897 308.853
3.957349 79.35375 160.9897 308.853
3.971237 79.35375 160.9897 308.853
3.985126 79.35375 160.9897 308.853
3.999015 79.35375 160.9897 308.853
4.012904 79.35375 160.9897 308.853
4.026793 79.35375 160.9897 308.853
4.040682 79.35375 160.9897 308.853
4.054571 79.35375 160.9897 308.853
4.06846 79.35375 160.9897 308.853
4.082348 79.35375 160.9897 308.853
4.096237 79.35375 160.9897 308.853
4.110126 79.35375 160.9897 308.853
4.124015 79.35375 160.9897 308.853
4.137904 79.35375 160.9897 308.853
4.151793 79.35375 160.9897 308.853
4.165682 79.35375 160.9897 308.853
4.179571 79.35375 160.9897 308.853
4.19346 79.35375 160.9897 308.853
4.207348 79.35375 160.9897 308.853
4.221237 79.35375 160.9897 308.853
4.235126 79.35375 160.9897 308.853
4.249015 79.35375 160.9897 308.853
4.262904 79.35375 160.9897 308.853
4.276793 79.35375 160.9897 308.853
4.290682 79.35375 160.9897 308.853
4.304571 79.35375 160.9897 308.853
4.31846 79.35375 160.9897 308.853
4.332348 79.35375 160.9897 308.853
4.346237 79.35375 160.9897 308.853
4.360126 79.35375 160.9897 308.853
4.374015 79.35375 160.9897 308.853
4.387904 79.35375 160.9897 308.853
4.401793 79.35375 160.9897 308.853
4.415682 79.35375 160.9897 308.853
4.429571 79.35375 160.9897 308.853
4.44346 79.35375 160.9897 308.853
4.457348 79.35375 160.9897 308.853
4.471237 79.35375 160.9897 308.853
4.485126 79.35375 160.9897 308.853
4.499015 79.35375 160.9897 308.853
4.512904 79.35375 160.9897 308.853
4.526793 79.35375 160.9897 308.853
4.540682 79.35375 160.9897 308.853
4.554571 79.35375 160.9897 308.853
4.56846 79.35375 160.9897 308.853
4.582348 79.35375 160.9897 308.853
4.596237 79.35375 160.9897 308.853
4.610126 79.35375 160.9897 308.853
4.624015 79.35375 160.9897 308.853
4.637904 79.35375 160.9897 308.853
4.651793 79.35375 160.9897 308.853
4.665682 79.35375 160.9897 308.853
4.679571 79.35375 160.9897 308.853
4.69346 79.35375 160.9897 308.853
4.707348 79.35375 160.9897 308.853
4.721237 79.35375 160.9897 308.853
4.735126 79.35375 160.9897 308.853
4.749015 79.35375 160.9897 308.853
4.762904 79.35375 160.9897 308.853
4.776793 79.35375 160.9897 308.853
4.790682 79.35375 160.9897 308.853
4.804571 79.35375 160.9897 308.853
4.81846 79.35375 160.9897 308.853
4.832348 79.35375 160.9897 308.853
4.846237 79.35375 160.9897 308.853
4.860126 79.35375 160.9897 308.853
4.874015 79.35375 160.9897 308.853
4.887904 79.35375 160.9897 308.853
4.901793 79.35375 160.9897 308.853
4.915682 79.35375 160.9897 308.853
4.929571 79.35375 160.9897 308.853
4.94346 79.35375 160.9897 308.853
4.957348 79.35375 160.9897 308.853
4.971237 79.35375 160.9897 308.853
4.985126 79.35375 160.9897 308.853
4.999015 79.35375 160.9897 308.853
5.012904 79.35375 160.9897 308.853
5.026793 79.35375 160.9897 308.853
5.040682 79.35375 160.9897 308.853
5.054571 79.35375 160.9897 308.853
5.06846 79.35375 160.9897 308.853
5.082348 79.35375 160.9897 308.853
5.096237 79.35375 160.9897 308.853
5.110126 79.35375 160.9897 308.853
5.124015 79.35375 160.9897 308.853
5.137904 79.35375 160.9897 308.853
5.151793 79.35375 160.9897 308.853
5.165682 79.35375 160.9897 308.853
5.179571 79.35375 160.9897 308.853
5.19346 79.35375 160.9897 308.853
5.207348 79.35375 160.9897 308.853
5.221237 79.35375 160.9897 308.853
5.235126 79.35375 160.9897 308.853
5.249015 79.35375 160.9897 308.853
5.262904 79.35375 160.9897 308.853
5.276793 79.35375 160.9897 308.853
5.290682 79.35375 160.9897 308.853
5.304571 79.35375 160.9897 308.853
5.31846 79.35375 160.9897 308.853
5.332348 79.35375 160.9897 308.853
5.346237 79.35375 160.9897 308.853
5.360126 79.35375 160.9897 308.853
5.374015 79.35375 160.9897 308.853
5.387904 79.35375 160.9897 308.853
5.401793 79.35375 160.9897 308.853
5.415682 79.35375 160.9897 308.853
5.429571 79.35375 160.9897 308.853
5.44346 79.35375 160.9897 308.853
5.457348 79.35375 160.9897 308.853
5.471237 79.35375 160.9897 308.853
5.485126 79.35375 160.9897 308.853
5.499015 79.35375 160.9897 308.853
5.512904 79.35375 160.9897 308.853
5.526793 79.35375 160.9897 308.853
5.540682 79.35375 160.9897 308.853
5.554571 79.35375 160.9897 308.853
5.56846 79.35375 160.9897 308.853
5.582348 79.35375 160.9897 308.853
5.596237 79.35375 160.9897 308.853
5.610126 79.35375 160.9897 308.853
5.624015 79.35375 160.9897 308.853
5.637904 79.35375 160.9897 308.853
5.651793 79.35375 160.9897 308.853
5.665682 79.35375 160.9897 308.853
5.679571 79.35375 160.9897 308.853
5.69346 79.35375 160.9897 308.853
5.707348 79.35375 160.9897 308.853
5.721237 79.35375 160.9897 308.853
5.735126 79.35375 160.9897 308.853
5.749015 79.35375 160.9897 308.853
5.762904 79.35375 160.9897 308.853
5.776793 79.35375 160.9897 308.853
5.790682 79.35375 160.9897 308.853
5.804571 79.35375 160.9897 308.853
5.81846 79.35375 160.9897 308.853
5.832348 79.35375 160.9897 308.853
5.846237 79.35375 160.9897 308.853
5.860126 79.35375 160.9897 308.853
5.874015 79.35375 160.9897 308.853
5.887904 79.35375 160.9897 308.853
5.901793 79.35375 160.9897 308.853
5.915682 79.35375 160.9897 308.853
5.929571 79.35375 160.9897 308.853
5.94346 79.35375 160.9897 308.853
5.957348 79.35375 160.9897 308.853
5.971237 79.35375 160.9897 308.853
5.985126 79.35375 160.9897 308.853
5.999015 79.35375 160.9897 308.853
6.012904 79.35375 160.9897 308.853
6.026793 79.35375 160.9897 308.853
6.040682 79.35375 160.9897 308.853
6.054571 79.35375 160.9897 308.853
6.06846 79.35375 160.9897 308.853
6.082348 79.35375 160.9897 308.853
6.096237 79.35375 160.9897 308.853
6.110126 79.35375 160.9897 308.853
6.124015 79.35375 160.9897 308.853
6.137904 79.35375 160.9897 308.853
6.151793 79.35375 160.9897 308.853
6.165682 79.35375 160.9897 308.853
6.179571 79.35375 160.9897 308.853
6.19346 79.35375 160.9897 308.853
6.207348 79.35375 160.9897 308.853
6.221237 79.35375 160.9897 308.853
6.235126 79.35375 160.9897 308.853
6.249015 79.35375 160.9897 308.853
6.262904 79.35375 160.9897 308.853
6.276793 79.35375 160.9897 308.853
6.290682 79.35375 160.9897 308.853
6.304571 79.35375 160.9897 308.853
6.31846 79.35375 160.9897 308.853
6.332348 79.35375 160.9897 308.853
6.346237 79.35375 160.9897 308.853
6.360126 79.35375 160.9897 308.853
6.374015 79.35375 160.9897 308.853
6.387904 79.35375 160.9897 308.853
6.401793 79.35375 160.9897 308.853
6.415682 79.35375 160.9897 308.853
6.429571 79.35375 160.9897 308.853
6.44346 79.35375 160.9897 308.853
6.457348 79.35375 160.9897 308.853
6.471237 79.35375 160.9897 308.853
6.485126 79.35375 160.9897 308.853
6.499015 79.35375 160.9897 308.853
6.512904 79.35375 160.9897 308.853
6.526793 79.35375 160.9897 308.853
6.540682 79.35375 160.9897 308.853
6.554571 79.35375 160.9897 308.853
6.56846 79.35375 160.9897 308.853
6.582348 79.35375 160.9897 308.853
6.596237 79.35375 160.9897 308.853
6.610126 79.35375 160.9897 308.853
6.624015 79.35375 160.9897 308.853
6.637904 79.35375 160.9897 308.853
6.651793 79.35375 160.9897 308.853
6.665682 79.35375 160.9897 308.853
6.679571 79.35375 160.9897 308.853
6.69346 79.35375 160.9897 308.853
6.707348 79.35375 160.9897 308.853
6.721237 79.35375 160.9897 308.853
6.735126 79.35375 160.9897 308.853
6.749015 79.35375 160.9897 308.853
6.762904 79.35375 160.9897 308.853
6.776793 79.35375 160.9897 308.853
6.790682 79.35375 160.9897 308.853
6.804571 79.35375 160.9897 308.853
6.81846 79.35375 160.9897 308.853
6.832348 79.35375 160.9897 308.853
6.846237 79.35375 160.9897 308.853
6.860126 79.35375 160.9897 308.853
6.874015 79.35375 160.9897 308.853
6.887904 79.35375 160.9897 308.853
6.901793 79.35375 160.9897 308.853
6.915682 79.35375 160.9897 308.853
6.929571 79.35375 160.9897 308.853
6.94346 79.35375 160.9897 308.853
6.957348 79.35375 160.9897 308.853
6.971237 79.35375 160.9897 308.853
6.985126 79.35375 160.9897 308.853
6.999015 79.35375 160.9897 308.853
7.012904 79.35375 160.9897 308.853
7.026793 79.35375 160.9897 308.853
7.040682 79.35375 160.9897 308.853
7.054571 79.35375 160.9897 308.853
7.06846 79.35375 160.9897 308.853
7.082348 79.35375 160.9897 308.853
7.096237 79.35375 160.9897 308.853
7.110126 79.35375 160.9897 308.853
7.124015 79.35375 160.9897 308.853
7.137904 79.35375 160.9897 308.853
7.151793 79.35375 160.9897 308.853
7.165682 79.35375 160.9897 308.853
7.179571 79.35375 160.9897 308.853
7.19346 79.35375 160.9897 308.853
7.207348 79.35375 160.9897 308.853
7.221237 79.35375 160.9897 308.853
7.235126 79.35375 160.9897 308.853
7.249015 79.35375 160.9897 308.853
7.262904 79.35375 160.9897 308.853
7.276793 79.35375 160.9897 308.853
7.290682 79.35375 160.9897 308.853
7.304571 79.35375 160.9897 308.853
7.31846 79.35375 160.9897 308.853
7.332348 79.35375 160.9897 308.853
7.346237 79.35375 160.9897 308.853
7.360126 79.35375 160.9897 308.853
7.374015 79.36761 161.0175 308.8849
7.387904 79.36761 161.0175 308.8849
7.401793 79.36761 161.0175 308.8849
7.415682 79.35375 160.9897 308.853
7.429571 79.35375 160.9897 308.853
7.44346 79.35375 160.9897 308.853
7.457348 79.35375 160.9897 308.853
7.471237 79.35375 160.9897 308.853
7.485126 79.35375 160.9897 308.853
7.499015 79.35375 160.9897 308.853
7.512904 79.35375 160.9897 308.853
7.526793 79.35375 160.9897 308.853
7.540682 79.35375 160.9897 308.853
7.554571 79.35375 160.9897 308.853
7.56846 79.35375 160.9897 308.853
7.582348 79.35375 160.9897 308.853
7.596237 79.35375 160.9897 308.853
7.610126 79.35375 160.9897 308.853
7.624015 79.35375 160.9897 308.853
7.637904 79.35375 160.9897 308.853
7.651793 79.35375 160.9897 308.853
7.665682 79.35375 160.9897 308.853
7.679571 79.35375 160.9897 308.853
7.69346 79.35375 160.9897 308.853
7.707348 79.35375 160.9897 308.853
7.721237 79.35375 160.9897 308.853
7.735126 79.35375 160.9897 308.853
7.749015 79.35375 160.9897 308.853
7.762904 79.35375 160.9897 308.853
7.776793 79.35375 160.9897 308.853
7.790682 79.35375 160.9897 308.853
7.804571 79.35375 160.9897 308.853
7.81846 79.35375 160.9897 308.853
7.832348 79.35375 160.9897 308.853
7.846237 79.35375 160.9897 308.853
7.860126 79.35375 160.9897 308.853
7.874015 79.35375 160.9897 308.853
7.887904 79.35375 160.9897 308.853
7.901793 79.35375 160.9897 308.853
7.915682 79.35375 160.9897 308.853
7.929571 79.35375 160.9897 308.853
7.94346 79.35375 160.9897 308.853
7.957348 79.35375 160.9897 308.853
7.971237 79.35375 160.9897 308.853
7.985126 79.35375 160.9897 308.853
7.999015 79.35375 160.9897 308.853
8.012904 79.35375 160.9897 308.853
8.026793 79.35375 160.9897 308.853
8.040682 79.35375 160.9897 308.853
8.054571 79.35375 160.9897 308.853
8.06846 79.35375 160.9897 308.853
8.082349 79.35375 160.9897 308.853
8.096237 79.35375 160.9897 308.853
8.110126 79.35375 160.9897 308.853
8.124015 79.35375 160.9897 308.853
8.137904 79.35375 160.9897 308.853
8.151793 79.35375 160.9897 308.853
8.165682 79.35375 160.9897 308.853
8.179571 79.35375 160.9897 308.853
8.19346 79.35375 160.9897 308.853
8.207349 79.35375 160.9897 308.853
8.221237 79.35375 160.9897 308.853
8.235126 79.35375 160.9897 308.853
8.249015 79.35375 160.9897 308.853
8.262904 79.35375 160.9897 308.853
8.276793 79.35375 160.9897 308.853
8.290682 79.35375 160.9897 308.853
8.304571 79.35375 160.9897 308.853
8.31846 79.35375 160.9897 308.853
8.332349 79.35375 160.9897 308.853
8.346237 79.35375 160.9897 308.853
8.360126 79.35375 160.9897 308.853
8.374015 79.35375 160.9897 308.853
8.387904 79.35375 160.9897 308.853
8.401793 79.35375 160.9897 308.853
8.415682 79.35375 160.9897 308.853
8.429571 79.35375 160.9897 308.853
8.44346 79.35375 160.9897 308.853
8.457349 79.35375 160.9897 308.853
8.471237 79.35375 160.9897 308.853
8.485126 79.35375 160.9897 308.853
8.499015 79.35375 160.9897 308.853
8.512904 79.35375 160.9897 308.853
8.526793 79.35375 160.9897 308.853
8.540682 79.35375 160.9897 308.853
8.554571 79.35375 160.9897 308.853
8.56846 79.35375 160.9897 308.853
8.582349 79.35375 160.9897 308.853
8.596237 79.35375 160.9897 308.853
8.610126 79.35375 160.9897 308.853
8.624015 79.35375 160.9897 308.853
8.637904 79.35375 160.9897 308.853
8.651793 79.35375 160.9897 308.853
8.665682 79.35375 160.9897 308.853
8.679571 79.35375 160.9897 308.853
8.69346 79.35375 160.9897 308.853
8.707349 79.35375 160.9897 308.853
