-0.03333334 4.899591 269.0863 1.442987
0.03333334 4.501556 267.9586 0.837674
0.06666667 4.899419 267.7391 0.5335358
0.06666667 4.580048 268.3057 0.4160855
0.1 5.508935 268.9359 359.7345
0.1333333 5.271003 269.7755 0.7073236
0.1666667 4.240712 269.9599 1.659349
0.1666667 3.84773 269.6835 1.438665
0.2 3.904557 269.5466 1.924795
0.2333333 2.719026 269.8938 3.214324
0.2666667 2.525054 269.6859 2.355438
0.3 2.316119 269.6545 1.782898
0.3333333 1.75306 269.834 1.640908
0.3333333 1.53104 269.447 2.482858
0.3666667 2.553132 268.8634 2.619332
0.4 2.957045 268.2374 2.323954
0.4333333 3.338363 267.8524 2.175174
0.4666667 2.884323 267.8687 1.424867
0.5 2.51678 267.9958 1.131034
0.5 1.931493 267.8847 0.9040206
0.5333334 1.303174 267.8873 0.8272551
0.5666667 1.120442 268.1722 1.133983
0.6 0.7660154 268.4384 1.358306
0.6 0.8339148 268.7543 1.843307
0.6333333 0.4306354 269.2666 2.144006
0.6666667 0.7596695 269.7316 2.346107
0.7 0.5624292 270.5432 3.117797
0.7333333 0.4709294 271.2197 3.480564
0.7666667 0.5813583 271.4488 2.981188
0.8 0.1007522 272.1621 3.550339
0.8 359.615 272.3095 3.564509
0.8333333 358.98 272.1118 2.603882
0.8666667 359.8638 272.167 2.64073
0.9 359.8075 272.542 2.544131
0.9333333 0.04492728 272.737 2.220943
0.9333333 359.8288 272.5409 1.827642
0.9333333 359.6473 272.291 1.810951
0.9333333 359.6474 272.291 1.810975
0.9333333 1.575721 272.0566 0.6005802
0.9333333 2.553389 272.0887 0.407791
0.9333333 3.147569 272.0254 0.07948311
0.9333333 3.225185 271.9974 0.1172725
1.466667 3.589302 271.9901 0.04739567
1.466667 4.05681 272.0597 0.07158195
1.466667 4.596249 272.2497 0.1613091
1.5 5.276134 272.6566 0.3515746
1.5 6.065419 273.2851 0.4822039
1.533333 6.677279 273.738 0.2731768
1.533333 7.394287 274.1484 359.8863
1.566667 7.956804 274.5996 359.8189
1.566667 8.499256 275.3008 0.0332901
1.566667 9.032485 276.1774 0.2634865
1.6 9.57859 277.0731 0.2712178
1.633333 10.16406 278.1032 359.8364
1.633333 11.69711 280.422 359.8819
1.666667 11.51903 280.9376 0.3243354
1.666667 11.88639 282.0977 0.5804147
1.666667 12.29343 283.3611 0.5870155
1.7 12.71346 284.5279 0.4795439
1.7 12.9946 285.5395 0.4707701
1.7 13.26415 286.61 0.562237
1.733333 13.48034 287.8015 0.7588668
1.733333 13.61138 288.7438 0.91209
1.766667 13.70065 289.5129 1.004986
1.766667 13.74424 290.2843 1.087
1.766667 13.73604 290.8837 1.099405
1.8 13.66934 291.4202 1.207707
1.8 13.50115 291.8736 1.346565
1.833333 13.3567 292.2176 1.383012
1.833333 13.16651 292.4239 1.358973
1.866667 12.99459 292.5262 1.329457
1.866667 12.75987 292.5099 1.323836
1.866667 12.46289 292.4604 1.394629
1.9 12.1352 292.3578 1.503902
1.9 11.80822 292.2986 1.595327
1.933333 11.42328 292.2187 1.621634
1.933333 11.03004 292.1934 1.583322
1.966667 10.73825 292.2205 1.531287
1.966667 10.52007 292.3834 1.585865
1.966667 10.29079 292.6172 1.674095
2 10.08439 292.9949 1.664614
2.033333 9.981852 293.5306 1.509035
2.033333 9.920816 294.1033 1.332411
2.033333 9.786345 294.8239 1.13098
2.066667 9.625455 295.5159 0.9958209
2.066667 9.370898 296.2954 0.9186727
2.066667 9.028915 297.1704 0.8824737
2.1 8.76563 297.7809 0.9148061
2.1 8.282646 298.7394 1.074833
2.1 7.943928 299.3706 1.119939
2.133333 7.48656 300.1143 1.156789
2.133333 7.00427 300.782 0.9816769
2.166667 6.70082 301.2921 0.8412175
2.166667 6.447249 301.9005 1.032831
2.166667 5.945878 302.3749 1.284606
2.2 5.894897 302.2043 1.389729
2.2 5.588305 302.5419 1.477791
2.233333 5.327734 302.8368 1.537279
2.233333 5.1384 303.022 1.572075
2.233333 4.95909 303.1545 1.587835
2.266667 4.73146 303.288 1.632791
2.266667 4.59361 303.374 1.613181
2.3 4.637706 303.4743 1.599849
2.3 4.748366 303.6227 1.583274
2.3 4.868566 303.7532 1.662634
2.333333 4.938753 303.8354 1.627347
2.333333 5.348289 303.7503 1.505928
2.366667 5.891549 303.5851 1.568002
2.366667 6.404098 303.299 1.719386
2.4 6.73192 302.9957 1.734122
2.4 7.236872 302.5883 1.64135
2.4 7.890585 302.1496 1.513385
2.433333 8.450456 301.6392 1.455233
2.433333 8.856782 301.1094 1.522771
2.466667 9.102388 300.5141 1.647399
2.466667 9.305102 299.7253 1.915683
2.5 9.531197 298.9901 2.26447
2.5 9.682343 298.0911 2.637797
2.5 9.750513 297.3903 3.036501
2.533333 9.638308 296.6536 3.291381
2.533333 9.825292 296.0491 3.523619
2.533333 10.21789 295.6354 4.07631
2.566667 10.53378 295.2962 4.581674
2.566667 11.00076 294.9793 4.935101
2.6 11.71256 294.5214 4.934372
2.6 12.80439 294.1476 5.093773
2.633333 14.12869 294.3595 5.786878
2.633333 15.08228 295.014 6.825776
2.633333 15.98211 295.7318 7.754014
2.666667 16.9698 296.1035 8.169945
2.666667 18.32544 296.2172 8.28976
2.7 19.39905 296.0551 8.456911
2.7 20.06572 295.3535 8.663389
2.733333 21.18631 293.8202 8.9766
2.733333 22.17739 292.6664 9.316602
2.766667 23.42786 291.5461 10.04713
2.766667 24.44393 290.5322 10.96028
2.766667 25.04548 289.7101 11.56621
2.8 26.02559 289.0507 11.81131
2.833333 30.16136 287.7189 13.10607
2.833333 31.09595 288.4529 13.39893
2.866667 33.74179 288.9557 14.18729
2.866667 38.5161 289.1046 16.36338
2.9 38.58848 289.7011 17.08809
2.9 38.25942 289.955 17.28649
2.933333 41.57745 290.3358 19.20605
2.933333 40.06353 290.1416 18.31434
2.933333 40.07273 290.1427 18.31967
2.966667 40.04675 290.1396 18.30462
2.966667 40.13718 290.1502 18.35707
3 40.24638 290.1632 18.42056
3 40.3371 290.1741 18.47339
3.033333 40.33823 290.1742 18.47405
3.033333 41.88234 290.3793 19.38918
3.033333 42.91413 290.5382 20.01842
3.066667 42.91413 290.5382 20.01842
3.066667 42.91413 290.5382 20.01842
3.066667 42.91413 290.5382 20.01842
3.1 42.91413 290.5382 20.01842
3.1 42.91413 290.5382 20.01842
3.133333 42.91413 290.5382 20.01842
3.133333 42.91413 290.5382 20.01842
3.166667 42.91413 290.5382 20.01842
3.166667 42.91413 290.5382 20.01842
3.166667 42.91413 290.5382 20.01842
3.2 42.91413 290.5382 20.01842
3.2 42.91413 290.5382 20.01842
3.233333 42.91413 290.5382 20.01842
3.233333 42.91413 290.5382 20.01842
3.266667 42.91413 290.5382 20.01842
3.266667 42.91413 290.5382 20.01842
3.266667 42.91413 290.5382 20.01842
3.3 42.91413 290.5382 20.01842
3.3 42.91413 290.5382 20.01842
3.333333 42.91413 290.5382 20.01842
3.333333 42.91413 290.5382 20.01842
3.333333 42.91413 290.5382 20.01842
3.366667 42.91413 290.5382 20.01842
3.366667 42.91413 290.5382 20.01842
3.4 42.91413 290.5382 20.01842
3.4 42.91413 290.5382 20.01842
3.433333 42.91413 290.5382 20.01842
3.433333 42.91413 290.5382 20.01842
3.466667 42.91413 290.5382 20.01842
3.466667 42.91413 290.5382 20.01842
3.466667 42.91413 290.5382 20.01842
3.5 42.91413 290.5382 20.01842
3.5 42.91413 290.5382 20.01842
3.5 42.91413 290.5382 20.01842
3.533333 42.91413 290.5382 20.01842
3.533333 42.91413 290.5382 20.01842
3.566667 42.91413 290.5382 20.01842
3.566667 42.91413 290.5382 20.01842
3.6 42.91413 290.5382 20.01842
3.6 42.91413 290.5382 20.01842
3.6 42.91413 290.5382 20.01842
3.633333 42.91413 290.5382 20.01842
3.633333 42.91413 290.5382 20.01842
3.666667 42.91413 290.5382 20.01842
3.666667 42.91413 290.5382 20.01842
3.666667 42.91413 290.5382 20.01842
3.7 42.91413 290.5382 20.01842
3.7 42.91413 290.5382 20.01842
3.733333 42.91413 290.5382 20.01842
3.733333 42.91413 290.5382 20.01842
3.766667 42.91413 290.5382 20.01842
3.766667 42.91413 290.5382 20.01842
3.766667 42.91413 290.5382 20.01842
3.8 42.91413 290.5382 20.01842
3.8 42.91413 290.5382 20.01842
3.833333 42.91413 290.5382 20.01842
3.833333 42.91413 290.5382 20.01842
3.833333 42.91413 290.5382 20.01842
3.866667 42.91413 290.5382 20.01842
3.866667 42.91413 290.5382 20.01842
3.9 42.91413 290.5382 20.01842
3.9 42.91413 290.5382 20.01842
3.933333 42.91413 290.5382 20.01842
3.933333 42.91413 290.5382 20.01842
3.933333 42.91413 290.5382 20.01842
3.966667 42.91413 290.5382 20.01842
3.966667 42.91413 290.5382 20.01842
4 42.91413 290.5382 20.01842
4 42.91413 290.5382 20.01842
4 42.91413 290.5382 20.01842
4.033333 42.91413 290.5382 20.01842
4.033333 42.91413 290.5382 20.01842
4.066667 42.91413 290.5382 20.01842
4.066667 42.91413 290.5382 20.01842
4.1 42.91413 290.5382 20.01842
4.1 42.91413 290.5382 20.01842
4.1 42.91413 290.5382 20.01842
4.133333 42.91413 290.5382 20.01842
4.133333 42.91413 290.5382 20.01842
4.166667 42.91413 290.5382 20.01842
4.166667 42.91413 290.5382 20.01842
4.166667 42.91413 290.5382 20.01842
4.2 42.91413 290.5382 20.01842
4.2 42.91413 290.5382 20.01842
4.233333 42.91413 290.5382 20.01842
4.233333 42.91413 290.5382 20.01842
4.266667 42.91413 290.5382 20.01842
4.266667 42.91413 290.5382 20.01842
4.266667 42.91413 290.5382 20.01842
4.333333 42.91413 290.5382 20.01842
4.366667 42.91413 290.5382 20.01842
4.4 42.91413 290.5382 20.01842
