1.506438 0 270 0
1.525276 0 270 0
1.671297 0 270 0
1.691297 0 270 0
1.711297 0 270 0
1.731297 0 270 0
1.751297 0 270 0
1.771297 0 270 0
1.791297 0 270 0
1.811297 0 270 0
1.831297 0 270 0
1.851297 0 270 0
1.871297 0 270 0
1.891297 0 270 0
1.911297 0 270 0
1.931297 0 270 0
1.951297 0 270 0
1.971297 0 270 0
1.991297 0 270 0
2.011297 0 270 0
2.031297 0 270 0
2.051297 0 270 0
2.071297 0 270 0
2.091297 0 270 0
2.111297 0 270 0
2.131297 0 270 0
2.151297 0 270 0
2.171297 0 270 0
2.191297 0 270 0
2.211297 0 270 0
2.231297 0 270 0
2.251297 0 270 0
2.271297 0 270 0
2.291297 0 270 0
2.311297 0 270 0
2.331297 0 270 0
2.351297 0 270 0
2.371297 0 270 0
2.391297 0 270 0
2.411297 0 270 0
2.431297 0 270 0
2.451297 0 270 0
2.471297 0 270 0
2.491297 0 270 0
2.511297 0 270 0
2.531297 0 270 0
2.551297 0 270 0
2.571297 0 270 0
2.591297 0 270 0
2.611297 0 270 0
2.631297 0 270 0
2.651297 0 270 0
2.671297 0 270 0
2.691297 0 270 0
2.711297 0 270 0
2.731297 0 270 0
2.751297 0 270 0
2.771297 0 270 0
2.791297 0 270 0
2.811297 0 270 0
2.831297 0 270 0
2.851297 0 270 0
2.871297 0 270 0
2.891297 0 270 0
2.911297 0 270 0
2.931297 0 270 0
2.951297 0 270 0
2.971297 0 270 0
2.991297 0 270 0
3.011297 0 270 0
3.031297 0 270 0
3.051297 0 270 0
3.071297 0 270 0
3.091297 0 270 0
3.111297 0 270 0
3.131297 0 270 0
3.151297 0 270 0
3.171297 0 270 0
3.191297 0 270 0
3.211297 0 270 0
3.231297 0 270 0
3.251297 0 270 0
3.271297 0 270 0
3.291297 0 270 0
3.311297 0 270 0
3.331297 0 270 0
3.351297 0 270 0
3.371297 0 270 0
3.391297 0 270 0
3.411297 0 270 0
3.431297 0 270 0
3.451297 0 270 0
3.471297 0 270 0
3.491297 0 270 0
3.511297 0 270 0
3.531297 0 270 0
3.551297 0 270 0
3.571297 0 270 0
3.591297 0 270 0
3.611297 0 270 0
3.631297 0 270 0
3.651297 0 270 0
3.671297 0 270 0
3.691297 0 270 0
3.711297 0 270 0
3.731297 0 270 0
3.751297 0 270 0
3.771297 0 270 0
3.791297 0 270 0
3.811297 0 270 0
3.831297 0 270 0
3.851297 0 270 0
3.871297 0 270 0
3.891297 0 270 0
3.911297 0 270 0
3.931297 0 270 0
3.951297 0 270 0
3.971297 0 270 0
3.991297 0 270 0
4.011297 0 270 0
4.031297 0 270 0
4.051297 0 270 0
4.071297 0 270 0
4.091297 0 270 0
4.111297 0 270 0
4.131297 0 270 0
4.151297 0 270 0
4.171297 0 270 0
4.191297 0 270 0
4.211297 0 270 0
4.231297 0 270 0
4.251297 0 270 0
4.271297 0 270 0
4.291297 0 270 0
4.311297 0 270 0
4.331297 0 270 0
4.351297 0 270 0
4.371297 0 270 0
4.391297 0 270 0
4.411297 0 270 0
4.431297 0 270 0
4.451297 0 270 0
4.471297 0 270 0
4.491297 0 270 0
4.511297 0 270 0
4.531297 0 270 0
4.551297 0 270 0
4.571297 0 270 0
4.591297 0 270 0
4.611297 0 270 0
4.631297 0 270 0
4.651297 0 270 0
4.671297 0 270 0
4.691297 0 270 0
4.711297 0 270 0
4.731297 0 270 0
4.751297 0 270 0
4.771297 0 270 0
4.791297 0 270 0
4.811297 0 270 0
4.831297 0 270 0
4.851297 0 270 0
4.871297 0 270 0
4.891297 0 270 0
4.911297 0 270 0
4.931297 0 270 0
4.951297 0 270 0
4.971297 0 270 0
4.991297 0 270 0
5.011297 0 270 0
5.031297 0 270 0
5.051297 0 270 0
5.071297 0 270 0
5.091297 0 270 0
5.111297 0 270 0
5.131297 0 270 0
5.151297 0 270 0
5.171297 0 270 0
5.191297 0 270 0
5.211297 0 270 0
5.231297 0 270 0
5.251297 0 270 0
5.271297 0 270 0
5.291297 0 270 0
5.311297 0 270 0
5.331297 0 270 0
5.351297 0 270 0
5.371297 0 270 0
5.391297 0 270 0
5.411297 0 270 0
5.431297 0 270 0
5.451297 0 270 0
5.471297 0 270 0
5.491297 0 270 0
5.511297 0 270 0
5.531297 0 270 0
5.551297 0 270 0
5.571297 0 270 0
5.591297 0 270 0
5.611297 0 270 0
5.631297 0 270 0
5.651297 0 270 0
5.671297 0 270 0
5.691297 0 270 0
5.711297 0 270 0
5.731297 0 270 0
5.751297 0 270 0
5.771297 0 270 0
5.791297 0 270 0
5.811297 0 270 0
5.831297 0 270 0
5.851297 0 270 0
5.871297 0 270 0
5.891297 0 270 0
5.911297 0 270 0
5.931297 0 270 0
5.951297 0 270 0
5.971297 0 270 0
5.991297 0 270 0
6.011297 0 270 0
6.031297 0 270 0
6.051297 0 270 0
6.071297 0 270 0
6.091297 0 270 0
6.111297 0 270 0
6.131297 0 270 0
6.151297 0 270 0
6.171297 0 270 0
6.191297 0 270 0
6.211297 0 270 0
6.231297 0 270 0
6.251297 0 270 0
6.271297 0 270 0
6.291297 0 270 0
6.311297 0 270 0
6.331297 0 270 0
6.351297 0 270 0
6.371297 0 270 0
6.391297 0 270 0
6.411297 0 270 0
6.431297 0 270 0
6.451297 0 270 0
6.471297 0 270 0
6.491297 0 270 0
6.511297 0 270 0
6.531297 0 270 0
6.551297 0 270 0
6.571297 0 270 0
6.591297 0 270 0
6.611297 0 270 0
6.631297 0 270 0
6.651297 0 270 0
6.671297 0 270 0
6.691297 0 270 0
6.711297 0 270 0
6.731297 0 270 0
6.751297 0 270 0
6.771297 0 270 0
6.791297 0 270 0
6.811297 0 270 0
6.831297 0 270 0
6.851297 0 270 0
6.871297 0 270 0
6.891297 0 270 0
6.911297 0 270 0
6.931297 0 270 0
6.951297 0 270 0
6.971297 0 270 0
6.991297 0 270 0
7.011297 0 270 0
7.031297 0 270 0
7.051297 0 270 0
7.071297 0 270 0
7.091297 0 270 0
7.111297 0 270 0
7.131297 0 270 0
7.151297 0 270 0
7.171297 0 270 0
7.191297 0 270 0
7.211297 0 270 0
7.231297 0 270 0
7.251297 0 270 0
7.271297 0 270 0
7.291297 0 270 0
7.311297 0 270 0
7.331297 0 270 0
7.351297 0 270 0
7.371297 0 270 0
7.391297 0 270 0
7.411297 0 270 0
7.431297 0 270 0
7.451297 0 270 0
7.471297 0 270 0
7.491297 0 270 0
7.511297 0 270 0
7.531297 0 270 0
7.551297 0 270 0
7.571297 0 270 0
7.591297 0 270 0
7.611297 0 270 0
7.631297 0 270 0
7.651297 0 270 0
7.671297 0 270 0
7.691297 0 270 0
7.711297 0 270 0
7.731297 0 270 0
7.751297 0 270 0
7.771297 0 270 0
7.791297 0 270 0
7.811297 0 270 0
7.831297 0 270 0
7.851297 0 270 0
7.871297 0 270 0
7.891297 0 270 0
7.911297 0 270 0
7.931297 0 270 0
7.951297 0 270 0
7.971297 0 270 0
7.991297 0 270 0
8.011297 0 270 0
8.031297 0 270 0
8.051297 0 270 0
8.071297 0 270 0
8.091297 0 270 0
8.111297 0 270 0
8.131297 0 270 0
8.151297 0 270 0
8.171297 0 270 0
8.191297 0 270 0
8.211297 0 270 0
8.231297 0 270 0
8.251297 0 270 0
8.271297 0 270 0
8.291297 0 270 0
8.311296 0 270 0
8.331297 0 270 0
8.351296 0 270 0
8.371297 0 270 0
8.391296 0 270 0
8.411297 0 270 0
8.431296 0 270 0
8.451297 0 270 0
8.471297 0 270 0
8.491297 0 270 0
8.511297 0 270 0
8.531297 0 270 0
8.551297 0 270 0
8.571297 0 270 0
8.591297 0 270 0
8.611297 0 270 0
8.631297 0 270 0
8.651297 0 270 0
8.671297 0 270 0
8.691297 0 270 0
8.711297 0 270 0
8.731297 0 270 0
8.751297 0 270 0
8.771297 0 270 0
8.791297 0 270 0
8.811296 0 270 0
8.831297 0 270 0
8.851296 0 270 0
8.871297 0 270 0
8.891296 0 270 0
8.911297 0 270 0
8.931296 0 270 0
8.951297 0 270 0
8.971297 0 270 0
8.991297 0 270 0
9.011297 0 270 0
9.031297 0 270 0
9.051297 0 270 0
9.071297 0 270 0
9.091297 0 270 0
9.111297 0 270 0
9.131297 0 270 0
9.151297 0 270 0
9.171297 0 270 0
9.191297 0 270 0
9.211297 0 270 0
9.231297 0 270 0
9.251297 0 270 0
9.271297 0 270 0
9.291297 0 270 0
9.311296 0 270 0
9.331297 0 270 0
9.351296 0 270 0
9.371297 0 270 0
9.391296 0 270 0
9.411297 0 270 0
9.431296 0 270 0
9.451297 0 270 0
9.471296 0 270 0
9.491297 0 270 0
9.511297 0 270 0
9.531297 0 270 0
9.551297 0 270 0
9.571297 0 270 0
9.591297 0 270 0
9.611297 0 270 0
9.631297 0 270 0
9.651297 0 270 0
9.671297 0 270 0
9.691297 0 270 0
9.711297 0 270 0
9.731297 0 270 0
9.751297 0 270 0
9.771297 0 270 0
9.791297 0 270 0
9.811296 0 270 0
9.831297 0 270 0
9.851296 0 270 0
9.871297 0 270 0
9.891296 0 270 0
9.911297 0 270 0
9.931296 0 270 0
9.951297 0 270 0
9.971296 0 270 0
9.991297 0 270 0
10.0113 0 270 0
10.0313 0 270 0
10.0513 0 270 0
10.0713 0 270 0
10.0913 0 270 0
10.1113 0 270 0
10.1313 0 270 0
10.1513 0 270 0
10.1713 0 270 0
10.1913 0 270 0
10.2113 0 270 0
10.2313 0 270 0
10.2513 0 270 0
10.2713 0 270 0
10.2913 0 270 0
10.3113 0 270 0
10.3313 0 270 0
10.3513 0 270 0
10.3713 0 270 0
10.3913 0 270 0
10.4113 0 270 0
10.4313 0 270 0
10.4513 0 270 0
10.4713 0 270 0
10.4913 0 270 0
10.5113 0 270 0
10.5313 0 270 0
10.5513 0 270 0
10.5713 0 270 0
10.5913 0 270 0
10.6113 0 270 0
10.6313 0 270 0
10.6513 0 270 0
10.6713 0 270 0
10.6913 0 270 0
10.7113 0 270 0
10.7313 0 270 0
10.7513 0 270 0
10.7713 0 270 0
10.7913 0 270 0
10.8113 0 270 0
10.8313 0 270 0
10.8513 0 270 0
10.8713 0 270 0
10.8913 0 270 0
10.9113 0 270 0
10.9313 0 270 0
10.9513 0 270 0
10.9713 0 270 0
10.9913 0 270 0
11.0113 0 270 0
11.0313 0 270 0
11.0513 0 270 0
11.0713 0 270 0
11.0913 0 270 0
11.1113 0 270 0
11.1313 0 270 0
11.1513 0 270 0
11.1713 0 270 0
11.1913 0 270 0
11.2113 0 270 0
11.2313 0 270 0
11.2513 0 270 0
11.2713 0 270 0
11.2913 0 270 0
11.3113 0 270 0
11.3313 0 270 0
11.3513 0 270 0
11.3713 0 270 0
11.3913 0 270 0
11.4113 0 270 0
11.4313 0 270 0
11.4513 0 270 0
11.4713 0 270 0
11.4913 0 270 0
11.5113 0 270 0
11.5313 0 270 0
11.5513 0 270 0
11.5713 0 270 0
11.5913 0 270 0
11.6113 0 270 0
11.6313 0 270 0
11.6513 0 270 0
11.6713 0 270 0
11.6913 0 270 0
11.7113 0 270 0
11.7313 0 270 0
11.7513 0 270 0
11.7713 0 270 0
11.7913 0 270 0
11.8113 0 270 0
11.8313 0 270 0
11.8513 0 270 0
11.8713 0 270 0
11.8913 0 270 0
11.9113 0 270 0
11.9313 0 270 0
11.9513 0 270 0
11.9713 0 270 0
11.9913 0 270 0
12.0113 0 270 0
12.0313 0 270 0
12.0513 0 270 0
12.0713 0 270 0
12.0913 0 270 0
12.1113 0 270 0
12.1313 0 270 0
12.1513 0 270 0
12.1713 0 270 0
12.1913 0 270 0
12.2113 0 270 0
12.2313 0 270 0
12.2513 0 270 0
12.2713 0 270 0
12.2913 0 270 0
12.3113 0 270 0
12.3313 0 270 0
12.3513 0 270 0
12.3713 0 270 0
12.3913 0 270 0
12.4113 0 270 0
12.4313 0 270 0
12.4513 0 270 0
12.4713 0 270 0
12.4913 0 270 0
12.5113 0 270 0
12.5313 0 270 0
12.5513 0 270 0
12.5713 0 270 0
12.5913 0 270 0
12.6113 0 270 0
12.6313 0 270 0
12.6513 0 270 0
12.6713 0 270 0
12.6913 0 270 0
12.7113 0 270 0
12.7313 0 270 0
12.7513 0 270 0
12.7713 0 270 0
12.7913 0 270 0
12.8113 0 270 0
12.8313 0 270 0
12.8513 0 270 0
12.8713 0 270 0
12.8913 0 270 0
12.9113 0 270 0
12.9313 0 270 0
12.9513 0 270 0
12.9713 0 270 0
12.9913 0 270 0
13.0113 0 270 0
13.0313 0 270 0
13.0513 0 270 0
13.0713 0 270 0
13.0913 0 270 0
13.1113 0 270 0
13.1313 0 270 0
13.1513 0 270 0
13.1713 0 270 0
13.1913 0 270 0
13.2113 0 270 0
13.2313 0 270 0
13.2513 0 270 0
13.2713 0 270 0
13.2913 0 270 0
13.3113 0 270 0
13.3313 0 270 0
13.3513 0 270 0
13.3713 0 270 0
13.3913 0 270 0
13.4113 0 270 0
13.4313 0 270 0
13.4513 0 270 0
13.4713 0 270 0
13.4913 0 270 0
13.5113 0 270 0
13.5313 0 270 0
13.5513 0 270 0
13.5713 0 270 0
13.5913 0 270 0
13.6113 0 270 0
13.6313 0 270 0
13.6513 0 270 0
13.6713 0 270 0
13.6913 0 270 0
13.7113 0 270 0
13.7313 0 270 0
13.7513 0 270 0
13.7713 0 270 0
13.7913 0 270 0
13.8113 0 270 0
13.8313 0 270 0
13.8513 0 270 0
13.8713 0 270 0
13.8913 0 270 0
13.9113 0 270 0
13.9313 0 270 0
13.9513 0 270 0
13.9713 0 270 0
13.9913 0 270 0
14.0113 0 270 0
14.0313 0 270 0
14.0513 0 270 0
14.0713 0 270 0
14.0913 0 270 0
14.1113 0 270 0
14.1313 0 270 0
14.1513 0 270 0
14.1713 0 270 0
14.1913 0 270 0
14.2113 0 270 0
14.2313 0 270 0
14.2513 0 270 0
14.2713 0 270 0
14.2913 0 270 0
14.3113 0 270 0
14.3313 0 270 0
14.3513 0 270 0
14.3713 0 270 0
14.3913 0 270 0
14.4113 0 270 0
14.4313 0 270 0
14.4513 0 270 0
14.4713 0 270 0
14.4913 0 270 0
14.5113 0 270 0
14.5313 0 270 0
14.5513 0 270 0
14.5713 0 270 0
14.5913 0 270 0
14.6113 0 270 0
14.6313 0 270 0
14.6513 0 270 0
14.6713 0 270 0
14.6913 0 270 0
14.7113 0 270 0
14.7313 0 270 0
14.7513 0 270 0
14.7713 0 270 0
14.7913 0 270 0
14.8113 0 270 0
14.8313 0 270 0
14.8513 0 270 0
14.8713 0 270 0
14.8913 0 270 0
14.9113 0 270 0
14.9313 0 270 0
14.9513 0 270 0
14.9713 0 270 0
14.9913 0 270 0
15.0113 0 270 0
15.0313 0 270 0
15.0513 0 270 0
15.0713 0 270 0
15.0913 0 270 0
15.1113 0 270 0
15.1313 0 270 0
15.1513 0 270 0
15.1713 0 270 0
15.1913 0 270 0
15.2113 0 270 0
15.2313 0 270 0
15.2513 0 270 0
15.2713 0 270 0
15.2913 0 270 0
15.3113 0 270 0
15.3313 0 270 0
15.3513 0 270 0
15.3713 0 270 0
15.3913 0 270 0
15.4113 0 270 0
15.4313 0 270 0
15.4513 0 270 0
15.4713 0 270 0
15.4913 0 270 0
15.5113 0 270 0
15.5313 0 270 0
15.5513 0 270 0
15.5713 0 270 0
15.5913 0 270 0
15.6113 0 270 0
15.6313 0 270 0
15.6513 0 270 0
15.6713 0 270 0
15.6913 0 270 0
15.7113 0 270 0
15.7313 0 270 0
15.7513 0 270 0
15.7713 0 270 0
15.7913 0 270 0
15.8113 0 270 0
15.8313 0 270 0
15.8513 0 270 0
15.8713 0 270 0
15.8913 0 270 0
15.9113 0 270 0
15.9313 0 270 0
15.9513 0 270 0
15.9713 0 270 0
15.9913 0 270 0
16.0113 0 270 0
16.0313 0 270 0
16.0513 0 270 0
16.0713 0 270 0
16.0913 0 270 0
16.1113 0 270 0
16.1313 0 270 0
16.1513 0 270 0
16.1713 0 270 0
16.1913 0 270 0
16.2113 0 270 0
16.2313 0 270 0
16.2513 0 270 0
16.2713 0 270 0
16.2913 0 270 0
16.3113 0 270 0
16.3313 0 270 0
16.3513 0 270 0
16.3713 0 270 0
16.3913 0 270 0
16.4113 0 270 0
16.4313 0 270 0
16.4513 0 270 0
16.4713 0 270 0
16.4913 0 270 0
16.5113 0 270 0
16.5313 0 270 0
16.5513 0 270 0
16.5713 0 270 0
16.5913 0 270 0
16.6113 0 270 0
16.6313 0 270 0
16.6513 0 270 0
16.6713 0 270 0
16.6913 0 270 0
16.7113 0 270 0
16.7313 0 270 0
16.7513 0 270 0
16.7713 0 270 0
16.7913 0 270 0
16.8113 0 270 0
16.8313 0 270 0
16.8513 0 270 0
16.8713 0 270 0
16.8913 0 270 0
16.9113 0 270 0
16.9313 0 270 0
16.9513 0 270 0
16.9713 0 270 0
16.9913 0 270 0
17.0113 0 270 0
17.0313 0 270 0
17.0513 0 270 0
17.0713 0 270 0
17.0913 0 270 0
17.1113 0 270 0
17.1313 0 270 0
17.1513 0 270 0
17.1713 0 270 0
17.1913 0 270 0
17.2113 0 270 0
17.2313 0 270 0
17.2513 0 270 0
17.2713 0 270 0
17.2913 0 270 0
17.3113 0 270 0
17.3313 0 270 0
17.3513 0 270 0
17.3713 0 270 0
17.3913 0 270 0
17.4113 0 270 0
17.4313 0 270 0
17.4513 0 270 0
17.4713 0 270 0
17.4913 0 270 0
17.5113 0 270 0
17.5313 0 270 0
17.5513 0 270 0
17.5713 0 270 0
17.5913 0 270 0
17.6113 0 270 0
17.6313 0 270 0
17.6513 0 270 0
17.6713 0 270 0
17.6913 0 270 0
17.7113 0 270 0
17.7313 0 270 0
17.7513 0 270 0
17.7713 0 270 0
17.7913 0 270 0
17.8113 0 270 0
17.8313 0 270 0
17.8513 0 270 0
17.8713 0 270 0
17.8913 0 270 0
17.9113 0 270 0
17.9313 0 270 0
17.9513 0 270 0
17.9713 0 270 0
17.9913 0 270 0
18.0113 0 270 0
18.0313 0 270 0
18.0513 0 270 0
18.0713 0 270 0
18.0913 0 270 0
18.1113 0 270 0
18.1313 0 270 0
18.1513 0 270 0
18.1713 0 270 0
18.1913 0 270 0
18.2113 0 270 0
18.2313 0 270 0
18.2513 0 270 0
18.2713 0 270 0
18.2913 0 270 0
18.3113 0 270 0
18.3313 0 270 0
18.3513 0 270 0
18.3713 0 270 0
18.3913 0 270 0
18.4113 0 270 0
18.4313 0 270 0
18.4513 0 270 0
18.4713 0 270 0
18.4913 0 270 0
18.5113 0 270 0
18.5313 0 270 0
18.5513 0 270 0
18.5713 0 270 0
18.5913 0 270 0
18.6113 0 270 0
18.6313 0 270 0
18.6513 0 270 0
18.6713 0 270 0
18.6913 0 270 0
18.7113 0 270 0
18.7313 0 270 0
18.7513 0 270 0
18.7713 0 270 0
18.7913 0 270 0
18.8113 0 270 0
18.8313 0 270 0
18.8513 0 270 0
18.8713 0 270 0
18.8913 0 270 0
18.9113 0 270 0
18.9313 0 270 0
18.9513 0 270 0
18.9713 0 270 0
18.9913 0 270 0
19.0113 0 270 0
19.0313 0 270 0
19.0513 0 270 0
19.0713 0 270 0
19.0913 0 270 0
19.1113 0 270 0
19.1313 0 270 0
19.1513 0 270 0
19.1713 0 270 0
19.1913 0 270 0
19.2113 0 270 0
19.2313 0 270 0
19.2513 0 270 0
19.2713 0 270 0
19.2913 0 270 0
19.3113 0 270 0
19.3313 0 270 0
19.3513 0 270 0
19.3713 0 270 0
19.3913 0 270 0
19.4113 0 270 0
19.4313 0 270 0
19.4513 0 270 0
19.4713 0 270 0
19.4913 0 270 0
19.5113 0 270 0
19.5313 0 270 0
19.5513 0 270 0
19.5713 0 270 0
19.5913 0 270 0
19.6113 0 270 0
19.6313 0 270 0
19.6513 0 270 0
19.6713 0 270 0
19.6913 0 270 0
19.7113 0 270 0
19.7313 0 270 0
19.7513 0 270 0
19.7713 0 270 0
19.7913 0 270 0
19.8113 0 270 0
19.8313 0 270 0
19.8513 0 270 0
19.8713 0 270 0
19.8913 0 270 0
19.9113 0 270 0
19.9313 0 270 0
19.9513 0 270 0
19.9713 0 270 0
19.9913 0 270 0
20.0113 0 270 0
20.0313 0 270 0
20.0513 0 270 0
20.0713 0 270 0
20.0913 0 270 0
20.1113 0 270 0
20.1313 0 270 0
20.1513 0 270 0
20.1713 0 270 0
20.1913 0 270 0
20.2113 0 270 0
20.2313 0 270 0
20.2513 0 270 0
20.2713 0 270 0
20.2913 0 270 0
20.3113 0 270 0
20.3313 0 270 0
20.3513 0 270 0
20.3713 0 270 0
20.3913 0 270 0
20.4113 0 270 0
20.4313 0 270 0
20.4513 0 270 0
20.4713 0 270 0
20.4913 0 270 0
20.5113 0 270 0
20.5313 0 270 0
20.5513 0 270 0
20.5713 0 270 0
20.73103 0 270 0
20.75103 0 270 0
20.77103 0 270 0
20.79103 0 270 0
20.81103 0 270 0
20.83103 0 270 0
20.85103 0 270 0
20.87103 0 270 0
20.89103 0 270 0
20.91103 0 270 0
20.93103 0 270 0
20.95103 0 270 0
20.97103 0 270 0
20.99103 0 270 0
21.01103 0 270 0
21.03103 0 270 0
21.05103 0 270 0
21.07103 0 270 0
21.09103 0 270 0
21.11103 0 270 0
21.13103 0 270 0
21.15103 0 270 0
21.17103 0 270 0
21.19103 0 270 0
21.21103 0 270 0
21.23103 0 270 0
21.25103 0 270 0
21.27103 0 270 0
21.29103 0 270 0
21.31103 0 270 0
21.33103 0 270 0
21.35103 0 270 0
21.37103 0 270 0
21.39103 0 270 0
21.41103 0 270 0
21.43103 0 270 0
21.45103 0 270 0
21.47103 0 270 0
21.49103 0 270 0
21.51103 0 270 0
21.53103 0 270 0
21.55103 0 270 0
21.57103 0 270 0
21.59103 0 270 0
21.61103 0 270 0
21.63103 0 270 0
21.65103 0 270 0
21.67103 0 270 0
21.69103 0 270 0
21.71103 0 270 0
21.73103 0 270 0
21.75103 0 270 0
21.77103 0 270 0
21.79103 0 270 0
21.81103 0 270 0
21.83103 0 270 0
21.85103 0 270 0
21.87103 0 270 0
21.89103 0 270 0
21.91103 0 270 0
21.93103 0 270 0
21.95103 0 270 0
21.97103 0 270 0
21.99103 0 270 0
22.01103 0 270 0
22.03103 0 270 0
22.05103 0 270 0
22.07103 0 270 0
22.09103 0 270 0
22.11103 0 270 0
22.13103 0 270 0
22.15103 0 270 0
22.17103 0 270 0
22.19103 0 270 0
22.21103 0 270 0
22.23103 0 270 0
22.25103 0 270 0
22.27103 0 270 0
22.29103 0 270 0
22.31103 0 270 0
22.33103 0 270 0
22.35103 0 270 0
22.37103 0 270 0
22.39103 0 270 0
22.41103 0 270 0
22.43103 0 270 0
22.45103 0 270 0
22.47103 0 270 0
22.49103 0 270 0
22.51103 0 270 0
22.53103 0 270 0
22.55103 0 270 0
22.57103 0 270 0
22.59103 0 270 0
22.61103 0 270 0
22.63103 0 270 0
22.65103 0 270 0
22.67103 0 270 0
22.69103 0 270 0
22.71103 0 270 0
22.73103 0 270 0
22.75103 0 270 0
22.77103 0 270 0
22.79103 0 270 0
22.81103 0 270 0
22.83103 0 270 0
22.85103 0 270 0
22.87103 0 270 0
22.89103 0 270 0
22.91103 0 270 0
22.93103 0 270 0
22.95103 0 270 0
22.97103 0 270 0
22.99103 0 270 0
23.01103 0 270 0
23.03103 0 270 0
23.05103 0 270 0
23.07103 0 270 0
23.09103 0 270 0
23.11103 0 270 0
23.13103 0 270 0
23.15103 0 270 0
23.17103 0 270 0
23.19103 0 270 0
23.21103 0 270 0
23.23103 0 270 0
23.25103 0 270 0
23.27103 0 270 0
23.29103 0 270 0
23.31103 0 270 0
23.33103 0 270 0
23.35103 0 270 0
23.37103 0 270 0
23.39103 0 270 0
23.41103 0 270 0
23.43103 0 270 0
23.45103 0 270 0
23.47103 0 270 0
23.49103 0 270 0
23.51103 0 270 0
23.53103 0 270 0
23.55103 0 270 0
23.57103 0 270 0
23.59103 0 270 0
23.61103 0 270 0
23.63103 0 270 0
23.65103 0 270 0
23.67103 0 270 0
23.69103 0 270 0
23.71103 0 270 0
23.73103 0 270 0
23.75103 0 270 0
23.77103 0 270 0
23.79103 0 270 0
23.81103 0 270 0
23.83103 0 270 0
23.85103 0 270 0
23.87103 0 270 0
23.89103 0 270 0
23.91103 0 270 0
23.93103 0 270 0
23.95103 0 270 0
23.97103 0 270 0
23.99103 0 270 0
24.01103 0 270 0
24.03103 0 270 0
24.05103 0 270 0
24.07103 0 270 0
24.09103 0 270 0
24.11103 0 270 0
24.13103 0 270 0
24.15103 0 270 0
24.17103 0 270 0
24.19103 0 270 0
24.21103 0 270 0
24.23103 0 270 0
24.25103 0 270 0
24.27103 0 270 0
24.29103 0 270 0
24.31103 0 270 0
24.33103 0 270 0
24.35103 0 270 0
24.37103 0 270 0
24.39103 0 270 0
24.41103 0 270 0
24.43103 0 270 0
24.45103 0 270 0
24.47103 0 270 0
24.49103 0 270 0
24.51103 0 270 0
24.53103 0 270 0
24.55103 0 270 0
24.57103 0 270 0
24.59103 0 270 0
24.61103 0 270 0
24.63103 0 270 0
24.65103 0 270 0
24.67103 0 270 0
24.69103 0 270 0
24.71103 0 270 0
24.73103 0 270 0
24.75103 0 270 0
24.77103 0 270 0
24.79103 0 270 0
24.81103 0 270 0
24.83103 0 270 0
24.85103 0 270 0
24.87103 0 270 0
24.89103 0 270 0
24.91103 0 270 0
24.93103 0 270 0
24.95103 0 270 0
24.97103 0 270 0
24.99103 0 270 0
25.01103 0 270 0
25.03103 0 270 0
25.05103 0 270 0
25.07103 0 270 0
25.09103 0 270 0
25.11103 0 270 0
25.13103 0 270 0
25.15103 0 270 0
25.17103 0 270 0
25.19103 0 270 0
25.21103 0 270 0
