-0.03333334 355.27 294.2169 359.5847
0.03333334 355.2909 294.2124 359.5907
0.03333334 355.3663 294.2148 359.5756
0.03333334 355.3956 294.1783 359.5981
0.06666667 355.3406 294.1836 359.569
0.1 355.3681 294.2073 359.5198
0.1333333 355.3776 294.2391 359.5177
0.1333333 355.0417 294.5281 359.3517
0.1333333 354.8816 294.4325 359.4258
0.1333333 354.7091 294.4193 359.4878
0.1333333 354.3453 294.4312 359.4807
0.5333334 354.2926 294.4446 359.5028
0.5333334 354.2796 294.422 359.5281
0.5666667 354.0569 294.3753 359.5434
0.5666667 354.0255 294.3649 359.5224
0.6 354.006 294.3293 359.502
0.6 353.9139 294.2932 359.5008
0.6 353.8134 294.2554 359.5087
0.6333333 353.6645 294.2029 359.4957
0.6333333 353.5489 294.1784 359.4633
0.6666667 353.4501 294.1551 359.4154
0.6666667 353.3662 294.1403 359.3712
0.7 353.2513 294.1239 359.3546
0.7 353.1558 294.0985 359.3524
0.7 353.0804 294.0638 359.3807
0.7333333 353.0079 294.0215 359.4182
0.7333333 352.8932 293.9824 359.4483
0.7666667 352.7837 293.9508 359.469
0.7666667 352.6638 293.9144 359.4936
0.7666667 352.5651 293.8839 359.4909
0.8 352.4478 293.8433 359.5113
0.8 352.3011 293.7819 359.5173
0.8333333 352.1947 293.7361 359.5359
0.8333333 352.0387 293.6695 359.5597
0.8666667 351.889 293.5969 359.5768
0.8666667 351.7276 293.523 359.5989
0.8666667 351.5532 293.445 359.6373
0.9 351.3756 293.3538 359.6711
0.9 351.1487 293.2624 359.6961
0.9333333 350.8827 293.1452 359.7349
0.9333333 350.6827 293.0614 359.75
0.9666666 350.4427 292.9009 359.7921
0.9666666 350.1535 292.7126 359.8263
0.9666666 349.8771 292.5151 359.8495
1 349.546 292.2594 359.8454
1 349.2936 291.9907 359.834
1.033333 349.1198 291.7268 359.8662
1.033333 348.9635 291.431 359.8985
1.033333 348.7716 291.0898 359.9474
1.066667 348.5779 290.7733 -0.005036699
1.066667 348.3955 290.4385 0.05251806
1.1 348.2388 290.0352 0.1178747
1.1 348.1456 289.7247 0.1642587
1.133333 348.0118 289.3015 0.2594386
1.133333 347.8532 288.8409 0.3483234
1.166667 347.7415 288.4573 0.3973689
1.166667 347.6531 288.0135 0.4503846
1.166667 347.6001 287.5022 0.506448
1.2 347.5622 287.0781 0.5567218
1.2 347.526 286.5541 0.6273816
1.2 347.4653 286.0221 0.7065555
1.233333 347.428 285.6276 0.7437991
1.233333 347.3887 285.1995 0.7545422
1.266667 347.3854 284.8131 0.7714877
1.266667 347.4249 284.5017 0.7999077
1.3 347.4593 284.1343 0.8401446
1.3 347.4763 283.8345 0.9092223
1.3 347.4734 283.61 0.9790293
1.333333 347.4629 283.3951 1.068326
1.333333 347.4465 283.1753 1.141815
1.366667 347.4365 283.0021 1.198593
1.366667 347.4114 282.8546 1.239677
1.4 347.3488 282.7159 1.28008
1.4 347.3123 282.6532 1.300153
1.4 347.3037 282.6169 1.317133
1.433333 347.3331 282.6336 1.325019
1.433333 347.3761 282.6507 1.330849
1.466667 347.4377 282.6792 1.334646
1.466667 347.4882 282.7569 1.311833
1.466667 347.5715 282.859 1.279189
1.5 347.6628 282.9896 1.251589
1.5 347.7785 283.1293 1.223298
1.533333 347.9395 283.3504 1.18383
1.533333 348.0807 283.5528 1.146402
1.566667 348.2459 283.858 1.103605
1.566667 348.4423 284.2601 1.063672
1.566667 348.5818 284.5902 1.029688
1.6 348.7179 285.0195 0.9925016
1.6 348.8076 285.4313 0.9521218
1.633333 348.891 285.8244 0.9187482
1.633333 348.9693 286.2557 0.8937544
1.666667 349.0283 286.6657 0.8525224
1.666667 349.0734 287.0315 0.7959734
1.666667 349.1293 287.4594 0.72146
1.7 349.185 287.8401 0.6732041
1.7 349.2776 288.294 0.5723552
1.733333 349.359 288.6273 0.4895355
1.733333 349.4078 289.0476 0.368911
1.733333 349.4416 289.4507 0.205066
1.766667 349.5031 289.8545 0.05292971
1.766667 349.6121 290.2272 359.9463
1.8 349.7419 290.6112 359.8333
1.8 349.7962 290.8782 359.7848
1.8 349.8071 291.1694 359.7433
1.833333 349.8014 291.4169 359.7107
1.833333 349.7973 291.6743 359.6444
1.866667 349.8151 291.9336 359.603
1.866667 349.8674 292.1611 359.5836
1.866667 349.9244 292.3934 359.5921
1.9 349.9576 292.5726 359.6055
1.9 349.9729 292.734 359.6006
1.933333 350.0121 292.9199 359.5786
1.933333 350.0529 293.0645 359.5998
1.966667 350.1071 293.226 359.5999
1.966667 350.0926 293.3711 359.602
2 350.0573 293.5463 359.5832
2 350.0014 293.7587 359.549
2 349.9905 293.8799 359.5555
2.033333 349.9868 294.0373 359.5565
2.033333 349.9909 294.2116 359.57
2.066667 349.9855 294.3903 359.5916
2.066667 349.9803 294.5679 359.62
2.066667 349.9911 294.696 359.6705
2.1 349.9993 294.8277 359.7131
2.1 350.0014 294.9691 359.7487
2.133333 350.0169 295.0802 359.787
2.133333 350.0342 295.1718 359.8038
2.166667 350.0555 295.2433 359.8202
2.166667 350.069 295.3003 359.8372
2.166667 350.0761 295.3277 359.8575
2.2 350.0857 295.3173 359.8917
2.2 350.0944 295.2919 359.9075
2.233333 350.0999 295.2428 359.9368
2.233333 350.1042 295.1619 359.9707
2.233333 350.1019 295.067 0.01779845
2.266667 350.112 294.9325 0.0990392
2.3 350.1654 294.759 0.1329751
2.3 350.2097 294.5237 0.2531387
2.333333 350.204 294.4873 0.316887
2.333333 350.2234 294.3592 0.4612894
2.333333 350.2574 294.2269 0.5789244
2.366667 350.3048 294.125 0.641641
2.366667 350.3361 294.0551 0.6815177
2.4 350.3645 293.9709 0.7393893
2.4 350.3933 293.9025 0.7671114
2.4 350.4381 293.853 0.7541592
2.433333 350.4901 293.8012 0.76206
2.433333 350.4752 293.722 0.8018101
2.466667 350.4333 293.6431 0.8309727
2.466667 350.415 293.5627 0.8399752
2.466667 350.3863 293.482 0.8654307
2.5 350.3724 293.424 0.8561522
2.5 350.3834 293.3679 0.8681939
2.533333 350.3921 293.2912 0.9260503
2.533333 350.4119 293.1904 1.019281
2.566667 350.4198 293.1008 1.090634
2.566667 350.4203 293.0166 1.165667
2.566667 350.4342 292.9456 1.219545
2.6 350.4714 292.8845 1.247032
2.6 350.5025 292.8407 1.240936
2.633333 350.5171 292.8082 1.209889
2.633333 350.5093 292.7815 1.18357
2.666667 350.5084 292.7447 1.145793
2.666667 350.5222 292.7034 1.130229
2.666667 350.5729 292.6652 1.088873
2.7 350.6023 292.6258 1.086162
2.7 350.6219 292.5942 1.086776
2.733333 350.623 292.5639 1.075777
2.733333 350.6222 292.5331 1.065959
2.766667 350.6453 292.5237 1.012062
2.766667 350.7047 292.533 0.9588025
2.766667 350.7537 292.5432 0.9056185
2.8 350.8164 292.5709 0.8323407
2.8 350.872 292.5751 0.8027595
2.833333 350.9507 292.591 0.7670707
2.833333 351.062 292.6113 0.7223037
2.833333 351.1771 292.6463 0.6747074
2.866667 351.2796 292.6848 0.6199766
2.866667 351.3959 292.7388 0.554213
2.9 351.5014 292.7863 0.4920658
2.9 351.5665 292.8261 0.4476309
2.933333 351.622 292.8525 0.4479478
2.933333 351.6618 292.8641 0.4568585
2.933333 351.6903 292.8746 0.4843321
2.966667 351.7189 292.8575 0.5348823
2.966667 351.7385 292.8596 0.5826764
3 351.7513 292.858 0.6233986
3 351.754 292.8449 0.6682381
3 351.7491 292.8314 0.7013695
3.033333 351.7229 292.8139 0.7420397
3.033333 351.6671 292.7792 0.7830285
3.066667 351.5707 292.7368 0.8204167
3.066667 351.4493 292.671 0.8645289
3.1 351.3248 292.5829 0.904189
3.1 351.2049 292.4788 0.930954
3.1 351.1054 292.4004 0.9511285
3.133333 350.9512 292.2804 0.9357558
3.133333 350.7992 292.2 0.9011617
3.166667 350.6659 292.1028 0.8545278
3.166667 350.5714 292.0178 0.8281831
3.166667 350.4771 291.9217 0.7763016
3.2 350.4081 291.8272 0.7277182
3.2 350.3393 291.7479 0.71249
3.233333 350.2426 291.6574 0.6782221
3.233333 350.1557 291.5766 0.6474788
3.233333 350.0966 291.5239 0.6286069
3.266667 350.0344 291.4573 0.6049219
3.266667 350.0458 291.4101 0.5650837
3.3 350.0708 291.3596 0.5554577
3.3 350.0735 291.3206 0.5652344
3.333333 350.0647 291.2772 0.6014488
3.333333 350.0295 291.2234 0.6600524
3.333333 350.0084 291.1797 0.7078308
3.366667 349.9968 291.1591 0.7310181
3.366667 349.9791 291.1445 0.7532403
3.4 349.9754 291.1311 0.7975177
3.4 349.9342 291.0922 0.8616502
3.433333 349.9198 291.0558 0.9117742
3.433333 349.9095 291.0338 0.9430339
3.433333 349.9229 291.008 0.9690042
3.466667 349.9312 290.9752 1.006313
3.5 349.9072 290.9253 1.047198
3.5 349.8443 290.8284 1.076896
3.5 349.8059 290.7542 1.089636
3.533333 349.8008 290.6916 1.045735
3.533333 349.8212 290.6451 1.012641
3.533333 349.8518 290.5844 0.9931329
3.566667 349.9004 290.5227 0.9672106
3.566667 349.9452 290.476 0.9412655
3.6 349.9864 290.4312 0.8965101
3.6 350.028 290.4225 0.8471417
3.6 350.0847 290.4265 0.7669665
3.633333 350.13 290.4458 0.6981367
3.633333 350.1611 290.4783 0.6322632
3.666667 350.2004 290.5226 0.5515516
3.666667 350.2231 290.5834 0.4949879
3.7 350.2379 290.6451 0.4417688
3.7 350.2606 290.7229 0.3787713
3.7 350.2846 290.813 0.3230726
3.733333 350.318 290.8914 0.2778042
3.733333 350.3679 290.9817 0.2267736
3.766667 350.3965 291.067 0.1785199
3.766667 350.4285 291.154 0.1405632
3.766667 350.4475 291.244 0.09664562
3.8 350.4712 291.3446 0.03877467
3.8 350.4972 291.4216 0.01359161
3.833333 350.5221 291.5029 359.9879
3.833333 350.5432 291.5573 359.9721
3.866667 350.5581 291.6069 359.962
3.866667 350.5865 291.6535 359.951
3.866667 350.5981 291.6745 359.9611
3.9 350.5989 291.6967 359.9724
3.9 350.5948 291.7048 -0.004077365
3.933333 350.5869 291.7007 0.01839897
3.933333 350.5971 291.7058 0.02349392
3.933333 350.6082 291.6946 0.01229783
3.966667 350.5872 291.6748 0.02081739
3.966667 350.5513 291.6555 0.04303217
4 350.5378 291.6171 0.08470191
4 350.5494 291.5969 0.09827691
4.033333 350.5555 291.5961 0.06474761
4.033333 350.5989 291.6235 359.9791
4.033333 350.6552 291.661 359.9126
4.066667 350.6777 291.6877 359.8854
4.066667 350.6728 291.6823 359.9287
4.1 350.6552 291.6374 0.02716515
4.1 350.6606 291.6002 0.08505514
4.1 350.7063 291.5713 0.1276331
4.133333 350.8012 291.5568 0.132725
4.133333 350.9024 291.5318 0.1457236
4.166667 351.0296 291.5089 0.1583811
4.166667 351.1743 293.4824 0.1856169
4.166667 351.2888 295.4531 0.2153384
4.2 351.3963 297.4499 0.226521
4.233333 351.503 299.4568 0.2129349
4.233333 351.5762 301.46 0.2036581
4.266667 351.648 303.4825 0.1803871
4.266667 351.6495 305.5049 0.1548221
4.3 351.6406 307.5148 0.1384635
4.333333 351.8655 309.5433 0.1205087
4.333333 351.7777 311.4959 0.2126547
4.366667 351.8597 313.4493 0.3031976
4.366667 351.8485 315.4074 0.34691
4.4 351.8848 317.3862 0.3891444
4.4 351.8685 319.3638 0.3953641
4.433333 351.8724 321.3473 0.4438027
4.433333 351.7579 323.3713 0.4128627
4.466667 351.4989 325.4319 0.3766288
4.5 351.2766 327.5372 0.2296146
4.5 350.9812 329.6458 0.06465413
4.533333 350.7425 331.7181 359.9366
4.6 350.5993 333.7705 359.8331
4.6 350.3158 335.8342 359.6944
4.633333 350.1145 337.8734 359.6389
4.666667 349.9424 339.8434 359.7161
4.666667 349.8677 341.8234 359.8375
4.7 349.8519 343.7726 359.9901
4.733333 349.8758 345.7139 0.1693212
4.766667 349.9178 347.5837 0.3784222
