1.462603 0 270 0
1.730507 0 270 0
1.830507 0 270 0
1.930507 0 270 0
2.030507 0 270 0
2.130507 0 270 0
2.230507 0 270 0
2.330507 0 270 0
2.430507 0 270 0
2.530507 0 270.15 0
2.630507 0 270.15 0
2.730507 0 270.15 0
2.830507 0 270.15 0
2.930507 0 270.15 0
3.030507 0 270.15 0
3.130507 0 270.15 0
3.230507 0 270.15 0
3.330507 0 270.15 0
3.430507 0 270.15 0
3.530507 0 270.15 0
3.630507 0 270.15 0
3.730507 0 270.15 0
3.830507 0 270.15 0
3.930507 0 270.15 0
4.030507 0 270.15 0
4.130507 0 270.15 0
4.230507 0 270.15 0
4.330507 0 270.15 0
4.430507 0 270.15 0
4.530507 0 270.15 0
4.630507 0 270.15 0
4.730507 0 270.15 0
4.830507 1.5 275.325 -1.067583E-07
4.930507 1.050001 304.275 -2.66849E-08
5.030507 359.85 323.55 3.335064E-09
5.130507 358.4999 340.8 1.067583E-07
5.230507 358.875 341.325 -3.335696E-07
5.330507 359.1 340.8 -3.202046E-07
5.430507 6.465943E-05 331.2 -2.934765E-07
5.530507 0.6750654 329.4 -2.801639E-07
5.630507 0.6750654 329.4 -2.801639E-07
5.730507 0.6750654 329.4 -2.801639E-07
5.830507 0.6750654 329.4 -2.801639E-07
5.930507 0.6750654 329.4 -2.801639E-07
6.030507 0.6750654 329.4 -2.801639E-07
6.130507 0.6750654 329.4 -2.801639E-07
6.230507 0.6750654 329.4 -2.801639E-07
6.330507 0.6750654 329.4 -2.801639E-07
6.430507 0.6750654 329.4 -2.801639E-07
6.530507 0.6750654 329.4 -2.801639E-07
6.630507 0.6750654 329.4 -2.801639E-07
6.730507 0.6750654 329.4 -2.801639E-07
6.830507 0.6750654 329.4 -2.801639E-07
6.930507 0.6750654 329.4 -2.801639E-07
7.030507 0.6750654 329.4 -2.801639E-07
7.130507 0.6750654 329.4 -2.801639E-07
7.230507 0.6750654 329.4 -2.801639E-07
7.330507 0.6750654 329.4 -2.801639E-07
7.430507 0.6750654 329.4 -2.801639E-07
7.530507 0.6750654 329.4 -2.801639E-07
7.630507 0.6750654 329.4 -2.801639E-07
7.730507 0.6750654 329.4 -2.801639E-07
7.830507 0.6750654 329.4 -2.801639E-07
7.930507 0.6750654 329.4 -2.801639E-07
8.030507 0.6750654 329.4 -2.801639E-07
8.130507 0.6750654 329.4 -2.801639E-07
8.230507 0.6750654 329.4 -2.801639E-07
8.330507 0.6750654 329.4 -2.801639E-07
8.430507 0.6750654 329.4 -2.801639E-07
8.530507 0.6750654 329.4 -2.801639E-07
8.630507 0.6750654 329.4 -2.801639E-07
8.730507 0.6750654 329.4 -2.801639E-07
8.830507 0.6750654 329.4 -2.801639E-07
8.930507 0.6750656 327.525 -3.335284E-07
9.030507 358.725 310.65 -2.134962E-07
9.130507 358.575 307.8 -3.202642E-07
9.230507 358.575 307.8 -3.202642E-07
9.330507 358.575 307.8 -3.202642E-07
9.430507 358.575 307.8 -3.202642E-07
9.530507 358.575 307.8 -3.202642E-07
9.630507 358.575 307.8 -3.202642E-07
9.730507 358.575 307.8 -3.202642E-07
9.830507 358.575 307.8 -3.202642E-07
9.930507 359.025 306.975 -2.935272E-07
10.03051 0.3750057 294.225 -3.20172E-07
10.13051 0.4500056 280.5 -3.068344E-07
10.23051 359.85 257.5499 -3.068259E-07
10.33051 359.85 255.525 -3.001558E-07
10.43051 359.85 255.525 -3.001558E-07
10.53051 359.85 255.525 -3.001558E-07
10.63051 0.9750058 251.1 -2.668429E-07
10.73051 3.600007 227.1749 -1.069327E-07
10.83051 5.025007 213.0749 -2.142669E-07
10.93051 5.175006 212.625 2.14317E-07
11.03051 5.175006 212.625 2.14317E-07
11.13051 5.175006 212.625 2.14317E-07
11.23051 5.175006 212.625 2.14317E-07
11.33051 6.225009 202.4249 -5.367735E-07
11.43051 7.725013 186.4498 -8.615929E-07
11.53051 7.875014 178.5748 -6.127584E-07
11.63051 8.475015 169.1248 4.315997E-07
11.73051 8.850014 158.9997 5.400379E-07
11.83051 8.85001 155.5497 1.296091E-06
11.93051 8.85001 155.5497 1.296091E-06
12.03051 8.85001 155.5497 1.296091E-06
12.13051 8.85001 155.5497 1.296091E-06
12.23051 8.85001 155.5497 1.296091E-06
12.33051 8.85001 155.5497 1.296091E-06
12.43051 8.925011 155.1747 1.296356E-06
12.53051 10.87502 150.6747 2.390814E-06
12.63051 12.30002 147.8247 6.335282E-06
12.73051 8.400038 145.4247 6.041224E-06
12.83051 8.400038 145.4247 5.609708E-06
12.93051 8.400038 145.4247 5.609708E-06
13.03051 8.400038 145.4247 5.609708E-06
13.13051 8.400038 145.4247 5.609708E-06
13.23051 8.400038 145.4247 5.609708E-06
13.33051 8.400038 145.4247 5.609708E-06
13.43051 8.400038 145.4247 5.609708E-06
13.53051 8.400038 145.4247 5.609708E-06
13.63051 8.400038 145.4247 5.609708E-06
13.73051 8.400038 145.4247 5.609708E-06
13.83051 8.400038 145.4247 5.609708E-06
13.93051 8.400038 145.4247 5.609708E-06
14.03051 8.400038 145.4247 5.609708E-06
14.13051 8.400038 145.4247 5.609708E-06
14.23051 8.400038 145.4247 5.609708E-06
14.33051 8.400038 145.4247 5.609708E-06
14.43051 8.400038 145.4247 5.609708E-06
14.53051 8.400038 145.4247 5.609708E-06
14.63051 8.400038 145.4247 5.609708E-06
14.73051 8.400038 145.4247 5.609708E-06
14.83051 8.400038 145.4247 5.609708E-06
14.93051 8.400038 145.4247 5.609708E-06
15.03051 8.400038 145.4247 5.609708E-06
15.13051 8.400038 145.4247 5.609708E-06
15.23051 8.400038 145.4247 5.609708E-06
15.33051 8.400038 145.4247 5.609708E-06
15.43051 8.400038 145.4247 5.609708E-06
15.53051 8.400038 145.4247 5.609708E-06
15.63051 7.725047 133.1997 6.461947E-06
15.73051 7.650051 124.5747 8.399046E-06
15.83051 6.900058 113.3997 1.010503E-05
15.93051 6.000064 102.5997 1.051634E-05
16.03051 5.400066 92.99968 1.071975E-05
16.13051 4.125069 85.87469 1.048589E-05
16.23051 2.400072 80.02469 1.057472E-05
16.33051 359.2501 74.2497 1.06464E-05
16.43051 358.2 68.62469 1.062405E-05
16.53051 357.5999 64.34969 1.078836E-05
16.63051 357.5999 61.94968 1.036109E-05
16.73051 356.1749 57.29969 1.048208E-05
16.83051 356.0249 52.8747 1.091186E-05
16.93051 356.0249 52.8747 1.091186E-05
17.03051 356.0249 52.8747 1.091186E-05
17.13051 356.0249 52.8747 1.091186E-05
17.23051 356.4749 45.52472 1.101317E-05
17.33051 356.55 23.17472 1.069155E-05
17.43051 356.55 15.59974 1.042426E-05
17.53051 356.55 14.62473 1.125285E-05
17.63051 356.55 14.62473 1.125285E-05
17.73051 356.55 14.62473 1.125285E-05
17.83051 356.625 4.049704 1.151924E-05
17.93051 356.55 353.1747 1.186762E-05
18.03051 356.2499 348.6747 1.208543E-05
18.13051 356.2499 348.6747 1.208543E-05
18.23051 356.2499 348.6747 1.208543E-05
18.33051 356.2499 348.6747 1.208543E-05
18.43051 356.2499 348.6747 1.208543E-05
18.53051 356.2499 348.6747 1.208543E-05
18.63051 356.2499 348.6747 1.208543E-05
18.73051 356.2499 348.6747 1.208543E-05
18.83051 356.2499 348.6747 1.208543E-05
18.93051 356.2499 348.6747 1.208543E-05
19.03051 356.2499 348.6747 1.208543E-05
19.13051 356.2499 348.6747 1.208543E-05
19.23051 356.2499 348.6747 1.208543E-05
19.33051 356.2499 348.6747 1.208543E-05
19.43051 356.2499 348.6747 1.208543E-05
19.53051 356.2499 348.6747 1.208543E-05
19.63051 356.2499 348.6747 1.208543E-05
19.73051 7.799888 332.9997 1.29262E-05
19.83051 8.849891 327.9747 1.339294E-05
19.93051 6.074894 324.3747 1.352287E-05
20.03051 6.074894 324.3747 1.352287E-05
20.13051 6.074894 324.3747 1.352287E-05
20.23051 6.074894 324.3747 1.352287E-05
20.33051 6.074894 324.3747 1.352287E-05
20.43051 6.074894 324.3747 1.352287E-05
20.53051 6.074894 324.3747 1.352287E-05
20.63051 6.074894 324.3747 1.352287E-05
20.73051 6.074894 324.3747 1.352287E-05
20.83051 6.074894 324.3747 1.352287E-05
20.93051 6.074897 324.3748 1.384485E-05
21.03051 6.055695 314.3748 1.523952E-05
21.13051 6.032657 302.3748 1.523887E-05
21.23051 6.007698 289.3748 1.566742E-05
21.33051 5.982739 276.3748 1.609592E-05
21.43051 5.959699 264.3748 1.566604E-05
21.53051 5.936662 252.3748 1.609457E-05
21.63051 5.913619 240.3748 1.695224E-05
21.73051 5.906142 236.482 -2.145825E-07
21.83051 5.906142 236.482 -2.145825E-07
21.93051 5.906142 236.482 -2.145825E-07
22.03051 5.906142 236.482 -2.145825E-07
22.13051 5.906142 236.482 -2.145825E-07
22.23051 5.756143 236.407 -2.145251E-07
22.33051 352.4062 246.0819 -2.153319E-07
22.43051 347.1561 260.6319 -8.75684E-07
22.53051 344.6812 279.7569 8.852252E-07
22.63051 349.2561 298.2819 -4.345035E-07
22.73051 349.4061 299.032 -3.908604E-06
22.83051 349.4061 299.032 -3.908604E-06
22.93051 347.2311 300.232 -4.377116E-06
23.03051 339.806 313.207 -7.277545E-06
23.13051 340.781 343.057 -1.017186E-05
23.23051 342.9559 1.207071 -1.624133E-05
23.33051 344.231 1.65708 -1.729966E-05
23.43051 347.8309 352.4321 -1.986983E-05
23.53051 353.231 23.70711 -2.299876E-05
23.63051 354.881 32.25713 -2.33585E-05
23.73051 354.881 32.25713 -2.33585E-05
23.83051 354.881 32.25713 -2.33585E-05
23.93051 353.231 13.80714 -2.396599E-05
24.03051 355.3309 348.0071 -2.457418E-05
24.13051 0.8058994 337.6572 -2.47352E-05
24.23051 359.3059 350.5572 -2.482129E-05
24.33051 352.7059 11.03218 -2.54994E-05
24.43051 352.7059 11.03218 -2.54994E-05
24.53051 352.7059 11.03218 -2.54994E-05
24.63051 352.7059 11.03218 -2.54994E-05
24.73051 352.7059 11.03218 -2.54994E-05
24.83051 352.7059 11.03218 -2.54994E-05
24.93051 352.7059 11.03218 -2.54994E-05
25.03051 353.6809 3.982185 -2.774278E-05
25.13051 356.8309 340.8822 -2.843145E-05
25.23051 357.8809 329.7822 -2.856759E-05
25.33051 357.8809 329.7822 -2.856759E-05
25.43051 357.8809 329.7822 -2.856759E-05
25.53051 357.8809 329.7822 -2.856759E-05
25.63051 357.8809 329.7822 -2.856759E-05
25.73051 357.8809 329.7822 -2.856759E-05
25.83051 357.8809 329.7822 -2.856759E-05
25.93051 357.8809 329.7822 -2.856759E-05
26.03051 357.8809 329.7822 -2.856759E-05
26.13051 357.8809 329.7822 -2.856759E-05
26.23051 357.8809 329.7822 -2.856759E-05
26.33051 357.8809 329.7822 -2.856759E-05
26.43051 357.8809 329.7822 -2.856759E-05
26.53051 357.8809 329.7822 -2.856759E-05
26.63051 357.8809 329.7822 -2.856759E-05
26.73051 357.8809 329.7822 -2.856759E-05
26.83051 357.8809 329.7822 -2.856759E-05
26.93051 357.8809 329.7822 -2.856759E-05
27.03051 357.8809 329.7822 -2.856759E-05
27.13051 357.8809 329.7822 -2.856759E-05
27.23051 357.8809 329.7822 -2.856759E-05
27.33051 357.8809 329.7822 -2.856759E-05
27.43051 357.8809 329.7822 -2.856759E-05
27.53051 357.8809 329.7822 -2.856759E-05
27.63051 357.8809 329.7822 -2.856759E-05
27.73051 357.8809 329.7822 -2.856759E-05
27.83051 357.8809 329.7822 -2.856759E-05
27.93051 357.8809 329.7822 -2.856759E-05
28.03051 357.8809 329.7822 -2.856759E-05
28.13051 357.8809 329.7822 -2.856759E-05
28.23051 357.4309 325.8072 -2.868361E-05
28.33051 358.5558 316.3571 -2.887739E-05
28.43051 2.530827 310.3571 -2.873617E-05
28.53051 6.205831 307.5072 -2.898471E-05
28.63051 9.880829 305.1822 -2.859875E-05
28.73051 12.43084 303.7572 -2.710235E-05
28.83051 12.50585 303.7572 -2.623568E-05
28.93051 12.50585 303.7572 -2.623568E-05
29.03051 12.50585 303.7572 -2.623568E-05
29.13051 12.50585 303.7572 -2.623568E-05
29.23051 13.25585 305.5572 -2.587576E-05
29.33051 14.68085 308.9322 -2.427116E-05
29.43051 15.35586 310.5072 -2.257724E-05
29.53051 15.35586 310.5072 -2.257724E-05
29.63051 15.35586 310.5072 -2.257724E-05
29.73051 15.35586 310.5072 -2.257724E-05
29.83051 15.35586 310.5072 -2.257724E-05
29.93051 14.98086 310.3572 -2.253722E-05
30.03051 9.055868 309.9072 -2.226216E-05
30.13051 7.555873 309.9072 -2.282317E-05
30.23051 7.480872 309.9072 -2.260396E-05
30.33051 7.480872 309.9072 -2.260396E-05
30.43051 7.480872 309.9072 -2.260396E-05
30.53051 7.480872 309.9072 -2.260396E-05
30.63051 7.480872 309.9072 -2.260396E-05
30.73051 7.480872 309.9072 -2.260396E-05
30.83051 7.480872 309.9072 -2.260396E-05
30.93051 7.480872 309.9072 -2.260396E-05
31.03051 7.480872 309.9072 -2.260396E-05
31.13051 7.480872 309.9072 -2.260396E-05
31.23051 7.480872 309.9072 -2.260396E-05
31.33051 7.480872 309.9072 -2.260396E-05
31.43051 7.480872 309.9072 -2.260396E-05
31.53051 7.480872 309.9072 -2.260396E-05
31.63051 7.480872 309.9072 -2.260396E-05
31.73051 7.480872 309.9072 -2.260396E-05
31.83051 7.480872 309.9072 -2.260396E-05
31.93051 7.480872 309.9072 -2.260396E-05
32.03051 7.480872 309.9072 -2.260396E-05
32.13051 7.480872 309.9072 -2.260396E-05
32.23051 7.480872 309.9072 -2.260396E-05
32.33051 7.480872 309.9072 -2.260396E-05
32.43051 7.480872 309.9072 -2.260396E-05
32.53051 7.480872 309.9072 -2.260396E-05
32.63051 7.480872 309.9072 -2.260396E-05
32.73051 7.480872 309.9072 -2.260396E-05
32.83051 7.480871 313.2822 -2.389561E-05
32.93051 7.705873 316.3572 -2.584662E-05
33.03051 7.705876 317.7072 -2.735434E-05
33.13051 7.705875 317.7822 -2.886206E-05
33.23051 7.705875 317.7822 -2.886206E-05
33.33051 7.705875 317.7822 -2.886206E-05
33.43051 7.705875 317.7822 -2.886206E-05
33.53051 7.705875 317.7822 -2.886206E-05
33.63051 7.705875 317.7822 -2.886206E-05
33.73051 7.705875 317.7822 -2.886206E-05
33.83051 7.705875 317.7822 -2.886206E-05
33.93051 7.705875 317.7822 -2.886206E-05
34.03051 7.705875 317.7822 -2.886206E-05
34.13051 7.705875 317.7822 -2.886206E-05
34.23051 7.705875 317.7822 -2.886206E-05
34.33051 7.705875 317.7822 -2.886206E-05
34.43051 7.705875 317.7822 -2.886206E-05
34.53051 7.705875 317.7822 -2.886206E-05
34.63051 7.705875 317.7822 -2.886206E-05
34.73051 7.180875 321.0822 -2.839726E-05
34.83051 6.43088 335.1071 -2.856773E-05
34.93051 5.755887 351.4571 -2.794189E-05
35.03051 4.630894 10.73211 -2.936428E-05
35.13051 4.5559 28.8821 -3.05121E-05
35.23051 4.555908 44.48209 -3.211799E-05
35.33051 4.480912 53.48208 -3.297106E-05
35.43051 4.480912 53.48208 -3.297106E-05
35.53051 4.480912 53.48208 -3.297106E-05
35.63051 4.480912 53.48208 -3.297106E-05
35.73051 4.480912 53.48208 -3.297106E-05
35.83051 4.480912 53.48208 -3.297106E-05
35.93051 4.480912 53.48208 -3.297106E-05
36.03051 4.480912 53.48208 -3.297106E-05
36.13051 4.480912 53.48208 -3.297106E-05
36.23051 4.480912 53.48208 -3.297106E-05
36.33051 4.480912 53.48208 -3.297106E-05
36.43051 4.480912 53.48208 -3.297106E-05
36.53051 4.480912 53.48208 -3.297106E-05
36.63051 4.480912 53.48208 -3.297106E-05
36.73051 4.480912 53.48208 -3.297106E-05
36.83051 4.480912 53.48208 -3.297106E-05
36.93051 4.480912 53.48208 -3.297106E-05
37.03051 4.480912 53.48208 -3.297106E-05
37.13051 4.480912 53.48208 -3.297106E-05
37.23051 4.480912 53.48208 -3.297106E-05
37.33051 4.480912 53.48208 -3.297106E-05
37.43051 4.480912 53.48208 -3.297106E-05
37.53051 4.480912 53.48208 -3.297106E-05
37.63051 4.480912 53.48208 -3.297106E-05
37.73051 4.480912 53.48208 -3.297106E-05
37.83051 4.480912 53.48208 -3.297106E-05
37.93051 4.480912 53.48208 -3.297106E-05
38.03051 4.480912 53.48208 -3.297106E-05
38.13051 4.480912 53.48208 -3.297106E-05
38.23051 4.480912 53.48208 -3.297106E-05
38.33051 4.480912 53.48208 -3.297106E-05
38.43051 4.480912 53.48208 -3.297106E-05
38.53051 4.480912 53.48208 -3.297106E-05
38.63051 4.480912 53.48208 -3.297106E-05
38.73051 4.480912 53.48208 -3.297106E-05
38.83051 4.630914 52.13208 -3.297794E-05
38.93051 6.205915 38.70708 -3.349344E-05
39.03051 7.63092 28.20712 -3.294863E-05
39.13051 8.005922 21.60708 -3.545701E-05
39.23051 8.005922 15.23204 -3.675028E-05
39.33051 8.00592 6.606985 -3.836686E-05
39.43051 8.155921 356.257 -4.018698E-05
39.53051 8.230919 346.807 -4.367215E-05
39.63051 8.230923 338.4819 -4.679929E-05
39.73051 8.230926 337.2069 -4.615229E-05
39.83051 8.230935 337.2069 -4.712279E-05
39.93051 8.230935 337.2069 -4.712279E-05
40.03051 8.230935 337.2069 -4.712279E-05
40.13051 8.230935 337.2069 -4.712279E-05
40.23051 8.230935 337.2069 -4.712279E-05
40.33051 8.230935 337.2069 -4.712279E-05
40.43051 8.230935 337.2069 -4.712279E-05
40.53051 8.230935 337.2069 -4.712279E-05
40.63051 8.230935 337.2069 -4.712279E-05
40.73051 8.230933 337.8069 -4.884812E-05
40.83051 8.23093 338.7069 -4.992643E-05
40.93051 8.23093 338.7069 -4.992643E-05
41.03051 8.230928 339.3069 -5.175958E-05
41.13051 8.230928 345.9069 -5.402407E-05
41.23051 8.230927 353.8568 -5.752863E-05
41.33051 8.230927 359.8568 -6.216711E-05
41.43051 8.230929 2.331721 -6.575084E-05
41.53051 8.230928 2.481712 -6.604738E-05
41.63051 8.230927 2.481712 -6.562953E-05
41.73051 8.230928 2.481712 -6.604738E-05
41.83051 8.230927 2.481712 -6.562953E-05
41.93051 8.230927 2.481712 -6.562953E-05
42.03051 8.230928 2.481712 -6.604738E-05
42.13051 8.230927 2.481712 -6.562953E-05
42.23051 8.230928 2.481712 -6.604738E-05
42.33051 8.230927 2.481712 -6.562953E-05
42.43051 8.230928 2.481712 -6.604738E-05
42.53051 8.230927 2.481712 -6.562953E-05
42.63051 8.230928 2.481712 -6.604738E-05
42.73051 8.230927 2.481712 -6.562953E-05
42.83051 8.230928 2.481712 -6.604738E-05
42.93051 8.230928 2.481712 -6.604738E-05
43.03051 8.230928 2.481712 -6.604738E-05
43.13051 8.230928 2.481712 -6.604738E-05
43.23051 8.230927 2.481712 -6.562953E-05
43.33051 8.230927 2.481712 -6.562953E-05
43.43051 8.230928 2.481712 -6.604738E-05
43.53051 8.230931 1.581703 -6.688309E-05
43.63051 8.230931 359.9317 -6.754315E-05
43.73051 8.23093 357.7567 -6.832535E-05
43.83051 8.230928 354.5317 -6.852753E-05
43.93051 8.230928 351.3067 -6.74492E-05
44.03051 8.230927 349.2816 -6.777271E-05
44.13051 8.230927 346.3567 -6.782663E-05
44.23051 8.45593 340.9567 -6.905253E-05
44.33051 8.530936 334.8817 -6.777105E-05
44.43051 8.45594 329.2567 -6.905254E-05
44.53051 8.155949 325.7317 -6.899978E-05
44.63051 7.780951 322.5817 -7.066003E-05
44.73051 7.705952 321.4566 -7.215516E-05
44.83051 7.705952 321.4566 -7.215516E-05
44.93051 7.705952 321.4566 -7.215516E-05
45.03051 7.705952 321.4566 -7.215516E-05
45.13051 7.705952 321.4566 -7.215516E-05
45.23051 7.705952 321.4566 -7.215516E-05
45.33051 7.705952 321.4566 -7.215516E-05
45.43051 7.705952 321.4566 -7.215516E-05
45.53051 7.705952 321.4566 -7.215516E-05
45.63051 7.705952 321.4566 -7.215516E-05
45.73051 7.705952 321.4566 -7.215516E-05
45.83051 7.705952 321.4566 -7.215516E-05
45.93051 7.705952 321.4566 -7.215516E-05
46.03051 7.705952 321.4566 -7.215516E-05
46.13051 7.705952 321.4566 -7.215516E-05
46.23051 7.705952 321.4566 -7.215516E-05
46.33051 7.705952 321.4566 -7.215516E-05
46.43051 7.705952 321.4566 -7.215516E-05
46.53051 7.705952 321.4566 -7.215516E-05
46.63051 7.705952 321.4566 -7.215516E-05
46.73051 7.705952 321.4566 -7.215516E-05
46.83051 7.705952 321.4566 -7.215516E-05
46.93051 7.705952 321.4566 -7.215516E-05
47.03051 7.705952 321.4566 -7.215516E-05
47.13051 7.705952 321.4566 -7.215516E-05
47.23051 7.705952 321.4566 -7.215516E-05
47.33051 7.705952 321.4566 -7.215516E-05
47.43051 7.705952 321.4566 -7.215516E-05
47.53051 7.705952 321.4566 -7.215516E-05
47.63051 7.705952 321.4566 -7.215516E-05
47.73051 7.705952 321.4566 -7.215516E-05
47.83051 7.705952 321.4566 -7.215516E-05
47.93051 7.705952 321.4566 -7.215516E-05
48.03051 7.705952 321.4566 -7.215516E-05
48.13051 7.705952 321.4566 -7.215516E-05
48.23051 7.705952 321.4566 -7.215516E-05
48.33051 7.705952 321.4566 -7.215516E-05
48.43051 7.705952 321.4566 -7.215516E-05
48.53051 7.705952 321.4566 -7.215516E-05
48.63051 7.705952 321.4566 -7.215516E-05
48.73051 7.705952 321.4566 -7.215516E-05
48.83051 7.705952 321.4566 -7.215516E-05
48.93051 7.705952 321.4566 -7.215516E-05
49.03051 7.705952 321.4566 -7.215516E-05
49.13051 7.705952 321.4566 -7.215516E-05
49.23051 7.705952 321.4566 -7.215516E-05
49.33051 7.705952 321.4566 -7.215516E-05
49.43051 7.705952 321.4566 -7.215516E-05
49.53051 7.705952 321.4566 -7.215516E-05
49.63051 7.705952 321.4566 -7.215516E-05
49.73051 7.705952 321.4566 -7.215516E-05
49.83051 7.705952 321.4566 -7.215516E-05
49.93051 7.705952 321.4566 -7.215516E-05
50.03051 7.705952 321.4566 -7.215516E-05
50.13051 7.705952 321.4566 -7.215516E-05
50.23051 7.705952 321.4566 -7.215516E-05
50.33051 7.705954 321.1566 -7.215516E-05
50.43051 7.705958 317.1066 -7.301672E-05
50.53051 7.705963 314.1066 -7.34475E-05
50.63051 7.705968 310.7316 -7.301672E-05
50.73051 7.780975 307.6566 -7.259886E-05
50.83051 7.85597 304.7316 -7.304284E-05
50.93051 7.930969 302.4816 -7.607316E-05
51.03051 7.930977 300.7566 -7.650418E-05
51.13051 7.930986 298.4316 -7.628866E-05
51.23051 7.930991 296.6316 -7.715068E-05
51.33051 7.931008 295.5815 -7.715068E-05
51.43051 7.931017 295.0566 -7.564216E-05
51.53051 7.931009 294.9816 -7.628867E-05
51.63051 7.931009 294.9816 -7.628867E-05
51.73051 7.931009 294.9816 -7.628867E-05
51.83051 7.931009 294.9816 -7.628867E-05
51.93051 7.931009 294.9816 -7.628867E-05
52.03051 7.931009 294.9816 -7.628867E-05
52.13051 7.931009 294.9816 -7.628867E-05
52.23051 7.931009 294.9816 -7.628867E-05
52.33051 7.931009 294.9816 -7.628867E-05
52.43051 7.931009 294.9816 -7.628867E-05
52.53051 7.931009 294.9816 -7.628867E-05
52.63051 7.931009 294.9816 -7.628867E-05
52.73051 7.931009 294.9816 -7.628867E-05
52.83051 7.931009 294.9816 -7.628867E-05
52.93051 7.931009 294.9816 -7.628867E-05
53.03051 7.931009 294.9816 -7.628867E-05
53.13051 7.931009 294.9816 -7.628867E-05
53.23051 7.931009 294.9816 -7.628867E-05
53.33051 7.931009 294.9816 -7.628867E-05
53.43051 7.931009 294.9816 -7.628867E-05
53.53051 7.931009 294.9816 -7.628867E-05
53.63051 7.931009 294.9816 -7.628867E-05
53.73051 7.931009 294.9816 -7.628867E-05
53.83051 7.931009 294.9816 -7.628867E-05
53.93051 7.931009 294.9816 -7.628867E-05
54.03051 7.931009 294.9816 -7.628867E-05
54.13051 7.931009 294.9816 -7.628867E-05
54.23051 7.931009 294.9816 -7.628867E-05
54.33051 7.931009 294.9816 -7.628867E-05
54.43051 7.931009 294.9816 -7.628867E-05
54.53051 7.931009 294.9816 -7.628867E-05
54.63051 7.931009 294.9816 -7.628867E-05
54.73051 7.931009 294.9816 -7.628867E-05
54.83051 7.931009 294.9816 -7.628867E-05
54.93051 7.931009 294.9816 -7.628867E-05
55.03051 7.931009 294.9816 -7.628867E-05
55.13051 7.931009 294.9816 -7.628867E-05
55.23051 7.931009 294.9816 -7.628867E-05
55.33051 7.931009 294.9816 -7.628867E-05
55.43051 7.931009 294.9816 -7.628867E-05
55.53051 7.931009 294.9816 -7.628867E-05
55.63051 7.931009 294.9816 -7.628867E-05
55.73051 7.931009 294.9816 -7.628867E-05
55.83051 7.931009 294.9816 -7.628867E-05
55.93051 7.931009 294.9816 -7.628867E-05
56.03051 7.931009 294.9816 -7.628867E-05
56.13051 7.931009 294.9816 -7.628867E-05
56.23051 7.931009 294.9816 -7.628867E-05
56.33051 7.931009 294.9816 -7.628867E-05
56.43051 7.931009 294.9816 -7.628867E-05
56.53051 7.931009 294.9816 -7.628867E-05
56.63051 7.931009 294.9816 -7.628867E-05
56.73051 7.931009 294.9816 -7.628867E-05
56.83051 7.931009 294.9816 -7.628867E-05
56.93051 7.931009 294.9816 -7.628867E-05
57.03051 7.931009 294.9816 -7.628867E-05
57.13051 7.931009 294.9816 -7.628867E-05
57.23051 7.931009 294.9816 -7.628867E-05
57.33051 7.931009 294.9816 -7.628867E-05
57.43051 7.931009 294.9816 -7.628867E-05
57.53051 7.931009 294.9816 -7.628867E-05
57.63051 7.931009 294.9816 -7.628867E-05
57.73051 7.931009 294.9816 -7.628867E-05
57.83051 7.931009 294.9816 -7.628867E-05
57.93051 7.931009 294.9816 -7.628867E-05
58.03051 7.931009 294.9816 -7.628867E-05
58.13051 7.931009 294.9816 -7.628867E-05
58.23051 7.931009 294.9816 -7.628867E-05
58.33051 7.931009 294.9816 -7.628867E-05
58.43051 7.931009 294.9816 -7.628867E-05
58.53051 7.931009 294.9816 -7.628867E-05
58.63051 7.931009 294.9816 -7.628867E-05
58.73051 7.931009 294.9816 -7.628867E-05
58.83051 7.931009 294.9816 -7.628867E-05
58.93051 7.931009 294.9816 -7.628867E-05
59.03051 7.931009 294.9816 -7.628867E-05
59.13051 7.931009 294.9816 -7.628867E-05
59.23051 7.931009 294.9816 -7.628867E-05
59.33051 7.931009 294.9816 -7.628867E-05
59.43051 7.931009 294.9816 -7.628867E-05
59.53051 7.931009 294.9816 -7.628867E-05
59.63051 7.931009 294.9816 -7.628867E-05
59.73051 7.931009 294.9816 -7.628867E-05
59.83051 7.931009 294.9816 -7.628867E-05
59.93051 7.931009 294.9816 -7.628867E-05
60.03051 7.931009 294.9816 -7.628867E-05
60.13051 7.931009 294.9816 -7.628867E-05
60.23051 7.931009 294.9816 -7.628867E-05
60.33051 7.931009 294.9816 -7.628867E-05
60.43051 7.931009 294.9816 -7.628867E-05
60.53051 7.931009 294.9816 -7.628867E-05
60.63051 7.931009 294.9816 -7.628867E-05
60.73051 7.931009 294.9816 -7.628867E-05
60.83051 7.931009 294.9816 -7.628867E-05
60.93051 7.931009 294.9816 -7.628867E-05
61.03051 7.931009 294.9816 -7.628867E-05
61.13051 7.931009 294.9816 -7.628867E-05
61.23051 7.931009 294.9816 -7.628867E-05
61.33051 7.931009 294.9816 -7.628867E-05
61.43051 7.931009 294.9816 -7.628867E-05
61.53051 7.931009 294.9816 -7.628867E-05
61.63051 7.931009 294.9816 -7.628867E-05
61.73051 7.931009 294.9816 -7.628867E-05
61.83051 7.931009 294.9816 -7.628867E-05
61.93051 7.931009 294.9816 -7.628867E-05
62.03051 7.931009 294.9816 -7.628867E-05
62.13051 7.931009 294.9816 -7.628867E-05
62.23051 7.931009 294.9816 -7.628867E-05
62.33051 7.931009 294.9816 -7.628867E-05
62.43051 7.931009 294.9816 -7.628867E-05
62.53051 7.931009 294.9816 -7.628867E-05
62.63051 7.931009 294.9816 -7.628867E-05
62.73051 7.931009 294.9816 -7.628867E-05
62.83051 7.931009 294.9816 -7.628867E-05
62.93051 7.931009 294.9816 -7.628867E-05
63.03051 7.931009 294.9816 -7.628867E-05
63.13051 7.931009 294.9816 -7.628867E-05
63.23051 7.931009 294.9816 -7.628867E-05
63.33051 7.931009 294.9816 -7.628867E-05
63.43051 7.931009 294.9816 -7.628867E-05
63.53051 7.931009 294.9816 -7.628867E-05
63.63051 7.931009 294.9816 -7.628867E-05
63.73051 7.931009 294.9816 -7.628867E-05
63.83051 7.931009 294.9816 -7.628867E-05
63.93051 7.931009 294.9816 -7.628867E-05
64.03051 7.931009 294.9816 -7.628867E-05
64.13051 7.931009 294.9816 -7.628867E-05
64.23051 7.931009 294.9816 -7.628867E-05
64.33051 7.931009 294.9816 -7.628867E-05
64.43051 7.931009 294.9816 -7.628867E-05
64.53051 7.931009 294.9816 -7.628867E-05
64.63051 7.931009 294.9816 -7.628867E-05
64.73051 7.931009 294.9816 -7.628867E-05
64.83051 7.931009 294.9816 -7.628867E-05
64.93051 7.931009 294.9816 -7.628867E-05
65.03051 7.931009 294.9816 -7.628867E-05
65.13051 7.931009 294.9816 -7.628867E-05
65.23051 7.931009 294.9816 -7.628867E-05
65.33051 7.931009 294.9816 -7.628867E-05
65.43051 7.931009 294.9816 -7.628867E-05
65.53051 7.931009 294.9816 -7.628867E-05
65.63051 7.931009 294.9816 -7.628867E-05
65.73051 7.931009 294.9816 -7.628867E-05
65.83051 7.931009 294.9816 -7.628867E-05
65.93051 7.931009 294.9816 -7.628867E-05
66.03051 7.931009 294.9816 -7.628867E-05
66.13051 7.931009 294.9816 -7.628867E-05
66.23051 7.931009 294.9816 -7.628867E-05
66.33051 7.931009 294.9816 -7.628867E-05
66.43051 7.931009 294.9816 -7.628867E-05
66.53051 7.931009 294.9816 -7.628867E-05
66.63051 7.931009 294.9816 -7.628867E-05
66.73051 7.931009 294.9816 -7.628867E-05
66.83051 7.931009 294.9816 -7.628867E-05
66.93051 7.931009 294.9816 -7.628867E-05
67.03051 7.931009 294.9816 -7.628867E-05
67.13051 7.931009 294.9816 -7.628867E-05
67.23051 7.931009 294.9816 -7.628867E-05
67.33051 7.931009 294.9816 -7.628867E-05
67.43051 7.931009 294.9816 -7.628867E-05
67.53051 7.931009 294.9816 -7.628867E-05
67.63051 7.931009 294.9816 -7.628867E-05
67.73051 7.931009 294.9816 -7.628867E-05
67.83051 7.931009 294.9816 -7.628867E-05
67.93051 7.931009 294.9816 -7.628867E-05
68.03051 7.931009 294.9816 -7.628867E-05
68.13051 7.931009 294.9816 -7.628867E-05
68.23051 7.931009 294.9816 -7.628867E-05
68.33051 7.931009 294.9816 -7.628867E-05
68.43051 7.931009 294.9816 -7.628867E-05
68.53051 7.931009 294.9816 -7.628867E-05
68.63051 7.931009 294.9816 -7.628867E-05
68.73051 7.931009 294.9816 -7.628867E-05
68.83051 7.931009 294.9816 -7.628867E-05
68.93051 7.931009 294.9816 -7.628867E-05
69.03051 7.931009 294.9816 -7.628867E-05
69.13051 7.931009 294.9816 -7.628867E-05
69.23051 7.931009 294.9816 -7.628867E-05
69.33051 7.931009 294.9816 -7.628867E-05
69.43051 7.931009 294.9816 -7.628867E-05
69.53051 7.931009 294.9816 -7.628867E-05
69.63051 7.931009 294.9816 -7.628867E-05
69.73051 7.931009 294.9816 -7.628867E-05
69.83051 7.931009 294.9816 -7.628867E-05
69.93051 7.931009 294.9816 -7.628867E-05
70.03051 7.931009 294.9816 -7.628867E-05
70.13051 7.931009 294.9816 -7.628867E-05
70.23051 7.931009 294.9816 -7.628867E-05
70.33051 7.931009 294.9816 -7.628867E-05
70.43051 7.931009 294.9816 -7.628867E-05
70.53051 7.931009 294.9816 -7.628867E-05
70.63051 7.931009 294.9816 -7.628867E-05
70.73051 7.931009 294.9816 -7.628867E-05
70.83051 7.931009 294.9816 -7.628867E-05
70.93051 7.931009 294.9816 -7.628867E-05
71.03051 7.931009 294.9816 -7.628867E-05
71.13051 7.931009 294.9816 -7.628867E-05
71.23051 7.931009 294.9816 -7.628867E-05
71.33051 7.931009 294.9816 -7.628867E-05
71.43051 7.931009 294.9816 -7.628867E-05
71.53051 7.931009 294.9816 -7.628867E-05
71.63051 7.931009 294.9816 -7.628867E-05
71.73051 7.931009 294.9816 -7.628867E-05
71.83051 7.931009 294.9816 -7.628867E-05
71.93051 7.931009 294.9816 -7.628867E-05
72.03051 7.931009 294.9816 -7.628867E-05
72.13051 7.931009 294.9816 -7.628867E-05
72.23051 7.931009 294.9816 -7.628867E-05
72.33051 7.931009 294.9816 -7.628867E-05
72.43051 7.931009 294.9816 -7.628867E-05
72.53051 7.931009 294.9816 -7.628867E-05
72.63051 7.931009 294.9816 -7.628867E-05
72.73051 7.931009 294.9816 -7.628867E-05
72.83051 7.931009 294.9816 -7.628867E-05
72.93051 7.931009 294.9816 -7.628867E-05
73.03051 7.931009 294.9816 -7.628867E-05
73.13051 7.931009 294.9816 -7.628867E-05
73.23051 7.931009 294.9816 -7.628867E-05
73.33051 7.931009 294.9816 -7.628867E-05
73.43051 7.931009 294.9816 -7.628867E-05
73.53051 7.931009 294.9816 -7.628867E-05
73.63051 7.931009 294.9816 -7.628867E-05
73.73051 7.931009 294.9816 -7.628867E-05
73.83051 7.931009 294.9816 -7.628867E-05
73.93051 7.931009 294.9816 -7.628867E-05
74.03051 7.931009 294.9816 -7.628867E-05
74.13051 7.931009 294.9816 -7.628867E-05
74.23051 7.931009 294.9816 -7.628867E-05
74.33051 7.931009 294.9816 -7.628867E-05
74.43051 7.931009 294.9816 -7.628867E-05
74.53051 7.931009 294.9816 -7.628867E-05
74.63051 7.931009 294.9816 -7.628867E-05
74.73051 7.931009 294.9816 -7.628867E-05
74.83051 7.931009 294.9816 -7.628867E-05
74.93051 7.931009 294.9816 -7.628867E-05
75.03051 7.931009 294.9816 -7.628867E-05
75.13051 7.931009 294.9816 -7.628867E-05
75.23051 7.931009 294.9816 -7.628867E-05
75.33051 7.931009 294.9816 -7.628867E-05
75.43051 7.931009 294.9816 -7.628867E-05
75.53051 7.931009 294.9816 -7.628867E-05
75.63051 7.931009 294.9816 -7.628867E-05
75.73051 7.931009 294.9816 -7.628867E-05
75.83051 7.931009 294.9816 -7.628867E-05
75.93051 7.931009 294.9816 -7.628867E-05
76.03051 7.931009 294.9816 -7.628867E-05
76.13051 7.931009 294.9816 -7.628867E-05
76.23051 7.931009 294.9816 -7.628867E-05
76.33051 7.931009 294.9816 -7.628867E-05
76.43051 7.931009 294.9816 -7.628867E-05
76.53051 7.931009 294.9816 -7.628867E-05
76.63051 7.931009 294.9816 -7.628867E-05
76.73051 7.931009 294.9816 -7.628867E-05
76.83051 7.931009 294.9816 -7.628867E-05
76.93051 7.931009 294.9816 -7.628867E-05
77.03051 7.931009 294.9816 -7.628867E-05
77.13051 7.931009 294.9816 -7.628867E-05
77.23051 7.931009 294.9816 -7.628867E-05
77.33051 7.931009 294.9816 -7.628867E-05
77.43051 7.931009 294.9816 -7.628867E-05
77.53051 7.931009 294.9816 -7.628867E-05
77.63051 7.931009 294.9816 -7.628867E-05
77.73051 7.931009 294.9816 -7.628867E-05
77.83051 7.931009 294.9816 -7.628867E-05
77.93051 7.931009 294.9816 -7.628867E-05
78.03051 7.931009 294.9816 -7.628867E-05
78.13051 7.931009 294.9816 -7.628867E-05
78.23051 7.931009 294.9816 -7.628867E-05
78.33051 7.931009 294.9816 -7.628867E-05
78.43051 7.931009 294.9816 -7.628867E-05
78.53051 7.931009 294.9816 -7.628867E-05
78.63051 7.931009 294.9816 -7.628867E-05
78.73051 7.931009 294.9816 -7.628867E-05
78.83051 7.931009 294.9816 -7.628867E-05
78.93051 7.931009 294.9816 -7.628867E-05
79.03051 6.806012 299.7066 -7.674008E-05
79.13051 5.606015 308.8566 -7.763784E-05
79.23051 4.031019 318.2316 -7.713718E-05
79.33051 3.506021 322.9566 -7.676986E-05
79.43051 3.506021 322.9566 -7.676986E-05
79.53051 3.506021 322.9566 -7.676986E-05
79.63051 3.506021 322.9566 -7.676986E-05
79.73051 3.506021 322.9566 -7.676986E-05
79.83051 3.806023 319.2066 -7.700946E-05
79.93051 4.631024 312.5316 -7.634181E-05
80.03051 5.381024 307.2816 -7.63222E-05
80.13051 6.056025 302.7066 -7.684158E-05
80.23051 6.881025 297.3066 -7.632214E-05
80.33051 6.956025 296.6317 -7.611926E-05
80.43051 6.956025 296.6317 -7.611926E-05
80.53051 6.956025 296.6317 -7.611926E-05
80.63051 6.956025 296.6317 -7.611926E-05
80.73051 6.956025 296.6317 -7.611926E-05
80.83051 6.956025 296.6317 -7.611926E-05
80.93051 6.956025 296.6317 -7.611926E-05
81.03051 6.956025 296.6317 -7.611926E-05
81.13051 6.956025 296.6317 -7.611926E-05
81.23051 6.956025 296.6317 -7.611926E-05
81.33051 6.881025 296.4816 -7.610717E-05
81.43051 6.50603 285.3817 -7.604872E-05
81.53051 6.956032 275.6317 -7.676433E-05
81.63051 6.95604 265.7316 -7.611926E-05
81.73051 6.88105 255.0066 -7.675213E-05
81.83051 6.806054 248.0316 -7.631016E-05
81.93051 6.656059 241.3567 -7.671637E-05
82.03051 6.206064 237.0817 -7.729259E-05
82.13051 5.831065 234.0816 -7.76684E-05
82.23051 5.831065 234.0816 -7.76684E-05
82.33051 5.831065 234.0816 -7.76684E-05
82.43051 5.831065 234.0816 -7.76684E-05
82.53051 5.831065 234.0816 -7.76684E-05
82.63051 5.831065 234.0816 -7.76684E-05
82.73051 5.756066 233.7066 -7.808713E-05
82.83051 4.406071 218.4816 -7.888705E-05
82.93051 3.431077 196.7315 -7.997117E-05
83.03051 3.131078 180.5314 -8.066862E-05
83.13051 3.13108 179.4063 -8.113288E-05
83.23051 3.13108 179.4063 -8.113288E-05
83.33051 3.13108 179.4063 -8.113288E-05
83.43051 3.13108 179.4063 -8.113288E-05
83.53051 3.13108 179.4063 -8.113288E-05
83.63051 2.831081 174.6813 -8.139459E-05
83.73051 2.681083 165.3812 -8.205208E-05
83.83051 2.681084 164.8562 -8.175828E-05
83.93051 2.681084 164.8562 -8.175828E-05
84.03051 3.881084 171.5312 -8.247158E-05
84.13051 6.431092 192.0061 -8.393115E-05
84.23051 6.656096 204.6811 -8.219612E-05
84.33051 6.656099 216.2311 -8.337803E-05
84.43051 6.656107 227.181 -8.466737E-05
84.53051 6.656117 239.781 -8.509716E-05
84.63051 6.431124 250.3559 -8.419967E-05
84.73051 6.431131 257.7059 -8.398488E-05
84.83051 6.131138 266.3309 -8.393649E-05
84.93051 5.531147 273.3058 -8.384677E-05
85.03051 5.531148 273.7559 -8.384677E-05
85.13051 5.531148 273.7559 -8.40612E-05
85.23051 5.531148 273.7559 -8.40612E-05
85.33051 5.531148 273.7559 -8.40612E-05
85.43051 5.531148 273.7559 -8.40612E-05
85.53051 5.531148 273.7559 -8.40612E-05
85.63051 5.531148 273.7559 -8.40612E-05
85.73051 5.531148 273.7559 -8.40612E-05
85.83051 5.531148 273.7559 -8.40612E-05
85.93051 5.531148 273.7559 -8.40612E-05
86.03051 5.531148 273.7559 -8.40612E-05
86.13051 5.531148 273.7559 -8.40612E-05
86.23051 5.531148 273.7559 -8.40612E-05
86.33051 5.531148 273.7559 -8.40612E-05
86.43051 5.531148 273.7559 -8.40612E-05
86.53051 5.531148 273.7559 -8.40612E-05
86.63051 5.531148 273.7559 -8.40612E-05
86.73051 5.531148 273.7559 -8.40612E-05
86.83051 5.531148 273.7559 -8.40612E-05
86.93051 5.531148 273.7559 -8.40612E-05
87.03051 5.531148 273.7559 -8.40612E-05
87.13051 5.531148 273.7559 -8.40612E-05
87.23051 5.531148 273.7559 -8.40612E-05
87.33051 5.531148 273.7559 -8.40612E-05
87.43051 5.531148 273.7559 -8.40612E-05
87.53051 5.531148 273.7559 -8.40612E-05
87.63051 5.531148 273.7559 -8.40612E-05
87.73051 5.531148 273.7559 -8.40612E-05
87.83051 5.531148 273.7559 -8.40612E-05
87.93051 5.531148 273.7559 -8.40612E-05
88.03051 5.531148 273.7559 -8.40612E-05
88.13051 5.531148 273.7559 -8.40612E-05
88.23051 5.531148 273.7559 -8.40612E-05
88.33051 5.531148 273.7559 -8.40612E-05
88.43051 5.531148 273.7559 -8.40612E-05
88.53051 5.531148 273.7559 -8.40612E-05
88.63051 5.531148 273.7559 -8.40612E-05
88.73051 5.531148 273.7559 -8.40612E-05
88.83051 5.531148 273.7559 -8.40612E-05
88.93051 5.531148 273.7559 -8.40612E-05
89.03051 5.531148 273.7559 -8.40612E-05
89.13051 5.531148 273.7559 -8.40612E-05
89.23051 5.531148 273.7559 -8.40612E-05
89.33051 5.531148 273.7559 -8.40612E-05
89.43051 4.631152 275.0309 -8.394388E-05
89.53051 3.806156 277.5809 -8.385476E-05
89.63051 3.281157 280.4309 -8.391411E-05
89.73051 2.756158 284.9309 -8.387357E-05
89.83051 2.45616 288.1559 -8.35331E-05
89.93051 2.306161 290.5559 -8.384445E-05
90.03051 2.306163 291.9059 -8.341721E-05
90.13051 2.306164 293.2559 -8.395125E-05
90.23051 2.231167 294.2309 -8.384011E-05
90.33051 2.231175 294.2309 -8.405371E-05
90.43051 2.231183 294.2309 -8.384011E-05
90.53051 2.231191 294.2309 -8.394691E-05
90.63051 2.231199 294.2309 -8.405371E-05
90.73051 2.231207 294.2309 -8.384011E-05
90.83051 2.231209 294.2309 -8.394689E-05
90.93051 2.231209 294.3059 -8.426731E-05
91.03051 2.231211 294.5309 -8.41605E-05
91.13051 2.231212 294.9059 -8.384008E-05
91.23051 2.231212 294.9059 -8.384008E-05
91.33051 2.231212 294.9059 -8.384008E-05
91.43051 2.231212 294.9059 -8.384008E-05
91.53051 2.231212 294.9059 -8.384008E-05
91.63051 2.231212 294.9059 -8.384008E-05
91.73051 2.231212 294.9059 -8.384008E-05
91.83051 2.231212 294.9059 -8.384008E-05
91.93051 2.231212 294.9059 -8.384008E-05
92.03051 2.231212 294.9059 -8.384008E-05
92.13051 2.231212 294.9059 -8.384008E-05
92.23051 2.231212 294.9059 -8.384008E-05
92.33051 2.231212 294.9059 -8.384008E-05
92.43051 2.231212 294.9059 -8.384008E-05
92.53051 2.231212 294.9059 -8.384008E-05
92.63051 2.231212 294.9059 -8.384008E-05
92.73051 2.231212 294.9059 -8.384008E-05
92.83051 2.231212 294.9059 -8.384008E-05
92.93051 2.231212 294.9059 -8.384008E-05
93.03051 2.231212 294.9059 -8.384008E-05
93.13051 2.231212 294.9059 -8.384008E-05
93.23051 2.231212 294.9059 -8.384008E-05
93.33051 2.231212 294.9059 -8.384008E-05
93.43051 2.231212 294.9059 -8.384008E-05
93.53051 2.231212 294.9059 -8.384008E-05
93.63051 2.231212 294.9059 -8.384008E-05
93.73051 2.231212 294.9059 -8.384008E-05
93.83051 2.231212 294.9059 -8.384008E-05
93.93051 2.231212 294.9059 -8.384008E-05
94.03051 2.231212 294.9059 -8.384008E-05
94.13051 2.231212 294.9059 -8.384008E-05
94.23051 2.231212 294.9059 -8.384008E-05
94.33051 2.231212 294.9059 -8.384008E-05
94.43051 2.231212 294.9059 -8.384008E-05
94.53051 2.231212 294.9059 -8.384008E-05
94.63051 2.231212 294.9059 -8.384008E-05
94.73051 2.231212 294.9059 -8.384008E-05
94.83051 2.231212 294.9059 -8.384008E-05
94.93051 2.231212 294.9059 -8.384008E-05
95.03051 2.231212 294.9059 -8.384008E-05
95.13051 2.231212 294.9059 -8.384008E-05
95.23051 2.231212 294.9059 -8.384008E-05
95.33051 2.231212 294.9059 -8.384008E-05
95.43051 2.231212 294.9059 -8.384008E-05
95.53051 2.231212 294.9059 -8.384008E-05
95.63051 2.231212 294.9059 -8.384008E-05
95.73051 2.231212 294.9059 -8.384008E-05
95.83051 2.231212 294.9059 -8.384008E-05
95.93051 2.231212 294.9059 -8.384008E-05
96.03051 2.231212 294.9059 -8.384008E-05
96.13051 2.231212 294.9059 -8.384008E-05
96.23051 2.231212 294.9059 -8.384008E-05
96.33051 2.231212 294.9059 -8.384008E-05
96.43051 2.231212 294.9059 -8.384008E-05
96.53051 2.231212 294.9059 -8.384008E-05
96.63051 2.231212 294.9059 -8.384008E-05
96.73051 2.231212 294.9059 -8.384008E-05
96.83051 2.231212 294.9059 -8.384008E-05
96.93051 2.231212 294.9059 -8.384008E-05
97.03051 2.231212 294.9059 -8.384008E-05
97.13051 2.231212 294.9059 -8.384008E-05
97.23051 2.231212 294.9059 -8.384008E-05
97.33051 2.231212 294.9059 -8.384008E-05
97.43051 2.231212 294.9059 -8.384008E-05
97.53051 2.231212 294.9059 -8.384008E-05
97.63051 2.231212 294.9059 -8.384008E-05
97.73051 2.231212 294.9059 -8.384008E-05
97.83051 2.231212 294.9059 -8.384008E-05
97.93051 2.231212 294.9059 -8.384008E-05
98.03051 2.231212 294.9059 -8.384008E-05
98.13051 2.231212 294.9059 -8.384008E-05
98.23051 2.231212 294.9059 -8.384008E-05
98.33051 2.231212 294.9059 -8.384008E-05
