1.515766 0 270 0
1.756481 0 270 0
1.856481 0 270 0
1.956481 0 270 0
2.056481 0 270 0
2.156481 0 270 0
2.25648 0 270 0
2.356481 0 270 0
2.456481 0 270 0
2.556481 0 270 0
2.656481 0 270 0
2.75648 0 270 0
2.856481 0 270 0
2.956481 0 270 0
3.056481 0 270 0
3.156481 0 270 0
3.256481 0 270 0
3.356481 0 270 0
3.456481 0 270 0
3.556481 0 270 0
3.656481 0 270 0
3.756481 0 270 0
3.856481 0 270 0
3.956481 0 270 0
4.05648 0 270 0
4.156481 0 270 0
4.256481 0 270 0
4.356481 0 270 0
4.456481 0 270 0
4.55648 0.45 269.625 -2.668125E-08
4.656481 13.425 260.9999 0
4.756481 21.75002 250.7999 9.19213E-07
4.856481 16.05003 236.4748 -8.88403E-07
4.956481 8.850026 232.1998 4.320305E-07
5.05648 6.150034 233.0247 0
5.156481 6.525041 239.3997 -2.14835E-07
5.256481 6.375039 239.6247 -2.147715E-07
5.356481 6.375039 239.6247 -2.147715E-07
5.456481 6.375039 239.6247 -2.147715E-07
5.55648 6.375039 239.6247 -2.147715E-07
5.656481 6.375039 239.6247 -2.147715E-07
5.756481 6.375039 239.6247 -2.147715E-07
5.856481 6.375039 239.6247 -2.147715E-07
5.956481 6.375039 239.6247 -2.147715E-07
6.05648 6.375041 233.9247 2.147715E-07
6.156481 6.82504 224.0247 0
6.256481 6.825045 218.5496 1.504767E-06
6.356481 5.925048 212.6245 8.58359E-07
6.456481 3.600049 204.5996 7.485289E-07
6.55648 2.40005 192.3746 5.073731E-07
6.656481 2.32505 191.3996 4.272386E-07
6.756481 2.32505 191.3996 4.272386E-07
6.856481 2.32505 190.8745 3.204289E-07
6.956481 2.925051 177.1496 1.335762E-07
7.05648 3.075052 175.1995 1.335945E-07
7.156481 3.075052 175.1995 1.335945E-07
7.256481 3.075052 175.1995 1.335945E-07
7.356481 3.075052 175.1995 1.335945E-07
7.456481 3.075052 175.1995 1.335945E-07
7.55648 3.075052 175.1995 1.335945E-07
7.656481 3.075052 175.1995 1.335945E-07
7.756481 3.075049 175.2745 2.003918E-07
7.856481 3.075048 176.6995 3.072674E-07
7.956481 3.000049 183.9745 -6.011334E-08
8.05648 3.000049 183.9745 -6.011334E-08
8.156481 3.000049 183.9745 -6.011334E-08
8.25648 3.000049 183.9745 -6.011334E-08
8.356481 3.000049 183.9745 -6.011334E-08
8.456481 3.000049 183.9745 -6.011334E-08
8.55648 3.000049 183.9745 -6.011334E-08
8.656481 3.000049 183.9745 -6.011334E-08
8.75648 3.000049 183.9745 -6.011334E-08
8.856481 3.000049 183.9745 -6.011334E-08
8.956481 3.000049 183.9745 -6.011334E-08
9.05648 3.000049 183.9745 -6.011334E-08
9.156481 3.000049 183.9745 -6.011334E-08
9.25648 3.000049 183.9745 -6.011334E-08
9.356481 3.000049 183.9745 -6.011334E-08
9.456481 3.000049 183.9745 -6.011334E-08
9.55648 3.000049 183.9745 -6.011334E-08
9.656481 3.000049 183.9745 -6.011334E-08
9.75648 3.525049 176.0995 4.00965E-08
9.856481 2.92505 163.4995 -8.014569E-08
9.956481 0.5250511 147.5244 -2.40134E-07
10.05648 357.2251 126.5244 -5.34235E-07
10.15648 354.0751 113.9994 2.145898E-07
10.25648 353.6251 112.3495 -6.443141E-07
10.35648 353.6251 112.3495 -6.443141E-07
10.45648 353.6251 112.3495 -6.443141E-07
10.55648 351.8251 99.82444 0
10.65648 350.475 90.74947 -4.328543E-07
10.75648 347.5501 81.22448 0
10.85648 344.85 67.87451 -4.422576E-07
10.95648 345.1501 66.97455 1.324912E-06
11.05648 345.1501 66.97455 1.324912E-06
11.15648 345.1501 66.97455 1.324912E-06
11.25648 345.1501 66.97455 1.324912E-06
11.35648 345.1501 66.97455 1.324912E-06
11.45648 345.1501 66.97455 1.324912E-06
11.55648 348.45 80.54956 1.307129E-06
11.65648 351.1501 111.2995 4.320303E-07
11.75648 351.4501 128.2495 0
11.85648 351.9001 140.7745 -1.509159E-06
11.95648 351.9001 143.0995 -1.940348E-06
12.05648 351.9001 144.1495 -1.940348E-06
12.15648 351.6 136.1995 -2.804853E-06
12.25648 347.55 117.7495 -4.37167E-06
12.35648 345.0001 99.22445 -5.303347E-06
12.45648 342.9 78.89947 -6.252834E-06
12.55648 341.55 71.02448 -4.500177E-06
12.65648 340.8749 66.14951 -2.710951E-06
12.75648 340.7249 64.4995 -9.044746E-07
12.85648 345.7499 72.52451 -8.808779E-07
12.95648 346.9499 75.59952 -8.764086E-07
13.05648 346.9499 75.59952 -8.764086E-07
13.15648 346.9499 75.59952 -8.764086E-07
13.25648 346.9499 75.59952 -8.764086E-07
13.35648 346.9499 75.59952 -8.764086E-07
13.45648 346.9499 75.59952 -8.764086E-07
13.55648 349.61 80.9776 -4.340032E-07
13.65648 355.817 93.52628 -2.140135E-07
13.75648 2.024136 106.0749 -3.20365E-07
13.85648 8.231331 118.6236 4.313304E-07
13.95648 13.99513 130.2759 4.399461E-07
14.05648 19.31556 141.032 -1.809396E-06
14.15648 21.37062 145.1866 -1.375216E-06
14.25648 21.37062 145.1866 -1.375216E-06
14.35648 21.37062 145.1866 -1.375216E-06
14.45648 21.37062 145.1866 -1.375216E-06
14.55648 21.37062 145.1866 -1.375216E-06
14.65648 21.37062 145.1866 -1.375216E-06
14.75648 20.55467 138.2345 -9.118225E-07
14.85648 19.1559 126.3163 9.038188E-07
14.95648 17.52399 112.4118 1.790649E-06
15.05648 16.00864 99.50043 0
15.15648 14.37674 85.59591 8.813748E-07
15.25648 12.86139 72.68459 1.75149E-06
15.35648 11.34603 59.77325 2.176979E-06
15.45648 10.18863 49.9118 0
15.55648 10.18863 49.9118 0
15.65648 10.18863 49.9118 0
15.75648 10.18863 49.9118 0
15.85648 10.18863 49.9118 0
15.95648 10.18863 49.9118 0
16.05648 10.18863 49.9118 0
16.15648 10.18863 49.9118 0
16.25648 10.18863 49.9118 0
16.35648 10.18863 49.9118 0
16.45648 10.18863 49.9118 0
16.55648 10.18863 49.9118 0
16.65648 10.18863 49.9118 0
16.75648 10.18863 49.9118 0
16.85648 10.18863 49.9118 0
16.95648 10.18863 49.9118 0
17.05648 10.18863 49.9118 0
17.15648 10.18863 49.9118 0
17.25648 10.18863 49.9118 0
17.35648 10.18863 49.9118 0
17.45648 10.18863 49.9118 0
17.55648 10.18863 49.9118 0
17.65648 10.18863 49.9118 0
17.75648 10.18863 49.9118 0
17.85648 10.18863 49.9118 0
17.95648 10.18863 49.9118 0
18.05648 10.18863 49.9118 0
18.15648 10.18863 49.9118 0
18.25648 10.18863 49.9118 0
18.35648 10.18863 49.9118 0
18.45648 10.18863 49.9118 0
18.55648 10.18863 49.9118 0
18.65648 10.18863 49.9118 0
18.75648 10.18863 49.9118 0
18.85648 10.18863 49.9118 0
18.95648 10.18863 49.9118 0
19.05648 10.18863 49.9118 0
19.15648 10.18863 49.9118 0
19.25648 10.18863 49.9118 0
19.35648 10.18863 49.9118 0
19.45648 10.18863 49.9118 0
19.55648 10.18863 49.9118 0
19.65648 10.18863 49.9118 0
19.75648 10.18863 49.9118 0
19.85648 10.18863 49.9118 0
19.95648 10.18863 49.9118 0
20.05648 10.18863 49.9118 0
20.15648 10.18863 49.9118 0
20.25648 10.18863 49.9118 0
20.35648 10.18863 49.9118 0
20.45648 10.18863 49.9118 0
20.55648 10.18863 49.9118 0
20.65648 10.18863 49.9118 0
20.75648 10.18863 49.9118 0
20.85648 10.18863 49.9118 0
20.95648 10.18863 49.9118 0
21.05648 10.18863 49.9118 0
21.15648 10.18863 49.9118 0
21.25648 10.18863 49.9118 0
21.35648 10.18863 49.9118 0
21.45648 10.18863 49.9118 0
21.55648 10.18863 49.9118 0
21.65648 10.18863 49.9118 0
21.75648 10.18863 49.9118 0
21.85648 10.18863 49.9118 0
21.95648 10.18863 49.9118 0
22.05648 10.18863 49.9118 0
22.15648 10.18863 49.9118 0
22.25648 10.18863 49.9118 0
22.35648 10.18863 49.9118 0
22.45648 10.18863 49.9118 0
22.55648 10.18863 49.9118 0
22.65648 10.18863 49.9118 0
22.75648 10.18863 49.9118 0
22.85648 10.18863 49.9118 0
22.95648 10.18863 49.9118 0
23.05648 10.18863 49.9118 0
23.15648 10.18863 49.9118 0
23.25648 10.18863 49.9118 0
23.35648 10.18863 49.9118 0
23.45648 10.18863 49.9118 0
23.55648 10.18863 49.9118 0
23.65648 10.18863 49.9118 0
23.75648 10.18863 49.9118 0
23.85648 10.18863 49.9118 0
23.95648 10.18863 49.9118 0
24.05648 10.18863 49.9118 0
24.15648 10.18863 49.9118 0
24.25648 10.18863 49.9118 0
24.35648 10.18863 49.9118 0
24.45648 10.18863 49.9118 0
24.55648 12.06363 51.1118 4.36527E-07
24.65648 19.03864 53.51181 0
24.75648 19.03864 53.51181 -9.031785E-07
24.85648 19.03864 53.51181 -9.031785E-07
24.95648 19.03864 53.51181 -9.031785E-07
25.05648 19.03864 53.51181 -9.031785E-07
25.15648 19.03864 53.51181 -9.031785E-07
25.25648 19.03864 53.51181 -9.031785E-07
25.35648 7.713645 51.6368 -2.58471E-06
25.45648 6.063647 51.26179 -3.00502E-06
25.55648 6.138645 51.2618 -3.005441E-06
25.65648 6.138645 51.2618 -3.005441E-06
25.75648 6.138645 51.2618 -3.005441E-06
25.85648 6.138645 51.2618 -3.005441E-06
25.95648 6.138645 51.2618 -3.005441E-06
26.05648 6.138645 51.2618 -3.005441E-06
26.15648 6.138645 51.2618 -3.005441E-06
26.25648 7.899535 62.11997 -2.801348E-06
26.35648 10.14068 75.93945 -4.336614E-06
26.45648 12.22173 88.77183 -4.367863E-06
26.55648 14.46287 102.5913 -4.408577E-06
26.65648 16.86408 117.3979 -3.568558E-06
26.75648 18.94513 130.2303 -6.3187E-06
26.85648 21.02618 143.0626 -9.604098E-06
26.95648 21.37062 145.1866 -1.375216E-06
27.05648 21.37062 145.1866 -1.375216E-06
27.15648 21.37062 145.1866 -1.375216E-06
27.25648 21.37062 145.1866 -1.375216E-06
27.35648 21.37062 145.1866 -1.375216E-06
27.45648 21.37062 145.1866 -1.375216E-06
27.55648 20.90436 141.214 -1.370896E-06
27.65648 19.38903 128.3026 0
27.75648 17.87368 115.3913 2.691211E-06
27.85648 16.24177 101.4868 0
27.95648 14.72643 88.57545 8.827721E-07
28.05648 12.97796 73.67776 4.380768E-07
28.15648 11.57916 61.75962 1.307266E-06
28.25648 10.18863 49.9118 0
28.35648 10.18863 49.9118 0
28.45648 10.18863 49.9118 0
28.55648 10.18863 49.9118 0
28.65648 10.18863 49.9118 0
28.75648 10.18863 49.9118 0
28.85648 10.18863 49.9118 0
28.95648 10.18863 49.9118 0
29.05648 10.18863 49.9118 0
29.15648 10.18863 49.9118 0
29.25648 10.18863 49.9118 0
29.35648 10.18863 49.9118 0
29.45648 10.18863 49.9118 0
29.55648 10.18863 49.9118 0
29.65648 10.18863 49.9118 0
29.75648 11.31363 51.18679 0
29.85648 17.91365 58.68677 8.972722E-07
29.95648 19.86367 62.66178 0
30.05648 9.813666 65.51179 -8.664522E-07
30.15648 8.463667 75.86179 -4.315871E-07
30.25648 12.43867 94.16176 -1.311444E-06
30.35648 12.36368 94.23676 -4.370221E-07
30.45648 11.38867 95.06175 -4.354608E-07
30.55648 11.16367 95.28674 -4.351201E-07
30.65648 11.16367 95.28674 -4.351201E-07
30.75648 11.16367 95.28674 -4.351201E-07
30.85648 11.16367 95.28674 -4.351201E-07
30.95648 11.16367 95.28674 -4.351201E-07
31.05648 11.16367 95.28674 -4.351201E-07
31.15648 11.16367 95.28674 -4.351201E-07
31.25648 11.16367 95.28674 -4.351201E-07
31.35648 11.16367 95.28674 -4.351201E-07
31.45648 11.16367 95.28674 -4.351201E-07
31.55648 11.16367 95.28674 -4.351201E-07
31.65648 11.16367 95.28674 -4.351201E-07
31.75648 11.16367 95.28674 -4.351201E-07
31.85648 11.16367 95.28674 -4.351201E-07
31.95648 11.16367 95.28674 -4.351201E-07
32.05648 11.16367 95.28674 -4.351201E-07
32.15648 11.16367 95.28674 -4.351201E-07
32.25648 11.16367 95.28674 -4.351201E-07
32.35648 11.16367 95.28674 -4.351201E-07
32.45648 11.16367 95.28674 -4.351201E-07
32.55648 11.16367 95.28674 -4.351201E-07
32.65648 11.16367 95.28674 -4.351201E-07
32.75648 11.16367 95.28674 -4.351201E-07
32.85648 11.16367 95.13675 -4.3512E-07
32.95648 10.86368 89.28675 0
33.05648 10.86371 89.28675 -4.346769E-07
33.15648 10.86371 89.28675 -4.346769E-07
33.25648 10.86371 89.28675 -4.346769E-07
33.35648 9.513709 89.06178 0
33.45648 5.013715 88.76178 -2.142632E-07
33.55648 5.013722 88.76178 2.142632E-07
33.65648 5.013729 88.76178 0
33.75648 4.938735 88.68678 0
33.85648 1.863736 71.81179 -5.338908E-08
33.95648 1.113736 67.98678 -1.601128E-07
34.05648 1.113736 67.98678 -1.601128E-07
34.15648 1.113736 67.98678 -1.601128E-07
34.25648 1.113736 67.98678 -1.601128E-07
34.35648 1.113736 67.98678 -1.601128E-07
34.45648 1.113736 65.21178 -1.601128E-07
34.55648 0.9637371 62.96179 2.66842E-08
34.65648 359.3887 53.8868 2.668195E-08
34.75648 358.5637 49.5368 -2.135105E-07
34.85648 356.6137 42.18681 2.138167E-07
34.95648 356.6137 42.18681 4.276335E-07
35.05648 358.0387 48.56182 5.873134E-07
35.15648 2.83865 68.96181 7.479698E-07
35.25648 7.413652 84.56182 4.304855E-07
35.35648 8.31366 88.91183 8.628409E-07
35.45648 8.31366 88.91183 8.628409E-07
35.55648 8.31366 88.91183 8.628409E-07
35.65648 8.31366 88.91183 8.628409E-07
35.75648 8.31366 88.91183 8.628409E-07
35.85648 8.31366 88.91183 8.628409E-07
35.95648 8.31366 88.91183 8.628409E-07
36.05648 8.31366 88.91183 8.628409E-07
36.15648 8.31366 88.91183 8.628409E-07
36.25648 8.31366 88.91183 8.628409E-07
36.35648 8.31366 88.91183 8.628409E-07
36.45648 8.31366 88.91183 8.628409E-07
36.55648 8.31366 88.91183 8.628409E-07
36.65648 8.31366 88.91183 8.628409E-07
36.75648 8.538669 89.73679 4.316715E-07
36.85648 9.588696 92.66177 4.329354E-07
36.95648 12.1387 99.26176 0
37.05648 12.1387 99.26176 -1.309949E-06
37.15648 12.1387 99.33676 -1.746599E-06
37.25648 12.1387 99.33676 -1.746599E-06
37.35648 12.1387 99.33676 -1.746599E-06
37.45648 12.1387 99.33676 -1.746599E-06
37.55648 12.1387 99.33676 -1.746599E-06
37.65648 12.1387 99.33676 -1.746599E-06
37.75648 12.1387 99.33676 -1.746599E-06
37.85648 12.1387 99.33676 -1.746599E-06
37.95648 12.1387 99.33676 -1.746599E-06
38.05648 12.1387 99.33676 -1.746599E-06
38.15648 12.1387 99.33676 -1.746599E-06
38.25648 12.1387 99.33676 -1.746599E-06
38.35648 12.1387 99.33676 -1.746599E-06
38.45648 12.1387 99.33676 -1.746599E-06
38.55648 12.1387 99.33676 -1.746599E-06
38.65648 12.1387 99.33676 -1.746599E-06
38.75648 12.1387 99.33676 -1.746599E-06
38.85648 12.1387 99.33676 -1.746599E-06
38.95648 12.1387 99.33676 -1.746599E-06
39.05648 12.1387 99.33676 -1.746599E-06
39.15648 12.1387 99.33676 -3.493198E-06
39.25648 7.938708 100.6118 -3.44814E-06
39.35648 6.513707 100.8368 -3.866944E-06
39.45648 6.513707 100.8368 -3.866944E-06
39.55648 6.513707 100.8368 -3.866944E-06
39.65648 6.513707 100.8368 -3.866944E-06
39.75648 6.513707 100.8368 -3.866944E-06
39.85648 6.513707 100.8368 -3.866944E-06
39.95648 6.513707 100.8368 -3.866944E-06
40.05648 6.513707 100.8368 -3.866944E-06
40.15648 6.513707 100.8368 -3.866944E-06
40.25648 6.513707 100.8368 -3.866944E-06
40.35648 7.811881 107.7153 -4.308856E-06
40.45648 10.39875 121.4742 -4.340154E-06
40.55648 12.71727 134.2656 -2.625734E-06
40.65648 14.98596 147.066 -3.093417E-06
40.75648 17.33084 160.8678 -2.906728E-06
40.85648 19.15689 173.7371 -2.372539E-06
40.95648 19.51929 180 0
41.05648 19.51929 180 0
41.15648 19.51929 180 0
41.25648 22.8943 180.525 -3.113407E-07
41.35648 26.9443 188.3249 0
41.45648 29.79432 203.0249 -9.8382E-07
41.55648 34.14432 222.2999 9.284337E-06
41.65648 35.79432 229.575 7.368087E-06
41.75648 36.01935 230.7 1.372256E-05
41.85648 36.01935 230.7 1.372256E-05
41.95648 36.01935 230.7 1.372256E-05
42.05648 36.01935 230.7 1.372256E-05
42.15648 36.84436 232.8 9.601745E-06
42.25648 44.19439 249.15 4.763174E-06
42.35648 45.76945 252.825 2.44793E-06
42.45648 45.76944 252.8999 0
42.55648 50.71947 278.9999 8.091135E-06
42.65648 51.69448 284.1749 2.754754E-06
42.75648 51.69448 284.1749 2.754754E-06
42.85648 49.9695 284.6999 2.654788E-06
42.95648 46.81955 284.6999 2.495326E-06
43.05648 44.8696 285.5999 0
43.15648 44.3446 285.6749 2.387681E-06
43.25648 44.3446 285.6749 2.387681E-06
43.35648 44.3446 285.6749 2.387681E-06
43.45648 44.3446 285.6749 2.387681E-06
43.55648 44.3446 285.6749 2.387681E-06
43.65648 44.3446 285.6749 2.387681E-06
43.75648 44.3446 285.6749 2.387681E-06
43.85648 42.24979 290.2149 2.306809E-06
43.95648 36.35905 302.9152 2.12034E-06
44.05648 30.82187 314.6769 1.292445E-05
44.15648 25.23259 326.414 1.415744E-05
44.25648 19.13181 339.0149 2.123664E-05
44.35648 13.54032 350.7509 2.722365E-05
44.45648 8.158551 2.583283 2.917685E-05
44.55648 7.844698 3.310956 2.423922E-07
44.65648 7.844698 3.310956 2.423922E-07
44.75648 7.844698 3.310956 2.423922E-07
44.85648 7.844698 3.310956 2.423922E-07
44.95648 7.844698 3.310956 2.423922E-07
45.05648 7.844698 3.310956 2.423922E-07
45.15648 7.844698 3.310956 2.423922E-07
45.25648 7.844698 3.310956 2.423922E-07
45.35648 7.844698 3.310956 2.423922E-07
45.45648 7.844698 3.310956 2.423922E-07
45.55648 7.844698 3.310956 2.423922E-07
45.65648 7.844698 3.310956 2.423922E-07
45.75648 7.844698 3.310956 2.423922E-07
45.85648 7.844698 3.310956 2.423922E-07
45.95648 7.844698 3.310956 2.423922E-07
46.05648 7.844698 3.310956 2.423922E-07
46.15648 7.844698 3.310956 2.423922E-07
46.25648 7.844698 3.310956 2.423922E-07
46.35648 7.844698 3.310956 2.423922E-07
46.45648 7.844698 3.310956 2.423922E-07
46.55648 7.844698 3.310956 2.423922E-07
46.65648 7.844698 3.310956 2.423922E-07
46.75648 7.619283 355.3141 -2.691808E-08
46.85648 7.347567 342.317 -2.152106E-06
46.95648 7.19512 329.318 -3.011925E-06
47.05648 7.195936 315.318 -3.011931E-06
47.15648 7.418164 302.3201 -3.659164E-06
47.25648 7.863342 290.3286 -3.44751E-06
47.35648 8.277637 276.3358 -4.74519E-06
47.45648 6.449536 270 0
47.55648 6.449536 270 0
47.65648 6.449536 270 0
47.75648 6.449536 270 0
47.85648 6.449536 270 0
47.95648 6.449536 270 0
48.05648 6.449536 270 0
48.15648 6.449536 270 0
48.25648 6.449536 270 0
48.35648 6.449536 270 0
48.45648 6.449536 270 0
48.55648 6.449536 270 0
48.65648 6.449536 270 0
48.75648 6.449536 270 0
48.85648 6.449536 270 0
48.95648 6.449536 270 0
49.05648 6.449536 270 0
49.15648 6.449536 270 0
49.25648 6.449536 270 0
49.35648 6.449536 270 0
49.45648 6.449536 270 0
49.55648 6.449536 270 0
49.65648 6.449536 270 0
49.75648 6.449536 270 0
49.85648 6.449536 270 0
49.95648 6.449536 270 0
50.05648 6.449536 270 0
50.15648 6.449536 270 0
50.25648 6.449536 270 0
50.35648 6.449536 270 0
50.45648 6.449536 270 0
50.55648 6.449536 270 0
50.65648 6.449536 270 0
50.75648 6.449536 270 0
50.85648 6.449536 270 0
50.95648 6.449536 270 0
51.05648 6.449536 270 0
51.15648 6.449536 270 0
51.25648 6.449536 270 0
51.35648 6.449536 270 0
51.45648 6.449536 270 0
51.55648 6.449536 270 0
51.65648 6.449536 270 0
51.75648 6.449536 270 0
51.85648 6.449536 270 0
51.95648 6.449536 270 0
52.05648 6.449536 270 0
52.15648 6.449536 270 0
52.25648 6.449536 270 0
52.35648 6.449536 270 0
52.45648 6.449536 270 0
52.55648 6.449536 270 0
52.65648 6.449536 270 0
52.75648 6.449536 270 0
52.85648 6.449536 270 0
52.95648 6.449536 270 0
53.05648 6.449536 270 0
53.15648 6.449536 270 0
53.25648 6.449536 270 0
53.35648 6.449536 270 0
53.45648 6.449536 270 0
53.55648 6.449536 270 0
53.65648 6.449536 270 0
53.75648 6.449536 270 0
53.85648 6.449536 270 0
53.95648 6.449536 270 0
54.05648 6.449536 270 0
54.15648 6.449536 270 0
54.25648 6.449536 270 0
54.35648 6.449536 270 0
54.45648 6.449536 270 0
54.55648 6.449536 270 0
54.65648 6.449536 270 0
54.75648 6.449536 270 0
54.85648 6.449536 270 0
54.95648 6.449536 270 0
55.05648 6.449536 270 0
55.15648 6.449536 270 0
55.25648 6.449536 270 0
55.35648 6.449536 270 0
55.45648 6.449536 270 0
55.55648 6.449536 270 0
55.65648 6.449536 270 0
55.75648 6.449536 270 0
55.85648 6.449536 270 0
55.95648 6.449536 270 0
56.05648 6.449536 270 0
56.15648 6.449536 270 0
56.25648 6.449536 270 0
56.35648 6.449536 270 0
56.45648 6.449536 270 0
56.55648 6.449536 270 0
56.65648 6.449536 270 0
56.75648 6.449536 270 0
56.85648 6.449536 270 0
56.95648 6.449536 270 0
57.05648 6.449536 270 0
57.15648 6.449536 270 0
57.25648 6.449536 270 0
57.35648 6.449536 270 0
57.45648 6.449536 270 0
57.55648 6.449536 270 0
57.65648 6.449536 270 0
57.75648 6.449536 270 0
57.85648 6.449536 270 0
57.95648 6.449536 270 0
58.05648 6.449536 270 0
58.15648 6.449536 270 0
58.25648 6.449536 270 0
58.35648 6.449536 270 0
58.45648 6.449536 270 0
58.55648 6.449536 270 0
58.65648 6.449536 270 0
58.75648 6.449536 270 0
58.85648 6.449536 270 0
58.95648 6.449536 270 0
59.05648 6.449536 270 0
59.15648 6.449536 270 0
59.25648 6.449536 270 0
59.35648 6.449536 270 0
59.45648 6.449536 270 0
59.55648 6.449536 270 0
59.65648 6.449536 270 0
59.75648 6.449536 270 0
59.85648 6.449536 270 0
59.95648 6.449536 270 0
60.05648 6.449536 270 0
60.15648 6.449536 270 0
60.25648 6.449536 270 0
60.35648 6.449536 270 0
60.45648 6.449536 270 0
60.55648 6.449536 270 0
60.65648 6.449536 270 0
60.75648 6.449536 270 0
60.85648 6.449536 270 0
60.95648 6.449536 270 0
61.05648 6.449536 270 0
61.15648 6.449536 270 0
61.25648 6.449536 270 0
61.35648 6.449536 270 0
61.45648 6.449536 270 0
61.55648 6.449536 270 0
61.65648 6.449536 270 0
61.75648 6.449536 270 0
61.85648 6.449536 270 0
61.95648 6.449536 270 0
62.05648 6.449536 270 0
62.15648 6.449536 270 0
62.25648 6.449536 270 0
62.35648 6.449536 270 0
62.45648 6.449536 270 0
62.55648 6.449536 270 0
62.65648 6.449536 270 0
62.75648 6.449536 270 0
62.85648 6.449536 270 0
62.95648 7.499538 274.725 -4.305699E-07
63.05648 8.699543 279.525 8.637104E-07
63.15648 8.699544 280.2 0
63.25648 9.224551 287.625 4.324798E-07
63.35648 11.47456 292.2 4.355929E-07
63.45648 11.84956 293.775 8.723634E-07
63.55648 12.37455 299.25 -8.740806E-07
63.65648 14.47457 308.25 -4.40881E-07
63.75648 14.54957 310.8 4.410303E-07
63.85648 15.74957 321 -8.870771E-07
63.95648 15.74958 321.675 0
64.05648 15.74958 321.75 -4.435384E-07
64.15648 15.74958 321.75 -4.435384E-07
64.25648 15.74958 321.75 -4.435384E-07
64.35648 15.74958 321.75 -4.435384E-07
64.45648 15.74958 321.75 -4.435384E-07
64.55648 15.74958 321.75 -4.435384E-07
64.65648 15.74958 321.75 -4.435384E-07
64.75648 15.74958 321.75 -4.435384E-07
64.85648 15.74958 321.75 -4.435384E-07
64.95648 15.74958 321.75 -4.435384E-07
65.05648 16.04959 325.5 -2.221003E-06
65.15648 16.79959 329.55 -4.459179E-06
65.25648 17.92461 336 -2.691984E-06
65.35648 17.92461 336 -2.691984E-06
65.45648 17.92461 336 -2.691984E-06
65.55648 17.92461 336 -2.691984E-06
65.65648 17.92461 336 -2.691984E-06
65.75648 17.92461 336 -2.691984E-06
65.85648 17.92461 336 -2.691984E-06
65.95648 17.92461 336 -2.691984E-06
66.05648 17.92461 336 -2.691984E-06
66.15648 17.92461 336 -2.691984E-06
66.25648 17.92461 336 -2.691984E-06
66.35648 18.22462 340.275 -2.471872E-06
66.45648 20.32463 353.775 -3.186607E-06
66.55648 20.32463 353.775 -3.186607E-06
66.65648 20.32463 353.775 -3.186607E-06
66.75648 20.32463 353.775 -3.186607E-06
66.85648 20.32463 353.775 -3.186607E-06
66.95648 20.32463 353.775 -3.186607E-06
67.05648 20.92464 356.775 -2.056623E-06
67.15648 23.09964 14.625 -2.320481E-06
67.25648 26.02464 35.47498 -9.501094E-06
67.35648 26.77464 41.62501 -8.606732E-06
67.45648 26.47466 46.19998 -9.537968E-06
67.55648 26.54967 57.59998 -7.63536E-06
67.65648 26.54968 62.32497 -7.635361E-06
67.75648 27.9747 71.47496 -8.700583E-06
67.85648 27.9747 71.47496 -1.740117E-05
67.95648 27.9747 71.47496 -2.030137E-05
68.05648 27.9747 71.47496 -2.030137E-05
68.15648 27.9747 71.47496 -2.030137E-05
68.25648 27.9747 71.47496 -2.030137E-05
68.35648 27.9747 71.47496 -2.030137E-05
68.45648 27.9747 71.47496 -2.030137E-05
68.55648 27.9747 71.47496 -2.030137E-05
68.65648 27.9747 71.47496 -2.030137E-05
68.75648 27.9747 71.47496 -2.030137E-05
68.85648 27.9747 71.47496 -2.030137E-05
68.95648 27.9747 71.47496 -2.030137E-05
69.05648 27.9747 71.47496 -2.030137E-05
69.15648 27.9747 71.47496 -2.030137E-05
69.25648 26.62471 62.77496 -1.910091E-05
69.35648 23.92472 37.19998 -2.008156E-05
69.45648 19.42475 12.97495 -2.896974E-05
69.55648 17.02476 358.1249 -3.194916E-05
69.65648 15.37477 350.3999 -3.486508E-05
69.75648 12.74978 334.7249 -3.632732E-05
69.85648 10.87479 318.5249 -3.912238E-05
69.95648 10.9498 315.9749 -3.956706E-05
70.05648 11.17481 311.4749 -3.872717E-05
70.15648 11.17481 311.6999 -4.003259E-05
70.25648 11.24981 312.9749 -4.004298E-05
70.35648 11.39981 314.5499 -4.006397E-05
70.45648 13.04982 323.1748 -4.119116E-05
70.55648 19.04982 346.7249 -3.838767E-05
70.65648 21.74983 3.599947 -2.797851E-05
70.75648 22.64986 9.449963 -2.752241E-05
70.85648 21.67488 1.34998 -2.543742E-05
70.95648 15.74989 335.325 -3.082597E-05
71.05648 12.59991 320.6249 -3.236917E-05
71.15648 7.874908 299.7 -3.102847E-05
71.25648 7.874912 299.625 -3.081299E-05
71.35648 7.874912 299.625 -3.081299E-05
71.45648 7.874912 299.625 -3.081299E-05
71.55648 7.874912 299.625 -3.081299E-05
71.65648 7.874912 299.625 -3.081299E-05
71.75648 7.949909 299.775 -3.060308E-05
71.85648 13.04992 313.425 -2.848326E-05
71.95648 15.52493 320.55 -2.835533E-05
72.05648 17.54994 326.25 -2.731131E-05
72.15648 21.59996 341.025 -2.364511E-05
72.25648 27.97499 18.97501 -2.465172E-05
72.35648 29.40001 40.65002 -2.449954E-05
72.45648 29.40001 41.25001 -2.057962E-05
72.55648 29.40001 41.25001 -2.057962E-05
72.65648 29.40001 41.25001 -2.057962E-05
72.75648 29.17501 36.00003 -2.444564E-05
72.85648 22.57504 1.425028 -2.308661E-05
72.95648 20.47505 347.475 -2.756829E-05
73.05648 20.47505 347.475 -2.756829E-05
73.15648 20.47505 347.475 -2.756829E-05
73.25648 20.47505 347.475 -2.756829E-05
73.35648 20.47505 347.475 -2.756829E-05
73.45648 20.47505 347.475 -2.756829E-05
73.55648 20.47505 347.475 -2.756829E-05
73.65648 20.47505 347.475 -2.756829E-05
73.75648 20.47505 347.475 -2.756829E-05
73.85648 20.47505 347.475 -2.756829E-05
73.95648 20.47505 347.475 -2.756829E-05
74.05648 20.47505 347.475 -2.756829E-05
74.15648 20.47505 347.475 -2.756829E-05
74.25648 20.47505 347.625 -2.870747E-05
74.35648 20.47505 347.625 -2.870747E-05
74.45648 20.47505 347.625 -2.870747E-05
74.55648 20.47505 347.625 -2.870747E-05
74.65648 20.47505 347.625 -2.870747E-05
74.75648 20.47505 347.625 -2.870747E-05
74.85648 20.47505 347.625 -2.802397E-05
74.95648 20.47507 352.8 -2.506209E-05
75.05648 20.47507 352.95 -2.768222E-05
75.15648 20.47508 352.8 -2.768221E-05
75.25648 19.72509 346.8 -2.834355E-05
75.35648 19.7251 345.675 -3.083777E-05
75.45648 19.42509 342.075 -2.89698E-05
75.55648 19.42509 342.075 -2.89698E-05
75.65648 19.42509 342.075 -2.89698E-05
75.75648 19.42509 342.075 -2.89698E-05
75.85648 19.42509 342.075 -2.89698E-05
75.95648 19.42509 342.075 -2.89698E-05
76.05648 19.42509 342.075 -2.89698E-05
76.15648 19.42509 342.075 -2.89698E-05
76.25648 19.42509 342.075 -2.89698E-05
76.35648 19.42509 342.075 -2.89698E-05
76.45648 19.42509 342.075 -2.89698E-05
76.55648 19.42509 342.075 -2.89698E-05
76.65648 19.42509 342.075 -2.89698E-05
76.75648 21.0001 350.4001 -2.434899E-05
76.85648 23.02511 8.400098 -2.527924E-05
76.95648 23.32513 11.2501 -2.161693E-05
77.05648 22.95014 9.150087 -2.259962E-05
77.15648 19.05017 351.9751 -3.071021E-05
77.25648 11.92518 317.1751 -2.792339E-05
77.35648 9.525178 301.7251 -2.640413E-05
77.45648 9.525181 301.7251 -2.640413E-05
77.55648 9.525181 301.7251 -2.640413E-05
77.65648 9.525181 301.7251 -2.640413E-05
77.75648 9.525181 301.7251 -2.640413E-05
77.85648 6.750185 281.3251 -2.557706E-05
77.95648 1.275188 239.2501 -2.583305E-05
78.05648 1.200187 237.45 -2.556545E-05
78.15648 1.200187 237.45 -2.540533E-05
78.25648 1.200187 237.45 -2.540533E-05
78.35648 1.200187 237.45 -2.540533E-05
78.45648 1.200187 237.45 -2.540533E-05
78.55648 1.200187 237.45 -2.540533E-05
78.65648 1.200187 237.45 -2.540533E-05
78.75648 0.07518668 228.975 -2.539312E-05
78.85648 359.9252 226.95 -2.540312E-05
78.95648 357.6752 217.875 -2.526047E-05
79.05648 357.6002 217.8 -2.520843E-05
79.15648 357.6002 217.8 -2.520843E-05
79.25648 357.6002 217.8 -2.520843E-05
79.35648 357.6002 217.8 -2.520843E-05
79.45648 357.6002 217.8 -2.520843E-05
79.55648 357.6002 217.8 -2.520843E-05
79.65648 357.6002 217.8 -2.520843E-05
79.75648 357.6002 217.8 -2.520843E-05
79.85648 357.6002 217.8 -2.520843E-05
79.95648 357.6002 217.8 -2.520843E-05
80.05648 357.6002 217.8 -2.520843E-05
80.15648 357.6002 217.8 -2.520843E-05
80.25648 357.6002 217.8 -2.520843E-05
80.35648 357.6002 217.8 -2.520843E-05
80.45648 357.6002 217.8 -2.520843E-05
80.55648 357.6002 217.8 -2.520843E-05
80.65648 357.6002 217.8 -2.520843E-05
80.75648 357.6002 217.8 -2.520843E-05
80.85648 357.9751 205.8749 -2.533554E-05
80.95648 353.85 182.5499 -2.623107E-05
81.05648 353.85 182.5499 -2.623107E-05
81.15648 353.85 182.5499 -2.623107E-05
81.25648 353.325 182.6249 -2.701026E-05
81.35648 353.325 182.6249 -2.701026E-05
81.45648 353.325 182.6249 -2.701026E-05
81.55648 353.325 182.6249 -2.701026E-05
81.65648 353.325 182.6249 -2.701026E-05
81.75648 353.325 182.6249 -2.701026E-05
81.85648 353.325 182.6249 -2.701026E-05
81.95648 353.325 182.6249 -2.701026E-05
82.05648 353.325 182.6249 -2.701026E-05
82.15648 353.325 182.6249 -2.701026E-05
82.25648 353.325 182.6249 -2.701026E-05
82.35648 353.325 182.6249 -2.701026E-05
82.45648 353.325 182.6249 -2.701026E-05
82.55648 353.325 182.6249 -2.701026E-05
82.65648 353.325 182.6249 -2.701026E-05
82.75648 353.325 182.6249 -2.701026E-05
82.85648 353.325 182.6249 -2.701026E-05
82.95648 353.325 182.6249 -2.701026E-05
83.05648 353.325 182.6249 -2.701026E-05
83.15648 353.325 182.6249 -2.701026E-05
83.25648 353.325 182.6249 -2.701026E-05
83.35648 353.325 182.6249 -2.701026E-05
83.45648 353.325 182.6249 -2.701026E-05
83.55648 353.325 182.6249 -2.701026E-05
83.65648 353.325 182.6249 -2.701026E-05
83.75648 353.325 182.6249 -2.701026E-05
83.85648 353.325 182.6249 -2.701026E-05
83.95648 353.325 182.6249 -2.701026E-05
84.05648 353.325 182.6249 -2.701026E-05
84.15648 353.325 182.6249 -2.701026E-05
84.25648 353.325 182.6249 -2.701026E-05
84.35648 353.325 182.6249 -2.701026E-05
84.45648 353.325 182.6249 -2.701026E-05
84.55648 353.325 182.6249 -2.701026E-05
84.65648 353.325 182.6249 -2.701026E-05
84.75648 353.325 182.6249 -2.701026E-05
84.85648 353.325 182.6249 -2.701026E-05
84.95648 353.325 182.6249 -2.701026E-05
85.05648 353.325 182.6249 -2.701026E-05
85.15648 353.325 182.6249 -2.701026E-05
85.25648 353.325 182.6249 -2.701026E-05
85.35648 353.325 182.6249 -2.701026E-05
85.45648 353.325 182.6249 -2.701026E-05
85.55648 353.325 182.6249 -2.701026E-05
85.65648 353.325 182.6249 -2.701026E-05
85.75648 353.325 182.6249 -2.701026E-05
85.85648 353.325 182.6249 -2.701026E-05
85.95648 353.325 182.6249 -2.701026E-05
86.05648 353.325 182.6249 -2.701026E-05
86.15648 353.325 182.6249 -2.701026E-05
86.25648 353.325 182.6249 -2.701026E-05
86.35648 353.325 182.6249 -2.701026E-05
