1.744234 0 270 0
1.794953 0 270 0
1.90501 339.3337 272.9906 2.824705
1.918899 339.3337 272.9906 2.824705
1.932788 339.3337 272.9906 2.824705
1.946677 339.3337 272.9906 2.824705
1.960566 339.3337 272.9906 2.824705
1.974455 339.3337 272.9906 2.824705
1.988344 339.3337 272.9906 2.824705
2.002233 339.3337 272.9906 2.824705
2.016121 339.3337 272.9906 2.824705
2.03001 339.3337 272.9906 2.824705
2.043899 339.3337 272.9906 2.824705
2.057788 339.3337 272.9906 2.824705
2.071677 339.3337 272.9906 2.824705
2.085566 339.3337 272.9906 2.824705
2.099455 339.3337 272.9906 2.824705
2.113344 339.3337 272.9906 2.824705
2.127233 339.3337 272.9906 2.824705
2.141121 339.3337 272.9906 2.824705
2.15501 339.3337 272.9906 2.824705
2.168899 339.3337 272.9906 2.824705
2.182788 339.3337 272.9906 2.824705
2.196677 339.3337 272.9906 2.824705
2.210566 339.3337 272.9906 2.824705
2.224455 339.3337 272.9906 2.824705
2.238344 339.3337 272.9906 2.824705
2.252233 339.3337 272.9906 2.824705
2.266121 339.3337 272.9906 2.824705
2.28001 339.3337 272.9906 2.824705
2.293899 339.3337 272.9906 2.824705
2.307788 339.3337 272.9906 2.824705
2.321677 339.3337 272.9906 2.824705
2.335566 339.3337 272.9906 2.824705
2.349455 339.3337 272.9906 2.824705
2.363344 339.3337 272.9906 2.824705
2.377233 339.3337 272.9906 2.824705
2.391121 339.3337 272.9906 2.824705
2.40501 339.3337 272.9906 2.824705
2.418899 339.3337 272.9906 2.824705
2.432788 339.3337 272.9906 2.824705
2.446677 339.3337 272.9906 2.824705
2.460566 339.3337 272.9906 2.824705
2.474455 339.3337 272.9906 2.824705
2.488344 339.3337 272.9906 2.824705
2.502233 339.3337 272.9906 2.824705
2.516121 339.3337 272.9906 2.824705
2.53001 339.3337 272.9906 2.824705
2.543899 339.3337 272.9906 2.824705
2.557788 339.3337 272.9906 2.824705
2.571677 339.3337 272.9906 2.824705
2.585566 339.3337 272.9906 2.824705
2.599455 339.3337 272.9906 2.824705
2.613344 339.3337 272.9906 2.824705
2.627233 339.3337 272.9906 2.824705
2.641121 339.3337 272.9906 2.824705
2.65501 339.3337 272.9906 2.824705
2.668899 339.3337 272.9906 2.824705
2.682788 339.3337 272.9906 2.824705
2.696677 339.3337 272.9906 2.824705
2.710566 339.3337 272.9906 2.824705
2.724455 339.3337 272.9906 2.824705
2.738344 339.3337 272.9906 2.824705
2.752233 339.3337 272.9906 2.824705
2.766121 339.3337 272.9906 2.824705
2.78001 339.3337 272.9906 2.824705
2.793899 339.3337 272.9906 2.824705
2.807788 339.3337 272.9906 2.824705
2.821677 339.3337 272.9906 2.824705
2.835566 339.3337 272.9906 2.824705
2.849455 339.3337 272.9906 2.824705
2.863344 339.3337 272.9906 2.824705
2.877233 339.3337 272.9906 2.824705
2.891121 339.3337 272.9906 2.824705
2.90501 339.3337 272.9906 2.824705
2.918899 339.3337 272.9906 2.824705
2.932788 339.3337 272.9906 2.824705
2.946677 339.3337 272.9906 2.824705
2.960566 339.3337 272.9906 2.824705
2.974455 339.3337 272.9906 2.824705
2.988344 339.3337 272.9906 2.824705
3.002233 339.3337 272.9906 2.824705
3.016121 339.3337 272.9906 2.824705
3.03001 339.3337 272.9906 2.824705
3.043899 339.3337 272.9906 2.824705
3.057788 339.3337 272.9906 2.824705
3.071677 339.3337 272.9906 2.824705
3.085566 339.3337 272.9906 2.824705
3.099455 339.3337 272.9906 2.824705
3.113344 339.3337 272.9906 2.824705
3.127233 339.3337 272.9906 2.824705
3.141121 339.3337 272.9906 2.824705
3.15501 339.3337 272.9906 2.824705
3.168899 339.3337 272.9906 2.824705
3.182788 339.3337 272.9906 2.824705
3.196677 339.3337 272.9906 2.824705
3.210566 339.3337 272.9906 2.824705
3.224455 339.3337 272.9906 2.824705
3.238344 339.3337 272.9906 2.824705
3.252233 339.3337 272.9906 2.824705
3.266121 339.3337 272.9906 2.824705
3.28001 339.3337 272.9906 2.824705
3.293899 339.3337 272.9906 2.824705
3.307788 339.3337 272.9906 2.824705
3.321677 339.3337 272.9906 2.824705
3.335566 339.3337 272.9906 2.824705
3.349455 339.3337 272.9906 2.824705
3.363344 339.3337 272.9906 2.824705
3.377233 339.3337 272.9906 2.824705
3.391121 339.3337 272.9906 2.824705
3.40501 339.3337 272.9906 2.824705
3.418899 339.3337 272.9906 2.824705
3.432788 339.3337 272.9906 2.824705
3.446677 339.3337 272.9906 2.824705
3.460566 339.3337 272.9906 2.824705
3.474455 339.3337 272.9906 2.824705
3.488344 339.3337 272.9906 2.824705
3.502233 339.3337 272.9906 2.824705
3.516121 339.3337 272.9906 2.824705
3.53001 339.3337 272.9906 2.824705
3.543899 339.3337 272.9906 2.824705
3.557788 339.3337 272.9906 2.824705
3.571677 339.3337 272.9906 2.824705
3.585566 339.3337 272.9906 2.824705
3.599455 339.3337 272.9906 2.824705
3.613344 339.3337 272.9906 2.824705
3.627233 339.3337 272.9906 2.824705
3.641121 339.3337 272.9906 2.824705
3.65501 339.3337 272.9906 2.824705
3.668899 339.3337 272.9906 2.824705
3.682788 339.3337 272.9906 2.824705
3.696677 339.3337 272.9906 2.824705
3.710566 339.3337 272.9906 2.824705
3.724455 339.3337 272.9906 2.824705
3.738344 339.3337 272.9906 2.824705
3.752233 339.3337 272.9906 2.824705
3.766121 339.3337 272.9906 2.824705
3.78001 339.3337 272.9906 2.824705
3.793899 339.3337 272.9906 2.824705
3.807788 339.3337 272.9906 2.824705
3.821677 339.3337 272.9906 2.824705
3.835566 339.3337 272.9906 2.824705
3.849455 339.3337 272.9906 2.824705
3.863344 339.3337 272.9906 2.824705
3.877233 339.3337 272.9906 2.824705
3.891121 339.3337 272.9906 2.824705
3.90501 339.3337 272.9906 2.824705
3.918899 339.3337 272.9906 2.824705
3.932788 339.3337 272.9906 2.824705
3.946677 339.3337 272.9906 2.824705
3.960566 339.3337 272.9906 2.824705
3.974455 339.3337 272.9906 2.824705
3.988344 339.3337 272.9906 2.824705
4.002233 339.3337 272.9906 2.824705
4.016121 339.3337 272.9906 2.824705
4.03001 339.3337 272.9906 2.824705
4.043899 339.3337 272.9906 2.824705
4.057788 339.3337 272.9906 2.824705
4.071677 339.3337 272.9906 2.824705
4.085566 339.3337 272.9906 2.824705
4.099455 339.3337 272.9906 2.824705
4.113344 339.3337 272.9906 2.824705
4.127233 339.3337 272.9906 2.824705
4.141121 339.3337 272.9906 2.824705
4.15501 339.3337 272.9906 2.824705
4.168899 339.3337 272.9906 2.824705
4.182788 339.3337 272.9906 2.824705
4.196677 339.3337 272.9906 2.824705
4.210566 339.3337 272.9906 2.824705
4.224455 339.3337 272.9906 2.824705
4.238344 339.3337 272.9906 2.824705
4.252233 339.3337 272.9906 2.824705
4.266121 339.3337 272.9906 2.824705
4.28001 339.3337 272.9906 2.824705
4.293899 339.3337 272.9906 2.824705
4.307788 339.3337 272.9906 2.824705
4.321677 339.3337 272.9906 2.824705
4.335566 339.3337 272.9906 2.824705
4.349455 339.3337 272.9906 2.824705
4.363344 339.3337 272.9906 2.824705
4.377233 339.3337 272.9906 2.824705
4.391121 339.3337 272.9906 2.824705
4.40501 339.3337 272.9906 2.824705
4.418899 339.3337 272.9906 2.824705
4.432788 339.3337 272.9906 2.824705
4.446677 339.3337 272.9906 2.824705
4.460566 339.3337 272.9906 2.824705
4.474455 339.3337 272.9906 2.824705
4.488344 339.3337 272.9906 2.824705
4.502233 339.3337 272.9906 2.824705
4.516121 339.3337 272.9906 2.824705
4.53001 339.3337 272.9906 2.824705
4.543899 339.3337 272.9906 2.824705
4.557788 339.3337 272.9906 2.824705
4.571677 339.3337 272.9906 2.824705
4.585566 339.3337 272.9906 2.824705
4.599455 339.3337 272.9906 2.824705
4.613344 339.3337 272.9906 2.824705
4.627233 339.3337 272.9906 2.824705
4.641121 339.3337 272.9906 2.824705
4.65501 339.3337 272.9906 2.824705
4.668899 339.3337 272.9906 2.824705
4.682788 339.3337 272.9906 2.824705
4.696677 339.3337 272.9906 2.824705
4.710566 339.3337 272.9906 2.824705
4.724455 339.3337 272.9906 2.824705
4.738344 339.3337 272.9906 2.824705
4.752233 339.3337 272.9906 2.824705
4.766121 339.3337 272.9906 2.824705
4.78001 339.3337 272.9906 2.824705
4.793899 339.3337 272.9906 2.824705
4.807788 339.3337 272.9906 2.824705
4.821677 339.3337 272.9906 2.824705
4.835566 339.3337 272.9906 2.824705
4.849455 339.3337 272.9906 2.824705
4.863344 339.3337 272.9906 2.824705
4.877233 339.3337 272.9906 2.824705
4.891121 339.3337 272.9906 2.824705
4.90501 339.3337 272.9906 2.824705
4.918899 339.3337 272.9906 2.824705
4.932788 339.3337 272.9906 2.824705
4.946677 339.3337 272.9906 2.824705
4.960566 339.3337 272.9906 2.824705
4.974455 339.3337 272.9906 2.824705
4.988344 339.3337 272.9906 2.824705
5.002233 339.3337 272.9906 2.824705
5.016121 339.3337 272.9906 2.824705
5.03001 339.3337 272.9906 2.824705
5.043899 339.3337 272.9906 2.824705
5.057788 339.3337 272.9906 2.824705
5.071677 339.3337 272.9906 2.824705
5.085566 339.3337 272.9906 2.824705
5.099455 339.3337 272.9906 2.824705
5.113344 339.3337 272.9906 2.824705
5.127233 339.3337 272.9906 2.824705
5.141121 339.3337 272.9906 2.824705
5.15501 339.3337 272.9906 2.824705
5.168899 339.3337 272.9906 2.824705
5.182788 339.3337 272.9906 2.824705
5.196677 339.3337 272.9906 2.824705
5.210566 339.3337 272.9906 2.824705
5.224455 339.3337 272.9906 2.824705
5.238344 339.3337 272.9906 2.824705
5.252233 339.3337 272.9906 2.824705
5.266121 339.3337 272.9906 2.824705
5.28001 339.3337 272.9906 2.824705
5.293899 339.3337 272.9906 2.824705
5.307788 339.3337 272.9906 2.824705
5.321677 339.3337 272.9906 2.824705
5.335566 339.3337 272.9906 2.824705
5.349455 339.3337 272.9906 2.824705
5.363344 339.3337 272.9906 2.824705
5.377233 339.3337 272.9906 2.824705
5.391121 339.3337 272.9906 2.824705
5.40501 339.3337 272.9906 2.824705
5.418899 339.3337 272.9906 2.824705
5.432788 339.3337 272.9906 2.824705
5.446677 339.3337 272.9906 2.824705
5.460566 339.3337 272.9906 2.824705
5.474455 339.3337 272.9906 2.824705
5.488344 339.3337 272.9906 2.824705
5.502233 339.3337 272.9906 2.824705
5.516121 339.3337 272.9906 2.824705
5.53001 339.3337 272.9906 2.824705
5.543899 339.3337 272.9906 2.824705
5.557788 339.3337 272.9906 2.824705
5.571677 339.3337 272.9906 2.824705
5.585566 339.3337 272.9906 2.824705
5.599455 339.3337 272.9906 2.824705
5.613344 339.3337 272.9906 2.824705
5.627233 339.3337 272.9906 2.824705
5.641121 339.3337 272.9906 2.824705
5.65501 339.3337 272.9906 2.824705
5.668899 339.3337 272.9906 2.824705
5.682788 339.3337 272.9906 2.824705
5.696677 339.3337 272.9906 2.824705
5.710566 339.3337 272.9906 2.824705
5.724455 339.3337 272.9906 2.824705
5.738344 339.3337 272.9906 2.824705
5.752233 339.3337 272.9906 2.824705
5.766121 339.3337 272.9906 2.824705
5.78001 339.3337 272.9906 2.824705
5.793899 339.3337 272.9906 2.824705
5.807788 339.3337 272.9906 2.824705
5.821677 339.3337 272.9906 2.824705
5.835566 339.3337 272.9906 2.824705
5.849455 339.3337 272.9906 2.824705
5.863344 339.3337 272.9906 2.824705
5.877233 339.3337 272.9906 2.824705
5.891121 339.3337 272.9906 2.824705
5.90501 339.3337 272.9906 2.824705
5.918899 339.3337 272.9906 2.824705
5.932788 339.3337 272.9906 2.824705
5.946677 339.3337 272.9906 2.824705
5.960566 339.3337 272.9906 2.824705
5.974455 339.3337 272.9906 2.824705
5.988344 339.3337 272.9906 2.824705
6.002233 339.3337 272.9906 2.824705
6.016121 339.3337 272.9906 2.824705
6.03001 339.3337 272.9906 2.824705
6.043899 339.3337 272.9906 2.824705
6.057788 339.3337 272.9906 2.824705
6.071677 339.3337 272.9906 2.824705
6.085566 339.3337 272.9906 2.824705
6.099455 339.3337 272.9906 2.824705
6.113344 339.3337 272.9906 2.824705
6.127233 339.3337 272.9906 2.824705
6.141121 339.3337 272.9906 2.824705
6.15501 339.3337 272.9906 2.824705
6.168899 339.3337 272.9906 2.824705
6.182788 339.3337 272.9906 2.824705
6.196677 339.3337 272.9906 2.824705
6.210566 339.3337 272.9906 2.824705
6.224455 339.3337 272.9906 2.824705
6.238344 339.3337 272.9906 2.824705
6.252233 339.3337 272.9906 2.824705
6.266121 339.3337 272.9906 2.824705
6.28001 339.3337 272.9906 2.824705
6.293899 339.3337 272.9906 2.824705
6.307788 339.3337 272.9906 2.824705
6.321677 339.3337 272.9906 2.824705
6.335566 339.3337 272.9906 2.824705
6.349455 339.3337 272.9906 2.824705
6.363344 339.3337 272.9906 2.824705
6.377233 339.3337 272.9906 2.824705
6.391121 339.3337 272.9906 2.824705
6.40501 339.3337 272.9906 2.824705
6.418899 339.3337 272.9906 2.824705
6.432788 339.3337 272.9906 2.824705
6.446677 339.3337 272.9906 2.824705
6.460566 339.3337 272.9906 2.824705
6.474455 339.3337 272.9906 2.824705
6.488344 339.3337 272.9906 2.824705
6.502233 339.3337 272.9906 2.824705
6.516121 339.3337 272.9906 2.824705
6.53001 339.3337 272.9906 2.824705
6.543899 339.3337 272.9906 2.824705
6.557788 339.3337 272.9906 2.824705
6.571677 339.3337 272.9906 2.824705
6.585566 339.3337 272.9906 2.824705
6.599455 339.3337 272.9906 2.824705
6.613344 339.3337 272.9906 2.824705
6.627233 339.3337 272.9906 2.824705
6.641121 339.3337 272.9906 2.824705
6.65501 339.3337 272.9906 2.824705
6.668899 339.3337 272.9906 2.824705
6.682788 339.3337 272.9906 2.824705
6.696677 339.3337 272.9906 2.824705
6.710566 339.3337 272.9906 2.824705
6.724455 339.3337 272.9906 2.824705
6.738344 339.3337 272.9906 2.824705
6.752233 339.3337 272.9906 2.824705
6.766121 339.3337 272.9906 2.824705
6.78001 339.3337 272.9906 2.824705
6.793899 339.3337 272.9906 2.824705
6.807788 339.3337 272.9906 2.824705
6.821677 339.3337 272.9906 2.824705
6.835566 339.3337 272.9906 2.824705
6.849455 339.3337 272.9906 2.824705
6.863344 339.3337 272.9906 2.824705
6.877233 339.3337 272.9906 2.824705
6.891121 339.3337 272.9906 2.824705
6.90501 339.3337 272.9906 2.824705
6.918899 339.3337 272.9906 2.824705
6.932788 339.3337 272.9906 2.824705
6.946677 339.3337 272.9906 2.824705
6.960566 339.3337 272.9906 2.824705
6.974455 339.3337 272.9906 2.824705
6.988344 339.3337 272.9906 2.824705
7.002233 339.3337 272.9906 2.824705
7.016121 339.3337 272.9906 2.824705
7.03001 339.3337 272.9906 2.824705
7.043899 339.3337 272.9906 2.824705
7.057788 339.3337 272.9906 2.824705
7.071677 339.3337 272.9906 2.824705
7.085566 339.3337 272.9906 2.824705
7.099455 339.3337 272.9906 2.824705
7.113344 339.3337 272.9906 2.824705
7.127233 339.3337 272.9906 2.824705
7.141121 339.3337 272.9906 2.824705
7.15501 339.3337 272.9906 2.824705
7.168899 339.3337 272.9906 2.824705
7.182788 339.3337 272.9906 2.824705
7.196677 339.3337 272.9906 2.824705
7.210566 339.3337 272.9906 2.824705
7.224455 339.3337 272.9906 2.824705
7.238344 339.3337 272.9906 2.824705
7.252233 339.3337 272.9906 2.824705
7.266121 339.3337 272.9906 2.824705
7.28001 339.3337 272.9906 2.824705
7.293899 339.3337 272.9906 2.824705
7.307788 339.3337 272.9906 2.824705
7.321677 339.3337 272.9906 2.824705
7.335566 339.3337 272.9906 2.824705
7.349455 339.3337 272.9906 2.824705
7.363344 339.3337 272.9906 2.824705
7.377233 339.3337 272.9906 2.824705
7.391121 339.3337 272.9906 2.824705
7.40501 339.3337 272.9906 2.824705
7.418899 339.3337 272.9906 2.824705
7.432788 339.3337 272.9906 2.824705
7.446677 339.3337 272.9906 2.824705
7.460566 339.3337 272.9906 2.824705
7.474455 339.3337 272.9906 2.824705
7.488344 339.3337 272.9906 2.824705
7.502233 339.3337 272.9906 2.824705
7.516121 339.3337 272.9906 2.824705
7.53001 339.3337 272.9906 2.824705
7.543899 339.3337 272.9906 2.824705
7.557788 339.3337 272.9906 2.824705
7.571677 339.3337 272.9906 2.824705
7.585566 339.3337 272.9906 2.824705
7.599455 339.3337 272.9906 2.824705
7.613344 339.3337 272.9906 2.824705
7.627233 339.3337 272.9906 2.824705
7.641121 339.3337 272.9906 2.824705
7.65501 339.3337 272.9906 2.824705
7.668899 339.3337 272.9906 2.824705
7.682788 339.3337 272.9906 2.824705
7.696677 339.3337 272.9906 2.824705
7.710566 339.3337 272.9906 2.824705
7.724455 339.3337 272.9906 2.824705
7.738344 339.3337 272.9906 2.824705
7.752233 339.3337 272.9906 2.824705
7.766121 339.3337 272.9906 2.824705
7.78001 339.3337 272.9906 2.824705
7.793899 339.3337 272.9906 2.824705
7.807788 339.3337 272.9906 2.824705
7.821677 339.3337 272.9906 2.824705
7.835566 339.3337 272.9906 2.824705
7.849455 339.3337 272.9906 2.824705
7.863344 339.3337 272.9906 2.824705
7.877233 339.3337 272.9906 2.824705
7.891121 339.3337 272.9906 2.824705
7.90501 339.3337 272.9906 2.824705
7.918899 339.3337 272.9906 2.824705
7.932788 339.3337 272.9906 2.824705
7.946677 339.3337 272.9906 2.824705
7.960566 339.3337 272.9906 2.824705
7.974455 339.3337 272.9906 2.824705
7.988344 339.3337 272.9906 2.824705
8.002233 339.3337 272.9906 2.824705
8.016122 339.3337 272.9906 2.824705
8.03001 339.3337 272.9906 2.824705
8.0439 339.3337 272.9906 2.824705
8.057788 339.3337 272.9906 2.824705
8.071677 339.3337 272.9906 2.824705
8.085566 339.3337 272.9906 2.824705
8.099455 339.3337 272.9906 2.824705
8.113343 339.3337 272.9906 2.824705
8.127233 339.3337 272.9906 2.824705
8.141122 339.3337 272.9906 2.824705
8.15501 339.3337 272.9906 2.824705
8.1689 339.3337 272.9906 2.824705
8.182788 339.3337 272.9906 2.824705
8.196677 339.3337 272.9906 2.824705
8.210566 339.3337 272.9906 2.824705
8.224455 339.3337 272.9906 2.824705
8.238344 339.3337 272.9906 2.824705
8.252233 339.3337 272.9906 2.824705
8.266122 339.3337 272.9906 2.824705
8.28001 339.3337 272.9906 2.824705
8.2939 339.3337 272.9906 2.824705
8.307788 339.3337 272.9906 2.824705
8.321677 339.3337 272.9906 2.824705
8.335566 339.3337 272.9906 2.824705
8.349455 339.3337 272.9906 2.824705
8.363344 339.3337 272.9906 2.824705
8.377233 339.3337 272.9906 2.824705
8.391122 339.3337 272.9906 2.824705
8.40501 339.3337 272.9906 2.824705
8.4189 339.3337 272.9906 2.824705
8.432788 339.3337 272.9906 2.824705
8.446677 339.3337 272.9906 2.824705
8.460566 339.3337 272.9906 2.824705
8.474455 339.3337 272.9906 2.824705
8.488344 339.3337 272.9906 2.824705
8.502233 339.3337 272.9906 2.824705
8.516122 339.3337 272.9906 2.824705
8.53001 339.3337 272.9906 2.824705
8.5439 339.3337 272.9906 2.824705
8.557788 339.3337 272.9906 2.824705
8.571677 339.3337 272.9906 2.824705
8.585566 339.3337 272.9906 2.824705
8.599455 339.3337 272.9906 2.824705
8.613344 339.3337 272.9906 2.824705
8.627233 339.3337 272.9906 2.824705
8.641122 339.3337 272.9906 2.824705
8.65501 339.3337 272.9906 2.824705
8.6689 339.3337 272.9906 2.824705
8.682788 339.3337 272.9906 2.824705
8.696677 339.3337 272.9906 2.824705
8.710566 339.3337 272.9906 2.824705
8.724455 339.3337 272.9906 2.824705
8.738344 339.3337 272.9906 2.824705
8.752233 339.3337 272.9906 2.824705
8.766122 339.3337 272.9906 2.824705
8.78001 339.3337 272.9906 2.824705
8.7939 339.3337 272.9906 2.824705
8.807788 339.3337 272.9906 2.824705
8.821677 339.3337 272.9906 2.824705
8.835566 339.3337 272.9906 2.824705
8.849455 339.3337 272.9906 2.824705
8.863344 339.3337 272.9906 2.824705
8.877233 339.3337 272.9906 2.824705
8.891122 339.3337 272.9906 2.824705
8.90501 339.3337 272.9906 2.824705
8.9189 339.3337 272.9906 2.824705
8.932788 339.3337 272.9906 2.824705
8.946677 339.3337 272.9906 2.824705
8.960566 339.3337 272.9906 2.824705
8.974455 339.3337 272.9906 2.824705
8.988344 339.3337 272.9906 2.824705
9.002233 339.3337 272.9906 2.824705
9.016122 339.3337 272.9906 2.824705
9.03001 339.3337 272.9906 2.824705
9.0439 339.3337 272.9906 2.824705
9.057788 339.3337 272.9906 2.824705
9.071677 339.3337 272.9906 2.824705
9.085566 339.3337 272.9906 2.824705
9.099455 339.3337 272.9906 2.824705
9.113344 339.3337 272.9906 2.824705
9.127233 339.3337 272.9906 2.824705
9.141122 339.3337 272.9906 2.824705
9.15501 339.3337 272.9906 2.824705
9.1689 339.3337 272.9906 2.824705
9.182788 339.3337 272.9906 2.824705
9.196677 339.3337 272.9906 2.824705
9.210566 339.3337 272.9906 2.824705
9.224455 339.3337 272.9906 2.824705
9.238344 339.3337 272.9906 2.824705
9.252233 339.3337 272.9906 2.824705
9.266122 339.3337 272.9906 2.824705
9.28001 339.3337 272.9906 2.824705
9.2939 339.3337 272.9906 2.824705
9.307788 339.3337 272.9906 2.824705
9.321677 339.3337 272.9906 2.824705
9.335566 339.3337 272.9906 2.824705
9.349455 339.3337 272.9906 2.824705
9.363344 339.3337 272.9906 2.824705
9.377233 339.3337 272.9906 2.824705
9.391122 339.3337 272.9906 2.824705
9.40501 339.3337 272.9906 2.824705
9.4189 339.3337 272.9906 2.824705
9.432788 339.3337 272.9906 2.824705
9.446677 339.3337 272.9906 2.824705
9.460566 339.3337 272.9906 2.824705
9.474455 339.3337 272.9906 2.824705
9.488344 339.3337 272.9906 2.824705
9.502233 339.3337 272.9906 2.824705
9.516122 339.3337 272.9906 2.824705
9.53001 339.3337 272.9906 2.824705
9.5439 339.3337 272.9906 2.824705
9.557788 339.3337 272.9906 2.824705
9.571677 339.3337 272.9906 2.824705
9.585566 339.3337 272.9906 2.824705
9.599455 339.3337 272.9906 2.824705
9.613344 339.3337 272.9906 2.824705
9.627233 339.3337 272.9906 2.824705
9.641122 339.3337 272.9906 2.824705
9.65501 339.3337 272.9906 2.824705
9.6689 339.3337 272.9906 2.824705
9.682788 339.3337 272.9906 2.824705
9.696677 339.3337 272.9906 2.824705
9.710566 339.3337 272.9906 2.824705
9.724455 339.3337 272.9906 2.824705
9.738344 339.3337 272.9906 2.824705
9.752233 339.3337 272.9906 2.824705
9.766122 339.3337 272.9906 2.824705
9.78001 339.3337 272.9906 2.824705
9.7939 339.3337 272.9906 2.824705
9.807788 339.3337 272.9906 2.824705
9.821677 339.3337 272.9906 2.824705
9.835566 339.3337 272.9906 2.824705
9.849455 339.3337 272.9906 2.824705
9.863344 339.3337 272.9906 2.824705
9.877233 339.3337 272.9906 2.824705
9.891122 339.3337 272.9906 2.824705
9.90501 339.3337 272.9906 2.824705
9.9189 339.3337 272.9906 2.824705
9.932788 339.3337 272.9906 2.824705
9.946677 339.3337 272.9906 2.824705
9.960566 339.3337 272.9906 2.824705
9.974455 339.3337 272.9906 2.824705
9.988344 339.3337 272.9906 2.824705
10.00223 339.3337 272.9906 2.824705
10.01612 339.3337 272.9906 2.824705
10.03001 339.3337 272.9906 2.824705
10.0439 339.3337 272.9906 2.824705
10.05779 339.3337 272.9906 2.824705
10.07168 339.3337 272.9906 2.824705
10.08557 339.3337 272.9906 2.824705
10.09945 339.3337 272.9906 2.824705
10.11334 339.3337 272.9906 2.824705
10.12723 339.3337 272.9906 2.824705
10.14112 339.3337 272.9906 2.824705
10.15501 339.3337 272.9906 2.824705
10.1689 339.3337 272.9906 2.824705
10.18279 339.3337 272.9906 2.824705
10.19668 339.3337 272.9906 2.824705
10.21057 339.3337 272.9906 2.824705
10.22445 339.3337 272.9906 2.824705
10.23834 339.3337 272.9906 2.824705
10.25223 339.3337 272.9906 2.824705
10.26612 339.3337 272.9906 2.824705
10.28001 339.3337 272.9906 2.824705
10.2939 339.3337 272.9906 2.824705
10.30779 339.3337 272.9906 2.824705
10.32168 339.3337 272.9906 2.824705
10.33557 339.3337 272.9906 2.824705
10.34945 339.3337 272.9906 2.824705
10.36334 339.3337 272.9906 2.824705
10.37723 339.3337 272.9906 2.824705
10.39112 339.3337 272.9906 2.824705
10.40501 339.3337 272.9906 2.824705
10.4189 339.3337 272.9906 2.824705
10.43279 339.3337 272.9906 2.824705
10.44668 339.3337 272.9906 2.824705
10.46057 339.3337 272.9906 2.824705
10.47445 339.3337 272.9906 2.824705
10.48834 339.3337 272.9906 2.824705
10.50223 339.3337 272.9906 2.824705
10.51612 339.3337 272.9906 2.824705
10.53001 339.3337 272.9906 2.824705
10.5439 339.3337 272.9906 2.824705
10.55779 339.3337 272.9906 2.824705
10.57168 339.3337 272.9906 2.824705
10.58557 339.3337 272.9906 2.824705
10.59945 339.3337 272.9906 2.824705
10.61334 339.3337 272.9906 2.824705
10.62723 339.3337 272.9906 2.824705
10.64112 339.3337 272.9906 2.824705
10.65501 339.3337 272.9906 2.824705
10.6689 339.3337 272.9906 2.824705
10.68279 339.3337 272.9906 2.824705
10.69668 339.3337 272.9906 2.824705
10.71057 339.3337 272.9906 2.824705
10.72445 339.3337 272.9906 2.824705
10.73834 339.3337 272.9906 2.824705
10.75223 339.3337 272.9906 2.824705
10.76612 339.3337 272.9906 2.824705
10.78001 339.3337 272.9906 2.824705
10.7939 339.3337 272.9906 2.824705
10.80779 339.3337 272.9906 2.824705
10.82168 339.3337 272.9906 2.824705
10.83557 339.3337 272.9906 2.824705
10.84945 339.3337 272.9906 2.824705
10.86334 339.3337 272.9906 2.824705
10.87723 339.3337 272.9906 2.824705
10.89112 339.3337 272.9906 2.824705
10.90501 339.3337 272.9906 2.824705
10.9189 339.3337 272.9906 2.824705
10.93279 339.3337 272.9906 2.824705
10.94668 339.3337 272.9906 2.824705
10.96057 339.3337 272.9906 2.824705
10.97445 339.3337 272.9906 2.824705
10.98834 339.3337 272.9906 2.824705
11.00223 339.3337 272.9906 2.824705
11.01612 339.3337 272.9906 2.824705
11.03001 339.3337 272.9906 2.824705
11.0439 339.3337 272.9906 2.824705
11.05779 339.3337 272.9906 2.824705
11.07168 339.3337 272.9906 2.824705
11.08557 339.3337 272.9906 2.824705
11.09945 339.3337 272.9906 2.824705
11.11334 339.3337 272.9906 2.824705
11.12723 339.3337 272.9906 2.824705
11.14112 339.3337 272.9906 2.824705
11.15501 339.3337 272.9906 2.824705
11.1689 339.3337 272.9906 2.824705
11.18279 339.3337 272.9906 2.824705
11.19668 339.3337 272.9906 2.824705
11.21057 339.3337 272.9906 2.824705
11.22445 339.3337 272.9906 2.824705
11.23834 339.3337 272.9906 2.824705
11.25223 339.3337 272.9906 2.824705
11.26612 339.3337 272.9906 2.824705
11.28001 339.3337 272.9906 2.824705
11.2939 339.3337 272.9906 2.824705
11.30779 339.3337 272.9906 2.824705
11.32168 339.3337 272.9906 2.824705
11.33557 339.3337 272.9906 2.824705
11.34945 339.3337 272.9906 2.824705
11.36334 339.3337 272.9906 2.824705
11.37723 339.3337 272.9906 2.824705
11.39112 339.3337 272.9906 2.824705
11.40501 339.3337 272.9906 2.824705
11.4189 339.3337 272.9906 2.824705
11.43279 339.3337 272.9906 2.824705
11.44668 339.3337 272.9906 2.824705
11.46057 339.3337 272.9906 2.824705
11.47445 339.3337 272.9906 2.824705
11.48834 339.3337 272.9906 2.824705
11.50223 339.3337 272.9906 2.824705
11.51612 339.3337 272.9906 2.824705
11.53001 339.3337 272.9906 2.824705
11.5439 339.3337 272.9906 2.824705
11.55779 339.3337 272.9906 2.824705
11.57168 339.3337 272.9906 2.824705
11.58557 339.3337 272.9906 2.824705
11.59945 339.3337 272.9906 2.824705
11.61334 339.3337 272.9906 2.824705
11.62723 339.3337 272.9906 2.824705
11.64112 339.3337 272.9906 2.824705
11.65501 339.3337 272.9906 2.824705
11.6689 339.3337 272.9906 2.824705
11.68279 339.3337 272.9906 2.824705
11.69668 339.3337 272.9906 2.824705
11.71057 339.3337 272.9906 2.824705
11.72445 339.3337 272.9906 2.824705
11.73834 339.3337 272.9906 2.824705
11.75223 339.3337 272.9906 2.824705
11.76612 339.3337 272.9906 2.824705
11.78001 339.3337 272.9906 2.824705
11.7939 339.3337 272.9906 2.824705
11.80779 339.3337 272.9906 2.824705
11.82168 339.3337 272.9906 2.824705
11.83557 339.3337 272.9906 2.824705
11.84945 339.3337 272.9906 2.824705
11.86334 339.3337 272.9906 2.824705
11.87723 339.3337 272.9906 2.824705
11.89112 339.3337 272.9906 2.824705
11.90501 339.3337 272.9906 2.824705
11.9189 339.3337 272.9906 2.824705
11.93279 339.3337 272.9906 2.824705
11.94668 339.3337 272.9906 2.824705
11.96057 339.3337 272.9906 2.824705
11.97445 339.3337 272.9906 2.824705
11.98834 339.3337 272.9906 2.824705
12.00223 339.3337 272.9906 2.824705
12.01612 339.3337 272.9906 2.824705
12.03001 339.3337 272.9906 2.824705
12.0439 339.3337 272.9906 2.824705
12.05779 339.3337 272.9906 2.824705
12.07168 339.3337 272.9906 2.824705
12.08557 339.3337 272.9906 2.824705
12.09945 339.3337 272.9906 2.824705
12.11334 339.3337 272.9906 2.824705
12.12723 339.3337 272.9906 2.824705
12.14112 339.3337 272.9906 2.824705
12.15501 339.3337 272.9906 2.824705
12.1689 339.3337 272.9906 2.824705
12.18279 339.3337 272.9906 2.824705
12.19668 339.3337 272.9906 2.824705
12.21057 339.3337 272.9906 2.824705
12.22445 339.3337 272.9906 2.824705
12.23834 339.3337 272.9906 2.824705
12.25223 339.3337 272.9906 2.824705
12.26612 339.3337 272.9906 2.824705
12.28001 339.3337 272.9906 2.824705
12.2939 339.3337 272.9906 2.824705
12.30779 339.3337 272.9906 2.824705
12.32168 339.3337 272.9906 2.824705
12.33557 339.3337 272.9906 2.824705
12.34945 339.3337 272.9906 2.824705
12.36334 339.3337 272.9906 2.824705
12.37723 339.3337 272.9906 2.824705
12.39112 339.3337 272.9906 2.824705
12.40501 339.3337 272.9906 2.824705
12.4189 339.3337 272.9906 2.824705
12.43279 339.3337 272.9906 2.824705
12.44668 339.3337 272.9906 2.824705
12.46057 339.3337 272.9906 2.824705
12.47445 339.3337 272.9906 2.824705
12.48834 339.3337 272.9906 2.824705
12.50223 339.3337 272.9906 2.824705
12.51612 339.3337 272.9906 2.824705
12.53001 339.3337 272.9906 2.824705
12.5439 339.3337 272.9906 2.824705
12.55779 339.3337 272.9906 2.824705
12.57168 339.3337 272.9906 2.824705
12.58557 339.3337 272.9906 2.824705
12.59945 339.3337 272.9906 2.824705
12.61334 339.3337 272.9906 2.824705
12.62723 339.3337 272.9906 2.824705
12.64112 339.3337 272.9906 2.824705
12.65501 339.3337 272.9906 2.824705
12.6689 339.3337 272.9906 2.824705
12.68279 339.3337 272.9906 2.824705
12.69668 339.3337 272.9906 2.824705
12.71057 339.3337 272.9906 2.824705
12.72445 339.3337 272.9906 2.824705
12.73834 339.3337 272.9906 2.824705
12.75223 339.3337 272.9906 2.824705
12.76612 339.3337 272.9906 2.824705
12.78001 339.3337 272.9906 2.824705
12.7939 339.3337 272.9906 2.824705
12.80779 339.3337 272.9906 2.824705
12.82168 339.3337 272.9906 2.824705
12.83557 339.3337 272.9906 2.824705
12.84945 339.3337 272.9906 2.824705
12.86334 339.3337 272.9906 2.824705
12.87723 339.3337 272.9906 2.824705
12.89112 339.3337 272.9906 2.824705
12.90501 339.3337 272.9906 2.824705
12.9189 339.3337 272.9906 2.824705
12.93279 339.3337 272.9906 2.824705
12.94668 339.3337 272.9906 2.824705
12.96057 339.3337 272.9906 2.824705
12.97445 339.3337 272.9906 2.824705
12.98834 339.3337 272.9906 2.824705
13.00223 339.3337 272.9906 2.824705
13.01612 339.3337 272.9906 2.824705
13.03001 339.3337 272.9906 2.824705
13.0439 339.3337 272.9906 2.824705
13.05779 339.3337 272.9906 2.824705
13.07168 339.3337 272.9906 2.824705
13.08557 339.3337 272.9906 2.824705
13.09945 339.3337 272.9906 2.824705
13.11334 339.3337 272.9906 2.824705
13.12723 339.3337 272.9906 2.824705
13.14112 339.3337 272.9906 2.824705
13.15501 339.3337 272.9906 2.824705
13.1689 339.3337 272.9906 2.824705
13.18279 339.3337 272.9906 2.824705
13.19668 339.3337 272.9906 2.824705
13.21057 339.3337 272.9906 2.824705
13.22445 339.3337 272.9906 2.824705
13.23834 339.3337 272.9906 2.824705
13.25223 339.3337 272.9906 2.824705
13.26612 339.3337 272.9906 2.824705
13.28001 339.3337 272.9906 2.824705
13.2939 339.3337 272.9906 2.824705
13.30779 339.3337 272.9906 2.824705
13.32168 339.3337 272.9906 2.824705
13.33557 339.3337 272.9906 2.824705
13.34945 339.3337 272.9906 2.824705
13.36334 339.3337 272.9906 2.824705
13.37723 339.3337 272.9906 2.824705
13.39112 339.3337 272.9906 2.824705
13.40501 339.3337 272.9906 2.824705
13.4189 339.3337 272.9906 2.824705
13.43279 339.3337 272.9906 2.824705
13.44668 339.3337 272.9906 2.824705
13.46057 339.3337 272.9906 2.824705
13.47445 339.3337 272.9906 2.824705
13.48834 339.3337 272.9906 2.824705
13.50223 339.3337 272.9906 2.824705
13.51612 339.3337 272.9906 2.824705
13.53001 339.3337 272.9906 2.824705
13.5439 339.3337 272.9906 2.824705
13.55779 339.3337 272.9906 2.824705
13.57168 339.3337 272.9906 2.824705
13.58557 339.3337 272.9906 2.824705
13.59945 339.3337 272.9906 2.824705
13.61334 339.3337 272.9906 2.824705
13.62723 339.3337 272.9906 2.824705
13.64112 339.3337 272.9906 2.824705
13.65501 339.3337 272.9906 2.824705
13.6689 339.3337 272.9906 2.824705
13.68279 339.3337 272.9906 2.824705
13.69668 339.3337 272.9906 2.824705
13.71057 339.3337 272.9906 2.824705
13.72445 339.3337 272.9906 2.824705
13.73834 339.3337 272.9906 2.824705
13.75223 339.3337 272.9906 2.824705
13.76612 339.3337 272.9906 2.824705
13.78001 339.3337 272.9906 2.824705
13.7939 339.3337 272.9906 2.824705
13.80779 339.3337 272.9906 2.824705
13.82168 339.3337 272.9906 2.824705
13.83557 339.3337 272.9906 2.824705
13.84945 339.3337 272.9906 2.824705
13.86334 339.3337 272.9906 2.824705
13.87723 339.3337 272.9906 2.824705
13.89112 339.3337 272.9906 2.824705
13.90501 339.3337 272.9906 2.824705
13.9189 339.3337 272.9906 2.824705
13.93279 339.3337 272.9906 2.824705
13.94668 339.3337 272.9906 2.824705
13.96057 339.3337 272.9906 2.824705
13.97445 339.3337 272.9906 2.824705
13.98834 339.3337 272.9906 2.824705
14.00223 339.3337 272.9906 2.824705
14.01612 339.3337 272.9906 2.824705
14.03001 339.3337 272.9906 2.824705
14.0439 339.3337 272.9906 2.824705
14.05779 339.3337 272.9906 2.824705
14.07168 339.3337 272.9906 2.824705
14.08557 339.3337 272.9906 2.824705
14.09945 339.3337 272.9906 2.824705
14.11334 339.3337 272.9906 2.824705
14.12723 339.3337 272.9906 2.824705
