1.472934 0 270 0
1.734477 0 270 0
1.834477 0 270 0
1.934477 0 270 0
2.034477 0 270 0
2.134477 0 270 0
2.234477 0 270 0
2.334477 0 270 0
2.434477 0 270 0
2.534477 0 270 0
2.634477 0 270 0
2.734477 0 270 0
2.834477 0 270 0
2.934477 0 270 0
3.034477 0 270 0
3.134477 0 270 0
3.234477 0 270 0
3.334477 0 270 0
3.434477 0 270 0
3.534477 0 270 0
3.634477 0 270 0
3.734477 0 270 0
3.834477 0 270 0
3.934477 0 270 0
4.034477 0 270 0
4.134477 0 270 0
4.234477 0 270 0
4.334477 0 270 0
4.434477 0 270 0
4.534477 0 270 0
4.634477 0 270 0
4.734477 0 270 0
4.834477 0 270 0
4.934477 0 270 0
5.034477 0 270 0
5.134477 0 270 0
5.234477 0 270 0
5.334477 0 270 0
5.434477 0 270 0
5.534477 0 270 0
5.634477 0 270 0
5.734477 0 270 0
5.834477 0 270 0
5.934477 0 270 0
6.034477 0 270 0
6.134477 0 270 0
6.234477 0 270 0
6.334477 0 270 0
6.434477 0 270 0
6.534477 0 270 0
6.634477 0 270 0
6.734477 0 270 0
6.834477 0 270 0
6.934477 0 270 0
7.034477 0 270 0
7.134477 0 270 0
7.234477 0 270 0
7.334477 0 270 0
7.434477 0 270 0
7.534477 0 270 0
7.634477 0 270 0
7.734477 0 270 0
7.834477 0 270 0
7.934477 0 270 0
8.034477 0 270 0
8.134478 0 270 0
8.234477 0 270 0
8.334477 0 270 0
8.434477 0 270 0
8.534477 0.45 269.85 -2.668125E-08
8.634478 1.950001 269.85 1.067835E-07
8.734477 2.400002 269.85 1.068154E-07
8.834477 2.400002 269.85 1.068154E-07
8.934477 2.400002 269.85 1.068154E-07
9.034477 3.075004 271.275 -2.137511E-07
9.134478 3.600008 272.4 -4.277308E-07
9.234477 3.600019 272.4 4.277309E-07
9.334477 3.825026 273.15 4.278398E-07
9.434477 3.900027 273.3 4.278776E-07
9.534477 3.900027 273.3 4.278776E-07
9.634478 3.900027 273.3 4.278776E-07
9.734477 3.900027 273.3 4.278776E-07
9.834477 4.200027 273.9 6.420544E-07
9.934477 5.400031 275.85 6.431847E-07
10.03448 7.425035 279.45 0
10.13448 8.100041 280.725 4.311886E-07
10.23448 8.775045 282.825 8.638855E-07
10.33448 10.95005 289.875 1.304409E-06
10.43448 12.82505 296.475 1.751237E-06
10.53448 13.20006 298.725 1.315415E-06
10.63448 12.45007 299.7 1.748668E-06
10.73448 11.32507 301.65 0
10.83448 11.17508 304.65 1.740549E-06
10.93448 11.10009 309.075 2.175125E-06
11.03448 10.6501 311.25 2.171846E-06
11.13448 10.35011 313.425 3.037635E-06
11.23448 10.35011 315.45 3.037635E-06
11.33448 11.02511 319.425 2.392026E-06
11.43448 12.90011 327.9 2.1897E-06
11.53448 14.17511 334.725 4.402929E-06
11.63448 14.47512 337.8751 1.102205E-06
11.73448 14.55012 341.025 1.102579E-06
11.83448 14.55012 343.425 0
11.93448 14.55012 344.625 -6.615472E-07
12.03448 14.55012 345.75 1.102579E-07
12.13448 14.55012 345.75 1.102579E-07
12.23448 14.55013 346.2 1.54361E-06
12.33448 14.25014 348.6 2.312305E-06
12.43448 14.25015 351.7501 3.633622E-06
12.53448 14.25015 355.1251 4.844829E-06
12.63448 14.17516 357.7501 3.687454E-06
12.73448 14.10017 359.3251 3.803153E-06
12.83448 14.02517 2.925103 6.572554E-06
12.93448 14.02518 4.575142 1.18251E-05
13.03448 14.02518 4.575152 1.441012E-05
13.13448 14.02518 4.575152 1.441012E-05
13.23448 14.02518 4.575152 1.441012E-05
13.33448 14.02518 4.575152 1.441012E-05
13.43448 14.02518 4.575152 1.441012E-05
13.53448 14.0252 4.950139 1.419012E-05
13.63448 14.1002 4.650137 1.51851E-05
13.73448 14.1002 4.650137 1.51851E-05
13.83448 14.1002 4.650137 1.51851E-05
13.93448 14.1002 4.650145 1.524012E-05
14.03448 14.5502 7.275137 1.587714E-05
14.13448 15.82521 13.95015 1.819186E-05
14.23448 16.12521 15.30017 1.955226E-05
14.33448 16.12522 15.52516 2.177411E-05
14.43448 16.57523 16.5752 2.961875E-05
14.53448 17.40023 17.55018 2.863093E-05
14.63448 17.70024 17.62519 2.957458E-05
14.73448 19.05024 19.05017 3.04844E-05
14.83448 19.12525 19.27515 2.959457E-05
14.93448 19.12525 19.27515 2.959457E-05
15.03448 19.35025 19.35016 2.759915E-05
15.13448 21.30027 19.12515 2.359657E-05
15.23448 23.25027 18.90014 1.951399E-05
15.33448 24.15029 18.90016 2.105252E-05
15.43448 24.52531 18.90018 2.533793E-05
15.53448 24.5253 18.90019 2.627637E-05
15.63448 22.50031 18.9002 2.633742E-05
15.73448 20.47531 18.82519 2.255591E-05
15.83448 17.55033 18.15026 2.574433E-05
15.93448 15.52535 17.7003 3.145675E-05
16.03448 14.25036 17.55031 3.325318E-05
16.13448 12.15038 16.95036 3.984604E-05
16.23448 10.87539 16.65042 4.205664E-05
16.33448 10.8004 16.65042 4.682655E-05
16.43448 10.8004 16.65042 4.682655E-05
16.53448 10.8004 16.65042 4.682655E-05
16.63448 10.8004 16.65042 4.682655E-05
16.73448 10.8004 16.65042 4.682655E-05
16.83448 10.8004 16.65042 4.682655E-05
16.93448 10.8004 16.65042 4.682655E-05
17.03448 10.8004 16.65042 4.682655E-05
17.13448 10.8004 16.65042 4.682655E-05
17.23448 10.8004 16.65042 4.682655E-05
17.33448 10.8004 16.65042 4.682655E-05
17.43448 10.8004 16.65042 4.682655E-05
17.53448 10.8004 16.65042 4.682655E-05
17.63448 10.8004 16.65042 4.682655E-05
17.73448 10.8004 16.65042 4.682655E-05
17.83448 10.8004 16.65042 4.682655E-05
17.93448 10.8004 16.65042 4.682655E-05
18.03448 10.8004 16.65042 4.682655E-05
18.13448 11.3254 18.45041 4.429832E-05
18.23448 12.00041 20.77537 4.167852E-05
18.33448 12.00042 20.77538 3.92782E-05
18.43448 12.30042 22.35037 3.997787E-05
18.53448 13.50042 27.00033 3.819453E-05
18.63448 14.02542 28.57533 3.520033E-05
18.73448 14.02542 28.57533 3.520033E-05
18.83448 14.02542 28.57533 3.520033E-05
18.93448 14.02542 28.57533 3.520033E-05
19.03448 14.02542 28.57533 3.520033E-05
19.13448 14.02542 28.57533 3.520033E-05
19.23448 15.45042 26.32532 3.631717E-05
19.33448 15.90043 25.35031 2.818572E-05
19.43448 15.90043 25.35031 2.862959E-05
19.53448 15.97543 24.67532 2.930635E-05
19.63448 15.97544 22.50031 2.952836E-05
19.73448 15.97544 22.50031 2.952836E-05
19.83448 15.97544 22.50031 2.952836E-05
19.93448 15.97544 22.50031 2.952836E-05
20.03448 15.97544 22.50031 2.952836E-05
20.13448 15.97544 22.50031 2.952836E-05
20.23448 15.97544 22.50031 2.952836E-05
20.33448 15.97544 22.50031 2.952836E-05
20.43448 15.97544 22.50031 2.952836E-05
20.53448 16.35044 21.07529 3.025175E-05
20.63448 16.80045 18.52529 2.987663E-05
20.73448 16.80045 18.52529 2.987663E-05
20.83448 16.80045 18.52529 2.987663E-05
20.93448 16.80045 18.52529 2.987663E-05
21.03448 16.80045 18.52529 2.987663E-05
21.13448 16.80045 18.52529 2.987663E-05
21.23448 16.80045 18.52529 2.987663E-05
21.33448 16.80045 18.52529 2.987663E-05
21.43448 16.80045 18.52529 2.987663E-05
21.53448 16.80045 18.52529 2.987663E-05
21.63448 16.80045 18.52529 2.987663E-05
21.73448 16.80045 18.52529 2.987663E-05
21.83448 16.80045 18.52529 2.987663E-05
21.93448 16.80045 18.52529 2.987663E-05
22.03448 16.80045 18.52529 2.987663E-05
22.13448 16.80045 18.52529 2.987663E-05
22.23448 16.80045 18.52529 2.987663E-05
22.33448 16.80045 18.52529 2.987663E-05
22.43448 16.80045 18.52529 2.987663E-05
22.53448 16.80045 18.52529 2.987663E-05
22.63448 16.80045 18.52529 2.987663E-05
22.73448 16.80045 18.52529 2.987663E-05
22.83448 16.80045 18.52529 2.987663E-05
22.93448 16.80045 18.52529 2.987663E-05
23.03448 16.80045 18.52529 2.987663E-05
23.13448 16.80045 18.52529 2.987663E-05
23.23448 16.80045 18.52529 2.987663E-05
23.33448 16.80045 18.52529 2.987663E-05
23.43448 16.80045 18.52529 2.987663E-05
23.53448 16.80045 18.52529 2.987663E-05
23.63448 16.80045 18.52529 2.987663E-05
23.73448 16.80045 18.52529 2.987663E-05
23.83448 16.80045 18.52529 2.987663E-05
23.93448 16.80045 18.52529 2.987663E-05
24.03448 16.80045 18.52529 2.987663E-05
24.13448 16.80045 18.52529 2.987663E-05
24.23448 16.80045 18.52529 2.987663E-05
24.33448 16.80045 18.52529 2.987663E-05
24.43448 16.80045 18.52529 2.987663E-05
24.53448 16.80045 18.52529 2.987663E-05
24.63448 16.80045 18.52529 2.987663E-05
24.73448 16.80045 18.52529 2.987663E-05
24.83448 16.80045 18.52529 2.987663E-05
24.93448 16.80045 18.52529 2.987663E-05
25.03448 16.80045 18.52529 2.987663E-05
25.13448 16.80045 18.52529 2.987663E-05
25.23448 16.80045 18.52529 2.987663E-05
25.33448 16.80045 18.52529 2.987663E-05
25.43448 16.80045 18.52529 2.987663E-05
25.53448 16.80045 18.52529 2.987663E-05
25.63448 16.80045 18.52529 2.987663E-05
25.73448 16.80045 18.52529 2.987663E-05
25.83448 16.80045 18.52529 2.987663E-05
25.93448 16.80045 18.52529 2.987663E-05
26.03448 16.80045 18.52529 2.987663E-05
26.13448 16.80045 18.52529 2.987663E-05
26.23448 16.80045 18.52529 2.987663E-05
26.33448 16.80045 18.52529 2.987663E-05
26.43448 16.80045 18.52529 2.987663E-05
26.53448 16.80045 18.52529 2.987663E-05
26.63448 16.80045 18.52529 2.987663E-05
26.73448 16.80045 18.52529 2.987663E-05
26.83448 16.80045 18.52529 2.987663E-05
26.93448 16.80045 18.52529 2.987663E-05
27.03448 16.80045 18.52529 2.987663E-05
27.13448 16.80045 18.52529 2.987663E-05
27.23448 16.80045 18.52529 2.987663E-05
27.33448 16.80045 18.52529 2.987663E-05
27.43448 16.80045 18.52529 2.987663E-05
27.53448 16.80045 18.52529 2.987663E-05
27.63448 16.80045 18.52529 2.987663E-05
27.73448 16.80045 18.52529 2.987663E-05
27.83448 16.80045 18.52529 2.987663E-05
27.93448 16.80045 18.52529 2.987663E-05
28.03448 16.80045 18.52529 2.987663E-05
28.13448 16.80045 18.52529 2.987663E-05
28.23448 16.80045 18.52529 2.987663E-05
28.33448 16.80045 18.52529 2.987663E-05
28.43448 16.80045 18.52529 2.987663E-05
28.53448 16.80045 18.52529 2.987663E-05
28.63448 16.80045 18.52529 2.987663E-05
28.73448 16.80045 18.52529 2.987663E-05
28.83448 16.80045 18.52529 2.987663E-05
28.93448 16.80045 18.52529 2.987663E-05
29.03448 16.80045 18.52529 2.987663E-05
29.13448 16.80045 18.52529 2.987663E-05
29.23448 16.80045 18.52529 2.987663E-05
29.33448 16.80045 18.52529 2.987663E-05
29.43448 16.80045 18.52529 2.987663E-05
29.53448 16.80045 18.52529 2.987663E-05
29.63448 16.80045 18.52529 2.987663E-05
29.73448 16.80045 18.52529 2.987663E-05
29.83448 16.80045 18.52529 2.987663E-05
29.93448 16.80045 18.52529 2.987663E-05
30.03448 16.80045 18.52529 2.987663E-05
30.13448 16.80045 18.52529 2.987663E-05
30.23448 16.80045 18.52529 2.987663E-05
30.33448 16.80045 18.52529 2.987663E-05
30.43448 16.80045 18.52529 2.987663E-05
30.53448 16.80045 18.52529 2.987663E-05
30.63448 16.80045 18.52529 2.987663E-05
30.73448 16.80045 18.52529 2.987663E-05
30.83448 16.80046 18.75027 3.054551E-05
30.93448 16.80047 19.50023 2.920775E-05
31.03448 17.55048 23.17522 2.843072E-05
31.13448 18.15047 25.57522 2.830214E-05
31.23448 18.15047 25.57522 2.78529E-05
31.33448 18.52548 26.92522 2.701296E-05
31.43448 18.97549 28.95019 2.618224E-05
31.53448 18.97548 29.17517 2.843933E-05
31.63448 18.97551 30.07513 3.295351E-05
31.73448 18.97552 32.40015 3.611343E-05
31.83448 19.12553 34.80016 3.79534E-05
31.93448 19.12553 34.80016 3.79534E-05
32.03448 19.12553 34.80016 3.79534E-05
32.13448 19.05053 34.87516 3.838784E-05
32.23448 15.90053 34.27518 4.039215E-05
32.33448 12.67554 33.07518 4.353629E-05
32.43448 11.17555 32.85019 4.677732E-05
32.53448 8.850555 32.3252 4.773942E-05
32.63448 8.400556 32.25021 4.768258E-05
32.73448 7.650561 32.25021 4.824075E-05
32.83448 6.750566 32.02522 4.889736E-05
32.93448 6.675575 32.02522 4.631102E-05
33.03448 6.675579 32.02522 4.512908E-05
33.13448 6.675579 32.02522 4.512908E-05
33.23448 6.675579 32.02522 4.512908E-05
33.33448 6.675579 32.02522 4.512908E-05
33.43448 6.675579 32.02522 4.512908E-05
33.53448 6.675579 32.02522 4.512908E-05
33.63448 6.675579 32.02522 4.512908E-05
33.73448 6.675579 32.02522 4.512908E-05
33.83448 6.675579 32.02522 4.512908E-05
33.93448 6.675579 32.02522 4.512908E-05
34.03448 6.675579 32.02522 4.512908E-05
34.13448 6.675579 32.02522 4.512908E-05
34.23448 6.675579 32.02522 4.512908E-05
34.33448 6.675579 32.02522 4.512908E-05
34.43448 6.675579 32.02522 4.512908E-05
34.53448 6.675579 32.02522 4.512908E-05
34.63448 6.675579 32.02522 4.512908E-05
34.73448 6.675579 32.02522 4.512908E-05
34.83448 6.675579 32.02522 4.512908E-05
34.93448 6.675579 32.02522 4.512908E-05
35.03448 6.675579 32.02522 4.512908E-05
35.13448 6.675579 32.02522 4.512908E-05
35.23448 6.675579 32.02522 4.512908E-05
35.33448 6.675579 32.02522 4.512908E-05
35.43448 6.675579 32.02522 4.512908E-05
35.53448 6.675579 32.02522 4.512908E-05
35.63448 6.675579 32.02522 4.512908E-05
35.73448 6.675579 32.02522 4.512908E-05
35.83448 6.675579 32.02522 4.512908E-05
35.93448 6.675579 32.02522 4.512908E-05
36.03448 6.675579 32.02522 4.512908E-05
36.13448 6.675579 32.02522 4.512908E-05
36.23448 6.675579 32.02522 4.512908E-05
36.33448 6.675579 32.02522 4.512908E-05
36.43448 6.675579 32.02522 4.512908E-05
36.53448 6.675579 32.02522 4.512908E-05
36.63448 6.675579 32.02522 4.512908E-05
36.73448 6.675579 32.02522 4.512908E-05
36.83448 6.675579 32.02522 4.512908E-05
36.93448 6.675582 32.02522 4.351732E-05
37.03448 6.675582 32.02522 4.340987E-05
37.13448 6.675583 31.80023 4.287262E-05
37.23448 6.67558 30.0002 4.276518E-05
37.33448 6.67558 28.35017 4.287263E-05
37.43448 6.67558 28.35017 4.287263E-05
37.53448 6.67558 28.35017 4.287263E-05
37.63448 6.675581 28.27518 4.308752E-05
37.73448 6.525582 26.40018 4.468574E-05
37.83448 6.45059 24.9002 4.435688E-05
37.93448 6.450598 24.60024 4.489388E-05
38.03448 6.450606 24.60024 4.886775E-05
38.13448 6.450609 24.60024 4.972696E-05
38.23448 6.450609 24.60024 4.972696E-05
38.33448 6.450609 24.60024 4.972696E-05
38.43448 6.450609 24.60024 4.972696E-05
38.53448 6.450609 24.60024 4.972696E-05
38.63448 6.450611 24.07523 4.961956E-05
38.73448 6.450613 24.07523 5.123059E-05
38.83448 6.450613 24.07523 5.123059E-05
38.93448 6.450613 24.07523 5.123059E-05
39.03448 6.450613 24.07523 5.123059E-05
39.13448 6.450613 24.07523 5.123059E-05
39.23448 6.450613 24.07523 5.123059E-05
39.33448 6.450613 24.07523 5.123059E-05
39.43448 6.450613 24.07523 5.123059E-05
39.53448 6.450613 24.07523 5.123059E-05
39.63448 6.450613 24.07523 5.123059E-05
39.73448 6.450613 24.07523 5.123059E-05
39.83448 6.450613 24.07523 5.123059E-05
39.93448 6.450613 24.07523 5.123059E-05
40.03448 6.450613 24.07523 5.123059E-05
40.13448 6.450613 24.07523 5.123059E-05
40.23448 6.450613 24.07523 5.123059E-05
40.33448 6.450613 24.07523 5.123059E-05
40.43448 6.450613 24.07523 5.123059E-05
40.53448 6.450613 24.07523 5.123059E-05
40.63448 6.450613 24.07523 5.123059E-05
40.73448 6.450613 24.07523 5.123059E-05
40.83448 6.450613 24.07523 5.123059E-05
40.93448 6.450613 24.07523 5.123059E-05
41.03448 6.450613 24.07523 5.123059E-05
41.13448 6.450613 24.07523 5.123059E-05
41.23448 6.450613 24.07523 5.123059E-05
41.33448 6.450613 24.07523 5.123059E-05
41.43448 6.450613 24.07523 5.123059E-05
41.53448 6.450613 24.07523 5.123059E-05
41.63448 6.450613 24.07523 5.123059E-05
41.73448 6.450613 24.07523 5.123059E-05
41.83448 6.450613 24.07523 5.123059E-05
41.93448 6.450613 24.07523 5.123059E-05
42.03448 6.450613 24.07523 5.123059E-05
42.13448 6.450613 24.07523 5.123059E-05
42.23448 6.450613 24.07523 5.123059E-05
42.33448 6.450613 24.07523 5.123059E-05
42.43448 6.450613 24.07523 5.123059E-05
42.53448 6.450613 24.07523 5.123059E-05
42.63448 6.450613 24.07523 5.123059E-05
42.73448 6.450613 24.07523 5.123059E-05
42.83448 6.450613 24.07523 5.123059E-05
42.93448 6.450613 24.07523 5.123059E-05
43.03448 6.450613 24.07523 5.123059E-05
43.13448 6.450613 24.07523 5.123059E-05
43.23448 6.450613 24.07523 5.123059E-05
43.33448 6.450613 24.07523 5.123059E-05
43.43448 6.450613 24.07523 5.123059E-05
43.53448 6.450613 24.07523 5.123059E-05
43.63448 6.450613 24.07523 5.123059E-05
43.73448 6.450613 24.07523 5.123059E-05
43.83448 6.450613 24.07523 5.123059E-05
43.93448 6.450613 24.07523 5.123059E-05
44.03448 6.450613 24.07523 5.123059E-05
44.13448 6.450613 24.07523 5.123059E-05
44.23448 6.450613 24.07523 5.123059E-05
44.33448 6.450613 24.07523 5.123059E-05
44.43448 6.450613 24.07523 5.123059E-05
44.53448 6.450613 24.07523 5.123059E-05
44.63448 6.450613 24.07523 5.123059E-05
44.73448 6.450613 24.07523 5.123059E-05
44.83448 6.450613 24.07523 5.123059E-05
44.93448 6.450613 24.07523 5.123059E-05
45.03448 6.450613 24.07523 5.123059E-05
45.13448 6.450613 24.07523 5.123059E-05
45.23448 6.450613 24.07523 5.123059E-05
45.33448 6.450612 24.22523 5.14454E-05
45.43448 6.750618 26.77527 5.233631E-05
45.53448 8.02562 32.92529 5.431975E-05
45.63448 9.375619 41.17532 5.516498E-05
45.73448 10.27562 46.42533 5.639989E-05
45.83448 10.87563 50.17535 5.998782E-05
45.93448 10.87563 51.22532 6.303068E-05
46.03448 10.87564 51.45032 6.259599E-05
46.13448 10.87564 51.45032 6.259599E-05
46.23448 10.87564 51.45032 6.259599E-05
46.33448 10.87564 51.45032 6.259599E-05
46.43448 10.87564 51.45032 6.259599E-05
46.53448 10.87564 51.45032 6.259599E-05
46.63448 10.87564 51.45032 6.259599E-05
46.73448 9.675641 50.40031 6.105961E-05
46.83448 7.275657 49.72534 5.98189E-05
46.93448 2.62566 48.22534 5.982696E-05
47.03448 2.625664 48.22534 6.004063E-05
47.13448 2.625666 48.22534 5.993379E-05
47.23448 1.350667 48.15034 5.983413E-05
47.33448 353.2507 45.45033 5.975135E-05
47.43448 351.9006 45.07533 6.338461E-05
47.53448 358.2756 45.30032 6.374173E-05
47.63448 9.150607 45.9003 6.442604E-05
47.73448 17.10062 45.82531 6.431509E-05
47.83448 20.32564 45.82529 6.282209E-05
47.93448 20.47564 45.82529 6.288328E-05
48.03448 20.47564 45.82529 6.288328E-05
48.13448 20.47564 45.82529 6.288328E-05
48.23448 20.47564 45.82529 6.288328E-05
48.33448 20.47564 45.82529 6.288328E-05
48.43448 20.47564 45.82529 6.288328E-05
48.53448 20.47564 45.82529 6.288328E-05
48.63448 20.47564 45.82529 6.288328E-05
48.73448 20.47564 45.82529 6.288328E-05
48.83448 20.47564 45.82529 6.288328E-05
48.93448 22.87565 45.8253 6.579245E-05
49.03448 23.02565 45.82529 6.401008E-05
49.13448 16.05068 46.65026 6.440943E-05
49.23448 8.850686 45.90029 6.394061E-05
49.33448 8.250702 45.90029 6.384002E-05
49.43448 8.40071 45.90028 6.408024E-05
49.53448 21.30072 45.60029 6.41462E-05
49.63448 37.12574 46.87532 6.531965E-05
49.73448 39.67575 47.25029 7.543051E-05
49.83448 40.57574 47.25029 7.193963E-05
49.93448 49.72579 47.85027 7.131877E-05
50.03448 55.57582 48.37527 6.343097E-05
50.13448 57.00087 48.37527 6.584057E-05
50.23448 57.00087 48.37527 6.584057E-05
50.33448 57.00087 48.37527 6.584057E-05
50.43448 57.00087 48.37527 6.584057E-05
50.53448 57.00087 48.37527 6.584057E-05
50.63448 57.00087 48.37527 6.584057E-05
50.73448 57.00087 48.37527 6.584057E-05
50.83448 57.00087 48.37527 6.584057E-05
50.93448 57.00087 48.37527 6.584057E-05
51.03448 57.00087 48.37527 6.584057E-05
51.13448 57.00087 48.37527 6.584057E-05
51.23448 57.00087 48.37527 6.584057E-05
51.33448 57.00087 48.37527 6.584057E-05
51.43448 57.00087 48.37527 6.584057E-05
51.53448 57.00087 48.37527 6.584057E-05
51.63448 57.00087 48.37527 6.584057E-05
51.73448 57.00087 48.37527 6.584057E-05
51.83448 57.00087 48.37527 6.584057E-05
51.93448 57.00087 48.37527 6.584057E-05
52.03448 57.00087 48.37527 6.584057E-05
52.13448 57.00087 48.37527 6.584057E-05
52.23448 57.00087 48.37527 6.584057E-05
52.33448 57.00087 48.37527 6.584057E-05
52.43448 57.00087 48.37527 6.584057E-05
52.53448 57.00087 48.37527 6.584057E-05
52.63448 57.00087 48.37527 6.584057E-05
52.73448 57.00087 48.37527 6.584057E-05
52.83448 57.00087 48.37527 6.584057E-05
52.93448 57.00087 48.37527 6.584057E-05
53.03448 57.00087 48.37527 6.584057E-05
53.13448 57.00087 48.37527 6.584057E-05
53.23448 57.00087 48.37527 6.584057E-05
53.33448 57.00087 48.37527 6.584057E-05
53.43448 57.00087 48.37527 6.584057E-05
53.53448 57.00087 48.37527 6.584057E-05
53.63448 57.00087 48.37527 6.584057E-05
53.73448 57.00087 48.37527 6.584057E-05
53.83448 57.00087 48.37527 6.584057E-05
53.93448 57.00087 48.37527 6.584057E-05
54.03448 57.00087 48.37527 6.584057E-05
54.13448 57.00087 48.37527 6.584057E-05
54.23448 57.00087 48.37527 6.584057E-05
54.33448 57.00087 48.37527 6.584057E-05
54.43448 57.00087 48.37527 6.584057E-05
54.53448 57.00087 48.37527 6.584057E-05
54.63448 57.00087 48.37527 6.584057E-05
54.73448 57.00087 48.37527 6.584057E-05
54.83448 57.00087 48.37527 6.584057E-05
54.93448 57.00087 48.37527 6.584057E-05
55.03448 57.00087 48.37527 6.584057E-05
55.13448 57.00087 48.37527 6.584057E-05
55.23448 57.00087 48.37527 6.584057E-05
55.33448 57.00087 48.37527 6.584057E-05
55.43448 57.00087 48.37527 6.584057E-05
55.53448 57.00087 48.37527 6.584057E-05
55.63448 57.00087 48.37527 6.584057E-05
55.73448 57.00087 48.37527 6.584057E-05
55.83448 57.00087 48.37527 6.584057E-05
55.93448 57.00087 48.37527 6.584057E-05
56.03448 57.00087 48.37527 6.584057E-05
56.13448 57.00087 48.37527 6.584057E-05
56.23448 57.00087 48.37527 6.584057E-05
56.33448 57.00087 48.37527 6.584057E-05
56.43448 60.7509 49.42526 5.591556E-05
56.53448 67.501 51.07521 5.800893E-05
56.63448 69.15108 51.22525 5.757306E-05
56.73448 69.15108 51.22525 5.757306E-05
56.83448 69.97606 51.15029 6.981532E-05
56.93448 71.77618 50.7753 6.006141E-05
57.03448 71.77618 50.7753 6.006141E-05
57.13448 72.82635 50.62531 4.626415E-05
57.23448 72.90137 50.62529 4.065346E-05
57.33448 72.90137 50.62529 4.065346E-05
57.43448 72.90137 50.62529 4.065346E-05
57.53448 72.90137 50.62529 4.065346E-05
57.63448 72.90137 50.62529 4.065346E-05
57.73448 72.90137 50.62529 4.065346E-05
57.83448 72.90137 50.62529 4.065346E-05
57.93448 72.90137 50.62529 4.065346E-05
58.03448 72.90137 50.62529 4.065346E-05
58.13448 72.90137 50.62529 4.065346E-05
58.23448 72.90137 50.62529 4.065346E-05
58.33448 72.90137 50.62529 4.065346E-05
58.43448 72.90137 50.62529 4.065346E-05
58.53448 72.90137 50.62529 4.065346E-05
58.63448 72.90137 50.62529 4.065346E-05
58.73448 72.90137 50.62529 4.065346E-05
58.83448 72.90137 50.62529 4.065346E-05
58.93448 72.90137 50.62529 4.065346E-05
59.03448 72.90137 50.62529 4.065346E-05
59.13448 72.90137 50.62529 4.065346E-05
59.23448 72.90137 50.62529 4.065346E-05
59.33448 72.90137 50.62529 4.065346E-05
59.43448 72.90137 50.62529 4.065346E-05
59.53448 72.90137 50.62529 4.065346E-05
59.63448 72.90137 50.62529 4.065346E-05
59.73448 72.90137 50.62529 4.065346E-05
59.83448 72.90137 50.62529 4.065346E-05
59.93448 72.90137 50.62529 4.065346E-05
60.03448 72.90137 50.62529 4.065346E-05
60.13448 72.90137 50.62529 4.065346E-05
60.23448 75.30146 51.22531 4.710775E-05
60.33448 84.37681 54.52537 6.970525E-05
60.43448 86.10258 54.97535 7.536301E-05
60.53448 86.10258 54.97535 7.536301E-05
60.63448 81.97781 54.97536 7.34128E-05
60.73448 68.8529 52.20031 4.733146E-05
60.83448 58.27797 47.4753 4.546543E-05
60.93448 56.02804 46.72535 3.972552E-05
61.03448 53.5531 45.97537 6.323426E-05
61.13448 53.10318 45.90038 5.688259E-05
61.23448 53.10318 45.90038 5.688259E-05
61.33448 53.10318 45.90038 5.688259E-05
61.43448 44.40322 46.35036 6.93121E-05
61.53448 30.90327 44.40039 7.462747E-05
61.63448 30.37828 44.3254 7.422351E-05
61.73448 30.37828 44.3254 7.422351E-05
61.83448 30.37828 44.3254 7.422351E-05
61.93448 30.37828 44.3254 7.422351E-05
62.03448 30.37828 44.3254 7.422351E-05
62.13448 30.37828 44.3254 7.422351E-05
62.23448 30.37828 44.3254 7.422351E-05
62.33448 30.37828 44.3254 7.422351E-05
62.43448 30.37828 44.3254 7.422351E-05
62.53448 30.37828 44.3254 7.422351E-05
62.63448 30.37828 44.3254 7.422351E-05
62.73448 30.37828 44.3254 7.422351E-05
62.83448 30.37828 44.3254 7.422351E-05
62.93448 30.37828 44.3254 7.422351E-05
63.03448 30.37828 44.3254 7.422351E-05
63.13448 30.37828 44.3254 7.422351E-05
63.23448 30.37828 44.3254 7.422351E-05
63.33448 30.37828 44.3254 7.422351E-05
63.43448 30.37828 44.3254 7.422351E-05
63.53448 30.37828 44.3254 7.422351E-05
63.63448 30.37828 44.3254 7.422351E-05
63.73448 30.37828 44.3254 7.422351E-05
63.83448 30.37828 44.3254 7.422351E-05
63.93448 30.37828 44.3254 7.422351E-05
64.03448 30.37828 44.3254 7.422351E-05
64.13448 30.37828 44.3254 7.422351E-05
64.23447 30.37828 44.3254 7.422351E-05
64.33448 30.37828 44.3254 7.422351E-05
64.43448 30.37828 44.3254 7.422351E-05
64.53448 30.37828 44.3254 7.422351E-05
64.63448 30.37828 44.3254 7.422351E-05
64.73448 30.37828 44.3254 7.422351E-05
64.83448 30.37828 44.3254 7.422351E-05
64.93448 30.37828 44.3254 7.422351E-05
65.03448 30.37828 44.3254 7.422351E-05
65.13448 30.37828 44.3254 7.422351E-05
65.23448 30.37828 44.3254 7.422351E-05
65.33448 30.37828 44.3254 7.422351E-05
65.43448 30.37828 44.3254 7.422351E-05
65.53448 30.37828 44.3254 7.422351E-05
65.63448 30.37828 44.3254 7.422351E-05
65.73448 30.37828 44.3254 7.422351E-05
65.83448 30.37828 44.3254 7.422351E-05
