2.011945 0 270 0
2.049891 0 270 0
2.299712 358.2782 255.2684 0.2967427
2.313601 358.2782 255.2684 0.2967427
2.32749 358.2782 255.2684 0.2967427
2.341378 358.2782 255.2684 0.2967427
2.355267 358.2782 255.2684 0.2967427
2.369156 358.2782 255.2684 0.2967427
2.383045 358.2782 255.2684 0.2967427
2.396934 358.2782 255.2684 0.2967427
2.410823 358.2782 255.2684 0.2967427
2.424712 358.2782 255.2684 0.2967427
2.438601 358.2782 255.2684 0.2967427
2.45249 358.2782 255.2684 0.2967427
2.466378 358.2782 255.2684 0.2967427
2.480267 358.2782 255.2684 0.2967427
2.494156 358.2782 255.2684 0.2967427
2.508045 358.2782 255.2684 0.2967427
2.521934 358.2782 255.2684 0.2967427
2.535823 358.2782 255.2684 0.2967427
2.549712 358.2782 255.2684 0.2967427
2.563601 358.2782 255.2684 0.2967427
2.57749 358.2782 255.2684 0.2967427
2.591378 358.2782 255.2684 0.2967427
2.605267 358.2782 255.2684 0.2967427
2.619156 358.2782 255.2684 0.2967427
2.633045 359.1067 255.5306 359.6337
2.646934 359.1067 255.5306 359.6337
2.660823 359.1067 255.5306 359.6337
2.674712 359.1067 255.5306 359.6337
2.688601 359.1067 255.5306 359.6337
2.70249 359.3614 256.8119 0.04660502
2.716378 359.3614 256.8119 0.04660502
2.730267 359.3614 256.8119 0.04660502
2.744156 359.3614 256.8119 0.04660502
2.758045 359.3614 256.8119 0.04660502
2.771934 358.0426 253.3454 359.1092
2.785823 358.0426 253.3454 359.1092
2.799712 358.0426 253.3454 359.1092
2.813601 358.0426 253.3454 359.1092
2.82749 358.0426 253.3454 359.1092
2.841378 358.0426 253.3454 359.1092
2.855267 358.0426 253.3454 359.1092
2.869156 358.0426 253.3454 359.1092
2.883045 358.0426 253.3454 359.1092
2.896934 358.0426 253.3454 359.1092
2.910823 358.0426 253.3454 359.1092
2.924712 358.0426 253.3454 359.1092
2.938601 358.0426 253.3454 359.1092
2.95249 358.2372 256.2534 358.5081
2.966378 358.2372 256.2534 358.5081
2.980267 358.2372 256.2534 358.5081
2.994156 358.2372 256.2534 358.5081
3.008045 358.2372 256.2534 358.5081
3.021934 358.2372 256.2534 358.5081
3.035823 358.2372 256.2534 358.5081
3.049712 358.2372 256.2534 358.5081
3.063601 358.2372 256.2534 358.5081
3.07749 358.2372 256.2534 358.5081
3.091378 358.2372 256.2534 358.5081
3.105267 358.2372 256.2534 358.5081
3.119156 358.2372 256.2534 358.5081
3.133045 358.2372 256.2534 358.5081
3.146934 358.2372 256.2534 358.5081
3.160823 358.2372 256.2534 358.5081
3.174712 358.2372 256.2534 358.5081
3.188601 358.2472 256.1671 358.5211
3.20249 358.2472 256.1671 358.5211
3.216378 358.2472 256.1671 358.5211
3.230267 358.2472 256.1671 358.5211
3.244156 358.2472 256.1671 358.5211
3.258045 358.2472 256.1671 358.5211
3.271934 358.2472 256.1671 358.5211
3.285823 358.2472 256.1671 358.5211
3.299712 358.2472 256.1671 358.5211
3.313601 358.2472 256.1671 358.5211
3.32749 358.2472 256.1671 358.5211
3.341378 358.2472 256.1671 358.5211
3.355267 358.2472 256.1671 358.5211
3.369156 356.4315 254.756 359.3257
3.383045 356.4315 254.756 359.3257
3.396934 356.4315 254.756 359.3257
3.410823 356.4315 254.756 359.3257
3.424712 356.4315 254.756 359.3257
3.438601 356.4315 254.756 359.3257
3.45249 356.4315 254.756 359.3257
3.466378 356.3535 254.6649 359.4658
3.480267 356.3535 254.6649 359.4658
3.494156 356.4606 254.7008 359.4637
3.508045 356.4606 254.7008 359.4637
3.521934 356.6526 254.7302 359.3715
3.535823 356.6526 254.7302 359.3715
3.549712 356.659 254.721 359.5344
3.563601 356.659 254.721 359.5344
3.57749 356.7589 254.7308 359.6579
3.591378 356.9179 254.8181 359.4783
3.605267 356.9179 254.8181 359.4783
3.619156 357.0826 254.8605 359.4139
3.633045 357.3664 254.9085 359.4469
3.646934 357.5889 254.9524 359.4704
3.660823 357.8224 254.9904 359.3952
3.674712 357.8224 254.9904 359.3952
3.688601 358.2297 254.9771 359.1707
3.70249 358.2297 254.9771 359.1707
3.716378 358.388 254.9375 359.1976
3.730267 358.581 254.9123 359.2856
3.744156 358.951 254.9609 359.3134
3.758045 359.1562 254.9663 359.2094
3.771934 359.1562 254.9663 359.2094
3.785823 359.66 254.9135 359.2176
3.799712 359.66 254.9135 359.2176
3.813601 0.2190773 255.0193 359.328
3.82749 0.5942636 255.0026 359.1918
3.841378 0.5942636 255.0026 359.1918
3.855267 0.9165179 254.958 359.0777
3.869156 1.776163 254.9843 359.0497
3.883045 2.125589 255.1454 359.135
3.896934 2.55268 255.3742 359.1817
3.910823 2.928272 255.5191 359.1097
3.924712 3.381862 255.69 359.0571
3.938601 3.822295 255.8806 359.1075
3.95249 4.264882 256.2072 359.204
3.966378 4.692542 256.6523 359.1114
3.980267 5.201975 257.0929 358.9872
3.994156 5.622231 257.5012 358.9943
4.008045 6.084124 257.9783 359.1162
4.021934 6.455116 258.4207 359.1067
4.035823 6.806717 258.7975 358.9721
4.049712 7.072089 259.073 358.832
4.063601 7.230777 259.3251 358.7329
4.07749 7.289101 259.5373 358.648
4.091379 7.260435 259.5998 358.5713
4.105268 7.070402 259.5627 358.5007
4.119156 6.782932 259.5014 358.5731
4.133045 6.437233 259.4418 358.7293
4.146934 6.085769 259.4172 358.8647
4.160823 5.756607 259.3843 358.9605
4.174712 5.484885 259.3453 359.0284
4.188601 5.202132 259.2881 359.134
4.20249 4.787735 259.2379 359.3115
4.216379 4.404074 259.195 359.4633
4.230268 4.10391 259.1862 359.59
4.244156 3.876512 259.1805 359.7383
4.258045 3.583355 259.2179 359.9723
4.271934 3.334332 259.278 0.1054342
4.285823 3.150058 259.3262 0.169053
4.299712 3.013076 259.3672 0.2167202
4.313601 2.802422 259.4447 0.279137
4.32749 2.581028 259.4507 0.332152
4.341379 2.377905 259.4583 0.3605169
4.355268 2.095809 259.4842 0.3882486
4.369156 1.838295 259.5246 0.3305051
4.383045 1.543188 259.5708 0.1931182
4.396934 1.144933 259.6645 0.009098187
4.410823 0.6668282 259.7159 359.8452
4.424712 0.2131168 259.7763 359.7961
4.438601 359.8214 259.8813 359.9081
4.45249 359.8214 259.8813 359.9081
4.466379 359.032 260.2994 0.2562973
4.480268 358.7622 260.6532 0.3749492
4.494156 358.6046 261.133 0.5242947
4.508045 358.4757 261.6517 0.639986
4.521934 358.4104 262.2405 0.6782378
4.535823 358.4429 262.9193 0.721858
4.549712 358.5207 263.7358 0.7473121
4.563601 358.6721 264.4977 0.72544
4.57749 358.9362 265.4199 0.6749914
4.591379 359.3784 266.5801 0.6209547
4.605268 359.3784 266.5801 0.6209547
4.619156 0.4973044 269.1722 0.5695188
4.633045 1.148608 270.6677 0.6316958
4.646934 1.843831 272.2259 0.6018514
4.660823 2.592769 273.7371 0.5220014
4.674712 3.213266 275.0781 0.5092927
4.688601 3.777372 276.2787 0.5635409
4.70249 3.777372 276.2787 0.5635409
4.716379 4.702579 278.4243 0.8453988
4.730268 5.188076 279.5703 0.9100034
4.744156 5.5116 280.636 0.9820421
4.758045 5.756877 281.6937 1.272592
4.771934 5.81316 282.7077 1.859652
4.785823 5.830273 283.6712 2.363931
4.799712 5.94429 284.4263 2.465694
4.813601 5.94429 284.4263 2.465694
4.82749 6.151668 285.6861 2.4541
4.841379 6.254897 286.3323 2.616962
4.855268 6.339563 286.9468 2.753475
4.869156 6.450371 287.5733 2.785595
4.883045 6.553271 288.1215 2.696671
4.896934 6.697749 288.7305 2.627608
4.910823 6.756204 289.301 2.711517
4.924712 6.756204 289.301 2.711517
4.938601 6.838433 289.7973 2.899913
4.95249 7.133513 290.5761 2.863934
4.966379 7.133513 290.5761 2.863934
4.980268 7.452447 291.2833 2.971693
4.994156 7.591012 291.7849 3.169758
5.008045 7.724844 292.3015 3.179463
5.021934 7.954173 292.7671 2.963734
5.035823 7.954173 292.7671 2.963734
5.049712 8.230103 293.1837 2.664917
5.063601 8.493718 293.5782 2.508641
5.07749 8.674008 293.8998 2.549696
5.091379 8.991654 294.3456 2.674521
5.105268 9.35519 294.8082 2.660276
5.119156 9.806897 295.373 2.465296
5.133045 10.17717 295.8786 2.401319
5.146934 10.63751 296.5516 2.391324
5.160823 11.78713 298.3876 2.416349
5.174712 12.46546 299.2722 1.942298
5.188601 12.46546 299.2722 1.942298
5.20249 13.15901 300.1696 1.473419
5.216379 13.7846 301.1123 1.271613
5.230268 14.38308 302.1352 1.446461
5.244156 14.81441 303.0099 1.642209
5.258045 15.26675 303.9951 1.686645
5.271934 16.25564 305.9009 1.649253
5.285823 16.25564 305.9009 1.649253
5.299712 16.74046 306.8217 1.688557
5.313601 17.1113 307.6866 1.6073
5.32749 17.32176 308.2986 1.443443
5.341379 17.49494 308.9507 1.255824
5.355268 17.50718 309.7023 1.291846
5.369156 17.41953 310.3841 1.516477
5.383045 17.23032 310.8423 1.685796
5.396934 17.08252 311.2158 1.723098
5.410823 17.00337 311.582 1.603743
5.424712 16.98972 311.8877 1.473093
5.438601 16.98341 312.1398 1.400931
5.45249 16.85865 312.263 1.450118
5.466379 16.68549 312.3036 1.521076
5.480268 16.50331 312.2689 1.469808
5.494156 16.29256 312.1689 1.286545
5.508045 16.0335 312.0555 1.148069
5.521934 15.70974 311.7868 1.063432
5.535823 15.21453 311.3854 1.032305
5.549712 14.63538 310.9361 1.017993
5.563601 13.98788 310.3983 0.8811185
5.57749 13.3492 309.8656 0.7999052
5.591379 12.45556 309.1697 0.8385984
5.605268 11.67911 308.6144 0.9783532
5.619156 10.84067 308.0598 1.201853
5.633045 9.983715 307.5225 1.31963
5.646934 9.304162 307.0841 1.286318
5.660823 8.537404 306.6235 1.282111
5.674712 7.66603 306.1127 1.330064
5.688601 6.923665 305.6531 1.448563
5.70249 6.110441 305.1898 1.623569
5.716379 5.37223 304.7227 1.730483
5.730268 4.762884 304.1738 1.911006
5.744156 3.94192 303.5331 2.248088
5.758045 3.060907 302.983 2.338001
5.771934 2.338558 302.3979 2.245521
5.785823 1.7659 301.9479 2.02847
5.799712 1.209156 301.5278 1.792176
5.813601 0.6586158 301.197 1.651055
5.82749 359.9413 300.7412 1.533963
5.841379 359.2736 300.2256 1.718297
5.855268 358.44 299.6514 2.096459
5.869156 357.7163 298.9399 2.289536
5.883045 357.2021 298.2378 2.125514
5.896934 356.889 297.6031 1.827256
5.910823 356.5759 296.7923 1.595524
5.924712 356.2108 295.8759 1.621341
5.938601 355.8438 294.8237 1.771806
5.95249 355.5137 293.6917 1.793738
5.966379 355.3146 292.4649 1.58259
5.980268 355.2856 291.3377 1.258482
5.994156 355.4068 289.8625 0.8166375
6.008045 355.5107 288.3853 0.5708635
6.021934 355.5317 287.0297 0.562038
6.035823 355.5196 285.0849 0.7324784
6.049712 355.687 283.2253 0.8667387
6.063601 355.7362 281.4784 0.8758604
6.07749 355.8075 279.7516 0.8823684
6.091379 355.9951 277.8246 1.087741
6.105268 356.1489 276.4019 1.272166
6.119156 356.4104 274.8186 1.563936
6.133045 356.63 273.2921 1.820603
6.146934 357.0746 272.0002 2.107178
6.160823 357.806 270.8642 2.449886
6.174712 358.6814 270.1151 2.903652
6.188601 359.5849 269.5661 3.235512
6.20249 0.5840086 269.2945 3.439614
6.216379 1.49721 269.171 3.324138
6.230268 2.308388 269.0629 3.106922
6.244156 3.202288 268.7908 2.828454
6.258045 3.968746 268.2843 2.632028
6.271934 4.172163 267.8095 2.568412
6.285823 4.195352 267.528 2.594284
6.299712 4.195026 267.1404 2.645131
6.313601 4.764485 266.6624 2.812368
6.32749 5.925934 266.516 3.229526
6.341379 6.86922 266.6852 3.732771
6.355268 7.494855 266.9291 4.450484
6.369156 7.820582 267.1033 5.41158
6.383045 8.038839 266.9514 6.111984
6.396934 8.332432 266.6697 6.632182
6.410823 8.962842 266.0745 7.187556
6.424712 9.403745 265.5174 7.679669
6.438601 9.810966 264.977 8.309681
6.45249 10.21389 264.3261 9.029289
6.466379 10.62687 263.6939 9.872216
6.480268 11.05284 263.2664 10.62861
6.494156 11.77034 262.8098 11.29718
6.508045 12.57758 262.3781 11.72166
6.521934 13.75446 261.8443 11.90488
6.535823 15.11204 261.2855 12.13957
6.549712 16.33694 260.8167 12.53359
6.563601 16.33694 260.8167 12.53359
6.57749 19.08819 259.8356 14.17909
6.591379 19.08819 259.8356 14.17909
6.605268 20.10469 259.3815 15.22335
6.619156 20.54762 259.1543 15.75939
6.633045 20.5195 259.1659 15.74071
6.646934 21.4696 258.7787 16.36905
6.660823 21.50757 258.7635 16.39405
6.674712 21.53576 258.7521 16.4126
6.688601 20.5442 259.1557 15.75711
6.70249 20.59172 259.1361 15.78866
6.716379 26.90176 258.9926 26.59581
6.730268 27.54535 259.094 27.87285
6.744156 27.54535 259.094 27.87285
6.758045 28.18617 259.2121 29.15756
6.771934 28.58614 259.2948 29.96666
6.785823 28.58614 259.2948 29.96666
6.799712 28.58614 259.2948 29.96666
6.813601 28.58614 259.2948 29.96666
6.82749 28.58614 259.2948 29.96666
6.841379 28.58614 259.2948 29.96666
6.855268 28.58614 259.2948 29.96666
6.869156 28.58614 259.2948 29.96666
6.883045 28.58614 259.2948 29.96666
6.896934 28.58614 259.2948 29.96666
6.910823 28.58614 259.2948 29.96666
6.924712 28.58614 259.2948 29.96666
6.938601 28.58614 259.2948 29.96666
6.95249 28.58614 259.2948 29.96666
6.966379 28.58614 259.2948 29.96666
6.980268 28.58614 259.2948 29.96666
6.994156 28.58614 259.2948 29.96666
7.008045 28.58614 259.2948 29.96666
7.021934 28.58614 259.2948 29.96666
7.035823 28.58614 259.2948 29.96666
7.049712 28.58614 259.2948 29.96666
7.063601 28.58614 259.2948 29.96666
7.07749 28.58614 259.2948 29.96666
7.091379 28.58614 259.2948 29.96666
7.105268 28.58614 259.2948 29.96666
7.119156 28.58614 259.2948 29.96666
7.133045 28.58614 259.2948 29.96666
7.146934 28.58614 259.2948 29.96666
7.160823 28.58614 259.2948 29.96666
7.174712 28.58614 259.2948 29.96666
7.188601 28.58614 259.2948 29.96666
7.20249 28.58614 259.2948 29.96666
7.216379 28.58614 259.2948 29.96666
7.230268 28.58614 259.2948 29.96666
7.244156 28.58614 259.2948 29.96666
7.258045 28.58614 259.2948 29.96666
7.271934 28.58614 259.2948 29.96666
7.285823 28.58614 259.2948 29.96666
7.299712 28.58614 259.2948 29.96666
7.313601 28.58614 259.2948 29.96666
7.32749 28.58614 259.2948 29.96666
7.341379 28.58614 259.2948 29.96666
7.355268 28.58614 259.2948 29.96666
7.369156 28.58614 259.2948 29.96666
7.383045 28.58614 259.2948 29.96666
7.396934 28.58614 259.2948 29.96666
7.410823 28.58614 259.2948 29.96666
7.424712 28.58614 259.2948 29.96666
7.438601 28.58614 259.2948 29.96666
7.45249 28.58614 259.2948 29.96666
7.466379 28.58614 259.2948 29.96666
7.480268 28.58614 259.2948 29.96666
7.494156 28.58614 259.2948 29.96666
7.508045 28.58614 259.2948 29.96666
7.521934 28.58614 259.2948 29.96666
7.535823 28.58614 259.2948 29.96666
7.549712 28.58614 259.2948 29.96666
7.563601 28.58614 259.2948 29.96666
