-0.03333334 354.8579 50.5504 355.8112
0.03333334 354.9143 50.65001 355.7823
0.03333334 356.1897 50.27761 354.9423
0.1 356.639 50.45731 354.5476
0.1333333 357.0708 50.54891 354.2794
0.1666667 357.3514 50.65636 354.1277
0.1666667 2.088407 52.0717 352.3948
0.1666667 3.345611 52.57485 351.7072
0.4333333 3.566739 52.75022 351.4878
0.5 3.870983 52.73419 351.1017
0.5333334 3.644815 52.6594 351.1172
0.5666667 3.961383 52.72258 350.8114
0.6 4.061549 52.72144 350.7631
0.6 3.975572 52.68852 350.8826
0.6333333 4.050796 52.69939 350.8696
0.6333333 4.052574 52.71484 350.9178
0.6333333 3.994931 52.7496 350.9928
0.6666667 3.919844 52.7946 351.0585
0.6666667 3.855465 52.82366 351.0504
0.7 3.813895 52.86619 351.0808
0.7 3.791489 52.91439 351.0919
0.7 3.782719 52.96964 351.1292
0.7333333 3.786431 53.00958 351.14
0.7333333 3.755415 53.03242 351.1451
0.7666667 3.680593 53.05284 351.1784
0.7666667 3.604557 53.09552 351.2011
0.8 3.550517 53.13628 351.2047
0.8 3.525954 53.15808 351.2141
0.8 3.499755 53.17108 351.2322
0.8333333 3.447551 53.16638 351.2639
0.8333333 3.397822 53.17423 351.2717
0.8666667 3.332552 53.13332 351.3322
0.8666667 3.26229 53.12731 351.3746
0.9 3.166362 53.12565 351.4297
0.9 3.088673 53.14191 351.4395
0.9 3.00768 53.16722 351.4232
0.9333333 2.965042 53.15648 351.4263
0.9333333 2.944395 53.14633 351.4777
0.9666666 2.922144 53.10263 351.539
0.9666666 2.901806 53.06433 351.6224
0.9666666 2.843388 53.03028 351.6872
1 2.77967 53.01525 351.7148
1 2.647023 52.99274 351.7427
1.033333 2.563479 52.99271 351.7663
1.033333 2.480669 53.0013 351.7832
1.066667 2.427441 53.01418 351.8419
1.066667 2.382281 53.0023 351.887
1.066667 2.34984 52.97539 351.9105
1.1 2.286629 52.97995 351.9654
1.1 2.208442 52.96516 352.0281
1.133333 2.13085 52.94488 352.0851
1.133333 2.103696 52.91033 352.1094
1.133333 2.07741 52.87862 352.1184
1.166667 2.03352 52.85616 352.1469
1.166667 1.978983 52.83278 352.1626
1.2 1.927969 52.80235 352.1767
1.2 1.843436 52.77071 352.1831
1.233333 1.721006 52.73965 352.2183
1.233333 1.570653 52.69663 352.2552
1.233333 1.43569 52.63357 352.3095
1.266667 1.297721 52.56835 352.3146
1.266667 1.117328 52.51468 352.2968
1.3 0.8756539 52.44719 352.3021
1.3 0.6744547 52.38242 352.2927
1.333333 0.3855257 52.24626 352.3384
1.333333 0.07698927 52.12887 352.4334
1.333333 359.7924 52.02748 352.5483
1.366667 359.4306 51.89311 352.704
1.366667 359.1111 51.77128 352.9205
1.4 358.8321 51.67489 353.1185
1.4 358.5692 51.53208 353.2545
1.4 358.3576 51.33461 353.343
1.433333 358.1871 51.15583 353.4192
1.433333 357.9847 50.9973 353.5368
1.466667 357.8018 50.82805 353.7707
1.466667 357.7395 50.69131 353.912
1.5 357.6372 50.56859 353.9861
1.5 357.5368 50.51618 354.0882
1.5 357.4017 50.51236 354.1631
1.533333 357.2836 50.52794 354.2636
1.533333 357.1924 50.51147 354.3264
1.566667 357.1138 50.50739 354.404
1.566667 356.9702 50.54215 354.5356
1.566667 356.8124 50.57669 354.6656
1.6 356.6592 50.65992 354.7481
1.6 356.5494 50.77023 354.8354
1.633333 356.4391 50.9081 354.9268
1.633333 356.3776 51.04343 355.0641
1.666667 356.3065 51.16589 355.1508
1.666667 356.222 51.3431 355.2319
1.666667 356.1384 51.5467 355.3235
1.7 356.0954 51.74817 355.357
1.7 356.0733 51.9816 355.3627
1.733333 356.0767 52.2318 355.3555
1.733333 356.0633 52.41725 355.4641
1.766667 356.0161 52.63339 355.5631
1.766667 356.0052 52.78525 355.6606
1.766667 355.9999 52.94105 355.7274
1.8 355.9366 53.09423 355.748
1.8 355.8609 53.23528 355.8049
1.833333 355.813 53.32856 355.8765
1.833333 355.7472 53.40597 355.9271
1.833333 355.6623 53.49076 355.9247
1.866667 355.6195 53.56717 355.9284
1.866667 355.59 53.6932 355.9377
1.9 355.5509 53.82357 355.9417
1.9 355.4698 53.91725 356.0056
1.933333 355.3718 53.97953 356.0789
1.933333 355.255 54.05514 356.1577
1.933333 355.1484 54.14762 356.2329
1.966667 355.0624 54.26227 356.3078
1.966667 354.9666 54.38406 356.3469
2 354.8706 54.54568 356.369
2 354.8042 54.65564 356.3729
2 354.7385 54.79555 356.3823
2.033333 354.6688 54.91356 356.424
2.033333 354.6289 55.01202 356.4636
2.066667 354.5649 55.11361 356.5058
2.066667 354.4519 55.20536 356.5688
2.1 354.369 55.27593 356.6099
2.1 354.3073 55.36758 356.6229
2.1 354.2635 55.4604 356.6071
2.133333 354.2043 55.56292 356.5786
2.133333 354.1426 55.67409 356.5966
2.166667 354.0801 55.79255 356.6178
2.166667 354.0494 55.89284 356.6552
2.2 354.0377 55.94309 356.6944
2.2 354.0106 56.00662 356.7468
2.2 353.9472 56.05527 356.7933
2.233333 353.8659 56.13197 356.8304
2.233333 353.827 56.21079 356.82
2.266667 353.8214 56.27684 356.8142
2.266667 353.8152 56.31556 356.8261
2.266667 353.7999 56.34552 356.8403
2.3 353.771 56.36001 356.8633
2.3 353.7428 56.35585 356.9209
2.333333 353.7134 56.34846 356.9567
2.333333 353.6996 56.32302 356.9952
2.333333 353.6753 56.31462 356.9848
2.366667 353.6345 56.30024 356.9772
2.366667 353.5949 56.27876 357.0081
2.4 353.5602 56.25148 357.047
2.4 353.5549 56.22423 357.075
2.433333 353.5735 56.1747 357.0576
2.433333 353.5808 56.16573 357.0323
2.433333 353.584 56.14516 357.0106
2.466667 353.6357 56.14938 356.9857
2.466667 353.6962 56.16208 356.9283
2.5 353.7519 56.14735 356.9099
2.5 353.7681 56.12258 356.9022
2.533333 353.7529 56.10749 356.918
2.533333 353.7178 56.06976 356.9299
2.533333 353.6964 56.05604 356.894
2.566667 353.6995 56.04379 356.8919
2.566667 353.7116 56.01127 356.8676
2.6 353.7101 55.98574 356.8672
2.6 353.7289 55.96697 356.8608
2.6 353.7462 55.94621 356.8612
2.633333 353.7759 55.93518 356.8399
2.633333 353.7864 55.93259 356.8106
2.666667 353.7801 55.91165 356.8358
2.666667 353.7649 55.90339 356.8734
2.7 353.7324 55.89375 356.8845
2.7 353.7452 55.88683 356.8741
2.7 353.7719 55.90034 356.8515
2.733333 353.8039 55.89594 356.817
2.733333 353.8196 55.90235 356.8364
2.766667 353.8343 55.87967 356.8347
2.766667 353.8304 55.86835 356.851
2.766667 353.8259 55.84562 356.8447
2.8 353.8313 55.82344 356.8358
2.8 353.8081 55.8169 356.8229
2.833333 353.8082 55.79132 356.8505
2.833333 353.8096 55.78774 356.8419
2.866667 353.8193 55.78963 356.8281
2.866667 353.7912 55.78355 356.8365
2.866667 353.7659 55.78009 356.8654
2.9 353.7664 55.77568 356.8927
2.9 353.779 55.78414 356.8739
2.933333 353.7935 55.77821 356.8824
2.933333 353.769 55.77876 356.8994
2.933333 353.7574 55.79379 356.9135
2.966667 353.7733 55.80651 356.9045
2.966667 353.7951 55.81264 356.8748
3 353.8083 55.82111 356.8772
3 353.818 55.8256 356.8732
3.033333 353.8271 55.82957 356.8759
3.033333 353.8251 55.82146 356.854
3.033333 353.839 55.81899 356.8491
3.066667 353.8453 55.81162 356.8246
3.066667 353.8763 55.79959 356.7935
3.1 353.8906 55.78399 356.7828
3.1 353.8954 55.77551 356.7845
3.1 353.8885 55.77826 356.8072
3.133333 353.8961 55.78626 356.7911
3.133333 353.9127 55.78815 356.7845
3.166667 353.9132 55.80048 356.772
3.166667 353.9156 55.78087 356.774
3.2 353.9298 55.7742 356.774
3.2 353.9543 55.76154 356.7634
3.2 353.9575 55.75258 356.7665
3.233333 353.9718 55.75516 356.7408
3.233333 354.0119 55.76641 356.719
3.266667 354.0536 55.75473 356.7013
3.266667 354.082 55.72943 356.709
3.3 354.0827 55.70898 356.6973
3.3 354.0609 55.67439 356.6939
3.3 354.0238 55.63537 356.6707
3.333333 353.9852 55.59235 356.6726
3.333333 353.9445 55.56291 356.6732
3.366667 353.9298 55.53521 356.6565
3.366667 353.9429 55.50863 356.6583
3.366667 353.9472 55.49211 356.6485
3.4 353.9427 55.49021 356.6602
3.4 353.9333 55.47901 356.6732
3.433333 353.9127 55.46313 356.7072
3.433333 353.8891 55.43656 356.7449
3.466667 353.8369 55.39049 356.8045
3.466667 353.7952 55.37452 356.8144
3.466667 353.7878 55.38753 356.7862
3.5 353.8077 55.39294 356.7672
3.5 353.8347 55.40088 356.7699
3.533333 353.8464 55.39099 356.7817
3.533333 353.839 55.35706 356.8083
3.533333 353.8371 55.35509 356.8036
3.566667 353.8386 55.35567 356.7968
3.566667 353.8459 55.34654 356.7716
3.6 353.8496 55.32889 356.7486
3.6 353.8411 55.31861 356.7423
3.633333 353.8343 55.29904 356.7429
3.633333 353.8452 55.28961 356.7474
3.633333 353.8638 55.28422 356.7393
3.666667 353.8641 55.30775 356.7042
3.666667 353.8691 55.33921 356.7003
3.7 353.9074 55.35791 356.6892
3.7 353.9619 55.37155 356.6594
3.7 353.9921 55.41826 356.6291
3.733333 353.9967 55.44245 356.6251
3.733333 353.9647 55.46197 356.6145
3.766667 353.9125 55.47831 356.6086
3.766667 353.8552 55.47611 356.6744
3.8 353.8316 55.46671 356.7036
3.8 353.8055 55.46811 356.7337
3.8 353.7901 55.47715 356.7453
3.833333 353.7856 55.45303 356.7773
3.833333 353.7613 55.44607 356.7885
3.866667 353.7285 55.44209 356.8146
3.866667 353.669 55.42135 356.842
3.866667 353.5918 55.42361 356.8865
3.9 353.5413 55.43453 356.9167
3.9 353.5511 55.45335 356.9384
3.933333 353.572 55.49199 356.9923
3.933333 353.5959 55.51167 357.0182
3.966667 353.6046 55.52248 357.0472
3.966667 353.6256 55.5372 357.023
3.966667 353.6095 55.56016 356.9452
4 353.5788 55.59457 356.9485
4 353.6052 55.58586 356.9578
4.033333 353.6837 55.58676 356.9541
4.033333 353.7172 55.55864 356.9384
4.033333 353.726 55.52325 356.9485
4.066667 353.7179 55.48738 356.926
4.066667 353.7162 55.47014 356.8622
4.1 353.7164 55.4781 356.8031
4.1 353.7108 55.47854 356.8005
4.133333 353.7391 55.45703 356.8155
4.133333 353.7918 55.45703 356.8219
4.133333 353.8194 55.45457 356.8214
4.166667 353.8491 55.48697 356.8
4.166667 353.8609 55.52418 356.7625
4.2 353.8374 55.55542 356.7503
4.2 353.8287 55.58311 356.7698
4.233333 353.8527 55.58325 356.7911
4.233333 353.8609 55.56458 356.8044
4.233333 353.8748 55.57862 356.7854
4.266667 353.9209 55.58112 356.7323
4.266667 353.9502 55.56998 356.6938
4.3 353.948 55.55282 356.6936
4.3 353.8946 55.52382 356.7262
4.3 353.8651 55.50546 356.7824
4.333333 353.85 55.4666 356.8016
4.333333 353.8569 55.43942 356.816
4.366667 353.836 55.41158 356.8268
4.366667 353.8141 55.3747 356.8533
4.4 353.7906 55.3533 356.8709
4.4 353.7794 55.34518 356.8656
4.4 353.7614 55.32818 356.8797
4.433333 353.7695 55.31688 356.8831
4.433333 353.7871 55.31678 356.8818
4.466667 353.8271 55.32663 356.866
4.466667 353.8916 55.33596 356.8481
4.466667 353.9269 55.31841 356.8453
4.5 353.9446 55.29788 356.845
4.5 353.9129 55.26484 356.8143
4.533333 353.9192 55.24718 356.8255
4.533333 353.9026 55.19508 356.7685
4.566667 353.9314 55.16387 356.7339
4.566667 353.9456 55.17305 356.6324
4.566667 353.9931 55.18548 356.5271
4.6 354.0534 55.15771 356.4592
4.6 354.1188 55.12486 356.4259
4.633333 354.1431 55.08878 356.399
4.633333 354.1384 55.0532 356.3867
4.633333 354.1222 55.00644 356.3618
4.666667 354.0995 54.95073 356.3566
4.666667 354.0456 54.86224 356.403
4.7 354.005 54.79644 356.4981
4.7 353.986 54.73585 356.5847
4.733333 353.9547 54.68769 356.663
4.733333 353.9119 54.6888 356.7315
4.733333 353.8742 54.70498 356.7777
4.766667 353.837 54.77042 356.7632
4.766667 353.8343 54.84069 356.7117
4.8 353.8438 54.88034 356.6786
4.8 353.8521 54.89025 356.7023
4.8 353.8769 54.85759 356.7292
4.833333 353.9268 54.82412 356.7134
4.833333 353.9595 54.82822 356.6354
4.866667 354.021 54.85787 356.4824
4.866667 354.0791 54.8908 356.3719
4.9 354.1151 54.87628 356.3745
4.9 354.1187 54.84519 356.4102
4.9 354.0851 54.81091 356.489
4.933333 354.012 54.78375 356.5714
4.933333 353.9365 54.77218 356.6236
4.966667 353.8251 54.76651 356.6413
4.966667 353.7256 54.78041 356.6269
4.966667 353.6785 54.78025 356.629
5 353.636 54.76649 356.6569
5 353.6372 54.73602 356.7203
5.033333 353.6344 54.71801 356.7647
5.033333 353.6452 54.70802 356.7979
5.066667 353.6682 54.69626 356.8003
5.066667 353.6769 54.66304 356.7909
5.066667 353.689 54.64152 356.8046
5.1 353.7093 54.6046 356.8173
5.1 353.7052 54.58143 356.8074
5.133333 353.7451 54.60424 356.7674
5.133333 353.8023 54.63221 356.6826
5.166667 353.8426 54.67303 356.6205
5.166667 353.8963 54.68914 356.5707
5.166667 353.9341 54.70409 356.5295
5.2 353.9573 54.69079 356.5384
5.2 353.9801 54.69147 356.5493
5.233333 353.9787 54.7091 356.5354
5.233333 353.9872 54.70351 356.5409
5.233333 353.9724 54.70493 356.5331
5.266667 353.9282 54.6852 356.5653
5.266667 353.9006 54.65549 356.625
5.3 353.9124 54.6636 356.6485
5.3 353.9198 54.67276 356.6102
5.333333 353.9372 54.6705 356.6085
5.333333 353.9198 54.65267 356.5987
5.333333 353.8884 54.63247 356.5988
5.366667 353.8703 54.58323 356.623
5.366667 353.8803 54.5299 356.6564
5.4 353.8579 54.49125 356.6838
5.4 353.8358 54.45459 356.7201
5.4 353.8065 54.40765 356.7276
5.433333 353.7943 54.38956 356.736
5.433333 353.7811 54.36684 356.7522
5.466667 353.7937 54.35915 356.7488
5.466667 353.8106 54.34851 356.7745
5.5 353.8208 54.33879 356.7968
5.5 353.8216 54.33924 356.7812
5.5 353.8134 54.35079 356.7709
5.533333 353.8342 54.37466 356.7231
5.533333 353.8576 54.41455 356.6609
5.566667 353.8792 54.45 356.6339
5.566667 353.9035 54.48479 356.5941
5.566667 353.9365 54.49144 356.5729
5.6 353.9701 54.47325 356.562
5.6 354.0106 54.45597 356.537
5.633333 354.0306 54.45078 356.5002
5.633333 354.0198 54.45055 356.4922
5.666667 353.9893 54.44998 356.4876
5.666667 353.944 54.44811 356.5191
5.666667 353.9325 54.46064 356.5357
5.7 353.9109 54.49031 356.5196
5.7 353.8948 54.51106 356.521
5.733333 353.8891 54.53862 356.5356
5.733333 353.8928 54.56363 356.5672
5.733333 353.8433 54.58125 356.6117
5.766667 353.7987 54.60484 356.6248
5.766667 353.7913 54.62914 356.6141
5.8 353.8063 54.66282 356.6147
5.8 353.8281 54.66396 356.6167
5.833333 353.8492 54.68101 356.632
5.833333 353.8362 54.68889 356.654
5.833333 353.8233 54.68265 356.6952
5.866667 353.8213 54.6682 356.6923
5.866667 353.8342 54.66519 356.6519
5.9 353.855 54.6603 356.596
5.9 353.8927 54.62643 356.5363
5.9 353.9054 54.56314 356.5386
5.933333 353.873 54.47364 356.5977
5.933333 353.8245 54.38116 356.6426
5.966667 353.8244 54.32591 356.6193
5.966667 353.8444 54.29631 356.5811
6 353.8922 54.26896 356.5524
6 353.9203 54.23798 356.5577
6 353.9342 54.20111 356.59
6.033333 353.9592 54.16021 356.6084
6.033333 353.9787 54.13186 356.5858
6.066667 353.9611 54.10465 356.5668
6.066667 353.921 54.06918 356.5693
6.066667 353.8959 54.05226 356.5732
6.1 353.891 54.0393 356.5776
6.1 353.865 54.03271 356.5865
6.133333 353.8203 54.04388 356.6046
6.133333 353.7627 54.05373 356.6477
6.166667 353.7212 54.07131 356.7015
6.166667 353.7274 54.08941 356.7299
6.166667 353.7567 54.14934 356.7145
6.2 353.7887 54.24062 356.6898
6.2 353.7903 54.32181 356.6771
6.233333 353.7631 54.36963 356.6793
6.233333 353.7547 54.39709 356.6708
6.266667 353.7551 54.43546 356.6288
6.266667 353.7706 54.43637 356.6093
6.266667 353.8294 54.40482 356.5782
6.3 353.899 54.39539 356.5129
6.3 353.9677 54.38919 356.4269
6.333333 354.0516 54.37403 356.3022
6.333333 354.1183 54.33288 356.214
6.333333 354.1944 54.29135 356.1342
6.366667 354.2437 54.21384 356.0987
6.366667 354.2675 54.14089 356.0794
6.4 354.238 54.06104 356.0995
6.4 354.1826 54.00367 356.1434
6.433333 354.1256 53.94941 356.2084
6.433333 354.0745 53.92419 356.269
6.433333 354.0096 53.91726 356.3413
6.466667 353.9619 53.93302 356.3797
6.466667 353.931 54.00428 356.4551
6.5 353.9154 54.07732 356.5043
6.5 353.9244 54.13184 356.5146
6.5 353.9168 54.19118 356.5288
6.533333 353.899 54.20386 356.5706
6.533333 353.8828 54.20095 356.6057
6.566667 353.8388 54.18774 356.6287
6.566667 353.7622 54.15689 356.6756
6.6 353.7404 54.12197 356.6668
6.6 353.7478 54.09047 356.6348
6.6 353.7749 54.08144 356.5954
6.633333 353.7914 54.04341 356.6139
6.633333 353.797 53.98246 356.6645
6.666667 353.8217 53.92643 356.6841
6.666667 353.8396 53.89391 356.6856
6.666667 353.8519 53.88792 356.6427
6.7 353.8578 53.90765 356.5875
6.7 353.8622 53.93552 356.5516
6.733333 353.8496 53.95948 356.5539
6.733333 353.829 53.99265 356.5822
6.766667 353.793 54.00246 356.6408
6.766667 353.7281 54.02425 356.6662
6.766667 353.7017 54.06626 356.6878
6.8 353.7075 54.11551 356.6529
6.8 353.7287 54.17963 356.5899
6.833333 353.7222 54.23003 356.5747
6.833333 353.7128 54.26513 356.5803
6.866667 353.7015 54.26897 356.5923
6.866667 353.7101 54.24161 356.605
6.866667 353.7109 54.21272 356.5635
6.9 353.682 54.15472 356.5492
6.9 353.6544 54.1237 356.5636
6.933333 353.6243 54.05233 356.5909
6.933333 353.5958 54.02566 356.601
6.933333 353.6039 54.01103 356.6161
6.966667 353.648 54.02322 356.5949
6.966667 353.6754 54.06681 356.5755
7 353.6994 54.10966 356.5878
7 353.7126 54.14085 356.585
7 353.702 54.17979 356.6054
7.033333 353.7007 54.18546 356.6345
7.033333 353.6909 54.18031 356.6738
7.066667 353.6688 54.15683 356.7156
7.066667 353.5992 54.16319 356.7468
7.1 353.5244 54.14323 356.804
7.1 353.4764 54.12548 356.8205
7.1 353.4753 54.12366 356.8188
7.133333 353.4824 54.13968 356.7811
7.133333 353.4931 54.15134 356.7807
7.166667 353.5022 54.15206 356.796
7.166667 353.5284 54.11642 356.7982
7.2 353.5454 54.05164 356.8333
7.2 353.524 53.97703 356.8723
7.2 353.4729 53.90731 356.8909
7.233333 353.4452 53.85858 356.8614
7.233333 353.4395 53.82249 356.8026
7.266667 353.4428 53.7724 356.7453
7.266667 353.4365 53.73288 356.762
7.266667 353.4258 53.72012 356.777
7.3 353.4341 53.71254 356.8243
7.3 353.4173 53.7202 356.8517
7.333333 353.3953 53.7516 356.885
7.333333 353.3796 53.81597 356.8919
7.366667 353.3796 53.88316 356.8658
7.366667 353.3945 53.96791 356.8473
7.366667 353.4046 54.04806 356.8261
7.4 353.4013 54.10698 356.7946
7.4 353.3917 54.11173 356.7692
7.433333 353.3946 54.09998 356.7263
7.433333 353.3941 54.11199 356.6745
7.433333 353.4143 54.09194 356.6521
7.466667 353.4352 54.09164 356.6208
7.466667 353.4304 54.10664 356.5924
7.5 353.3829 54.09217 356.5883
7.5 353.3291 54.08979 356.6121
7.533333 353.247 54.0685 356.6578
7.533333 353.1588 54.06953 356.7487
7.533333 353.0536 54.07606 356.8545
7.566667 352.9957 54.10671 356.9226
7.566667 352.928 54.14019 356.9864
7.6 352.8599 54.17661 357.0297
7.6 352.7671 54.22108 357.1234
7.6 352.7072 54.25463 357.2048
7.633333 352.6727 54.26915 357.283
7.633333 352.6219 54.26135 357.349
7.666667 352.4904 54.24442 357.4456
7.666667 352.3417 54.22293 357.5447
7.7 352.2104 54.19338 357.6152
7.7 352.0697 54.16187 357.6648
7.7 351.8997 54.12542 357.7035
7.733333 351.7829 54.11358 357.7689
7.733333 351.6673 54.0757 357.8367
7.766667 351.5716 54.03678 357.9416
7.766667 351.4429 54.02225 358.0171
7.8 351.2769 53.99015 358.1427
7.8 351.1456 54.02625 358.184
7.8 351.0453 54.10073 358.1786
7.833333 351.003 54.18646 358.1709
7.833333 350.9977 54.24424 358.1889
7.866667 350.9802 54.27377 358.2431
7.866667 350.967 54.29518 358.3004
7.866667 350.9772 54.33839 358.2888
7.9 350.9876 54.39959 358.2782
7.9 351.0087 54.46944 358.2272
7.933333 351.0164 54.51382 358.1958
7.933333 351.0056 54.53033 358.1754
7.933333 350.9889 54.55997 358.1609
7.966667 351.0193 54.59589 358.1529
7.966667 351.0725 54.62495 358.12
8 351.0954 54.64066 358.1648
8 350.9979 54.62293 358.2348
8.033334 350.8793 54.51857 358.3493
8.033334 350.726 54.45063 358.4312
8.033334 350.5733 54.44896 358.4587
8.066667 350.494 54.42591 358.4727
8.066667 350.4788 54.37019 358.4992
8.1 350.4241 54.31536 358.5495
8.1 350.4025 54.26838 358.6172
8.1 350.4011 54.20647 358.6642
8.133333 350.4659 54.11884 358.6887
8.133333 350.5574 54.04577 358.696
8.166667 350.6418 54.01653 358.6552
8.166667 350.7153 53.98416 358.6212
8.2 350.7737 53.95027 358.5655
8.2 350.8409 53.91644 358.5097
8.2 350.9 53.88312 358.47
8.233334 350.9785 53.82496 358.4656
8.233334 351.0152 53.76546 358.4669
8.266666 350.9908 53.74451 358.4574
8.266666 350.9208 53.69727 358.4515
8.3 350.8312 53.64986 358.4491
8.3 350.7591 53.56914 358.4799
8.3 350.6634 53.47703 358.463
8.333333 350.6351 53.38966 358.4391
8.333333 350.6435 53.35541 358.3715
8.366667 350.6938 53.32555 358.3064
8.366667 350.7536 53.31179 358.2068
8.366667 350.8402 53.27684 358.102
8.4 350.913 53.22718 358.0318
8.4 350.9646 53.19123 357.9553
8.433333 350.9964 53.16315 357.848
8.433333 351.0269 53.1515 357.7455
8.466666 351.0132 53.14283 357.6352
8.466666 350.978 53.14168 357.5892
8.466666 350.9558 53.13436 357.5752
8.5 350.9673 53.12554 357.5658
8.5 350.9962 53.15651 357.5149
8.533334 351.0206 53.20644 357.4704
8.533334 351.0236 53.2447 357.4424
8.533334 350.9486 53.28971 357.5005
8.566667 350.8521 53.31077 357.597
8.566667 350.725 53.34986 357.7009
8.6 350.6345 53.39328 357.7434
8.6 350.5267 53.4196 357.7501
8.633333 350.4386 53.3989 357.7576
8.633333 350.4114 53.30472 357.806
8.633333 350.3917 53.18596 357.891
8.666667 350.381 53.01528 357.9636
8.666667 350.3423 52.82151 358.015
8.7 350.3068 52.61807 358.0375
8.7 350.249 52.35781 358.0274
8.7 350.1629 52.02709 358.0355
8.733334 350.1017 51.75679 358.0661
8.733334 350.0026 51.41584 358.1188
8.766666 349.9221 51.07344 358.1734
8.766666 349.8855 50.72186 358.2159
8.8 349.9003 50.30762 358.2751
8.8 349.9086 49.92336 358.3374
8.8 349.8668 49.53694 358.3754
8.833333 349.8484 49.15349 358.3165
8.833333 349.8871 48.83717 358.2314
8.866667 349.9724 48.46468 358.1277
8.866667 350.114 48.0687 358.0896
8.866667 350.226 47.70529 357.9984
8.9 350.3752 47.25619 357.9139
8.9 350.5488 46.85876 357.8169
8.933333 350.7136 46.5344 357.642
8.933333 350.9618 46.11279 357.5181
8.966666 351.1755 45.71156 357.3559
8.966666 351.3679 45.30838 357.2303
8.966666 351.5984 44.77075 357.1326
9 351.8023 44.2492 357.0128
9 351.9384 43.8287 356.902
9.033334 352.1108 43.35364 356.7443
9.033334 352.2735 42.82523 356.5743
9.033334 352.3975 42.39609 356.4704
9.066667 352.5494 41.85651 356.3483
9.066667 352.7147 41.23724 356.2686
9.1 352.8749 40.58096 356.215
9.1 352.9745 40.04928 356.1564
9.133333 353.0704 39.40824 356.0449
9.133333 353.209 36.76986 355.8423
9.133333 353.3708 34.09804 355.6057
9.166667 353.5547 31.37116 355.4981
9.2 353.7189 28.56081 355.4929
9.2 353.7304 25.65612 355.4445
9.233334 354.2041 20.24482 354.7703
9.233334 354.1921 18.88142 354.8758
9.266666 354.4204 16.38581 354.6847
9.266666 354.6577 14.0146 354.4131
9.3 355.0271 10.60253 353.997
9.333333 355.0914 8.927267 354.0711
9.333333 355.5037 6.708927 353.8344
9.366667 356.4087 3.114267 353.2293
9.366667 356.2437 1.596453 353.4703
9.4 356.4225 358.9585 353.3278
9.433333 356.4667 356.5241 353.2385
9.466666 356.4214 354.0719 353.2314
9.5 356.564 351.6983 353.0817
9.5 356.7433 349.3582 352.8633
9.533334 356.6438 347.6865 352.9463
9.566667 356.6355 345.5652 353.0882
9.566667 356.484 343.9165 353.3182
9.6 356.3336 342.5352 353.541
9.633333 356.0031 341.123 353.7857
9.666667 355.8437 339.5258 354.0673
9.666667 355.781 337.5245 354.1822
9.7 355.497 335.7556 354.4799
9.733334 355.2532 333.7458 354.4784
9.766666 355.1648 331.5609 354.5029
9.8 355.058 329.8757 354.6235
9.833333 354.9761 329.8469 354.5658
9.833333 354.8341 330.0997 354.5869
9.866667 354.7168 330.4703 354.6278
9.9 354.5874 330.8234 354.7112
9.933333 354.417 331.1666 354.7699
9.933333 354.4183 331.4047 354.7894
9.966666 354.3266 331.9378 354.8745
10 354.172 332.2537 355.0823
10.03333 353.9231 332.539 355.3243
10.06667 353.68 332.7702 355.534
10.1 353.6103 332.9469 355.6498
10.1 353.4829 333.1052 355.754
10.13333 353.3579 333.183 355.883
10.16667 353.2778 333.2967 355.9862
10.2 353.3425 333.135 355.9056
10.2 353.2267 333.1336 355.9841
10.23333 353.1473 333.0133 355.9681
10.26667 353.077 332.8626 356.0273
10.3 353.0846 332.7939 356.0317
10.3 352.9494 332.6929 356.1177
10.33333 352.9282 332.7123 356.106
10.33333 352.826 332.6656 356.2039
10.36667 352.655 332.6379 356.3061
10.36667 352.437 332.6381 356.4139
10.36667 352.2252 332.6671 356.5487
10.4 352.0461 332.7052 356.631
10.4 351.849 332.7815 356.7091
10.43333 351.6015 332.871 356.8323
10.43333 351.3259 332.9686 356.9496
10.46667 351.1071 333.0825 357.052
10.46667 350.8739 333.2037 357.1889
10.46667 350.6693 333.3391 357.3069
10.5 350.5289 333.4669 357.3716
10.5 350.3929 333.5791 357.4464
10.53333 350.2589 333.719 357.5807
10.53333 350.1873 333.8392 357.6776
10.56667 350.1261 333.9823 357.7263
10.56667 350.1139 334.109 357.7594
10.56667 350.1466 334.2384 357.7752
10.6 350.1698 334.3513 357.7827
10.6 350.158 334.4899 357.7681
10.63333 350.1787 334.6282 357.8085
10.63333 350.2174 334.7314 357.7884
10.63333 350.2609 334.7841 357.8062
10.66667 350.2578 334.829 357.8523
10.66667 350.2424 334.8492 357.9083
10.7 350.2757 334.8334 357.956
10.7 350.332 334.8268 357.9891
10.73333 350.4016 334.8243 357.9913
10.73333 350.4452 334.8302 357.9451
10.73333 350.4702 334.8514 357.883
10.76667 350.4894 334.8674 357.8269
10.76667 350.5282 334.8959 357.7861
10.8 350.5489 334.9366 357.7211
10.8 350.5498 335.0081 357.6982
10.8 350.5598 335.0849 357.6728
10.83333 350.5986 335.1475 357.6638
10.83333 350.6403 335.2207 357.6308
10.86667 350.6756 335.325 357.5927
10.86667 350.7033 335.4091 357.551
10.9 350.7362 335.4949 357.5184
10.9 350.7178 335.6042 357.4971
10.9 350.6936 335.7046 357.4894
10.93333 350.6808 335.8171 357.4892
10.93333 350.6642 335.901 357.5178
10.96667 350.6547 335.947 357.5745
10.96667 350.6488 336.0053 357.613
11 350.5919 336.0713 357.6358
11 350.5222 336.1567 357.6831
11 350.4414 336.2955 357.7316
11.03333 350.4025 336.4107 357.7651
11.03333 350.3825 336.5236 357.8285
11.06667 350.33 336.6682 357.9225
11.06667 350.2649 336.8388 358.0085
11.06667 350.2562 336.9792 358.0403
11.1 350.2888 337.153 358.0486
11.1 350.2845 337.3339 358.0891
11.13333 350.2519 337.4586 358.1432
11.13333 350.1949 337.6051 358.2242
11.13333 350.1578 337.7382 358.3327
11.16667 350.1229 337.8387 358.3731
11.16667 350.1047 337.9639 358.3836
11.2 350.0832 338.0522 358.4218
11.2 350.0304 338.1549 358.4575
11.23333 349.9846 338.2206 358.4975
11.23333 349.9339 338.2592 358.56
11.23333 349.8398 338.3046 358.6436
11.26667 349.7596 338.3454 358.7299
11.26667 349.6858 338.3811 358.8333
11.3 349.6351 338.396 358.8918
11.3 349.5753 338.4104 358.9715
11.3 349.5077 338.4363 359.0514
11.33333 349.4443 338.4548 359.1327
11.33333 349.3707 338.5027 359.208
11.36667 349.3069 338.5258 359.2652
11.36667 349.2794 338.564 359.313
11.4 349.2455 338.5903 359.358
11.4 349.2074 338.6253 359.4018
11.4 349.1788 338.6656 359.4452
11.43333 349.1516 338.6823 359.5011
11.43333 349.1324 338.7027 359.5026
11.46667 349.1213 338.7497 359.5229
11.46667 349.1156 338.7823 359.5285
11.5 349.1103 338.7972 359.5516
11.5 349.0804 338.8228 359.5531
11.5 349.0524 338.8522 359.5727
11.53333 349.0436 338.9059 359.5433
11.53333 349.0415 338.9454 359.5287
11.56667 349.0456 338.9797 359.5498
11.56667 349.0254 338.9999 359.576
11.56667 349.0082 339.0099 359.5901
11.6 348.9787 339.0486 359.582
11.6 348.9768 339.0987 359.5815
11.63333 348.9883 339.1512 359.5548
11.63333 349.0055 339.1807 359.5559
11.66667 349.0191 339.206 359.5628
11.66667 349.0057 339.2148 359.6007
11.66667 348.9774 339.2094 359.6183
11.7 348.9301 339.1885 359.6416
11.7 348.8694 339.1801 359.6754
11.73333 348.8438 339.215 359.6718
11.73333 348.8936 339.2577 359.6383
11.73333 348.9452 339.283 359.5992
11.76667 348.9602 339.2946 359.6047
11.76667 348.9392 339.2965 359.648
11.8 348.9047 339.3105 359.655
11.8 348.8716 339.3424 359.6522
11.83333 348.8557 339.3954 359.642
11.83333 348.8435 339.4389 359.6548
11.83333 348.8108 339.483 359.6627
11.86667 348.7545 339.5495 359.6762
11.86667 348.6715 339.6388 359.7064
11.9 348.5982 339.7352 359.7333
11.9 348.5203 339.8824 359.7709
11.9 348.4666 340.0642 359.7918
11.93333 348.3935 340.2093 359.8411
11.93333 348.3032 340.4023 359.9169
11.96667 348.1805 340.5916 359.9793
11.96667 348.098 340.7741 0.04349243
12 347.9988 340.9901 0.08682951
12 347.8437 341.2336 0.1627188
12 347.7159 341.3877 0.2530646
12.03333 347.5602 341.5511 0.3714993
12.03333 347.4136 341.7283 0.4711135
12.06667 347.3149 341.8937 0.5472199
12.06667 347.2368 342.0469 0.6123494
12.06667 347.1381 342.2002 0.6705266
12.1 347.0356 342.3523 0.7331496
12.1 346.9302 342.4964 0.8082237
12.13333 346.8632 342.6245 0.8591697
12.13333 346.8157 342.7312 0.8858216
12.16667 346.7352 342.8351 0.8958083
12.16667 346.6171 342.9267 0.9611669
12.16667 346.549 342.971 1.006782
12.2 346.4218 343.0359 1.051381
12.2 346.2813 343.0867 1.106301
12.23333 346.2006 343.1218 1.175024
12.23333 346.1328 343.1615 1.242788
12.26667 346.0493 343.1966 1.290534
12.26667 345.9797 343.2263 1.313671
12.26667 345.9184 343.2701 1.379101
12.3 345.8344 343.324 1.418239
12.3 345.7882 343.3629 1.457225
12.33333 345.7855 343.4372 1.499823
12.33333 345.7639 343.5065 1.535032
12.33333 345.7453 343.5747 1.577122
12.36667 345.7235 343.6842 1.595236
12.36667 345.7247 343.8174 1.576816
12.4 345.7381 343.95 1.566612
12.4 345.7598 344.0826 1.53682
12.43333 345.7677 344.1834 1.559891
12.43333 345.746 344.2977 1.54303
12.43333 345.742 344.4013 1.539106
12.46667 345.7317 344.4827 1.529342
12.46667 345.7243 344.5564 1.548359
12.5 345.7228 344.6276 1.554759
12.5 345.7204 344.7006 1.547311
12.5 345.7218 344.7855 1.544923
12.53333 345.7177 344.8516 1.549022
12.53333 345.7005 344.935 1.536653
12.56667 345.6971 345.0274 1.516594
12.56667 345.7095 345.1462 1.473505
12.6 345.7436 345.2573 1.448155
12.6 345.774 345.366 1.439576
12.6 345.7733 345.517 1.415398
12.63333 345.7749 345.6373 1.398474
12.63333 345.7632 345.7918 1.370773
12.66667 345.7555 345.9414 1.383124
12.66667 345.7665 346.0924 1.385263
12.66667 345.7726 346.2682 1.393305
12.7 345.7599 346.4021 1.400788
12.7 345.7059 346.5336 1.408213
12.73333 345.5641 346.6869 1.436615
12.73333 345.4537 346.8065 1.478481
12.76667 345.3892 346.9385 1.491438
12.76667 345.367 347.0551 1.496622
12.76667 345.3168 347.2039 1.484702
12.8 345.2446 347.3393 1.544247
12.8 345.1895 347.4842 1.588718
12.83333 345.198 347.6712 1.625089
12.83333 345.2401 347.8534 1.562925
12.83333 345.2825 348.0673 1.543847
12.86667 345.2877 348.2625 1.547149
12.86667 345.3294 348.4349 1.551578
12.9 345.418 348.6565 1.512562
12.9 345.4907 348.8477 1.46187
12.93333 345.517 349.0229 1.432334
12.93333 345.5203 349.2125 1.409948
12.93333 345.4969 349.3678 1.400355
12.96667 345.4397 349.5193 1.407693
12.96667 345.39 349.6327 1.438096
13 345.3398 349.7228 1.478642
13 345.3267 349.7758 1.484285
13 345.3074 349.813 1.50824
13.03333 345.2805 349.8253 1.502476
13.03333 345.2226 349.8049 1.501737
13.06667 345.1569 349.8084 1.506856
13.06667 345.1137 349.7832 1.541383
13.1 345.1064 349.7684 1.560252
13.1 345.0845 349.7556 1.558564
13.1 345.0528 349.7449 1.554591
13.13333 345.0267 349.7191 1.541958
13.13333 345.0183 349.6823 1.556785
13.16667 345.0027 349.6262 1.58042
13.16667 344.9629 349.5967 1.608907
13.2 344.8497 349.5623 1.65206
13.2 344.7512 349.4353 1.766022
13.2 344.8368 349.1973 1.892191
13.23333 345.1263 348.8147 1.970625
13.23333 345.3727 348.4679 2.020035
13.26667 345.525 348.0775 2.133092
13.26667 345.5565 347.6387 2.37386
13.26667 345.4501 347.392 2.574332
13.3 345.2145 347.3014 2.660368
13.3 344.9893 347.3741 2.673748
13.33333 344.8828 347.5128 2.708059
13.33333 344.8314 347.7034 2.690957
13.36667 344.7346 347.9772 2.739536
13.36667 344.5718 348.2977 2.880522
13.36667 344.4287 348.6115 3.099622
13.4 344.3301 348.8822 3.282396
13.4 344.2842 349.1664 3.446352
13.43333 344.2558 349.3566 3.609555
13.43333 344.2289 349.4291 3.779384
13.43333 344.2016 349.3881 3.906004
13.46667 344.1894 349.2005 3.936887
13.46667 344.2178 348.9718 3.917007
13.5 344.2559 348.6071 3.865206
13.5 344.2924 348.2364 3.818957
13.53333 344.3474 347.8957 3.763798
13.53333 344.4012 347.5065 3.602486
13.53333 344.3992 347.2001 3.477008
13.56667 344.4187 346.9577 3.381562
13.56667 344.4499 346.761 3.332594
13.6 344.459 346.6471 3.326526
13.6 344.4736 346.5767 3.349163
13.6 344.4657 346.6057 3.379782
13.63333 344.4341 346.7166 3.397511
13.63333 344.402 346.8996 3.409392
13.66667 344.3506 347.1333 3.437877
13.66667 344.2861 347.3971 3.488224
13.7 344.2446 347.618 3.529286
13.7 344.1913 347.8617 3.494768
13.7 344.0802 348.1076 3.480696
13.73333 343.9251 348.3792 3.484589
13.73333 343.8297 348.5638 3.496166
13.76667 343.7336 348.7388 3.558066
13.76667 343.6543 348.8185 3.565229
13.76667 343.5985 348.9418 3.558951
13.8 343.5646 349.0792 3.47814
13.8 343.5484 349.1727 3.420722
13.83333 343.5342 349.2598 3.391067
13.83333 343.5305 349.3098 3.402301
13.86667 343.5399 349.3589 3.400601
13.86667 343.5663 349.4424 3.36977
13.86667 343.61 349.5147 3.384078
13.9 343.6722 349.6152 3.356889
13.9 343.7353 351.7301 3.317307
13.93333 343.7635 353.8916 3.274348
13.93333 343.7651 356.0213 3.256766
13.96667 343.7983 358.191 3.222587
13.96667 343.9339 0.3488054 3.172324
14 344.2284 2.942599 3.041504
14.03333 344.1901 4.782415 3.069722
14.03333 344.2243 6.899705 2.984389
14.06667 344.2779 9.000099 2.879076
14.06667 344.4855 11.32268 2.72293
14.1 344.529 13.27837 2.740627
14.1 344.63 15.36826 2.696881
14.13333 344.7244 17.47188 2.624977
14.13333 344.9973 19.75793 2.470837
14.16667 345.128 21.91193 2.417915
14.2 345.2589 24.16592 2.295655
14.23333 345.4995 26.42826 2.09726
14.23333 345.7385 28.72995 1.912822
14.26667 345.9451 30.97227 1.765929
14.3 345.9796 32.95439 1.788566
14.33333 346.3207 35.37609 1.52097
14.33333 346.5764 37.70579 1.310727
14.36667 346.7585 39.95401 1.205272
14.4 346.8099 42.15945 1.151179
14.43333 346.7777 44.41996 1.022249
14.46667 346.8819 46.58638 1.021077
14.5 346.8803 48.63872 1.135549
14.5 346.5986 50.63062 1.253413
14.53333 346.4422 52.6748 1.299544
14.56667 346.3654 54.68388 1.395385
14.6 346.2613 56.70536 1.479746
14.63333 346.2069 58.64929 1.534748
14.66667 346.0953 60.51888 1.603074
14.66667 345.9802 62.34991 1.610136
14.7 345.8948 64.23038 1.616539
14.73333 345.7668 66.18096 1.642934
14.76667 345.5363 68.15792 1.788555
14.8 345.2946 70.15697 1.983975
14.83333 345.0659 70.48073 2.030617
14.83333 344.8153 70.5722 2.180533
14.86667 344.6254 70.69987 2.378474
14.9 344.4592 70.97289 2.466138
14.93333 344.0858 71.28677 2.604794
14.93333 343.7632 71.52292 2.819153
14.96667 343.7429 71.58721 2.981251
15 343.2831 72.06985 3.238465
15.03333 343.0213 72.4789 3.435889
15.06667 342.758 72.84486 3.591202
15.1 342.44 73.30209 3.598327
15.1 342.1331 73.70019 3.68994
15.13333 341.9969 73.82378 3.725361
15.16667 341.2611 74.53601 4.082279
15.16667 340.6706 75.1899 4.396099
15.2 339.7184 75.89545 4.973702
15.23333 338.5214 76.6904 5.614272
15.26667 337.5189 77.59481 6.101223
15.26667 337.6367 77.88724 6.060592
15.3 336.6998 79.17162 6.921441
15.33333 336.023 79.80688 7.681094
15.36667 335.4556 80.50671 8.207458
15.4 334.885 81.13731 8.72015
15.43333 334.3715 81.44424 9.228654
15.43333 333.8397 81.79067 9.723951
15.46667 333.33 82.20647 10.12099
15.5 333.5517 82.07321 10.02447
15.5 332.9796 82.53153 10.67731
15.53333 332.7896 82.69893 11.25464
15.56667 332.7836 83.13002 11.65087
15.6 332.686 83.34749 11.77903
15.63333 332.2242 83.41737 11.99912
15.66667 332.0146 83.55396 12.24988
15.66667 331.7248 83.66663 12.18706
15.7 331.4131 83.50161 12.3575
15.73333 331.1866 83.3254 12.48002
15.76667 330.9529 83.25879 12.55783
15.8 330.9124 83.07308 12.68317
15.83333 330.7242 82.95999 12.82228
15.86667 330.3903 82.92551 12.92406
15.86667 330.1499 82.83742 13.16121
15.9 330.2454 82.87251 13.12712
15.93333 330.2875 82.87324 13.25971
15.93333 330.1794 82.77616 13.59794
15.93333 330.2171 82.80126 13.63435
15.96667 330.1956 82.79388 13.70121
15.96667 330.1635 82.81911 13.641
16 330.1327 82.80425 13.76656
16 330.036 82.81509 13.79098
16.03333 329.9609 82.77515 13.7891
16.03333 329.9171 82.74172 13.8257
16.06667 329.8379 82.71064 13.81285
16.06667 329.7252 82.69571 13.81441
16.06667 329.6716 82.69268 13.84761
16.1 329.6667 82.69862 13.8402
16.1 329.6667 82.7088 13.83049
16.13333 329.6614 82.69966 13.83194
16.13333 329.6135 82.69736 13.85289
16.13333 329.5292 82.69504 13.88214
16.16667 329.4769 82.73264 13.81907
16.16667 329.4189 82.74609 13.83592
16.2 329.3476 82.81007 13.80027
16.2 329.3082 82.86047 13.75778
16.23333 329.3265 82.86554 13.86308
16.23333 329.3462 82.88318 13.90071
16.23333 329.3319 82.91711 13.9141
16.26667 329.3161 82.96958 13.90773
16.26667 329.3589 82.9798 13.95911
16.3 329.3939 83.0128 13.91864
16.3 329.4022 82.98299 13.88322
16.3 329.3785 82.87671 13.87548
16.33333 329.3497 82.76221 13.89429
16.33333 329.3091 82.68572 13.92269
16.36667 329.3228 82.60778 13.91413
16.36667 329.3653 82.52114 13.88737
16.4 329.4412 82.46929 13.83529
16.4 329.5375 82.37846 13.80419
16.4 329.5749 82.31897 13.77812
16.43333 329.5703 82.25928 13.74197
16.43333 329.5755 82.19247 13.69855
16.46667 329.5787 82.17728 13.64821
16.46667 329.5963 82.1675 13.65234
16.46667 329.6329 82.17832 13.6488
16.5 329.6618 82.19664 13.62795
16.5 329.6748 82.20554 13.62164
16.53333 329.6717 82.22595 13.65264
16.53333 329.6845 82.26057 13.67459
16.56667 329.7098 82.28383 13.68693
16.56667 329.7363 82.30265 13.68528
16.56667 329.6823 82.35403 13.63472
16.6 329.6117 82.37165 13.65209
16.6 329.5275 82.3499 13.71632
16.63333 329.4937 82.32631 13.75156
16.63333 329.4701 82.3083 13.75767
16.63333 329.4666 82.29295 13.78355
16.66667 329.4693 82.27947 13.81278
16.66667 329.4813 82.28639 13.80472
16.7 329.4976 82.27499 13.80459
16.7 329.5619 82.20778 13.85598
16.73333 329.6124 82.13396 13.90254
16.73333 329.6514 82.07034 13.91541
16.73333 329.6567 81.99099 13.92094
16.76667 329.6551 81.95107 13.88592
16.76667 329.6606 81.9068 13.85417
16.8 329.6791 81.87518 13.82562
16.8 329.7044 81.8634 13.79297
16.83333 329.7289 81.84164 13.75958
16.83333 329.7148 81.82291 13.74706
16.83333 329.6694 81.81109 13.76856
16.86667 329.6215 81.81129 13.7874
16.86667 329.5961 81.84029 13.76216
16.9 329.5896 81.87596 13.73617
16.9 329.5686 81.90675 13.73144
16.9 329.5169 81.93767 13.75356
16.93333 329.4362 81.96152 13.80324
16.93333 329.3622 81.97681 13.84427
16.96667 329.3193 82.04 13.81126
16.96667 329.3091 82.10217 13.77411
17 329.3063 82.12251 13.78796
17 329.3199 82.13894 13.8219
17 329.3556 82.16831 13.80947
17.03333 329.4042 82.21098 13.76248
17.03333 329.4521 82.21105 13.7414
17.06667 329.4931 82.21052 13.73193
17.06667 329.5229 82.21795 13.68709
17.06667 329.5173 82.21967 13.65292
17.1 329.5496 82.22402 13.64091
17.1 329.5952 82.24992 13.63673
17.13333 329.6592 82.26568 13.65096
17.13333 329.7199 82.31203 13.65564
17.16667 329.7572 82.37473 13.64007
17.16667 329.7738 82.38754 13.62936
17.16667 329.7549 82.41853 13.65093
17.2 329.702 82.4399 13.65554
17.2 329.6696 82.44714 13.66967
17.23333 329.6559 82.46919 13.64591
17.23333 329.6475 82.51057 13.632
17.23333 329.6737 82.51485 13.63768
17.26667 329.6608 82.53356 13.61879
17.26667 329.6408 82.51978 13.64609
17.3 329.5933 82.49863 13.68123
17.3 329.5705 82.48076 13.68716
17.33333 329.5592 82.45257 13.67797
17.33333 329.5606 82.44753 13.67343
17.33333 329.5697 82.45274 13.64924
17.36667 329.5625 82.465 13.64706
17.36667 329.5583 82.45211 13.65111
17.4 329.5726 82.43204 13.65845
17.4 329.5783 82.40776 13.62079
17.4 329.6 82.40005 13.54519
17.43333 329.6437 82.38726 13.50312
17.43333 329.6782 82.39427 13.45752
17.46667 329.7019 82.41582 13.40335
17.46667 329.7039 82.40886 13.4233
17.5 329.6806 82.43916 13.42595
17.5 329.6827 82.48999 13.41272
17.5 329.7128 82.53042 13.37605
17.53333 329.7437 82.56311 13.38208
17.53333 329.7856 82.55723 13.42749
17.56667 329.7986 82.58099 13.41547
17.56667 329.7689 82.60501 13.40294
17.6 329.7474 82.6001 13.39562
17.6 329.7705 82.62016 13.38174
17.6 329.8239 82.64994 13.36741
17.63333 329.8766 82.64261 13.36296
17.63333 329.9227 82.64264 13.36929
17.66667 329.9631 82.62531 13.36917
17.66667 329.9828 82.62782 13.34909
17.66667 329.9775 82.6476 13.34532
17.7 329.9799 82.67368 13.33722
17.7 330.0012 82.71642 13.31827
17.73333 330.0368 82.75703 13.30227
17.73333 330.0753 82.79534 13.27078
17.76667 330.1163 82.82986 13.24251
17.76667 330.1365 82.86359 13.21863
17.76667 330.1526 82.89017 13.2277
17.8 330.1673 82.91264 13.20481
17.8 330.1908 82.9217 13.19009
17.83333 330.224 82.93891 13.16528
17.83333 330.1994 82.91443 13.16966
17.83333 330.1896 82.90995 13.17861
17.86667 330.1892 82.90701 13.15898
17.86667 330.2202 82.91109 13.15312
17.9 330.2664 82.89729 13.17142
17.9 330.3019 82.90965 13.1626
17.93333 330.3145 82.92675 13.14998
17.93333 330.3176 82.93874 13.12779
17.93333 330.322 82.95831 13.10679
17.96667 330.3216 82.96913 13.10332
17.96667 330.3328 82.97863 13.09375
18 330.3456 82.97889 13.10144
18 330.3555 83.00061 13.09736
18 330.3849 83.01991 13.09212
18.03333 330.3921 83.02474 13.07415
18.03333 330.41 83.05238 13.05404
18.06667 330.4173 83.0738 13.03928
18.06667 330.4331 83.10049 13.03884
18.1 330.4381 83.12172 13.03912
18.1 330.4383 83.15874 13.01861
18.1 330.4578 83.16403 13.03803
18.13333 330.4842 83.19801 13.00573
18.13333 330.5002 83.20883 12.96736
18.16667 330.4972 83.19032 12.98199
18.16667 330.5016 83.19083 12.983
18.16667 330.4977 83.2057 12.97879
18.2 330.5182 83.20762 12.96862
18.2 330.5285 83.24222 12.92613
18.23333 330.5714 83.29517 12.88587
18.23333 330.5989 83.33118 12.86085
18.26667 330.6617 83.37582 12.8353
18.26667 330.7072 83.39724 12.81485
18.26667 330.7445 83.43781 12.78197
18.3 330.7709 83.49557 12.7278
18.3 330.8413 83.63884 12.62443
18.33333 330.9163 83.75144 12.51589
18.33333 331.0281 83.91553 12.32974
18.36667 331.2186 84.08523 12.10954
18.36667 331.4083 84.23374 11.94581
18.36667 331.6133 84.40619 11.83005
18.4 331.8095 84.61809 11.72939
18.4 331.9501 84.79549 11.64324
18.43333 332.122 84.99674 11.58968
18.43333 332.2212 85.1416 11.55324
18.43333 332.3184 85.23135 11.53737
18.46667 332.4386 85.30206 11.45748
18.46667 332.5257 85.34878 11.37461
18.5 332.6292 85.3621 11.30719
18.5 332.7495 85.36212 11.25721
18.5 332.9211 85.32273 11.17968
18.53333 333.0245 85.27356 11.13988
18.53333 333.1365 85.22199 11.10332
18.56667 333.2516 85.1496 11.04964
18.56667 333.3587 85.11497 10.98153
18.6 333.4792 85.09946 10.90559
18.6 333.5612 85.0847 10.84676
18.6 333.6335 85.06242 10.81145
18.63333 333.7195 85.04427 10.76793
18.63333 333.814 85.04089 10.72123
18.66667 333.8916 85.08508 10.67356
18.66667 333.9546 85.12572 10.63966
18.66667 334.0112 85.188 10.61593
18.7 334.0417 85.25418 10.55636
18.7 334.1071 85.34969 10.51789
18.73333 334.1687 85.41719 10.46268
18.73333 334.1928 85.48583 10.44247
18.76667 334.2643 85.5499 10.41393
18.76667 334.3219 85.61085 10.36177
18.76667 334.392 85.65501 10.33411
18.8 334.445 85.67432 10.31535
18.8 334.4911 85.67872 10.29445
18.83333 334.528 85.67469 10.26694
18.83333 334.5585 85.64786 10.23839
18.83333 334.5758 85.61646 10.22361
18.86667 334.586 85.58484 10.21823
18.86667 334.5971 85.54714 10.21454
18.9 334.6172 85.51161 10.20606
18.9 334.634 85.4837 10.21097
18.93333 334.6299 85.45473 10.23908
18.93333 334.6212 85.45194 10.27718
18.93333 334.61 85.45332 10.26206
18.96667 334.602 85.44932 10.27388
18.96667 334.5826 85.43275 10.28437
19 334.5307 85.43009 10.27914
19 334.523 85.42967 10.28963
19.03333 334.5214 85.44162 10.28586
19.03333 334.5279 85.42659 10.27706
19.03333 334.4941 85.42094 10.27292
19.06667 334.4938 85.40757 10.28053
19.06667 334.4646 85.38494 10.29938
19.1 334.448 85.39243 10.30858
19.1 334.4174 85.40907 10.31281
19.1 334.3896 85.447 10.31391
19.13333 334.3383 85.46562 10.32842
19.13333 334.3393 85.48844 10.34143
19.16667 334.3104 85.49821 10.36172
19.16667 334.303 85.49334 10.38306
19.2 334.318 85.50309 10.38339
19.2 334.3517 85.49348 10.37321
19.2 334.3718 85.493 10.34358
19.23333 334.3805 85.45103 10.33275
19.23333 334.3921 85.38115 10.32694
19.26667 334.405 85.31541 10.34111
19.26667 334.3851 85.23396 10.33458
19.26667 334.3599 85.1712 10.32589
19.3 334.3453 85.1273 10.30583
19.3 334.3479 85.07219 10.29383
19.33333 334.3595 85.01001 10.30146
19.33333 334.3429 84.96402 10.29132
19.36667 334.3369 84.92978 10.30059
19.36667 334.3457 84.94896 10.28346
19.36667 334.3923 84.98385 10.2471
19.4 334.455 85.0221 10.17876
19.4 334.5509 85.02724 10.13583
19.43333 334.6386 84.95884 10.11142
19.43333 334.7205 84.87659 10.06278
19.43333 334.8581 84.69874 9.971261
19.46667 335.0577 84.52598 9.779856
19.46667 335.2871 84.34945 9.517163
19.5 335.5576 84.10781 9.228695
19.5 335.8668 83.80272 8.996535
19.53333 336.0857 83.60177 8.71835
19.53333 336.3537 83.3137 8.364219
19.53333 336.5981 83.01299 8.129581
19.56667 336.8411 82.74011 7.886175
19.56667 337.118 82.44896 7.577135
19.6 337.442 82.20587 7.15433
19.6 337.7741 81.89931 6.818614
19.6 338.1727 81.46591 6.478887
19.63333 338.5447 81.01496 6.122051
19.63333 338.949 80.65118 5.759576
19.66667 339.3771 80.26756 5.363743
19.66667 339.8087 79.84573 5.045416
19.7 340.154 79.51317 4.748733
19.7 340.6046 79.08335 4.358161
19.7 340.927 78.76804 4.039145
19.73333 341.3764 78.40614 3.628995
19.73333 341.826 78.02467 3.192013
19.76667 342.1373 77.69386 2.858437
19.76667 342.5526 77.23811 2.465467
19.76667 342.9528 76.82746 2.124044
19.8 343.3613 76.48116 1.7821
19.8 343.7953 76.09166 1.328678
19.83333 344.2849 75.72919 0.8082283
19.83333 344.7913 75.36359 0.3370114
19.86667 345.2772 75.05196 359.8593
19.86667 345.7956 74.69016 359.291
19.9 346.2417 74.39725 358.8121
19.9 346.7164 74.09772 358.4093
19.9 347.1491 73.80654 357.9919
19.93333 347.4728 73.57825 357.5924
19.93333 347.9099 73.23984 357.132
19.96667 348.2538 72.98033 356.8452
19.96667 348.6196 72.72973 356.5154
19.96667 348.9731 72.50199 356.1381
20 349.288 72.29134 355.8751
20 349.5965 72.00429 355.6769
20.03333 349.8247 71.76569 355.5176
20.03333 350.0197 71.53407 355.2572
20.06667 350.0675 71.33662 355.0569
20.06667 350.0644 71.09084 355.0582
20.06667 350.0732 70.8335 355.1156
20.1 350.1794 70.60149 355.0777
20.1 350.2947 68.40427 355.033
20.13333 350.416 66.27178 355.0363
20.13333 350.5142 64.15187 355.0457
20.16667 350.5788 62.04381 355.1041
20.16667 350.5875 59.88593 355.2297
20.2 350.7348 57.44619 355.2858
20.2 350.5313 55.57299 355.3841
20.23333 350.3853 53.27046 355.539
20.23333 350.1879 51.28018 355.6032
20.26667 350.0395 49.15852 355.8441
20.26667 349.8701 46.81141 356.1216
20.3 349.8795 44.83202 356.1384
20.33333 349.8448 42.76144 356.217
20.33333 349.7717 40.65779 356.2672
20.36667 349.6388 38.62891 356.3022
20.36667 349.4208 36.37126 356.5904
20.4 349.3631 34.35763 356.6424
20.43333 349.0129 32.06559 357.0037
20.43333 348.4926 29.91285 357.1154
20.46667 348.3022 27.92391 357.0799
20.46667 348.3552 25.83288 357.1864
20.5 348.1508 23.46744 357.4123
20.53333 348.0768 21.23267 357.5203
20.56667 347.8737 19.0559 357.6147
20.6 347.5959 16.8552 357.7892
20.63333 347.3332 14.79679 357.9734
20.63333 347.0179 12.84204 358.1158
20.66667 346.6749 10.77788 358.2812
20.7 346.3947 8.568136 358.5032
20.73333 346.1159 6.345113 358.6373
20.76667 345.8258 4.134925 358.6239
20.8 345.4915 1.772162 358.8157
20.8 345.1886 359.4946 358.9814
20.83333 345.2947 357.5084 358.8553
20.86667 345.1943 355.3506 358.8695
20.9 345.4124 353.3751 358.8844
20.9 345.4995 351.416 358.8802
20.93333 345.4491 349.4184 358.8366
20.96667 345.3994 347.3903 358.8766
21 345.4343 345.4099 358.8491
21 345.5135 343.4184 358.8334
21.03333 345.6531 341.357 358.8476
21.06667 345.7448 339.2728 358.84
21.1 345.7534 337.2705 358.7655
21.1 345.7971 335.2693 358.7883
21.13333 345.7853 333.3031 358.8045
21.16667 345.7541 331.3136 358.9064
21.2 345.6767 329.4233 358.9008
21.23333 345.5786 327.5173 358.9331
21.26667 345.5116 325.5353 359.0189
21.26667 345.452 323.4983 359.0642
21.3 345.3927 321.4299 359.0952
21.33333 345.2453 319.2785 359.2406
21.36667 345.1828 317.1183 359.2719
21.4 345.2746 315.0657 359.2795
21.43333 345.2546 313.1306 359.2365
21.43333 345.1654 311.1147 359.3077
21.46667 345.1573 309.1342 359.3161
21.46667 345.1337 307.1569 359.3402
21.5 345.1171 305.182 359.3509
21.5 345.0965 303.2445 359.3851
21.53333 345.0161 301.3766 359.445
21.56667 345.0327 299.503 359.4474
21.56667 345.0259 297.6842 359.5136
21.6 345.0712 295.7243 359.527
21.6 345.1232 293.7978 359.6067
21.63333 345.1429 292.0106 359.7394
21.63333 345.19 289.9719 359.753
21.66667 345.2826 287.9417 359.8635
21.66667 345.3857 286.0635 0.04257369
21.7 345.4059 284.0548 0.02875569
21.7 345.5371 282.0487 0.04860106
21.73333 346.0376 280.2311 0.0411124
21.76667 346.2181 278.2047 359.9855
21.8 346.4908 276.2284 359.9408
21.8 346.5078 274.2336 359.7579
21.83333 346.7788 272.3472 359.5601
21.86667 346.8911 270.4666 359.2953
21.9 346.9892 268.6252 359.2297
21.9 347.0428 268.7752 359.1724
21.93333 346.938 268.8696 359.2419
21.96667 347.0677 269.2744 359.1455
22 347.1866 269.6151 359.1078
22 347.2732 269.8185 359.108
22.03333 347.3582 270.1154 359.019
22.06667 347.4751 270.3574 358.9398
22.1 347.6013 270.4859 358.8119
22.13333 347.6632 270.5354 358.8321
22.16667 347.7252 270.5803 358.7874
22.16667 347.7424 270.6717 358.7249
22.2 347.7029 270.8045 358.7304
22.23333 347.7015 270.9078 358.8158
22.26667 347.6266 271.0086 358.9373
22.26667 347.5709 271.0877 358.9878
22.3 347.5399 270.9128 359.0013
22.33333 347.4191 270.8309 359.0447
22.36667 347.2475 270.7437 359.0479
22.4 347.1073 270.6205 359.1212
22.4 346.9193 270.5619 359.2337
22.43333 346.9683 270.6078 359.2546
22.46667 346.9438 270.6378 359.3389
22.5 346.9522 270.6758 359.3508
22.53333 346.9164 270.7273 359.334
22.53333 346.8429 270.7071 359.3605
22.56667 346.8292 270.6719 359.4076
22.6 346.9275 270.6408 359.3419
22.6 346.9256 270.6043 359.3658
22.63333 346.9362 270.5789 359.3867
22.66667 346.9462 270.5464 359.3834
22.66667 346.9519 270.5648 359.3656
22.7 346.9491 270.5744 359.3773
22.7 346.9129 270.5724 359.3926
22.7 346.8806 270.5767 359.4091
22.73333 346.879 270.5783 359.43
22.73333 346.8935 270.6036 359.4318
22.76667 346.9029 270.6193 359.4158
22.76667 346.9128 270.6237 359.4019
22.8 346.9167 270.6269 359.407
22.8 346.9485 270.6316 359.4098
22.8 346.9973 270.6725 359.3424
22.83333 347.0117 270.7097 359.3246
22.83333 347.0363 270.7232 359.3431
22.86667 347.0781 270.7227 359.3618
22.86667 347.1206 270.7262 359.3463
22.9 347.1532 270.7421 359.3235
22.9 347.1775 270.7631 359.3093
22.9 347.2049 270.7769 359.2906
22.93333 347.2399 270.7827 359.2766
22.93333 347.2557 270.7942 359.2482
22.96667 347.2514 270.8009 359.2215
22.96667 347.2625 270.8157 359.229
22.96667 347.2999 270.8343 359.2298
23 347.3383 270.851 359.2669
23 347.3586 270.8774 359.2639
23.03333 347.3696 270.8905 359.2711
23.03333 347.3897 270.9153 359.3045
23.06667 347.3985 270.9167 359.3508
23.06667 347.4307 270.9356 359.4317
23.06667 347.5082 270.9452 359.463
23.1 347.5916 270.9568 359.4591
23.1 347.6266 270.9523 359.4959
23.13333 347.6262 270.9666 359.5305
23.13333 347.5429 271.0402 359.5927
23.13333 347.5073 271.1223 359.6584
23.16667 347.4778 271.2059 359.6507
23.16667 347.4554 271.29 359.6562
23.2 347.4263 271.3557 359.6038
23.2 347.3602 271.4294 359.5936
23.23333 347.3034 271.455 359.6465
23.23333 347.2763 271.4626 359.6747
23.23333 347.2794 271.4514 359.7002
23.26667 347.261 271.4355 359.6748
23.26667 347.2425 271.4199 359.6422
23.3 347.2401 271.4106 359.6416
23.3 347.2688 271.4124 359.6067
23.3 347.3283 271.3989 359.6186
23.33333 347.386 271.3897 359.6516
23.33333 347.465 273.3864 359.6718
23.36667 347.545 275.3651 359.6603
23.36667 347.625 277.3533 359.6528
23.4 347.6882 279.3426 359.6391
23.43333 347.7114 281.3156 359.6284
23.43333 347.8241 283.28 359.6439
23.46667 347.854 285.26 359.6141
23.46667 347.8282 287.2761 359.5753
23.5 347.802 289.2609 359.6121
23.53333 347.7141 291.3246 359.5703
23.53333 347.6283 293.3938 359.6169
23.56667 347.5468 295.4542 359.6732
23.6 347.5201 297.4674 359.7866
