7.68468 0 270 0
8.221111 0 270 0
8.321112 0 270 0
8.421111 0 270 0
8.521111 0 270 0
8.621111 0 270 0
8.721111 0 270 0
8.821112 0 270 0
8.921111 0 270 0
9.021111 0 270 0
9.121111 0 270 0
9.221111 0 270 0
9.321112 0 270 0
9.421111 0 270 0
9.521111 359.925 270 0
9.621111 359.925 270 0
9.721111 359.925 270 0
9.821112 359.925 270 0
9.921111 359.925 270 0
10.02111 359.925 270 0
10.12111 359.925 270 0
10.22111 359.925 270 0
10.32111 359.925 270 0
10.42111 359.925 270 0
10.52111 359.925 270 0
10.62111 359.925 270 0
10.72111 359.925 270 0
10.82111 359.925 270 0
10.92111 359.925 270 0
11.02111 359.925 270 0
11.12111 359.925 270 0
11.22111 359.925 270 0
11.32111 359.925 270 0
11.42111 359.925 270 0
11.52111 359.925 270 0
11.62111 359.925 270 0
11.72111 359.925 270 0
11.82111 359.925 270 0
11.92111 359.925 270 0
12.02111 359.925 270 0
12.12111 359.925 270 0
12.22111 359.925 270 0
12.32111 359.925 270 0
12.42111 359.925 270 0
12.52111 359.925 270 0
12.62111 359.925 270 0
12.72111 359.925 270 0
12.82111 359.925 270 0
12.92111 359.925 270 0
13.02111 359.925 270 0
13.12111 359.925 270 0
13.22111 359.925 270 0
13.32111 359.925 270 0
13.42111 359.925 270 0
13.52111 359.925 270 0
13.62111 359.925 270 0
13.72111 359.925 270 0
13.82111 359.925 270 0
13.92111 359.925 270 0
14.02111 359.925 270 0
14.12111 359.925 270 0
14.22111 359.925 270 0
14.32111 359.925 270 0
14.42111 359.925 270 0
14.52111 359.925 270 0
14.62111 359.925 270 0
14.72111 359.925 270 0
14.82111 359.925 270 0
14.92111 359.925 270 0
15.02111 359.925 270 0
15.12111 359.925 270 0
15.22111 359.925 270 0
15.32111 359.925 270 0
15.42111 359.925 270 0
15.52111 359.925 270 0
15.62111 359.925 270 0
15.72111 359.925 270 0
15.82111 359.925 270 0
15.92111 359.925 270 0
16.02111 359.925 270 0
16.12111 359.925 270 0
16.22111 359.925 270 0
16.32111 359.925 270 0
16.42111 359.925 270 0
16.52111 359.925 270 0
16.62111 359.925 270 0
16.72111 359.925 270 0
16.82111 359.925 270 0
16.92111 359.925 270 0
17.02111 359.925 270 0
17.12111 359.925 270 0
17.22111 359.925 270 0
17.32111 359.925 270 0
17.42111 359.925 270 0
17.52111 359.925 270 0
17.62111 359.925 270 0
17.72111 359.925 270 0
17.82111 359.925 270 0
17.92111 359.925 270 0
18.02111 359.925 270 0
18.12111 359.925 270 0
18.22111 359.925 270 0
18.32111 359.925 270 0
18.42111 359.925 270 0
18.52111 359.925 270 0
18.62111 359.925 270 0
18.72111 359.925 270 0
18.82111 359.925 270 0
18.92111 359.925 270 0
19.02111 359.925 270 0
19.12111 359.925 270 0
19.22111 359.925 270 0
19.32111 359.925 270 0
19.42111 359.925 270 0
19.52111 359.925 270 0
19.62111 359.925 270 0
19.72111 359.925 270 0
19.82111 359.925 270 0
19.92111 359.925 270 0
20.02111 359.925 270 0
20.12111 359.925 270 0
20.22111 359.925 270 0
20.32111 359.925 270 0
20.42111 359.925 270 0
20.52111 359.925 270 0
20.62111 359.925 270 0
20.72111 359.925 270 0
20.82111 359.925 270 0
20.92111 359.925 270 0
21.02111 359.925 270 0
21.12111 359.925 270 0
21.22111 359.925 270 0
21.32111 359.925 270 0
21.42111 359.925 270 0
21.52111 3.375011 254.25 0
21.62111 3.975015 253.4249 2.139581E-07
21.72111 3.975015 253.4249 2.139581E-07
21.82111 3.975023 253.4999 -2.139581E-07
21.92111 5.100028 266.2499 0
22.02111 4.725036 271.275 -2.141713E-07
22.12111 4.725037 271.35 2.141712E-07
22.22111 4.725037 271.35 2.141712E-07
22.32111 4.725037 271.35 2.141712E-07
22.42111 4.725037 271.35 2.141712E-07
22.52111 4.725037 271.35 2.141712E-07
22.62111 4.725037 271.35 2.141712E-07
22.72111 4.725037 271.35 2.141712E-07
22.82111 4.725037 271.35 2.141712E-07
22.92111 4.725037 271.35 2.141712E-07
23.02111 4.725037 271.35 2.141712E-07
23.12111 4.725037 271.35 2.141712E-07
23.22111 4.725037 271.35 2.141712E-07
23.32111 4.725037 271.35 2.141712E-07
23.42111 4.725037 271.35 2.141712E-07
23.52111 4.725037 271.35 2.141712E-07
23.62111 4.725037 271.35 2.141712E-07
23.72111 4.725037 271.35 2.141712E-07
23.82111 4.725037 271.35 2.141712E-07
23.92111 4.725037 271.35 2.141712E-07
24.02111 4.725037 271.35 2.141712E-07
24.12111 4.725037 271.35 2.141712E-07
24.22111 4.725037 271.35 2.141712E-07
24.32111 4.725037 271.35 2.141712E-07
24.42111 4.725037 271.35 2.141712E-07
24.52111 4.725037 271.35 2.141712E-07
24.62111 3.900038 272.175 0
24.72111 354.45 299.175 -2.144487E-07
24.82111 352.2 330.375 6.463099E-07
24.92111 352.35 339.6 1.292161E-06
25.02111 352.35 339.6 1.292161E-06
25.12111 352.35 339.6 1.292161E-06
25.22111 352.05 344.925 7.543014E-07
25.32111 352.125 12.30001 5.386888E-07
25.42111 353.7001 33.82498 1.073701E-06
25.52111 357.4501 46.34996 7.477925E-07
25.62111 7.425052 54.44994 1.076242E-06
25.72111 12.07506 62.62493 4.365457E-07
25.82111 15.75007 61.64997 -4.435396E-07
25.92111 20.25009 58.27498 -9.100212E-07
26.02111 19.50011 39.75002 2.717176E-06
26.12111 17.02512 20.40001 -2.678712E-06
26.22111 13.57514 359.1 -1.207678E-06
26.32111 13.50014 358.5 -1.15242E-06
26.42111 13.50015 358.35 -2.167647E-06
26.52111 13.42516 356.7001 2.468698E-07
26.62111 13.42517 356.7001 -2.468698E-07
26.72111 13.42517 356.7001 -2.468698E-07
26.82111 13.42517 356.7001 -1.152059E-06
26.92111 12.75018 355.2001 -2.790205E-06
27.02111 12.0752 344.8501 -4.256322E-06
27.12111 11.32523 340.3501 -6.312779E-06
27.22111 7.875232 327.4501 -5.171415E-06
27.32111 6.600238 320.9251 -5.801422E-06
27.42111 4.200243 307.8751 -5.136437E-06
27.52111 2.550244 295.5001 -5.341376E-06
27.62111 1.650246 282.3751 -5.124767E-06
27.72111 1.650246 282.3001 -5.231534E-06
27.82111 1.650246 282.3001 -5.231534E-06
27.92111 1.650247 278.6251 -5.391682E-06
28.02111 0.6002485 260.1001 -5.256332E-06
28.12111 359.5502 247.4251 -5.256206E-06
28.22111 358.725 237.2251 -5.284033E-06
28.32111 358.575 231.525 -5.177604E-06
28.42111 358.5 228.0748 -4.804123E-06
28.52111 358.5 227.1747 -4.643985E-06
28.62111 358.65 222.6748 -4.80381E-06
28.72111 358.8751 220.8746 -4.856774E-06
28.82111 359.0251 218.7744 -4.829857E-06
28.92111 358.9501 215.9243 -4.643173E-06
29.02111 358.125 213.2992 -4.644882E-06
29.12111 0.2999554 209.7741 -4.555745E-06
29.22111 6.149958 208.7991 -4.508258E-06
29.32111 10.12496 213.074 -5.203681E-06
29.42111 12.29996 220.949 -9.175235E-06
29.52111 10.94999 234.8239 -1.043527E-05
29.62111 8.550002 249.0738 -1.122379E-05
29.72111 7.350016 258.8988 -1.291271E-05
29.82111 6.075024 269.6989 -1.266428E-05
29.92111 5.250037 284.0238 -1.221753E-05
30.02111 3.750045 300.1489 -1.187153E-05
30.12111 3.750045 300.1489 -1.187153E-05
30.22111 3.750045 300.1489 -1.187153E-05
30.32111 3.750047 300.5988 -1.187153E-05
30.42111 358.8 309.7488 -1.184871E-05
30.52111 355.1249 322.9489 -1.274599E-05
30.62111 357.4499 340.7988 -1.391428E-05
30.72111 359.7 357.4489 -1.415541E-05
30.82111 2.100011 13.27392 -1.439041E-05
30.92111 4.875018 26.77391 -1.488817E-05
31.02111 5.100017 27.67391 -1.489328E-05
31.12111 5.100017 27.67391 -1.489328E-05
31.22111 4.200019 28.42392 -1.540931E-05
31.32111 355.275 45.14893 -1.627702E-05
31.42111 352.6498 56.69889 -1.571046E-05
31.52111 352.4998 70.27386 -1.291712E-05
31.62111 353.3998 77.17384 -1.439612E-05
31.72111 353.5499 77.77381 -1.460661E-05
31.82111 353.9998 77.92381 -1.459411E-05
31.92111 353.9998 77.92381 -1.459411E-05
32.02111 353.9998 77.92381 -1.459411E-05
32.12111 353.9998 77.92381 -1.459411E-05
32.22111 353.9998 77.92381 -1.459411E-05
32.32111 358.0498 75.97382 -1.484291E-05
32.42111 17.92485 74.54886 -1.615192E-05
32.52111 34.4999 74.92384 -1.657557E-05
32.62111 40.79995 76.72377 -2.255689E-05
32.72111 43.50004 77.54874 -2.118621E-05
32.82111 43.35003 77.69873 -2.113378E-05
32.92111 29.10012 90.29871 -2.540495E-05
33.02111 10.20014 101.2487 -2.559079E-05
33.12111 3.375149 106.4988 -2.555081E-05
33.22111 3.375149 106.4988 -2.555081E-05
33.32111 3.375149 106.4988 -2.555081E-05
33.42111 3.375149 106.4988 -2.555081E-05
33.52111 359.4752 115.7238 -2.580105E-05
33.62111 354.975 143.2487 -2.699763E-05
33.72111 355.5001 164.2486 -2.927864E-05
33.82111 356.2502 175.5736 -2.994619E-05
33.92111 356.6252 180.8236 -3.024134E-05
34.02111 356.7003 180.8235 -3.017723E-05
34.12111 356.7003 180.8235 -3.017723E-05
34.22111 356.7003 180.8235 -3.017723E-05
34.32111 356.7003 180.8235 -3.017723E-05
34.42111 356.7003 180.8235 -3.017723E-05
34.52111 356.7003 180.8235 -3.017723E-05
34.62111 356.7003 180.8235 -3.017723E-05
34.72111 356.7003 180.8235 -3.017723E-05
34.82111 356.7003 180.8235 -3.017723E-05
34.92111 356.7003 180.8235 -3.017723E-05
35.02111 356.7003 180.8235 -3.017723E-05
35.12111 356.7003 180.8235 -3.017723E-05
35.22111 356.7003 180.8235 -3.017723E-05
35.32111 356.7003 180.8235 -3.017723E-05
35.42111 356.7003 180.8235 -3.017723E-05
35.52111 356.7003 180.8235 -3.017723E-05
35.62111 356.7003 180.8235 -3.017723E-05
35.72111 356.7003 180.8235 -3.017723E-05
35.82111 356.7003 180.8235 -3.017723E-05
35.92111 356.7003 180.8235 -3.017723E-05
36.02111 356.7003 180.8235 -3.017723E-05
36.12111 356.7003 180.8235 -3.017723E-05
36.22111 356.7003 180.8235 -3.017723E-05
36.32111 356.7003 180.8235 -3.017723E-05
36.42111 356.7003 180.8235 -3.017723E-05
36.52111 356.7003 180.8235 -3.017723E-05
36.62111 356.7003 180.8235 -3.017723E-05
36.72111 356.7003 180.8235 -3.017723E-05
36.82111 356.7003 180.8235 -3.017723E-05
36.92111 356.7003 180.8235 -3.017723E-05
37.02111 356.7003 180.8235 -3.017723E-05
