1.965748 0 270 0
2.002805 0 270 0
2.21602 353.6944 332.7345 358.4007
2.229909 353.6944 332.7345 358.4007
2.243798 353.6944 332.7345 358.4007
2.257687 353.6944 332.7345 358.4007
2.271576 353.6944 332.7345 358.4007
2.285465 353.6944 332.7345 358.4007
2.299353 353.6944 332.7345 358.4007
2.313242 353.6944 332.7345 358.4007
2.327131 353.6944 332.7345 358.4007
2.34102 353.6944 332.7345 358.4007
2.354909 353.6944 332.7345 358.4007
2.368798 353.6944 332.7345 358.4007
2.382687 353.6944 332.7345 358.4007
2.396576 353.6944 332.7345 358.4007
2.410465 353.6944 332.7345 358.4007
2.424353 353.6944 332.7345 358.4007
2.438242 353.6944 332.7345 358.4007
2.452131 353.6944 332.7345 358.4007
2.46602 353.6944 332.7345 358.4007
2.479909 353.6944 332.7345 358.4007
2.493798 353.6944 332.7345 358.4007
2.507687 353.6944 332.7345 358.4007
2.521576 353.6944 332.7345 358.4007
2.535465 353.6944 332.7345 358.4007
2.549353 353.4741 333.1053 358.6713
2.563242 353.4741 333.1053 358.6713
2.577131 353.4741 333.1053 358.6713
2.59102 353.4741 333.1053 358.6713
2.604909 353.4741 333.1053 358.6713
2.618798 352.5671 333.7046 359.8183
2.632687 352.5671 333.7046 359.8183
2.646576 352.5671 333.7046 359.8183
2.660465 352.5671 333.7046 359.8183
2.674353 352.5671 333.7046 359.8183
2.688242 352.5912 333.4821 359.8038
2.702131 352.5912 333.4821 359.8038
2.71602 352.6716 333.4375 359.7098
2.729909 352.6716 333.4375 359.7098
2.743798 352.7323 333.4176 359.6462
2.757687 352.7323 333.4176 359.6462
2.771576 352.7381 333.4491 359.5681
2.785465 352.8098 333.4846 359.5945
2.799353 352.8098 333.4846 359.5945
2.813242 352.6939 333.7406 358.9124
2.827131 352.6939 333.7406 358.9124
2.84102 352.6939 333.7406 358.9124
2.854909 352.6939 333.7406 358.9124
2.868798 352.6939 333.7406 358.9124
2.882687 352.6939 333.7406 358.9124
2.896576 352.6939 333.7406 358.9124
2.910465 352.6939 333.7406 358.9124
2.924353 352.6939 333.7406 358.9124
2.938242 352.6939 333.7406 358.9124
2.952131 352.6939 333.7406 358.9124
2.96602 352.6939 333.7406 358.9124
2.979909 352.6939 333.7406 358.9124
2.993798 352.6939 333.7406 358.9124
3.007687 352.6939 333.7406 358.9124
3.021576 352.5812 334.3123 358.4159
3.035465 352.5812 334.3123 358.4159
3.049353 352.5812 334.3123 358.4159
3.063242 352.5812 334.3123 358.4159
3.077131 352.6808 334.5587 358.3784
3.09102 352.6808 334.5587 358.3784
3.104909 352.6808 334.5587 358.3784
3.118798 352.6808 334.5587 358.3784
3.132687 352.8154 334.6125 358.422
3.146576 353.011 334.8601 358.3911
3.160465 353.0497 334.8952 358.4285
3.174353 353.089 334.8631 358.4789
3.188242 353.123 334.8269 358.5192
3.202131 353.108 334.7455 358.5196
3.21602 353.1429 334.7003 358.5408
3.229909 353.172 334.6585 358.5457
3.243798 353.1919 334.5737 358.5669
3.257687 353.2128 334.4681 358.6073
3.271576 353.2221 334.3486 358.6311
3.285465 353.2064 334.2291 358.662
3.299353 353.1884 334.1001 358.6794
3.313242 353.1818 333.9715 358.695
3.327131 353.1818 333.9715 358.695
3.34102 353.1958 333.6801 358.7374
3.354909 353.2416 333.4771 358.7327
3.368798 353.2266 333.1973 358.735
3.382687 353.2935 332.9362 358.8097
3.396576 353.4484 332.499 358.7452
3.410465 353.529 332.0148 358.7312
3.424353 353.5794 331.4583 358.7854
3.438242 353.6354 330.8962 358.7692
3.452131 353.6674 330.1765 358.7479
3.46602 353.6982 329.4717 358.7278
3.479909 353.7245 328.6551 358.6719
3.493798 353.7722 327.6273 358.6129
3.507687 353.7956 326.6744 358.5084
3.521576 353.7972 325.8095 358.4083
3.535465 353.7928 324.6762 358.3013
3.549353 353.7791 323.4961 358.1808
3.563242 353.7574 322.3047 358.0819
3.577131 353.7871 321.2119 357.9727
3.59102 353.8529 320.225 357.8605
3.604909 353.9388 319.1043 357.7745
3.618798 353.9245 317.9181 357.7657
3.632687 353.8547 316.9327 357.7784
3.646576 353.7405 315.7905 357.7632
3.660465 353.6272 314.6576 357.7315
3.674353 353.5834 313.6963 357.7
3.688242 353.562 312.6833 357.6485
3.702131 353.5679 311.8145 357.6031
3.71602 353.5614 311.0907 357.5446
3.729909 353.5811 310.3639 357.5066
3.743798 353.6232 309.7716 357.5564
3.757687 353.695 309.1845 357.7058
3.771576 353.7309 308.6078 357.9035
3.785465 353.8015 308.0721 358.104
3.799353 353.9078 307.6914 358.2477
3.813242 354.0627 307.3681 358.3839
3.827131 354.1966 307.1848 358.4875
3.84102 354.3159 307.0788 358.5879
3.854909 354.4162 307.0569 358.6769
3.868798 354.5451 307.1292 358.7803
3.882687 354.6607 307.3091 358.8849
3.896576 354.7657 307.5527 359.0389
3.910465 354.8686 307.8573 359.1875
3.924354 354.9491 308.2075 359.3034
3.938242 355.0163 308.6061 359.3776
3.952131 355.0917 309.082 359.4391
3.96602 355.1634 309.5524 359.4701
3.979909 355.2354 310.0004 359.4857
3.993798 355.3165 310.4825 359.5011
4.007687 355.3818 310.9304 359.4951
4.021576 355.4276 311.3896 359.477
4.035465 355.4565 311.8347 359.4701
4.049354 355.4906 312.2434 359.4551
4.063242 355.5362 312.618 359.4509
4.077131 355.587 312.9639 359.4319
4.09102 355.6412 313.3098 359.385
4.104909 355.7085 313.5765 359.3377
4.118798 355.7854 313.895 359.269
4.132687 355.8945 314.2552 359.1653
4.146576 355.9831 314.5607 359.0826
4.160465 356.0927 315.003 358.9762
4.174354 356.1738 315.59 358.8928
4.188242 356.2448 316.3022 358.8857
4.202131 356.3117 317.0907 358.9566
4.21602 356.3728 318.1274 359.1113
4.229909 356.4636 319.2242 359.2602
4.243798 356.574 320.3911 359.4113
4.257687 356.6793 321.939 359.6134
4.271576 356.7402 323.4615 359.8374
4.285465 356.8246 325.388 0.1675996
4.299354 356.8246 325.388 0.1675996
4.313242 357.0937 329.4284 0.7954358
4.327131 357.2575 331.6513 1.142317
4.34102 357.4052 333.918 1.529544
4.354909 357.5601 336.1739 1.862428
4.368798 357.6815 338.3968 2.120373
4.382687 357.7617 340.8505 2.332057
4.396576 357.7808 342.8529 2.489482
4.410465 357.8091 345.3295 2.642581
4.424354 357.8771 347.6451 2.743433
4.438242 357.9782 349.387 2.788514
4.452131 358.1331 351.6781 2.743799
4.46602 358.2166 353.7425 2.667431
4.479909 358.2565 355.6698 2.629248
4.493798 358.3175 357.7674 2.619625
4.507687 358.3716 359.5928 2.521729
4.521576 358.3716 359.5928 2.521729
4.535465 358.2009 3.077985 2.187285
4.549354 357.9592 5.091079 2.015321
4.563242 357.7729 6.672786 1.898864
4.577131 357.6758 7.880042 1.782042
4.59102 357.574 9.25515 1.599404
4.604909 357.574 9.25515 1.599404
4.618798 357.2831 11.54025 1.183886
4.632687 357.1123 12.53233 0.9578637
4.646576 357.0034 13.28933 0.7419319
4.660465 357.0034 13.28933 0.7419319
4.674354 356.8907 14.69866 0.2318791
4.688242 356.8572 15.39773 359.9324
4.702131 356.8096 15.97853 359.7242
4.71602 356.7058 16.62612 359.4917
4.729909 356.7058 16.62612 359.4917
4.743798 356.4943 17.84233 359.1419
4.757687 356.448 18.41662 359.0735
4.771576 356.448 18.41662 359.0735
4.785465 356.413 19.26331 358.9136
4.799354 356.3957 19.72526 358.8403
4.813242 356.3957 19.72526 358.8403
4.827131 356.2965 20.51732 358.6117
4.84102 356.2543 20.81147 358.4672
4.854909 356.2543 20.81147 358.4672
4.868798 356.2289 21.21167 358.1663
4.882687 356.2289 21.21167 358.1663
4.896576 356.1421 21.69761 357.8134
4.910465 356.1421 21.69761 357.8134
4.924354 356.1205 21.88738 357.6907
4.938242 356.1159 22.05192 357.575
4.952131 356.0977 22.207 357.4753
4.96602 356.0865 22.51338 357.2786
4.979909 356.1092 22.66233 357.1865
4.993798 356.1167 22.74076 357.1196
5.007687 356.1254 22.76767 357.0662
5.021576 356.1497 22.75422 357.0475
5.035465 356.2043 22.70319 357.0245
5.049354 356.2043 22.70319 357.0245
5.063242 356.3098 22.60493 356.9974
5.077131 356.4457 22.48853 356.9512
5.09102 356.5798 22.31898 356.9291
5.104909 356.6927 22.12257 356.8972
5.118798 356.7889 21.85718 356.8943
5.132687 356.8496 21.72906 356.9404
5.146576 356.9623 21.56929 357.007
5.160465 357.094 21.42245 357.0512
5.174354 357.094 21.42245 357.0512
5.188242 357.2566 21.22189 357.0925
5.202131 357.4187 21.01086 357.1208
5.21602 357.5454 20.83586 357.1423
5.229909 357.7318 20.5838 357.1655
5.243798 357.9703 20.30287 357.1899
5.257687 358.2307 20.05852 357.2185
5.271576 358.6287 19.68317 357.2712
5.285465 359.0174 19.23502 357.399
5.299354 359.3296 18.80245 357.5212
5.313242 359.6902 18.28924 357.6655
5.327131 0.1492185 17.70204 357.7939
5.34102 0.8339419 16.95364 357.9016
5.354909 1.310914 16.33875 358.0059
5.368798 1.690011 15.55914 358.0868
5.382687 1.822638 14.88803 358.1236
5.396576 1.84623 14.18095 358.1882
5.410465 1.94722 13.3609 358.2974
5.424354 2.166715 12.50869 358.3896
5.438242 2.499545 11.30992 358.4469
5.452131 2.781855 9.923756 358.3575
5.46602 2.913898 8.333134 358.1399
5.479909 2.930745 6.578774 357.7892
5.493798 2.914084 4.791685 357.3927
5.507687 2.962391 2.952851 357.0122
5.521576 3.05728 1.059285 356.6287
5.535465 3.139265 358.9796 356.1986
5.549354 3.133429 357.0423 355.8215
5.563242 2.996656 354.7496 355.4069
5.577131 2.849169 352.4917 355.0063
5.59102 2.738178 350.5574 354.6736
5.604909 2.637966 347.8937 354.292
5.618798 2.545429 345.5505 353.9749
5.632687 2.4026 342.9843 353.6386
5.646576 2.198436 339.9911 353.3058
5.660465 2.000725 337.3902 353.0605
5.674354 1.804497 334.937 352.9077
5.688242 1.651198 332.69 352.8482
5.702131 1.540065 330.2932 352.857
5.71602 1.492919 328.0407 352.9632
5.729909 1.511628 326.2952 353.1254
5.743798 1.559908 324.4007 353.3412
5.757687 1.615761 322.6259 353.5782
5.771576 1.660952 321.0392 353.8298
5.785465 1.70146 319.4858 354.1233
5.799354 1.756226 318.0662 354.463
5.813242 1.800427 317.0277 354.7581
5.827131 1.817981 315.8201 355.1871
5.84102 1.696355 314.6924 355.6595
5.854909 1.444715 313.7351 355.9557
5.868798 0.9294072 312.4624 356.1368
5.882687 0.3882667 311.3187 356.1441
5.896576 359.9709 310.069 356.162
5.910465 359.8918 309.0307 356.2312
5.924354 0.05935297 307.9812 356.352
5.938242 0.1899583 307.0785 356.5186
5.952131 0.1891726 306.0827 356.6729
5.96602 0.09099801 305.088 356.8152
5.979909 0.05775022 304.3353 356.9594
5.993798 0.1448212 303.5763 357.0903
6.007687 0.2742673 302.9764 357.2076
6.021576 0.3863344 302.4906 357.3586
6.035465 0.4498201 302.0478 357.5779
6.049354 0.5342491 301.5765 357.8765
6.063242 0.6249287 301.1914 358.1005
6.077131 0.7354412 300.8673 358.3354
6.09102 0.8294424 300.6515 358.5766
6.104909 0.8959991 300.5664 358.7393
6.118798 0.9347624 300.5392 358.9328
6.132687 0.95285 300.5664 359.1072
6.146576 1.004216 300.6431 359.2695
6.160465 1.105014 300.7552 359.4179
6.174354 1.266175 300.9196 359.573
6.188242 1.418804 301.0921 359.6859
6.202131 1.61622 301.3448 359.7974
6.21602 1.849239 301.6389 359.8717
6.229909 2.117599 301.984 359.8983
6.243798 2.416641 302.4035 359.8951
6.257687 2.84425 303.0422 359.9528
6.271576 3.372257 303.8264 0.07782562
6.285465 3.902275 304.5581 0.1943647
6.299354 4.704704 305.6071 0.326537
6.313242 5.571078 306.8319 0.3884776
6.327131 6.21245 307.9988 0.3703567
6.34102 6.839711 309.5513 0.3877729
6.354909 7.469031 311.498 0.5585357
6.368798 7.940844 312.981 0.7344053
6.382687 8.538702 314.8852 0.8937864
6.396576 8.966581 316.9186 0.8650119
6.410465 9.016417 318.7475 0.8704492
6.424354 8.795233 320.7753 0.981884
6.438242 8.521315 322.6431 1.08489
6.452131 8.259493 324.8404 1.199798
6.46602 8.020587 326.7751 1.297581
6.479909 7.773134 328.7372 1.443978
6.493798 7.564556 330.7373 1.633348
6.507687 7.43456 332.8871 1.848098
6.521576 7.382336 334.8092 2.041265
6.535465 7.31254 336.9492 2.272569
6.549354 7.26089 339.2496 2.571888
6.563242 7.27493 341.1508 2.794976
6.577131 7.364558 343.233 3.003039
6.59102 7.480359 344.7792 3.129626
6.604909 7.675584 346.6111 3.222174
6.618798 7.931895 348.3202 3.281823
6.632687 8.230828 349.806 3.297558
6.646576 8.61069 351.1703 3.249043
6.660465 9.082057 352.4169 3.18639
6.674354 9.657689 353.5079 3.100335
6.688242 10.31831 354.5313 3.022793
6.702131 10.96281 355.5081 2.943738
6.71602 11.54228 356.4688 2.816119
6.729909 11.89653 357.133 2.725949
6.743798 12.34089 357.8479 2.633568
6.757687 12.90357 358.4282 2.534237
6.771576 13.43111 358.7668 2.469161
6.785465 14.16706 359.1258 2.406389
6.799354 14.88412 359.4356 2.318223
6.813242 15.48553 359.7393 2.226667
6.827131 15.86667 0.006300865 2.139161
6.84102 16.00274 0.2377711 1.958199
6.854909 15.97983 0.3792259 1.802123
6.868798 15.98332 0.4852241 1.646747
6.882687 16.16299 0.5640271 1.562256
6.896576 16.28912 0.6383283 1.504235
6.910465 16.25182 0.6997463 1.433877
6.924354 16.13961 0.7734425 1.294893
6.938242 16.09203 0.7694548 1.117903
6.952131 16.13021 0.7291489 0.9845483
6.96602 16.242 0.6890756 0.8765965
6.979909 16.34664 0.6853407 0.8245648
6.993798 16.37432 0.6733975 0.7947144
7.007687 16.32119 0.6387597 0.7676613
7.021576 16.22782 0.5854804 0.7346992
7.035465 16.17 0.4675247 0.6937256
7.049354 16.16841 0.3139862 0.6644649
7.063242 16.20538 0.1237452 0.6407166
7.077131 16.26002 359.9101 0.6298938
7.09102 16.28536 359.597 0.6418856
7.104909 16.20538 359.2934 0.6689589
7.118798 15.94986 358.8785 0.6297382
7.132687 15.63965 358.3563 0.4883468
7.146576 15.47977 357.8919 0.3735172
7.160465 15.36382 357.4488 0.2743169
7.174354 15.08088 356.908 0.1818086
7.188242 14.71537 356.3718 0.09311868
7.202131 14.43227 355.8484 -0.004696086
7.21602 14.12601 355.1891 359.8596
7.229909 13.6498 354.3083 359.6099
7.243798 13.18695 353.5162 359.3287
7.257687 12.66891 352.5316 358.9657
7.271576 12.22372 351.363 358.5938
7.285465 11.87202 350.2527 358.2918
7.299354 11.33471 348.7502 357.9352
7.313242 10.49413 347.0365 357.5073
7.327131 9.737891 345.5353 357.0697
7.34102 8.948153 343.6117 356.5281
7.354909 8.431576 341.8309 356.1469
7.368798 7.919918 339.7603 355.7722
7.382687 7.490355 338.0335 355.4698
7.396576 6.751146 335.8376 355.0846
7.410465 5.922491 333.6184 354.7332
7.424354 5.344254 331.931 354.5515
7.438242 4.815797 329.8345 354.391
7.452131 4.479117 327.8795 354.3265
7.46602 4.194042 325.8902 354.3343
7.479909 3.863186 323.8221 354.3278
7.493798 3.428026 321.6227 354.2522
7.507687 3.066936 319.816 354.1873
7.521576 3.066936 319.816 354.1873
7.535465 2.409963 315.8526 354.2126
7.549354 2.113854 314.1689 354.1974
7.563242 1.826403 311.8433 354.2605
7.577131 1.668998 310.0537 354.2521
7.59102 1.486508 307.836 354.1052
7.604909 1.236871 305.6778 353.9582
7.618798 0.990463 303.8204 353.9352
7.632687 0.7742321 301.9134 353.9463
7.646576 0.6329005 300.3169 353.9805
7.660465 0.5349457 298.7615 354.1289
7.674354 0.4824928 297.7092 354.2851
7.688242 0.4381377 296.4861 354.5971
7.702131 0.4325382 295.5862 354.9589
7.71602 0.4270814 294.911 355.2739
7.729909 0.4000481 294.1723 355.6671
7.743798 0.3193794 293.7039 356.0614
7.757687 0.2401592 293.3424 356.4941
7.771576 0.2068182 292.9938 356.9149
7.785465 0.2693713 292.7228 357.2305
7.799354 0.3563135 292.5155 357.4756
7.813242 0.4629192 292.328 357.6751
7.827131 0.549802 292.1499 357.8453
7.84102 0.6033618 292.0561 357.9866
7.854909 0.6591016 291.9705 358.1677
7.868798 0.7617313 291.8848 358.3307
7.882687 0.8689848 291.8141 358.4809
7.896576 1.013134 291.7219 358.679
7.910465 1.137703 291.5728 358.8732
7.924354 1.239496 291.2946 359.0447
7.938242 1.338548 290.9689 359.1667
7.952131 1.444153 290.5848 359.2737
7.96602 1.589289 290.1303 359.3122
7.979909 1.761402 289.5763 359.2696
7.993798 1.890455 288.9672 359.223
8.007687 1.98234 288.3185 359.1765
8.021576 2.071543 287.5058 359.0491
8.035464 2.186308 286.8841 358.9
8.049354 2.380328 286.2368 358.7348
8.063242 2.638639 285.6685 358.5918
8.077131 2.97869 285.149 358.4644
8.091021 3.302163 284.7614 358.3937
8.104909 3.772753 284.3422 358.3673
8.118798 4.308898 283.9241 358.4188
8.132687 4.69874 283.5695 358.5028
8.146576 5.104017 283.0568 358.5951
8.160464 5.41597 282.513 358.6276
8.174354 5.580957 282.1357 358.6113
8.188242 5.675498 281.7167 358.5929
8.202131 5.702765 281.351 358.6096
8.216021 5.796993 280.8901 358.6067
8.229909 5.966423 280.4817 358.583
8.243798 6.162338 280.1681 358.5513
8.257687 6.430565 279.857 358.5164
8.271576 6.680992 279.6475 358.4706
8.285464 6.931831 279.4805 358.4959
8.299354 7.145094 279.3275 358.5538
8.313242 7.34116 279.1519 358.5945
8.327131 7.532943 279.0153 358.5895
8.341021 7.70795 278.9509 358.6259
8.354909 7.800918 278.8963 358.6571
8.368798 7.854006 278.7984 358.7153
8.382687 7.894655 278.6728 358.7541
8.396576 7.997213 278.4894 358.778
8.410464 8.108607 278.3127 358.7832
8.424354 8.224513 278.1165 358.7697
8.438242 8.308726 277.9109 358.7456
8.452131 8.364237 277.7059 358.7497
8.466021 8.399404 277.3788 358.7178
8.479909 8.440411 277.019 358.6884
8.493798 8.519064 276.6328 358.6498
8.507687 8.637171 276.244 358.5956
8.521576 8.742759 275.873 358.5428
8.535464 8.8178 275.4865 358.5274
8.549354 8.84215 275.1184 358.5722
8.563242 8.845025 274.6378 358.6183
8.577131 8.858849 274.1625 358.6003
8.591021 8.880084 273.569 358.5642
8.604909 8.921438 272.8878 358.526
8.618798 8.950898 272.2352 358.4514
8.632687 8.997166 271.3291 358.3591
8.646576 9.05546 270.3686 358.2709
8.660464 9.083899 269.5084 358.1752
8.674354 9.054467 268.7445 358.1292
8.688242 8.981897 267.8434 358.1705
8.702131 8.905302 267.0629 358.2191
8.716021 8.857212 265.9803 358.22
8.729909 8.865185 265.085 358.1956
8.743798 8.867682 264.4174 358.17
8.757687 8.867682 264.4174 358.17
8.771576 8.736027 262.9038 358.1727
8.785464 8.652622 262.3493 358.1933
8.799354 8.633357 261.7851 358.2498
8.813242 8.677766 261.3519 358.31
8.827131 8.759995 261.0132 358.3877
8.841021 8.838479 260.7018 358.5259
8.854909 8.878798 260.4253 358.7026
8.868798 8.874738 260.2526 358.8248
8.882687 8.860462 260.0862 358.945
8.896576 8.860462 260.0862 358.945
8.910464 8.832175 259.7943 359.1261
8.924354 8.805565 259.6272 359.2771
8.938242 8.675232 259.4359 359.3697
8.952131 8.422283 259.2318 359.4555
8.966021 8.195858 259.0515 359.5089
8.979909 7.948267 258.9102 359.5737
8.993798 7.714688 258.8388 359.6238
9.007687 7.474516 258.8501 359.6482
9.021576 7.251092 258.9407 359.7285
9.035464 7.251092 258.9407 359.7285
9.049354 6.793028 259.181 0.04350744
9.063242 6.629954 259.2345 0.1485444
9.077131 6.498167 259.2421 0.2389169
9.091021 6.37715 259.3033 0.3161504
9.104909 6.189559 259.4158 0.4571404
9.118798 5.939068 259.5869 0.6666688
9.132687 5.640944 259.7558 0.9156929
9.146576 5.309697 259.906 1.028347
9.160464 5.01252 260.0313 1.069688
9.174354 4.774349 260.1823 1.106312
9.188242 4.457214 260.5066 1.161964
9.202131 4.056351 260.9695 1.26806
9.216021 3.717619 261.3745 1.458197
9.229909 3.349057 261.8536 1.685101
9.243798 3.09656 262.2513 1.816304
9.257687 3.09656 262.2513 1.816304
9.271576 2.669876 263.0073 2.029287
9.285464 2.435329 263.3369 2.12676
9.299354 2.142015 263.6977 2.270284
9.313242 1.845334 264.002 2.41995
9.327131 1.596812 264.2474 2.517025
9.341021 1.596812 264.2474 2.517025
9.354909 1.123956 264.7782 2.603103
9.368798 0.8924552 265.0624 2.558199
9.382687 0.6270807 265.439 2.486968
9.396576 0.3764571 265.8249 2.455152
9.410464 0.1320846 266.249 2.428783
9.424354 359.9345 266.6165 2.378357
9.438242 359.9345 266.6165 2.378357
9.452131 359.7635 267.0498 2.302822
9.466021 359.4184 268.0521 2.1813
9.479909 359.2566 268.5619 2.132885
9.493798 359.1394 269.0923 2.104268
9.507687 359.0807 269.5302 2.121249
9.521576 359.0432 269.9677 2.121382
9.535464 359.0432 269.9677 2.121382
9.549354 359.0215 270.7707 2.098983
9.563242 358.9777 271.2082 2.044692
9.577131 358.9472 271.6345 1.980167
9.591021 358.9756 272.0406 1.91001
9.604909 359.1176 272.5413 1.813062
9.618798 359.3434 273.0997 1.690958
9.632687 359.545 273.677 1.579571
9.646576 359.7308 274.3628 1.477246
9.660464 359.7308 274.3628 1.477246
9.674354 0.08570653 275.7398 1.207356
9.688242 0.2711387 276.5889 1.121312
9.702131 0.4016352 277.6148 1.093639
9.716021 0.487867 278.3664 1.074245
9.729909 0.5536989 279.247 1.070701
9.743798 0.6056977 280.0817 1.053554
9.757687 0.6056977 280.0817 1.053554
9.771576 0.7722858 281.7662 0.8980933
9.785464 0.9025015 282.4829 0.8818603
9.799354 1.05913 283.3296 0.8002099
9.813242 1.12559 284.0321 0.6834686
9.827131 1.091211 284.6881 0.554704
9.841021 1.091211 284.6881 0.554704
9.854909 0.9321942 286.3236 0.2955423
9.868798 0.8460901 287.1023 0.252643
9.882687 0.707137 287.7493 0.1896756
9.896576 0.5239177 288.3281 0.1391093
9.910464 0.37688 288.7162 0.09190982
9.924354 0.2463072 289.1509 0.005748511
9.938242 0.2463072 289.1509 0.005748511
9.952131 0.1160464 289.7818 359.8197
9.966021 0.06125843 289.9242 359.706
9.979909 0.0001788389 290.0063 359.6025
9.993798 359.9396 290.0402 359.5153
10.00769 359.9055 290.0473 359.4512
10.02158 359.8686 290.0075 359.4029
10.03546 359.8116 289.9205 359.3622
10.04935 359.7207 289.7859 359.28
10.06324 359.5984 289.5816 359.1714
10.07713 359.4947 289.4047 359.0536
10.09102 359.4947 289.4047 359.0536
10.10491 359.4432 289.2991 358.9583
10.1188 359.3753 289.2398 358.8637
10.13269 359.314 289.2431 358.8088
10.14658 359.2664 289.2591 358.8098
10.16046 359.2141 289.2791 358.8184
10.17435 359.2004 289.3249 358.8191
10.18824 359.2224 289.3829 358.8192
10.20213 359.2748 289.4767 358.8231
10.21602 359.3683 289.5598 358.8196
10.22991 359.4683 289.636 358.8148
10.2438 359.5682 289.7177 358.7767
10.25769 359.6407 289.8068 358.7561
10.27158 359.692 289.9128 358.7358
10.28546 359.7737 290.0527 358.7187
10.29935 359.9338 290.2452 358.7371
10.31324 0.06818206 290.4761 358.728
10.32713 0.1561696 290.8039 358.7383
10.34102 0.1825449 291.2426 358.8026
10.35491 0.1913654 291.6296 358.8537
10.3688 0.2003178 292.1801 358.935
10.38269 0.2217171 292.6808 359.0391
10.39658 0.23576 293.2376 359.1382
10.41046 0.2338527 293.7263 359.199
10.42435 0.2182758 294.2766 359.2656
10.43824 0.219204 294.8749 359.3298
10.45213 0.2161207 295.3554 359.3725
10.46602 0.2387942 296.0099 359.4269
10.47991 0.2783537 296.6439 359.4879
10.4938 0.3065588 297.208 359.5499
10.50769 0.3369144 297.8965 359.6282
10.52158 0.3625173 298.5886 359.6968
10.53546 0.402075 299.1826 359.7613
10.54935 0.4648443 299.8498 359.8078
10.56324 0.573436 300.5558 359.8533
10.57713 0.7253265 301.3183 359.9105
10.59102 0.9178296 302.1542 359.983
10.60491 1.179502 303.1115 0.06234355
10.6188 1.472883 304.0154 0.1352869
10.63269 1.87474 305.0903 0.1697283
10.64658 2.367865 306.3954 0.2292497
10.66046 2.872818 307.6261 0.3370462
10.67435 3.660406 309.1989 0.4521115
10.68824 4.409842 310.4122 0.5224622
10.70213 5.448153 311.901 0.6513395
10.71602 6.739524 313.5291 0.8138923
10.72991 7.975622 314.9359 0.9222112
10.7438 9.332873 316.5144 1.011142
10.75769 10.50313 318.1402 1.09049
10.77158 11.11001 319.4646 1.144182
10.78546 11.38312 320.7839 1.073512
10.79935 11.42487 322.1025 0.9390664
10.81324 11.58569 323.2451 0.8565595
10.82713 12.11105 324.5993 0.7771425
10.84102 12.73962 325.7356 0.7160925
10.85491 13.50345 326.9749 0.6189855
10.8688 14.37043 328.3137 0.5212961
10.88269 15.15019 329.4502 0.4742833
10.89658 16.0106 330.7376 0.4799517
10.91046 16.58976 331.9093 0.4946125
10.92435 16.97276 333.0866 0.4755915
10.93824 17.23533 334.061 0.443966
10.95213 17.6427 335.1014 0.4027631
10.96602 18.21296 336.0368 0.3845551
10.97991 18.90316 337.0712 0.4154847
10.9938 19.36357 337.874 0.5150491
11.00769 19.62294 338.8233 0.5794225
11.02158 19.69782 339.6155 0.5838023
11.03546 19.8162 340.3979 0.5785179
11.04935 20.12795 341.226 0.5974159
11.06324 20.47173 341.7798 0.6481637
11.07713 20.93711 342.3564 0.6230213
11.09102 21.2117 342.7572 0.4799124
11.10491 21.40105 343.1015 0.2677517
11.1188 21.62791 343.4105 0.01295061
11.13269 21.88809 343.6302 359.7807
11.14658 22.19593 343.8948 359.5684
11.16046 22.46337 344.1451 359.4055
11.17435 22.70415 344.3628 359.2943
11.18824 23.0032 344.6245 359.1986
11.20213 23.1782 344.843 359.1679
11.21602 23.25393 345.0402 359.1278
11.22991 23.33717 345.3663 359.1017
11.2438 23.45732 345.7078 359.1371
11.25769 23.64052 346.0185 359.1683
11.27158 23.89402 346.3755 359.2227
11.28546 24.18742 346.7037 359.3087
11.29935 24.46311 346.9626 359.3961
11.31324 24.68614 347.1917 359.443
11.32713 24.78917 347.4006 359.4286
11.34102 24.7729 347.5266 359.3772
11.35491 24.77114 347.6457 359.3198
11.3688 24.84516 347.7556 359.2657
11.38269 24.94934 347.7977 359.2211
11.39658 25.13823 347.8266 359.179
11.41046 25.31828 347.8053 359.1354
11.42435 25.45074 347.7657 359.084
11.43824 25.51778 347.7079 359.0164
11.45213 25.57066 347.6394 358.9373
11.46602 25.64344 347.5527 358.8493
11.47991 25.74288 347.4713 358.7782
11.4938 25.855 347.3676 358.7229
11.50769 25.94613 347.2107 358.6406
11.52158 25.95368 347.048 358.5545
11.53546 25.89898 344.8433 358.4384
11.54935 25.85235 342.6568 358.3504
11.56324 25.84785 340.4469 358.2853
11.57713 25.92168 338.1787 358.2309
11.59102 25.92168 338.1787 358.2309
11.60491 26.13947 335.5754 358.0826
11.6188 26.22152 333.4724 358.1213
11.63269 26.33898 331.1626 358.0587
11.64658 26.4517 328.8461 358.0546
11.66046 26.70711 326.092 357.9807
11.67435 26.70711 326.092 357.9807
11.68824 26.71014 324.0816 358.0151
11.70213 26.85925 321.8441 358.0045
11.71602 27.12436 319.145 357.9992
11.72991 27.12436 319.145 357.9992
11.7438 27.07398 317.191 358.03
11.75769 27.13626 314.994 358.0453
11.77158 27.20943 312.785 358.071
11.78546 27.32181 310.5131 358.1265
11.79935 27.42017 308.2593 358.1942
11.81324 27.53667 305.9832 358.2657
11.82713 27.53667 305.9832 358.2657
11.84102 27.95052 303.23 358.3548
11.85491 27.95052 303.23 358.3548
11.8688 28.37445 301.1799 358.3134
11.88269 29.48932 298.1072 358.3449
11.89658 29.52399 296.2706 358.2546
11.91046 29.74996 294.1052 358.1431
11.92435 29.65233 292.1783 358.0528
11.93824 29.755 290.0781 357.9744
11.95213 29.79112 288.0091 357.8904
11.96602 29.79112 288.0091 357.8904
11.97991 29.98453 285.8202 357.724
11.9938 30.07918 283.7007 357.609
12.00769 29.94316 281.8313 357.6211
12.02158 29.81286 280.0501 357.6643
12.03546 29.81286 280.0501 357.6643
12.04935 29.92309 278.2332 357.7186
12.06324 29.92309 278.2332 357.7186
12.07713 29.56926 276.4701 357.8299
12.09102 29.56926 276.4701 357.8299
12.10491 29.10517 274.6891 357.8856
12.1188 29.10517 274.6891 357.8856
12.13269 28.75556 272.9174 357.9902
12.14658 28.75556 272.9174 357.9902
12.16046 28.18444 271.7216 358.082
12.17435 28.18444 271.7216 358.082
12.18824 27.48464 271.8314 358.17
12.20213 26.70633 271.7427 358.1666
12.21602 26.70633 271.7427 358.1666
12.22991 25.14449 271.7261 358.1479
12.2438 25.14449 271.7261 358.1479
12.25769 23.98083 271.5822 358.0547
12.27158 23.98083 271.5822 358.0547
12.28546 22.75057 271.3804 357.9907
12.29935 22.75057 271.3804 357.9907
12.31324 21.38322 271.142 357.8883
12.32713 21.38322 271.142 357.8883
12.34102 20.24345 270.8032 357.8146
12.35491 20.24345 270.8032 357.8146
12.3688 18.44518 270.4005 357.6999
12.38269 18.44518 270.4005 357.6999
12.39658 16.59767 270.0069 357.6957
12.41046 16.59767 270.0069 357.6957
12.42435 13.98214 269.5147 357.6818
12.43824 13.98214 269.5147 357.6818
12.45213 11.80049 269.214 357.7193
12.46602 11.80049 269.214 357.7193
12.47991 9.820892 269.0248 357.7833
12.4938 9.820892 269.0248 357.7833
12.50769 9.205647 268.9365 357.8479
12.52158 9.205647 268.9365 357.8479
12.53546 8.108138 268.974 357.9635
12.54935 8.108138 268.974 357.9635
12.56324 6.982346 269.057 358.0345
12.57713 6.982346 269.057 358.0345
12.59102 6.038516 269.1407 358.1201
12.60491 6.038516 269.1407 358.1201
12.6188 4.715812 269.1646 358.2012
12.63269 4.715812 269.1646 358.2012
12.64658 3.64489 269.2135 358.1896
12.66046 3.64489 269.2135 358.1896
12.67435 2.988969 269.3264 358.2484
12.68824 2.988969 269.3264 358.2484
12.70213 2.010877 269.4781 358.2606
12.71602 2.010877 269.4781 358.2606
12.72991 1.570788 269.6116 358.2753
12.7438 1.570788 269.6116 358.2753
12.75769 1.810228 269.7928 358.2723
12.77158 1.810228 269.7928 358.2723
12.78546 1.860142 269.9181 358.3287
12.79935 1.860142 269.9181 358.3287
12.81324 1.883847 269.9604 358.3622
12.82713 1.883847 269.9604 358.3622
12.84102 1.811151 269.9228 358.4671
12.85491 1.811151 269.9228 358.4671
12.8688 1.811151 269.9228 358.4671
12.88269 1.301464 269.8743 358.5939
12.89658 0.9525518 269.8868 358.6405
12.91046 0.9525518 269.8868 358.6405
12.92435 0.7393301 269.9566 358.741
12.93824 0.7393301 269.9566 358.741
12.95213 0.7393301 269.9566 358.741
12.96602 0.3528194 270.1281 358.7524
12.97991 0.3528194 270.1281 358.7524
12.9938 0.2922131 270.2814 358.8493
13.00769 0.3616782 270.3534 358.9274
13.02158 0.3616782 270.3534 358.9274
13.03546 0.3616782 270.3534 358.9274
13.04935 0.4532012 270.3792 358.8611
13.06324 0.4532012 270.3792 358.8611
13.07713 0.6984739 270.4774 358.7893
13.09102 0.6984739 270.4774 358.7893
13.10491 0.8662562 270.5047 358.7499
13.1188 0.9994064 270.5278 358.7077
13.13269 1.157748 270.5658 358.6528
13.14658 1.308556 270.6786 358.6104
13.16046 1.404561 270.8199 358.5937
13.17435 1.384035 270.9927 358.6336
13.18824 1.360371 271.1469 358.6573
13.20213 1.390476 271.3011 358.6718
13.21602 1.477197 271.4803 358.688
13.22991 1.591121 271.6894 358.6814
13.2438 1.728229 271.959 358.6904
13.25769 1.756781 272.2379 358.7396
13.27158 1.727506 272.5423 358.7928
13.28546 1.687291 272.9345 358.8658
13.29935 1.697652 273.5255 358.9298
13.31324 1.728888 274.0756 359.0118
13.32713 1.765426 274.8461 359.149
13.34102 1.811654 275.8464 359.3696
13.35491 1.829989 276.8966 359.6468
13.3688 1.863652 278.2875 359.9775
13.38269 1.900663 279.7596 0.331341
13.39658 1.955056 281.3749 0.6825371
13.41046 2.012563 283.1331 0.9724553
13.42435 2.063186 285.1332 1.272541
13.43824 2.109732 286.7723 1.540731
13.45213 2.218874 288.8514 1.855842
13.46602 2.388839 290.8715 2.060108
13.47991 2.532854 292.4933 2.166019
13.4938 2.669837 294.5136 2.297827
13.50769 2.807866 296.4127 2.447534
13.52158 2.997705 298.2173 2.607057
13.53546 3.23491 299.8842 2.6981
13.54935 3.466418 301.3838 2.675145
13.56324 3.626922 302.7874 2.547866
13.57713 3.714781 303.8809 2.370374
13.59102 3.810437 305.072 2.114569
13.60491 3.924386 306.1339 1.857372
13.6188 4.063277 307.1235 1.615433
13.63269 4.262423 307.9562 1.39668
13.64658 4.48136 308.672 1.125868
13.66046 4.662183 309.3035 0.7893191
13.67435 4.766322 310.2068 0.3892344
13.68824 4.772384 311.2169 0.1116752
13.70213 4.824531 312.0801 359.9033
13.71602 4.962297 312.8128 359.7301
13.72991 5.202744 313.6285 359.5712
13.7438 5.424573 314.2899 359.4533
13.75769 5.675731 315.1877 359.3014
13.77158 5.884063 316.0142 359.1762
13.78546 6.117406 317.0285 359.0474
13.79935 6.340529 317.8958 358.9621
13.81324 6.574462 318.7141 358.8786
13.82713 6.863147 319.5679 358.8069
13.84102 7.155039 320.4411 358.7696
13.85491 7.479492 321.4466 358.708
13.8688 7.752814 322.3889 358.6781
13.88269 8.013707 323.2548 358.6804
13.89658 8.32067 324.3024 358.6783
13.91046 8.567144 325.3477 358.7262
13.92435 8.717287 326.3346 358.8482
13.93824 8.815932 327.4937 359.0468
13.95213 8.882115 328.6588 359.2479
13.96602 8.955558 329.5967 359.3662
13.97991 9.065973 330.7912 359.4736
13.9938 9.141994 331.9202 359.5395
14.00769 9.166244 333.1844 359.5761
14.02158 9.152759 334.314 359.6267
14.03546 9.117807 335.5217 359.6802
14.04935 9.1211 336.7369 359.7239
14.06324 9.12249 337.7515 359.7497
14.07713 9.116076 338.8198 359.7258
14.09102 9.107621 339.8091 359.7054
14.10491 9.122757 340.7452 359.6668
14.1188 9.162154 341.5629 359.6353
14.13269 9.165231 342.211 359.5873
14.14658 9.152043 342.6663 359.4622
14.16046 9.128628 343.0607 359.3018
14.17435 9.163939 343.3332 359.1424
14.18824 9.288269 343.4503 359.0021
14.20213 9.455478 343.4292 358.8765
14.21602 9.647925 343.3029 358.7673
14.22991 9.800829 343.1598 358.6549
14.2438 9.917739 343.0353 358.5323
14.25769 10.0317 342.8831 358.455
14.27158 10.13815 342.7145 358.4134
14.28546 10.23131 342.5449 358.4007
14.29935 10.33205 342.312 358.4368
14.31324 10.39715 342.0723 358.4837
14.32713 10.41895 341.8647 358.516
14.34102 10.43079 341.6267 358.5407
14.35491 10.48102 341.3621 358.5641
14.3688 10.59233 341.0701 358.5585
14.38269 10.70917 340.7074 358.4838
14.39658 10.80375 340.1645 358.3302
14.41046 10.88302 339.3534 358.1023
14.42435 10.90193 338.5032 357.8159
14.43824 10.95494 337.6266 357.3605
14.45213 11.03037 336.8286 356.9614
14.46602 11.1746 336.2658 356.7465
14.47991 11.39058 335.4687 356.4682
14.4938 11.52334 334.8139 356.2594
14.50769 11.53394 334.4179 356.1726
14.52158 11.50318 334.0955 356.2004
14.53546 11.53592 333.8672 356.3036
14.54935 11.66287 333.5507 356.3949
14.56324 11.79521 333.3134 356.4748
14.57713 11.90229 333.1793 356.6072
14.59102 11.93427 333.1874 356.7933
14.60491 11.99795 333.2958 357.0173
14.6188 12.15468 333.4257 357.2556
14.63269 12.39359 333.483 357.4452
14.64658 12.67289 333.5059 357.5706
14.66046 12.98555 331.575 357.6603
14.67435 13.25264 329.6935 357.7478
14.68824 13.25264 329.6935 357.7478
14.70213 13.53545 327.7874 357.8075
14.71602 13.93565 325.8325 357.8583
14.72991 14.40625 323.8147 357.9142
14.7438 14.8908 321.746 358.0106
14.75769 15.90637 319.6142 358.3322
14.77158 15.90637 319.6142 358.3322
14.78546 16.51137 317.5047 358.5986
14.79935 16.48634 315.4133 358.6049
14.81324 16.86098 313.1839 358.7024
14.82713 17.29301 310.838 358.7589
14.84102 17.29301 310.838 358.7589
14.85491 17.30272 308.4748 358.5971
14.8688 17.74202 305.9678 358.6302
14.88269 17.39464 303.905 358.5468
14.89658 17.34006 301.6205 358.5165
14.91046 17.28896 299.3395 358.4759
14.92435 17.21344 297.105 358.3921
14.93824 17.15625 294.8953 358.3184
14.95213 17.15625 294.8953 358.3184
14.96602 17.04704 292.7057 358.2561
14.97991 17.01947 290.0637 358.1403
14.9938 16.88467 288.0062 358.1556
15.00769 16.71018 285.6977 358.1472
15.02158 16.51752 283.3186 358.089
15.03546 16.30588 280.8675 358.0289
15.04935 16.08341 278.3947 357.9571
15.06324 15.80341 275.7333 357.8618
15.07713 15.80341 275.7333 357.8618
15.09102 15.22698 272.7754 357.6525
15.10491 14.14863 269.8285 357.3142
15.1188 13.75006 269.4142 357.1946
15.13269 13.157 268.537 357.02
15.14658 12.58302 267.5991 356.8418
15.16046 12.15004 266.8303 356.6889
15.17435 11.64977 265.9365 356.51
15.18824 11.16403 265.0782 356.3245
15.20213 10.49961 264.0409 356.122
15.21602 9.411674 262.6768 356.034
15.22991 9.353017 262.7738 356.0969
15.2438 8.88003 262.2253 356.0836
15.25769 8.351254 261.5553 356.096
15.27158 7.85584 260.9526 356.0918
15.28546 7.193354 260.2854 356.1552
15.29935 6.592148 259.8017 356.2562
15.31324 5.878747 259.2947 356.3599
15.32713 5.195101 258.8135 356.5105
15.34102 4.796147 258.4854 356.6465
15.35491 4.465633 258.1423 356.8039
15.3688 4.176014 257.8524 356.9778
15.38269 3.854821 257.6231 357.1514
15.39658 3.453567 257.4525 357.3844
15.41046 3.07855 257.3621 357.5402
15.42435 2.589876 257.297 357.6514
15.43824 2.187431 257.3467 357.7386
15.45213 1.952669 257.4495 357.8293
15.46602 1.70239 257.59 357.9341
15.47991 1.242931 257.7393 358.0223
15.4938 0.656395 257.7549 357.9999
15.50769 359.706 257.7097 357.747
15.52158 358.7472 257.5935 357.3098
15.53546 358.1091 257.5003 356.9682
15.54935 357.3823 257.4021 356.5788
15.56324 356.7664 257.3369 356.2741
15.57713 356.1007 257.2994 356.0782
15.59102 355.4851 257.3266 355.997
15.60491 354.8577 257.4089 356.0175
15.6188 354.3379 257.4898 356.1236
15.63269 354.0176 257.5844 356.2209
15.64658 353.7419 257.7511 356.3288
15.66046 353.7419 257.7511 356.3288
15.67435 353.0369 258.3199 356.6345
15.68824 352.7364 258.6783 356.8495
15.70213 352.5445 259.0419 357.0929
15.71602 352.4993 259.4292 357.2929
15.72991 352.5153 259.7626 357.3979
15.7438 352.5362 260.2844 357.5281
15.75769 352.5243 260.8052 357.6682
15.77158 352.5612 261.3127 357.7749
15.78546 352.5612 261.3127 357.7749
15.79935 352.7633 262.032 357.8463
15.81324 352.8091 262.3552 357.8289
15.82713 352.8005 262.6056 357.7698
15.84102 352.7783 262.7509 357.6869
15.85491 352.7591 262.8251 357.5666
15.8688 352.7104 262.8333 357.4603
15.88269 352.5502 262.8319 357.3246
15.89658 352.2758 262.8071 357.1904
15.91046 352.0005 262.7842 357.0664
15.92435 351.7937 262.7532 356.9325
15.93824 351.6223 262.7301 356.8055
15.95213 351.4592 262.7095 356.6887
15.96602 351.3165 262.6901 356.6093
15.97991 351.0927 262.6301 356.6472
15.9938 350.6805 262.5925 356.6419
16.00769 350.3233 262.5984 356.6042
16.02158 350.0555 262.6507 356.6029
16.03547 349.9304 262.7524 356.658
16.04935 349.8814 262.8849 356.7208
16.06324 349.9247 263.0226 356.8234
16.07713 349.981 263.1367 356.9256
16.09102 350.0612 263.2277 357.0027
16.10491 350.1761 263.3162 357.0724
16.1188 350.3181 263.3837 357.1114
16.13269 350.4607 263.4172 357.1406
16.14658 350.6623 263.4103 357.1612
16.16047 350.8478 263.3564 357.1872
16.17435 351.0408 263.2417 357.2516
16.18824 351.171 263.0971 357.3083
16.20213 351.2462 262.9206 357.3576
16.21602 351.3302 262.7213 357.4006
16.22991 351.4412 262.5504 357.4328
16.2438 351.6246 262.2996 357.4958
16.25769 351.8496 261.9835 357.5757
16.27158 352.0264 261.7004 357.6317
16.28547 352.1369 261.3605 357.7116
16.29935 352.0358 261.108 357.7609
16.31324 351.8537 260.9136 357.7657
16.32713 351.7285 260.7288 357.7954
16.34102 351.6887 260.4398 357.8549
16.35491 351.7305 260.1376 357.881
16.3688 351.8195 259.7618 357.912
16.38269 351.8616 259.3666 357.9599
16.39658 351.8089 258.9381 358.0414
16.41047 351.7426 258.5408 358.1399
16.42435 351.7264 257.9591 358.2362
16.43824 351.7264 257.9591 358.2362
16.45213 351.7613 257.3282 358.3286
16.46602 352.0365 255.6646 358.4906
16.47991 352.2694 254.6368 358.5065
16.4938 352.5211 253.5746 358.4943
16.50769 352.8949 252.2087 358.5184
16.52158 353.3127 250.6852 358.5855
16.53547 353.3127 250.6852 358.5855
16.54935 354.2753 247.1584 358.4583
16.56324 354.2753 247.1584 358.4583
16.57713 354.8726 245.0706 358.3153
16.59102 355.3665 243.5424 358.2296
16.60491 355.993 241.6673 358.1059
16.6188 356.866 238.2422 358.0562
16.63269 357.2146 236.3507 358.0599
16.64658 357.2146 236.3507 358.0599
16.66047 357.8807 232.8447 358.0414
16.67435 358.0828 231.3037 358.1347
16.68824 358.0828 231.3037 358.1347
16.70213 358.1992 229.4168 358.2926
16.71602 358.448 225.6765 358.3091
16.72991 358.448 225.6765 358.3091
16.7438 358.6007 224.1805 358.2482
16.75769 358.7599 222.6758 358.1533
16.77158 359.0833 219.9786 358.0899
16.78547 359.1766 218.5743 358.0551
16.79935 359.1766 218.5743 358.0551
16.81324 359.1994 217.2928 358.1006
16.82713 359.1612 216.3553 358.2007
16.84102 359.0216 215.3034 358.4103
16.85491 358.8607 214.261 358.6681
16.8688 358.7474 213.2605 358.9142
16.88269 358.6999 212.4851 359.1307
16.89658 358.6742 211.7252 359.289
16.91047 358.6463 210.9697 359.461
16.92435 358.6583 210.3261 359.631
16.93824 358.7081 209.6235 359.8124
16.95213 358.7735 209.0742 359.9453
16.96602 358.8178 208.4362 0.07260399
16.97991 358.8408 207.9196 0.1814039
16.9938 358.8595 207.5228 0.2470872
17.00769 358.9138 207.0658 0.3210217
17.02158 358.9899 206.6098 0.3873667
17.03547 359.0466 206.2201 0.4384193
17.04935 359.1059 205.7887 0.4916494
17.06324 359.176 205.303 0.5442836
17.07713 359.2442 204.8937 0.5799388
17.09102 359.325 204.5061 0.5906382
17.10491 359.4037 204.1241 0.6101595
17.1188 359.4677 203.7808 0.6482262
17.13269 359.5174 203.4641 0.6675875
17.14658 359.5771 203.1152 0.7103971
17.16047 359.642 202.8093 0.7579211
17.17435 359.695 202.5652 0.8018733
17.18824 359.7006 202.2545 0.8559025
17.20213 359.7076 201.9369 0.8926876
17.21602 359.7043 201.6835 0.9064841
17.22991 359.7109 201.3592 0.9350328
17.2438 359.724 201.0698 0.9420686
17.25769 359.7183 200.8207 0.9323578
17.27158 359.7129 200.4834 0.9172065
17.28547 359.7137 200.1956 0.875307
17.29935 359.7256 199.9164 0.8391939
17.31324 359.7397 199.6959 0.8174939
17.32713 359.7511 199.4676 0.8119167
17.34102 359.7647 199.2619 0.8208729
17.35491 359.7914 199.0764 0.8420035
17.3688 359.8445 198.8577 0.8824944
17.38269 359.9134 198.6659 0.9249346
17.39658 359.9816 198.5064 0.977452
17.41047 0.05024843 198.3394 1.031633
17.42435 0.1126241 198.1906 1.098519
17.43824 0.1529311 198.0641 1.158148
17.45213 0.1883285 197.9176 1.214025
17.46602 0.2089748 197.8124 1.251572
17.47991 0.2238383 197.7726 1.253488
17.4938 0.2607124 197.7719 1.255223
17.50769 0.2907471 197.7856 1.201984
17.52158 0.3223422 197.8425 1.115085
17.53547 0.3724845 197.9171 1.018498
17.54935 0.4834442 198.04 0.8999081
17.56324 0.6511258 198.215 0.7614026
17.57713 0.8413125 198.389 0.6480743
17.59102 1.097708 198.603 0.5283868
17.60491 1.391155 198.8359 0.4133057
17.6188 1.692473 199.0839 0.3261473
17.63269 1.960522 199.3284 0.2565758
17.64658 2.21056 199.5994 0.2228236
17.66047 2.416941 199.8397 0.2199999
17.67435 2.696524 200.1165 0.245304
17.68824 3.05417 200.447 0.2605938
17.70213 3.327657 200.702 0.2592445
17.71602 3.607614 200.9924 0.2182921
17.72991 3.81287 201.1991 0.1519586
17.7438 4.02127 201.3946 0.1040337
17.75769 4.266679 201.5753 0.1005182
17.77158 4.504824 201.7415 0.1549743
17.78547 4.653447 201.8968 0.2001492
17.79935 4.688928 201.9742 0.2323041
17.81324 4.708662 202.0303 0.2682664
17.82713 4.786104 202.0878 0.3152399
17.84102 4.91732 202.1401 0.3882308
17.85491 5.070237 202.1779 0.4581425
17.8688 5.258923 202.1923 0.5414122
17.88269 5.37376 202.2027 0.6048259
17.89658 5.439307 202.1849 0.6479085
17.91047 5.481472 202.1457 0.6995777
17.92435 5.547966 202.0952 0.7567469
17.93824 5.623845 202.0501 0.8189558
17.95213 5.739268 201.9863 0.8924397
17.96602 5.899326 201.9395 0.9687659
17.97991 6.082394 201.9167 1.034063
17.9938 6.336967 201.8977 1.0974
18.00769 6.646636 201.8763 1.135802
18.02158 6.914282 201.8644 1.141358
18.03547 7.21487 201.8466 1.115648
18.04935 7.433683 201.8377 1.076365
18.06324 7.696537 201.8089 1.064313
18.07713 7.955028 201.8039 1.060041
18.09102 8.355536 201.8112 1.063529
18.10491 8.736477 201.8222 1.039444
18.1188 8.953441 201.8283 0.9996035
18.13269 9.114201 201.8673 0.9557205
18.14658 9.196189 201.9247 0.9297912
18.16047 9.279335 202.0085 0.9234281
18.17435 9.433064 202.1248 0.9324101
18.18824 9.615424 202.2428 0.9503211
18.20213 9.79787 202.3702 0.9539288
18.21602 10.03485 204.5137 0.9561234
18.22991 10.32914 206.6695 0.9565517
18.2438 10.66888 208.8604 0.929531
18.25769 10.88493 211.0005 0.9146323
18.27158 10.88493 211.0005 0.9146323
18.28547 11.06818 213.1286 0.894402
18.29935 11.29706 215.2861 0.8798447
18.31324 11.64051 217.4268 0.8377947
18.32713 11.64051 217.4268 0.8377947
18.34102 12.8816 220.0066 0.7243189
18.35491 12.54117 221.8328 0.7318413
18.3688 12.69409 223.8983 0.7256106
18.38269 13.00222 225.9338 0.7025405
18.39658 13.57671 228.1561 0.6540383
18.41047 13.57671 228.1561 0.6540383
18.42435 13.3401 230.1075 0.6876459
18.43824 13.28202 232.13 0.7675644
18.45213 13.28439 234.1287 0.8638812
18.46602 13.31084 236.1258 1.009367
18.47991 13.1894 238.034 1.174344
18.4938 13.14766 239.9581 1.417971
18.50769 13.14766 239.9581 1.417971
18.52158 12.97132 241.8395 1.471222
18.53547 12.86883 243.7225 1.554704
18.54935 12.79789 245.6122 1.622274
18.56324 12.67023 247.5087 1.655621
18.57713 12.67023 247.5087 1.655621
18.59102 12.41745 249.3547 1.809268
18.60491 12.30508 251.4231 1.809794
18.6188 12.17745 253.4556 1.843318
18.63269 12.05441 255.5566 1.850285
18.64658 11.92351 257.7468 1.841331
18.66047 11.92351 257.7468 1.841331
18.67435 11.78336 260.1995 1.874666
18.68824 11.41845 262.8203 2.015485
18.70213 11.32953 265.0745 2.060704
18.71602 11.1216 267.5224 2.157577
18.72991 10.97805 269.9009 2.225518
18.7438 10.8161 272.0463 2.287165
18.75769 10.8161 272.0463 2.287165
18.77158 10.66015 272.5288 2.30637
18.78547 10.45183 272.988 2.274992
18.79935 9.925947 273.9841 2.309149
18.81324 9.873363 273.9411 2.2742
18.82713 9.673195 274.2136 2.248928
18.84102 9.476054 274.4342 2.199877
18.85491 9.258429 274.6223 2.162729
18.8688 8.935514 274.7738 2.153942
18.88269 8.57469 274.9281 2.168388
18.89658 8.220257 275.0673 2.188697
18.91047 7.913955 275.1774 2.193602
18.92435 7.611862 275.2495 2.192029
18.93824 7.324681 275.2604 2.18826
18.95213 6.998471 275.2159 2.160923
18.96602 6.65356 275.0945 2.128189
18.97991 6.399768 274.9244 2.074997
18.9938 6.161001 274.6487 1.994161
19.00769 5.950416 274.3649 1.9036
19.02158 5.675705 274.0848 1.804344
19.03547 5.183145 273.7089 1.679364
19.04935 4.594661 273.3217 1.533326
19.06324 4.116747 273.0089 1.431859
19.07713 3.724134 272.6981 1.313973
19.09102 3.302 272.4345 1.196235
19.10491 2.809419 272.2339 1.127415
19.1188 2.173187 272.0948 1.10551
19.13269 1.380301 271.9589 1.091309
19.14658 0.8506093 271.8823 1.084757
19.16047 0.4086619 271.825 1.035689
19.17435 359.8448 271.7894 0.9459344
19.18824 359.3438 271.808 0.8816642
19.20213 358.8805 271.8469 0.8385059
19.21602 358.1154 271.9213 0.8700306
19.22991 357.0054 271.9769 0.8779039
19.2438 356.1938 272.0527 0.7876151
19.25769 355.5875 272.2266 0.7272786
19.27158 355.0868 272.4471 0.6545364
19.28547 354.5825 272.6218 0.5607782
19.29935 353.9214 272.8065 0.4517267
19.31324 353.3177 273.0203 0.3357409
19.32713 352.6845 273.3139 0.2410768
19.34102 352.2706 273.5347 0.1822002
19.35491 351.8523 273.8135 0.09418064
19.3688 351.575 274.055 0.02294475
19.38269 351.3749 274.2846 359.9649
19.39658 351.1473 274.5279 359.9143
19.41047 350.8558 274.8101 359.868
19.42435 350.5422 275.1092 359.8554
19.43824 350.205 275.3241 359.9804
19.45213 350.0009 275.3021 0.1789089
19.46602 349.9209 275.1606 0.3418246
19.47991 349.7879 274.9386 0.4972403
19.4938 349.5854 274.687 0.596668
19.50769 349.4012 274.4395 0.619354
19.52158 349.2267 274.1833 0.5914074
19.53547 349.0504 273.9739 0.507942
19.54935 348.8568 273.8022 0.4547376
19.56324 348.6557 273.6412 0.4561209
19.57713 348.4471 273.468 0.4904428
19.59102 348.2224 273.2624 0.5647328
19.60491 348.0063 273.0849 0.6014966
19.6188 347.7339 272.9107 0.637626
19.63269 347.4252 272.7297 0.6896979
19.64658 347.1469 272.5524 0.6885609
19.66047 346.8843 272.4428 0.6531596
19.67435 346.5793 272.3644 0.5802476
19.68824 346.2784 272.3383 0.4697378
19.70213 346.032 272.3565 0.3223667
19.71602 345.8416 272.4283 0.1573198
19.72991 345.654 272.5491 359.9463
19.7438 345.4973 272.6903 359.7684
19.75769 345.3564 272.8429 359.6042
19.77158 345.2379 273.0299 359.402
19.78547 345.1577 273.2423 359.237
19.79935 345.1437 273.4335 359.0958
19.81324 345.1543 273.5634 358.9836
19.82713 345.2136 273.6914 358.8918
19.84102 345.2454 273.795 358.7906
19.85491 345.3535 273.8352 358.6711
19.8688 345.3601 273.8034 358.6071
19.88269 345.7564 273.6573 358.5453
19.89658 345.9771 273.4908 358.4627
19.91047 346.0388 273.3526 358.3158
19.92435 345.9358 273.2849 358.1985
19.93824 345.8148 273.195 358.0677
19.95213 345.7953 273.1329 357.8998
19.96602 345.9093 273.1901 357.6476
19.97991 346.0494 273.3565 357.4825
19.9938 346.2611 273.6327 357.3584
20.00769 346.4579 273.9692 357.3091
20.02158 346.5379 274.2164 357.333
20.03547 346.428 274.4403 357.4253
20.04935 346.2149 274.5755 357.5349
20.06324 346.0083 274.6324 357.6635
20.07713 345.8059 274.6219 357.8419
20.09102 345.6518 274.5449 357.9694
20.10491 345.5443 274.4022 358.0978
20.1188 345.4728 274.2613 358.2046
20.13269 345.4415 274.0759 358.3105
20.14658 345.4498 273.8755 358.394
20.16047 345.4838 273.7114 358.4513
20.17435 345.5474 273.5256 358.5155
20.18824 345.6476 273.3257 358.5574
20.20213 345.7206 273.1851 358.5794
20.21602 345.7835 273.0602 358.5992
20.22991 345.7781 272.9561 358.6106
20.2438 345.7446 272.884 358.617
20.25769 345.7501 272.7926 358.6402
20.27158 345.7902 272.7201 358.6481
20.28547 345.8423 272.668 358.6468
20.29935 345.9161 272.6253 358.6364
20.31324 345.9746 272.6128 358.6245
20.32713 346.0348 272.6063 358.6299
20.34102 346.0753 272.59 358.614
20.35491 346.1195 272.5559 358.6269
20.3688 346.1736 272.5251 358.6508
20.38269 346.2711 272.5111 358.6581
20.39658 346.4017 272.4961 358.6454
20.41047 346.5152 272.4809 358.6344
20.42435 346.5948 272.4509 358.6313
20.43824 346.6268 272.4038 358.6489
20.45213 346.6422 272.3517 358.6577
20.46602 346.6422 272.3517 358.6577
20.47991 346.6422 272.3517 358.6577
20.4938 346.741 271.9266 358.7648
20.50769 346.7308 271.9033 358.76
20.52158 346.7484 271.8188 358.767
20.53547 346.7297 271.7523 358.7587
20.54935 346.7237 271.6982 358.763
20.56324 346.7273 271.6493 358.7835
20.57713 346.7309 271.6064 358.831
20.59102 346.7356 271.5688 358.878
20.60491 346.7376 271.5413 358.9294
20.6188 346.7172 271.5257 358.9789
20.63269 346.6863 271.4958 359.0197
20.64658 346.6884 271.4767 359.042
20.66047 346.7172 271.4718 359.0688
20.67435 346.7447 271.4788 359.0839
20.68824 346.7585 271.532 359.0719
20.70213 346.7339 271.5781 359.0507
20.71602 346.6716 271.63 359.0457
20.72991 346.6377 271.6579 359.0491
20.7438 346.6122 271.7075 359.0993
20.75769 346.5879 271.7602 359.1373
20.77158 346.5431 271.7972 359.1588
20.78547 346.4364 271.8425 359.1783
20.79935 346.38 271.9097 359.155
20.81324 346.3738 271.9683 359.1385
20.82713 346.4038 272.0719 359.1174
20.84102 346.4471 272.1572 359.0985
20.85491 346.4901 272.2438 359.0897
20.8688 346.5249 272.3181 359.0987
20.88269 346.5498 272.3982 359.0732
20.89658 346.5865 272.4811 359.0378
20.91047 346.6177 272.5683 359.0152
20.92435 346.6382 272.6533 359.0004
20.93824 346.633 272.7049 358.995
20.95213 346.6263 272.7614 358.9985
20.96602 346.5966 272.8132 359.0011
20.97991 346.5633 272.8514 358.9942
20.9938 346.4912 272.886 358.9898
21.00769 346.4219 272.9229 358.9878
21.02158 346.3511 272.9281 358.9951
21.03547 346.2284 272.9378 358.9979
21.04935 346.0959 272.9008 359.05
21.06324 345.9666 272.8323 359.1121
21.07713 345.8734 272.765 359.1765
21.09102 345.8034 272.6834 359.256
21.10491 345.7589 272.613 359.3201
21.1188 345.7089 272.5047 359.4156
21.13269 345.6594 272.3633 359.5318
21.14658 345.616 272.2404 359.6223
21.16047 345.598 272.0705 359.7412
21.17435 345.5906 271.9228 359.8165
21.18824 345.5799 271.7809 359.8804
21.20213 345.5404 271.6237 359.9547
21.21602 345.4966 271.4725 0.06298938
21.22991 345.4936 271.3632 0.1291188
21.2438 345.523 271.2179 0.2126912
21.25769 345.5602 271.1176 0.282373
21.27158 345.5955 271.0313 0.3524545
21.28547 345.6438 270.9738 0.3949307
21.29935 345.6996 270.9375 0.4259992
21.31324 345.7436 270.9046 0.4360765
21.32713 345.7896 270.9156 0.4314469
21.34102 345.8583 270.9475 0.4389663
21.35491 345.9188 270.9875 0.4060425
21.3688 345.9365 271.0365 0.3713838
21.38269 345.9198 271.1272 0.3205197
21.39658 345.8783 271.2426 0.2269279
21.41047 345.8513 271.3594 0.1570494
21.42435 345.8256 271.5377 0.03874873
21.43824 345.7729 271.7246 359.955
21.45213 345.7194 271.9409 359.8564
21.46602 345.6295 272.1951 359.7495
21.47991 345.5762 272.4172 359.6391
21.4938 345.5363 272.6176 359.5599
21.50769 345.4923 272.8666 359.4533
21.52158 345.4648 273.0876 359.3521
21.53547 345.4648 273.0876 359.3521
21.54935 345.3685 273.4922 359.1701
21.56324 345.3025 273.7379 359.0288
21.57713 345.2774 273.9251 358.9367
21.59102 345.2455 274.1298 358.8507
21.60491 345.2054 274.3641 358.7926
21.6188 345.1888 274.5337 358.7582
21.63269 345.1903 274.7257 358.7349
21.64658 345.1984 274.9177 358.7161
21.66047 345.1365 275.0998 358.7177
21.67435 345.0244 275.3075 358.6977
21.68824 344.8624 275.4846 358.6748
21.70213 344.7043 275.6531 358.6812
21.71602 344.5569 275.852 358.7131
21.72991 344.4552 276.0309 358.7367
21.7438 344.382 276.2158 358.7597
21.75769 344.3295 276.3737 358.799
21.77158 344.2712 276.5201 358.8201
21.78547 344.2444 276.6475 358.8185
21.79935 344.194 276.745 358.813
21.81324 344.132 276.8328 358.7946
21.82713 344.063 276.9283 358.7565
21.84102 344.0169 277.0251 358.7221
21.85491 344.0117 277.1154 358.6798
21.8688 344.05 277.1953 358.6328
21.88269 344.05 277.1953 358.6328
21.89658 344.2961 277.3621 358.4735
21.91047 344.4488 277.4411 358.3823
21.92435 344.6191 277.5063 358.2801
21.93824 344.8041 277.5525 358.1922
21.95213 344.9764 277.5899 358.0821
21.96602 345.08 277.6261 358.0066
21.97991 345.1825 277.6396 357.9203
21.9938 345.2653 277.6552 357.8615
22.00769 345.3628 277.6536 357.808
22.02158 345.4359 277.6543 357.7718
22.03547 345.4845 277.625 357.757
22.04935 345.4969 277.5815 357.7774
22.06324 345.4752 277.4883 357.8347
22.07713 345.4192 277.3693 357.9184
22.09102 345.3647 277.2473 358.0081
22.10491 345.3179 277.0905 358.1202
22.1188 345.3196 276.9154 358.2475
22.13269 345.352 276.7096 358.4006
22.14658 345.4185 276.4543 358.5576
22.16047 345.4644 276.1658 358.7259
22.17435 345.4644 276.1658 358.7259
22.18824 345.4892 275.9429 358.8596
22.20213 345.5359 275.6394 359.0075
22.21602 345.5987 275.342 359.1458
22.22991 345.6955 275.0388 359.277
22.2438 345.8079 274.7298 359.3924
22.25769 345.9161 274.467 359.4793
22.27158 346.0951 274.1091 359.5894
22.28547 346.2602 273.7829 359.6807
22.29935 346.4287 273.4268 359.7811
22.31324 346.5519 273.116 359.8517
22.32713 346.6739 272.7931 359.9115
22.34102 346.839 272.4566 359.9668
22.35491 347.0355 272.1836 0.001382058
22.3688 347.2846 271.88 0.02559197
22.38269 347.485 271.6441 0.03002299
22.39658 347.6704 271.3852 0.0167834
22.41047 347.8265 271.123 359.9794
22.42435 347.9471 270.8621 359.9414
22.43824 348.0294 270.6639 359.8941
22.45213 348.0889 270.4302 359.8495
22.46602 348.1571 270.2063 359.8206
22.47991 348.2412 270.0094 359.8077
22.4938 348.3593 269.8192 359.7422
22.50769 348.4599 269.6784 359.6726
22.52158 348.5373 269.5685 359.5967
22.53547 348.621 269.4758 359.5214
22.54935 348.7961 269.3884 359.4161
22.56324 349.0003 269.3664 359.2698
22.57713 349.4688 269.4267 358.9612
22.59102 350.2952 269.5267 358.6115
22.60491 351.5481 269.5468 358.4271
22.6188 353.4723 269.4904 358.506
22.63269 355.0802 269.4344 358.694
22.64658 356.5359 269.4218 358.8165
22.66047 356.3833 269.4861 358.8114
22.67435 354.6365 269.5918 358.8185
22.68824 352.4567 269.7091 358.8682
22.70213 350.0981 269.8832 358.8869
22.71602 349.2163 270.0851 359.0082
22.72991 349.0084 270.2844 359.0964
22.7438 349.166 270.5823 359.1255
22.75769 349.4483 270.8895 359.0879
22.77158 349.6111 271.1615 359.0385
22.78547 349.7577 271.4606 358.9389
22.79935 349.8846 271.6643 358.8583
22.81324 350.0602 271.8154 358.8084
22.82713 350.1989 271.9633 358.7592
22.84102 350.2103 272.0733 358.7065
22.85491 350.127 272.1344 358.6523
22.8688 349.9672 272.1963 358.5653
22.88269 349.8524 272.2368 358.4825
22.89658 349.8281 272.2756 358.418
22.91047 349.8342 272.3164 358.3306
22.92435 349.8584 272.3508 358.2677
22.93824 349.899 272.3795 358.1713
22.95213 349.937 272.4072 358.084
22.96602 349.986 272.4477 357.9996
22.97991 350.0499 272.4761 357.9017
22.9938 350.1522 272.5144 357.8242
23.00769 350.2283 272.5536 357.7592
23.02158 350.3362 272.6057 357.6768
23.03547 350.4646 272.6544 357.6031
23.04935 350.5865 272.6838 357.5579
23.06324 350.7263 272.7035 357.493
23.07713 350.7986 272.7195 357.4593
23.09102 350.8618 272.7472 357.396
23.10491 350.885 272.7558 357.333
23.1188 350.928 272.7914 357.2587
23.13269 350.9544 272.8046 357.1973
23.14658 351.0296 272.8306 357.1357
23.16047 351.0787 272.8702 357.0704
23.17435 351.0764 272.9119 357.02
23.18824 351.0553 272.9745 356.9817
23.20213 351.0473 273.0329 356.9613
23.21602 351.0217 273.0809 356.9758
23.22991 351.0114 273.113 356.9536
23.2438 350.9877 273.1271 356.9575
23.25769 351.0213 273.1335 356.9703
23.27158 351.0793 273.1292 356.9783
23.28547 351.1144 273.114 356.9955
23.29935 351.1185 273.0823 357.0001
23.31324 351.1555 273.0634 356.9525
23.32713 351.219 273.0283 356.9364
23.34102 351.2959 272.9983 356.921
23.35491 351.3935 272.9579 356.8831
23.3688 351.5291 272.9308 356.8665
23.38269 351.6272 272.896 356.8703
23.39658 351.7383 272.849 356.8905
23.41047 351.8432 272.7967 356.938
23.42435 351.919 272.7635 356.9805
23.43824 352.0502 272.759 357.0301
23.45213 352.1802 272.7527 357.0931
23.46602 352.2947 272.7334 357.1766
23.47991 352.3552 272.682 357.2563
23.4938 352.4041 272.6544 357.2708
23.50769 352.5247 272.6283 357.2683
23.52158 352.7141 272.6013 357.2511
23.53547 352.9475 272.5782 357.2273
23.54935 353.2244 272.5813 357.2245
23.56324 353.504 272.593 357.1636
23.57713 353.7538 272.6264 357.1891
23.59102 354.0644 272.7033 357.1223
23.60491 354.2692 272.8052 357.0318
23.6188 354.4186 272.8745 357.0002
23.63269 354.5906 272.9739 356.953
23.64658 354.8895 273.0889 356.9342
23.66047 355.217 273.2084 356.8521
23.67435 355.5225 273.3 356.8124
23.68824 355.7828 273.3781 356.7703
23.70213 355.9736 273.4692 356.6419
23.71602 356.0574 273.5598 356.5127
23.72991 356.1379 273.6772 356.4016
23.7438 356.2721 273.8157 356.2789
23.75769 356.4278 273.9451 356.1861
23.77158 356.6126 274.0953 356.1042
23.78547 356.8524 274.2758 356.0143
23.79935 357.0782 274.4417 355.9036
23.81324 357.2994 274.6297 355.8136
23.82713 357.5333 274.7936 355.7294
23.84102 357.7666 274.9073 355.6496
23.85491 358.059 275.0301 355.5089
23.8688 358.3084 275.1373 355.3956
23.88269 358.6149 275.2302 355.3258
23.89658 358.7899 275.306 355.2675
23.91047 358.8783 275.3894 355.2511
23.92435 358.9484 275.4999 355.2704
23.93824 359.0742 275.6057 355.3043
23.95213 359.2251 275.7135 355.353
23.96602 359.3977 275.836 355.4132
23.97991 359.5602 275.9593 355.463
23.9938 359.7386 276.0819 355.4922
24.00769 359.9394 276.2164 355.5786
24.02158 0.1218182 276.3092 355.6255
24.03547 0.3648396 276.4109 355.6789
24.04935 0.5841315 276.4852 355.7281
24.06324 0.8393438 276.567 355.7563
24.07713 0.980746 276.6163 355.7704
24.09102 1.069746 276.6301 355.7852
24.10491 1.153483 276.6173 355.7846
24.1188 1.253042 276.584 355.7721
24.13269 1.377745 276.5323 355.7522
24.14658 1.505724 276.4243 355.7455
24.16047 1.602895 276.3049 355.7688
24.17435 1.709398 276.1716 355.7902
24.18824 1.859478 276.0028 355.815
24.20213 2.0151 275.8334 355.8358
24.21602 2.099591 275.6826 355.8476
24.22991 2.124511 275.5121 355.85
24.2438 2.168357 275.3902 355.8546
24.25769 2.282793 275.2349 355.8327
24.27158 2.395871 275.1226 355.8402
24.28547 2.503172 275.0378 355.8286
24.29935 2.672983 274.9457 355.8346
24.31324 2.903183 274.8871 355.8351
24.32713 3.18044 274.8459 355.8415
24.34102 3.490114 274.7975 355.8534
24.35491 3.760808 274.7541 355.8766
24.3688 4.072517 274.7033 355.8953
24.38269 4.328082 274.6867 355.9268
24.39658 4.63832 274.6766 355.9422
24.41047 4.854582 274.6859 355.9546
24.42435 5.006191 274.6791 355.9785
24.43824 5.159151 274.6697 356.0251
24.45213 5.297458 274.6693 356.1127
24.46602 5.420448 274.6594 356.2007
24.47991 5.553314 274.6617 356.33
24.4938 5.628403 274.6785 356.4305
24.50769 5.768761 274.7066 356.5468
24.52158 5.904152 274.7632 356.6652
24.53547 6.02759 274.834 356.7337
24.54935 6.196715 274.9061 356.7941
24.56324 6.410825 274.9991 356.8216
24.57713 6.669695 275.1285 356.7883
24.59102 6.968588 275.3126 356.6974
24.60491 7.306635 275.5831 356.5739
24.6188 7.607184 275.818 356.4514
24.63269 8.141116 276.1961 356.2529
24.64658 8.605339 276.528 356.0922
24.66047 9.177931 276.9845 355.923
24.67435 9.818767 277.5307 355.7887
24.68824 10.51092 278.0803 355.6906
24.70213 11.10466 278.5302 355.6559
24.71602 11.67592 278.9879 355.6351
24.72991 12.20603 279.413 355.6345
24.7438 12.76896 279.804 355.6509
24.75769 13.40645 280.1298 355.7449
24.77158 14.00256 280.3141 355.8855
24.78547 14.65442 280.4333 355.9871
24.79935 15.27927 280.4583 355.9758
24.81324 15.74734 280.4589 355.926
24.82713 16.04215 280.4388 355.9111
24.84102 16.32448 280.383 355.8829
24.85491 16.68648 280.2644 355.8272
24.8688 17.03026 280.1277 355.7517
24.88269 17.42435 279.9643 355.6699
24.89658 17.68009 279.8013 355.663
24.91047 17.76568 279.6519 355.709
24.92435 17.7796 279.5107 355.7939
24.93824 17.80875 279.3359 355.9077
24.95213 17.87451 279.1983 356.0079
24.96602 17.9992 278.9767 356.176
24.97991 18.20535 278.7607 356.3032
24.9938 18.52392 278.5645 356.4052
25.00769 19.01971 278.287 356.523
25.02158 19.617 277.9895 356.6087
25.03547 20.23965 277.651 356.5878
25.04935 20.9113 277.2571 356.481
25.06324 21.54866 276.9164 356.3437
25.07713 22.13522 276.6085 356.1994
25.09102 22.65376 276.3746 356.0609
25.10491 23.37635 276.0978 355.8576
25.1188 23.92889 275.9501 355.7191
25.13269 24.34806 275.9142 355.6668
25.14658 24.71342 275.9731 355.6155
25.16047 24.80373 276.054 355.4957
25.17435 25.09811 276.274 355.6635
25.18824 25.09811 276.274 355.6635
25.20213 25.5513 276.4241 355.8074
25.21602 26.36266 276.4892 355.6134
25.22991 26.569 276.6319 355.5997
25.2438 26.58629 276.8049 355.4371
25.25769 26.25727 276.8536 355.3452
25.27158 26.25727 276.8536 355.3452
