1.54169 0 270 0
1.793306 0 270 0
1.893306 0 270 0
1.993306 0 270 0
2.093306 0 270 0
2.193306 0 270 0
2.293306 0 270 0
2.393306 0 270 0
2.493306 0 270 0
2.593306 0 270 0
2.693306 0 270 0
2.793306 0 270 0
2.893306 0 270 0
2.993306 0 270 0
3.093306 0 270 0
3.193306 0 270 0
3.293306 0 270 0
3.393306 0 270 0
3.493306 0 270 0
3.593306 0 270 0
3.693306 0 270 0
3.793306 0 270 0
3.893306 0 270 0
3.993306 0 270 0
4.093306 0 270 0
4.193306 0 270 0
4.293306 0 270 0
4.393306 0 270 0
4.493306 0 270 0
4.593306 0 270 0
4.693306 0 270 0
4.793306 0 270 0
4.893306 0 270 0
4.993306 0 270 0
5.093307 0 270 0
5.193306 0 270 0
5.293306 0 270 0
5.393306 0 270 0
5.493306 0 270 0
5.593307 0 270 0
5.693306 0 270 0
5.793306 1.800001 269.925 0
5.893306 8.100004 275.85 0
5.993306 12.75001 285.225 0
6.093307 11.92502 287.1 4.363027E-07
6.193306 10.95002 288.375 0
6.293306 10.95002 288.375 0
6.393306 10.95002 288.375 0
6.493306 10.95002 288.375 0
6.593307 10.95002 288.375 0
6.693306 10.95002 288.375 0
6.793306 10.95002 288.375 0
6.893306 11.31308 296.6667 -8.706913E-07
6.993306 11.8432 308.655 4.361716E-07
7.093307 12.40728 322.6436 4.370952E-07
7.193306 12.89076 334.6339 1.532733E-06
7.293306 13.37425 346.6242 2.96181E-06
7.393306 13.93832 0.6128556 5.381137E-06
7.493306 14.30028 9.589555 -1.101343E-07
7.593307 14.30028 9.589555 -1.101343E-07
7.693306 14.30028 9.589555 -1.101343E-07
7.793306 14.30028 9.589555 -1.101343E-07
7.893306 14.30028 9.589555 -1.101343E-07
7.993306 14.30028 9.589555 -1.101343E-07
8.093307 14.30028 9.589555 -1.101343E-07
8.193306 14.30028 9.589555 -1.101343E-07
8.293306 14.30028 9.589555 -1.101343E-07
8.393307 14.30028 9.589555 -1.101343E-07
8.493306 14.30028 9.589555 -1.101343E-07
8.593307 14.30028 9.589555 -1.101343E-07
8.693306 14.30028 9.589555 -1.101343E-07
8.793306 14.30028 9.589555 -1.101343E-07
8.893307 14.30028 9.364556 2.202685E-07
8.993306 14.30028 353.9895 -5.506712E-07
9.093307 13.47529 329.9895 1.097429E-06
9.193306 12.8753 320.2395 8.757935E-07
9.293306 11.30031 308.6895 3.917935E-06
9.393307 11.15032 305.0146 5.221201E-06
9.493306 11.15032 305.0146 5.656302E-06
9.593307 11.15032 305.0146 5.656302E-06
9.693306 11.15032 305.0146 5.656302E-06
9.793306 11.15032 305.0146 5.656302E-06
9.893307 11.15032 305.0146 5.656302E-06
9.993306 11.15032 305.0146 5.656302E-06
10.09331 11.15032 305.0146 5.656302E-06
10.19331 11.15032 305.0146 5.656302E-06
10.29331 11.15032 305.0146 5.656302E-06
10.39331 11.15032 305.0146 5.656302E-06
10.49331 11.15032 305.0146 5.656302E-06
10.59331 11.15032 305.0146 5.656302E-06
10.69331 11.15032 305.0146 5.656302E-06
10.79331 10.47532 300.1396 5.209467E-06
10.89331 7.925328 287.3896 7.758062E-06
10.99331 7.925325 287.2396 9.051073E-06
11.09331 6.725328 287.4646 9.671502E-06
11.19331 5.000327 287.5396 8.998872E-06
11.29331 5.000328 287.5396 8.784613E-06
11.39331 5.000328 287.5396 8.784613E-06
11.49331 5.000328 287.5396 8.784613E-06
11.59331 5.000328 287.5396 8.784613E-06
11.69331 5.000328 287.5396 8.784613E-06
11.79331 5.000328 287.5396 8.784613E-06
11.89331 5.000328 287.5396 8.784613E-06
11.99331 5.000328 287.5396 8.784613E-06
12.09331 5.000328 287.5396 8.784613E-06
12.19331 5.450333 285.0646 9.434162E-06
12.29331 5.450338 284.9146 1.072064E-05
12.39331 5.450343 284.9146 1.17927E-05
12.49331 5.450343 285.6646 1.307918E-05
12.59331 5.450348 286.4147 1.307918E-05
12.69331 5.450355 286.4147 1.350801E-05
12.79331 5.450356 286.4147 1.329359E-05
12.89331 6.200359 289.7897 1.374076E-05
12.99331 10.25037 307.7897 1.518337E-05
13.09331 15.42537 332.4647 1.505652E-05
13.19331 16.32537 337.3397 1.556876E-05
13.29331 16.25037 341.8397 1.622978E-05
13.39331 17.82537 2.989743 2.522325E-05
13.49331 18.5004 11.38978 2.835944E-05
13.59331 18.50041 11.6148 2.678392E-05
13.69331 18.50041 11.6148 2.678392E-05
13.79331 18.05042 20.23981 2.649005E-05
13.89331 18.42543 24.58979 2.564734E-05
13.99331 18.42543 24.58979 2.474743E-05
14.09331 18.42543 24.58979 2.474743E-05
14.19331 18.42543 24.58979 2.474743E-05
14.29331 18.42543 24.58979 2.474743E-05
14.39331 18.42543 24.58979 2.474743E-05
14.49331 18.42543 24.58979 2.474743E-05
14.59331 18.42543 24.58979 2.474743E-05
14.69331 18.42543 24.58979 2.474743E-05
14.79331 18.42543 24.58979 2.474743E-05
14.89331 18.42543 24.58979 2.474743E-05
14.99331 18.42543 24.58979 2.474743E-05
15.09331 18.42543 24.58979 2.474743E-05
15.19331 17.26025 18.70405 2.81621E-05
15.29331 14.75488 5.947825 3.437743E-05
15.39331 12.09273 352.2033 4.327544E-05
15.49331 9.669699 339.4312 4.655172E-05
15.59331 7.484841 327.6319 4.908333E-05
15.69331 5.175077 314.8387 4.757837E-05
15.79331 3.005276 302.0216 4.819778E-05
15.89331 2.815558 300.9637 -2.137013E-07
15.99331 2.815558 300.9637 -2.137013E-07
16.09331 2.815558 300.9637 -2.137013E-07
16.19331 2.815558 300.9637 -2.137013E-07
16.29331 2.815558 300.9637 -2.137013E-07
16.39331 2.815558 300.9637 -2.137013E-07
16.49331 2.815558 300.9637 -2.137013E-07
16.59331 2.815558 300.9637 -2.137013E-07
16.69331 2.815558 300.9637 -2.137013E-07
16.79331 2.815558 300.9637 -2.137013E-07
16.89331 2.815558 300.9637 -2.137013E-07
16.99331 2.815558 300.9637 -2.137013E-07
17.09331 2.815558 300.9637 -2.137013E-07
17.19331 2.815558 300.9637 -2.137013E-07
17.29331 2.815558 300.9637 -2.137013E-07
17.39331 2.815558 300.9637 -2.137013E-07
17.49331 2.815558 300.9637 -2.137013E-07
17.59331 3.115558 293.9888 0
17.69331 3.11556 292.9388 0
17.79331 3.190561 291.5137 -2.137748E-07
17.89331 3.190565 291.1388 2.137748E-07
17.99331 3.19057 291.1388 9.619865E-07
18.09331 3.190574 291.1388 1.710198E-06
18.19331 3.190576 288.4388 1.710198E-06
18.29331 2.515578 278.5388 2.029668E-06
18.39331 2.515579 277.5638 2.243318E-06
18.49331 2.51558 274.9388 2.456967E-06
18.59331 2.51558 272.9138 2.563792E-06
18.69331 2.51558 272.9138 2.456967E-06
18.79331 2.51558 272.9138 2.350142E-06
18.89331 2.51558 272.9138 2.243318E-06
18.99331 2.51558 272.9138 2.243318E-06
19.09331 2.51558 272.9138 2.243318E-06
19.19331 2.51558 272.9138 2.243318E-06
19.29331 2.51558 272.9138 2.243318E-06
19.39331 2.51558 272.9138 2.243318E-06
19.49331 2.51558 272.9138 2.243318E-06
19.59331 2.51558 272.9138 2.243318E-06
19.69331 2.51558 272.9138 2.243318E-06
19.79331 2.44058 277.1888 2.350009E-06
19.89331 2.740583 280.2638 2.243722E-06
19.99331 4.240587 290.5388 2.568352E-06
20.09331 5.440587 303.4388 1.929684E-06
20.19331 6.265594 310.1888 1.932534E-06
20.29331 6.265603 310.1888 1.717808E-06
20.39331 6.265613 310.1888 1.932534E-06
20.49331 6.26562 310.1138 1.288356E-06
20.59331 6.265619 310.0388 1.717809E-06
20.69331 6.265619 310.0388 1.717809E-06
20.79331 6.41562 308.6138 1.718308E-06
20.89331 6.190626 298.7138 3.005735E-06
20.99331 4.465631 283.3388 3.211401E-06
21.09331 3.865637 279.5138 3.636813E-06
21.19331 3.865642 279.5138 4.492533E-06
21.29331 3.865648 279.5138 5.348254E-06
21.39331 3.86565 279.5138 5.562184E-06
21.49331 3.86565 279.5138 5.990044E-06
21.59331 3.86565 279.5138 6.417905E-06
21.69331 3.86565 279.5138 6.417905E-06
21.79331 3.86565 279.5138 6.417905E-06
21.89331 3.86565 279.5138 6.417905E-06
21.99331 3.86565 279.5138 6.417905E-06
22.09331 3.86565 279.5138 6.417905E-06
22.19331 3.86565 279.5138 6.417905E-06
22.29331 3.86565 279.5138 6.417905E-06
22.39331 3.86565 279.5138 6.417905E-06
22.49331 3.86565 279.5138 6.417905E-06
22.59331 3.86565 279.5138 6.417905E-06
22.69331 3.86565 279.5138 6.417905E-06
22.79331 3.86565 279.5138 6.417905E-06
22.89331 3.86565 279.5138 6.417905E-06
22.99331 3.86565 279.5138 6.417905E-06
23.09331 3.86565 279.5138 6.417905E-06
23.19331 3.86565 279.5138 6.417905E-06
23.29331 3.86565 279.5138 6.417905E-06
23.39331 3.86565 279.5138 6.417905E-06
23.49331 3.86565 279.5138 6.417905E-06
23.59331 3.86565 279.5138 6.417905E-06
23.69331 3.86565 279.5138 6.417905E-06
23.79331 3.86565 279.5138 6.417905E-06
23.89331 3.86565 279.5138 6.417905E-06
23.99331 3.86565 279.5138 6.417905E-06
24.09331 3.86565 279.5138 6.417905E-06
24.19331 3.86565 279.5138 6.417905E-06
24.29331 3.86565 279.5138 6.417905E-06
24.39331 3.86565 279.5138 6.417905E-06
24.49331 3.86565 279.5138 6.417905E-06
24.59331 3.86565 279.5138 6.417905E-06
24.69331 3.86565 279.5138 6.417905E-06
24.79331 3.86565 279.5138 6.417905E-06
24.89331 3.86565 279.5138 6.417905E-06
24.99331 3.86565 279.5138 6.417905E-06
25.09331 3.86565 279.5138 6.417905E-06
25.19331 3.86565 279.5138 6.417905E-06
25.29331 3.86565 279.5138 6.417905E-06
25.39331 3.86565 279.5138 6.417905E-06
25.49331 3.86565 279.5138 6.417905E-06
25.59331 3.86565 279.5138 6.417905E-06
25.69331 3.86565 279.5138 6.417905E-06
25.79331 3.86565 279.5138 6.417905E-06
25.89331 3.86565 279.5138 6.417905E-06
25.99331 3.86565 279.5138 6.417905E-06
26.09331 3.86565 279.5138 6.417905E-06
26.19331 3.86565 279.5138 6.417905E-06
26.29331 3.86565 279.5138 6.417905E-06
26.39331 3.86565 279.5138 6.417905E-06
26.49331 3.86565 279.5138 6.417905E-06
26.59331 3.86565 279.5138 6.417905E-06
26.69331 3.86565 279.5138 6.417905E-06
26.79331 3.86565 279.5138 6.417905E-06
26.89331 3.86565 279.5138 6.417905E-06
26.99331 3.86565 279.5138 6.417905E-06
27.09331 3.86565 279.5138 6.417905E-06
27.19331 3.86565 279.5138 6.417905E-06
27.29331 3.86565 279.5138 6.417905E-06
27.39331 3.86565 279.5138 6.417905E-06
27.49331 3.86565 279.5138 6.417905E-06
27.59331 3.86565 279.5138 6.417905E-06
27.69331 3.86565 279.5138 6.417905E-06
27.79331 3.86565 279.5138 6.417905E-06
27.89331 3.86565 279.5138 6.417905E-06
27.99331 3.86565 279.5138 6.417905E-06
28.09331 3.86565 279.5138 6.417905E-06
28.19331 3.86565 279.5138 6.417905E-06
28.29331 3.86565 279.5138 6.417905E-06
28.39331 3.86565 279.5138 6.417905E-06
28.49331 3.86565 279.5138 6.417905E-06
28.59331 3.86565 279.5138 6.417905E-06
28.69331 3.86565 279.5138 6.417905E-06
28.79331 3.86565 279.5138 6.417905E-06
28.89331 3.86565 279.5138 6.417905E-06
28.99331 3.86565 279.5138 6.417905E-06
29.09331 3.86565 279.5138 6.417905E-06
29.19331 3.86565 279.5138 6.417905E-06
29.29331 3.86565 279.5138 6.417905E-06
29.39331 3.86565 279.5138 6.417905E-06
29.49331 3.86565 279.5138 6.417905E-06
29.59331 3.86565 279.5138 6.417905E-06
29.69331 3.86565 279.5138 6.417905E-06
29.79331 3.86565 279.5138 6.417905E-06
29.89331 3.86565 279.5138 6.417905E-06
29.99331 3.86565 279.5138 6.417905E-06
30.09331 3.86565 282.3638 6.417904E-06
30.19331 6.790656 307.0388 6.233589E-06
30.29331 8.515657 327.7388 5.611392E-06
30.39331 9.190666 346.6388 4.864931E-06
30.49331 9.190674 0.3638503 5.152098E-06
30.59331 9.190683 13.18886 4.432493E-06
30.69331 10.01568 28.48886 3.251199E-06
30.79331 10.4657 38.83886 3.906978E-06
30.89331 10.4657 40.03885 2.170544E-06
30.99331 10.46571 40.03885 2.821707E-06
31.09331 10.46571 40.03885 2.821707E-06
31.19331 10.46571 39.96386 2.821706E-06
31.29331 10.61571 38.23886 2.823082E-06
31.39331 10.61571 38.16388 2.388761E-06
31.49331 10.61571 38.16388 2.388761E-06
31.59331 10.61571 38.16388 2.388761E-06
31.69331 10.61571 38.16388 2.388761E-06
31.79331 10.76572 35.76385 1.520872E-06
31.89331 11.29073 26.4639 2.176558E-06
31.99331 11.29074 9.06389 1.958902E-06
32.09331 11.21575 0.2889275 3.002188E-06
32.19331 10.54076 348.7389 5.427677E-06
32.29331 9.040765 334.0389 7.348367E-06
32.39331 8.140769 326.389 9.271493E-06
32.49331 8.06577 326.089 1.034765E-05
32.59331 8.06577 326.089 1.034765E-05
32.69331 8.065769 325.864 1.034765E-05
32.79331 4.765769 323.689 1.038792E-05
32.89331 1.46577 318.814 1.040877E-05
32.99331 1.165772 306.5891 1.035415E-05
33.09331 1.165774 304.1891 1.056764E-05
33.19331 358.9908 305.1641 1.059377E-05
33.29331 358.9158 305.1641 1.070077E-05
33.39331 4.765773 298.5641 1.070919E-05
33.49331 8.215775 296.2391 1.207678E-05
33.59331 11.14079 299.4641 1.087714E-05
33.69331 15.11579 305.0891 1.28234E-05
33.79331 15.11579 305.0891 1.28234E-05
33.89331 15.11579 305.0891 1.28234E-05
33.99331 15.11579 305.0891 1.28234E-05
34.09331 15.11579 305.0891 1.28234E-05
34.19331 15.11579 305.0891 1.326558E-05
34.29331 13.9908 307.5641 1.319813E-05
34.39331 10.5408 311.0141 1.432907E-05
34.49331 10.4658 311.0891 1.432559E-05
34.59331 10.91581 319.4142 1.565111E-05
34.69331 13.31582 327.9641 1.710854E-05
34.79331 13.31582 327.8892 1.710854E-05
34.89331 13.31582 327.8892 1.710854E-05
34.99331 13.31582 327.8892 1.710854E-05
35.09331 13.31582 327.8892 1.710854E-05
35.19331 13.31582 327.8892 1.710854E-05
35.29331 13.31582 327.8892 1.710854E-05
35.39331 13.31582 327.8892 1.710854E-05
35.49331 13.31582 327.8892 1.710854E-05
35.59331 13.31582 327.8892 1.710854E-05
35.69331 13.31582 327.8892 1.710854E-05
35.79331 13.31582 327.8892 1.710854E-05
35.89331 13.31582 327.8892 1.710854E-05
35.99331 13.31582 327.8892 1.710854E-05
36.09331 13.31582 327.8892 1.710854E-05
36.19331 13.31582 327.8892 1.710854E-05
36.29331 13.31582 327.8892 1.710854E-05
36.39331 13.31582 327.8892 1.710854E-05
36.49331 13.31582 327.8892 1.710854E-05
36.59331 13.31582 327.8892 1.710854E-05
36.69331 11.44083 331.7892 1.894603E-05
36.79331 8.740835 349.1891 2.18111E-05
36.89331 8.065842 9.139192 2.225822E-05
36.99331 7.990839 12.21421 2.327791E-05
37.09331 7.990839 12.21421 2.327791E-05
37.19331 8.140839 11.98921 2.301703E-05
37.29331 8.740849 10.48922 2.49424E-05
37.39331 10.39085 4.71424 2.696252E-05
37.49331 11.51585 356.6893 2.807263E-05
37.59331 11.51586 341.5393 3.332775E-05
37.69331 11.81586 333.9644 3.925152E-05
37.79331 11.81586 333.6643 3.946959E-05
37.89331 11.81587 331.4143 3.946959E-05
37.99331 11.81588 327.0643 3.903346E-05
38.09331 11.8159 324.8143 4.143217E-05
38.19331 11.8159 324.8143 4.165023E-05
38.29331 11.8159 324.8143 4.165023E-05
38.39331 11.8159 324.8143 4.165023E-05
38.49331 11.8159 324.8143 4.165023E-05
38.59331 12.5659 316.4893 4.111214E-05
38.69331 12.86591 291.1393 4.378803E-05
38.79331 12.49091 283.7143 4.416084E-05
38.89331 11.89093 279.5894 4.493354E-05
38.99331 11.89094 279.5894 4.318855E-05
39.09331 11.89094 279.5894 4.318855E-05
39.19331 11.74094 279.6643 4.185688E-05
39.29331 10.09095 283.7144 4.335941E-05
39.39331 8.815968 298.7144 4.319904E-05
39.49331 8.740971 307.8644 4.534983E-05
39.59331 8.740975 313.3394 4.686149E-05
39.69331 8.740986 316.2644 4.686149E-05
39.79331 8.740991 316.2644 4.81572E-05
39.89331 8.740991 316.2644 4.81572E-05
39.99331 8.740991 316.2644 4.81572E-05
40.09331 8.740991 316.2644 4.81572E-05
40.19331 8.740991 316.2644 4.81572E-05
40.29331 8.740991 316.2644 4.81572E-05
40.39331 7.765994 316.9394 4.890016E-05
40.49331 5.365999 321.5144 4.866492E-05
40.59331 4.916002 322.2644 4.820208E-05
40.69331 4.916002 322.2644 4.820208E-05
40.79331 4.916002 322.2644 4.820208E-05
40.89331 4.916002 322.2644 4.820208E-05
40.99331 4.916002 322.2644 4.820208E-05
41.09331 4.916002 322.2644 4.820208E-05
41.19331 4.916002 322.2644 4.820208E-05
41.29331 4.916002 322.2644 4.820208E-05
41.39331 4.916002 322.2644 4.820208E-05
41.49331 4.916002 322.2644 4.820208E-05
41.59331 4.916002 322.2644 4.820208E-05
41.69331 4.916002 322.2644 4.820208E-05
41.79331 4.916002 322.2644 4.820208E-05
41.89331 4.916002 322.2644 4.820208E-05
41.99331 4.916002 322.2644 4.820208E-05
42.09331 4.916002 322.2644 4.820208E-05
42.19331 4.916002 322.2644 4.820208E-05
42.29331 4.916002 322.2644 4.820208E-05
42.39331 4.916002 322.2644 4.820208E-05
42.49331 4.916002 322.2644 4.820208E-05
42.59331 4.916002 322.2644 4.820208E-05
42.69331 4.916002 322.2644 4.820208E-05
42.79331 4.916002 322.2644 4.820208E-05
42.89331 4.916002 322.2644 4.820208E-05
42.99331 4.916002 322.2644 4.820208E-05
43.09331 4.916002 322.2644 4.820208E-05
43.19331 4.916002 322.2644 4.820208E-05
43.29331 4.916002 322.2644 4.820208E-05
43.39331 4.916002 322.2644 4.820208E-05
43.49331 4.916002 322.2644 4.820208E-05
43.59331 4.916002 322.2644 4.820208E-05
43.69331 4.916002 322.2644 4.820208E-05
43.79331 4.916002 322.2644 4.820208E-05
43.89331 4.916002 322.2644 4.820208E-05
43.99331 4.916002 322.2644 4.820208E-05
44.09331 4.916002 322.2644 4.820208E-05
44.19331 2.891003 333.1394 4.904769E-05
44.29331 1.991003 349.2645 4.994922E-05
44.39331 2.141003 6.664491 5.026098E-05
44.49331 2.066002 7.564493 5.05122E-05
44.59331 2.066002 7.564493 5.05122E-05
44.69331 2.066003 359.7645 5.040666E-05
44.79331 2.366004 338.0146 5.084287E-05
44.89331 2.366004 321.1396 5.201781E-05
44.99331 2.366003 320.0146 5.217803E-05
45.09331 2.366003 320.0146 5.217803E-05
45.19331 2.366003 320.0146 5.217803E-05
45.29331 2.366003 320.0146 5.217803E-05
45.39331 2.366003 320.0146 5.217803E-05
45.49331 2.366003 320.0146 5.217803E-05
45.59331 2.366003 320.0146 5.217803E-05
45.69331 2.366003 320.0146 5.217803E-05
45.79331 2.366003 320.0146 5.217803E-05
45.89331 2.366003 320.0146 5.217803E-05
45.99331 2.366003 320.0146 5.217803E-05
46.09331 2.366003 320.0146 5.217803E-05
46.19331 2.366003 320.0146 5.217803E-05
46.29331 2.366003 320.0146 5.217803E-05
46.39331 2.366003 320.0146 5.217803E-05
46.49331 2.366003 320.0146 5.217803E-05
46.59331 2.366003 320.0146 5.217803E-05
46.69331 2.366003 320.0146 5.217803E-05
46.79331 2.366003 320.0146 5.217803E-05
46.89331 2.366003 320.0146 5.217803E-05
46.99331 2.366003 320.0146 5.217803E-05
47.09331 2.366003 320.0146 5.217803E-05
47.19331 2.366003 320.0146 5.217803E-05
47.29331 2.366003 320.0146 5.217803E-05
47.39331 2.366003 320.0146 5.217803E-05
47.49331 2.366003 320.0146 5.217803E-05
47.59331 2.366003 320.0146 5.217803E-05
47.69331 2.366003 320.0146 5.217803E-05
47.79331 2.366003 320.0146 5.217803E-05
47.89331 2.366003 320.0146 5.217803E-05
47.99331 2.366003 320.0146 5.217803E-05
48.09331 2.366003 320.0146 5.217803E-05
48.19331 2.366003 320.0146 5.217803E-05
48.29331 2.366003 320.0146 5.217803E-05
48.39331 2.366003 320.0146 5.217803E-05
48.49331 2.366003 320.0146 5.217803E-05
48.59331 2.366003 320.0146 5.217803E-05
48.69331 2.366003 320.0146 5.217803E-05
48.79331 2.366003 320.0146 5.217803E-05
48.89331 2.366003 320.0146 5.217803E-05
48.99331 2.366003 320.0146 5.217803E-05
49.09331 2.366003 320.0146 5.217803E-05
49.19331 2.366003 320.0146 5.217803E-05
49.29331 2.366003 320.0146 5.217803E-05
49.39331 2.366003 320.0146 5.217803E-05
49.49331 2.366003 320.0146 5.217803E-05
49.59331 2.366003 320.0146 5.217803E-05
49.69331 2.366003 320.0146 5.217803E-05
49.79331 2.366004 319.7896 5.228484E-05
49.89331 1.466004 308.6146 5.26844E-05
49.99331 0.6410048 288.8896 5.280387E-05
50.09331 0.6410048 288.7396 5.283055E-05
50.19331 0.6410048 288.7396 5.283055E-05
50.29331 0.6410048 288.7396 5.283055E-05
50.39331 0.6410053 285.1396 5.293727E-05
50.49331 0.6410054 284.0896 5.285724E-05
50.59331 0.6410054 284.0896 5.285724E-05
50.69331 0.6410054 284.0896 5.285724E-05
50.79331 0.6410054 284.0896 5.285724E-05
50.89331 0.6410054 284.0896 5.285724E-05
50.99331 0.7160058 275.7646 5.291142E-05
51.09331 0.7160066 260.9146 5.291141E-05
51.19331 0.7160077 259.7146 5.293809E-05
51.29331 0.7160084 257.6145 5.301815E-05
51.39331 0.4910092 246.5895 5.298928E-05
51.49331 359.741 240.3645 5.305458E-05
51.59331 359.741 240.0644 5.314795E-05
51.69331 359.741 240.0644 5.328135E-05
51.79331 359.741 240.0644 5.341475E-05
51.89331 359.741 240.0644 5.353482E-05
51.99331 359.666 241.0393 5.358856E-05
52.09331 359.5909 249.3644 5.361568E-05
52.19331 359.5909 251.7644 5.360233E-05
52.29331 359.5909 251.7644 5.360233E-05
52.39331 359.5909 253.1144 5.360235E-05
52.49331 1.840965 279.5143 5.360195E-05
52.59331 3.715967 309.9644 5.432884E-05
52.69331 4.090967 329.6894 5.446011E-05
52.79331 3.715967 342.5144 5.518442E-05
52.89331 3.265968 359.0144 5.539182E-05
52.99331 3.190971 6.439469 5.583531E-05
53.09331 3.190976 6.439469 5.575515E-05
53.19331 3.190976 6.439469 5.55681E-05
53.29331 4.165977 2.83949 5.653847E-05
53.39331 5.515981 327.4396 5.832669E-05
53.49331 4.015983 292.1146 5.884142E-05
53.59331 3.940983 285.7396 5.926396E-05
53.69331 3.940983 285.5896 5.99058E-05
53.79331 3.940983 285.5896 5.99058E-05
53.89331 3.940983 285.5896 5.99058E-05
53.99331 3.940983 285.5896 5.99058E-05
54.09331 3.940983 285.5896 5.99058E-05
54.19331 3.940983 285.5896 5.99058E-05
54.29331 3.940983 285.5896 5.99058E-05
54.39331 3.940983 285.5896 5.99058E-05
54.49331 3.940983 285.5896 5.99058E-05
54.59331 3.940983 285.5896 5.99058E-05
54.69331 3.940983 285.5896 5.99058E-05
54.79331 3.940983 285.5896 5.99058E-05
54.89331 3.940983 285.5896 5.99058E-05
54.99331 3.940983 285.5896 5.99058E-05
55.09331 3.940983 285.5896 5.99058E-05
55.19331 3.940983 285.5896 5.99058E-05
55.29331 3.940983 285.5896 5.99058E-05
55.39331 3.940983 285.5896 5.99058E-05
55.49331 3.940983 285.5896 5.99058E-05
55.59331 3.940983 285.5896 5.99058E-05
55.69331 3.940983 285.5896 5.99058E-05
55.79331 3.940983 285.5896 5.99058E-05
55.89331 3.940983 285.5896 5.99058E-05
55.99331 2.965983 278.9896 6.005806E-05
56.09331 1.165985 259.1145 5.999003E-05
56.19331 1.165985 259.0395 5.98299E-05
56.29331 0.4159847 258.9645 5.967234E-05
56.39331 358.0909 259.2646 5.969056E-05
56.49331 357.7909 259.2646 5.980861E-05
56.59331 357.7909 259.2646 6.002222E-05
56.69331 355.3909 260.2395 5.995806E-05
56.79331 352.5409 261.5146 5.984368E-05
56.89331 352.1657 263.9145 5.94654E-05
56.99331 351.7907 269.3895 5.908897E-05
57.09331 351.6407 270.0645 5.954297E-05
57.19331 351.6407 270.0645 5.954297E-05
57.29331 351.6407 270.0645 5.954297E-05
57.39331 351.6407 270.0645 5.954297E-05
57.49331 351.7907 270.2145 5.908898E-05
57.59331 353.5157 271.4145 5.97193E-05
57.69331 353.9657 271.5645 6.009714E-05
57.79331 353.9657 271.5645 6.009714E-05
57.89331 353.9657 271.5645 6.009714E-05
57.99331 353.9657 271.5645 6.009714E-05
58.09331 353.9657 271.5645 6.009714E-05
58.19331 353.9657 271.5645 6.009714E-05
58.29331 353.9657 271.5645 6.009714E-05
58.39331 353.9657 271.5645 6.009714E-05
58.49331 353.9657 271.5645 6.009714E-05
58.59331 353.9657 271.5645 6.009714E-05
58.69331 353.9657 271.5645 6.009714E-05
58.79331 353.9657 271.5645 6.009714E-05
58.89331 353.9657 271.5645 6.009714E-05
58.99331 353.9657 271.5645 6.009714E-05
59.09331 353.9657 271.5645 6.009714E-05
59.19331 353.9657 271.5645 6.009714E-05
59.29331 353.9657 271.5645 6.009714E-05
59.39331 353.9657 271.5645 6.009714E-05
59.49331 353.9657 271.5645 6.009714E-05
59.59331 353.9657 271.5645 6.009714E-05
59.69331 353.9657 271.5645 6.009714E-05
59.79331 353.9657 271.5645 6.009714E-05
59.89331 353.9657 271.5645 6.009714E-05
59.99331 353.9657 271.5645 6.009714E-05
60.09331 353.9657 271.5645 6.009714E-05
60.19331 353.9657 271.5645 6.009714E-05
60.29331 353.9657 271.5645 6.009714E-05
60.39331 353.9657 271.5645 6.009714E-05
60.49331 353.9657 271.5645 6.009714E-05
60.59331 353.9657 271.5645 6.009714E-05
60.69331 353.9657 271.5645 6.009714E-05
60.79331 353.9657 271.5645 6.009714E-05
60.89331 353.9657 271.5645 6.009714E-05
60.99331 353.9657 271.5645 6.009714E-05
61.09331 353.9657 271.5645 6.009714E-05
61.19331 353.9657 271.5645 6.009714E-05
61.29331 353.9657 271.5645 6.009714E-05
61.39331 353.9657 271.5645 6.009714E-05
61.49331 353.9657 271.5645 6.009714E-05
61.59331 353.5907 272.0895 5.949568E-05
61.69331 351.9406 273.4395 5.992917E-05
61.79331 351.7155 273.2895 5.910021E-05
61.89331 351.5655 272.3895 5.955452E-05
61.99331 352.5404 269.0145 5.898269E-05
62.09331 352.6905 268.8645 5.939305E-05
62.19331 354.9405 268.7895 5.956937E-05
62.29331 359.7404 269.0895 5.945793E-05
62.39331 0.6403862 269.1645 5.942102E-05
62.49331 0.6403869 269.1645 5.947438E-05
62.59331 0.6403871 269.1645 5.947438E-05
62.69331 0.6403871 269.1645 5.947438E-05
62.79331 0.6403871 269.1645 5.947438E-05
62.89331 0.6403871 269.1645 5.947438E-05
62.99331 0.6403871 269.1645 5.947438E-05
63.09331 0.6403871 269.1645 5.947438E-05
63.19331 0.6403871 269.1645 5.947438E-05
63.29331 0.6403871 269.1645 5.947438E-05
63.39331 0.6403871 269.1645 5.947438E-05
63.49331 0.6403871 269.1645 5.947438E-05
63.59331 0.6403871 269.1645 5.947438E-05
63.69331 0.6403871 269.1645 5.947438E-05
63.79331 0.6403871 269.1645 5.947438E-05
63.89331 0.6403871 269.1645 5.947438E-05
63.99331 0.6403871 269.1645 5.947438E-05
64.09331 0.6403871 269.1645 5.947438E-05
64.19331 0.6403871 269.1645 5.947438E-05
64.2933 0.6403871 269.1645 5.947438E-05
64.39331 0.6403871 269.1645 5.947438E-05
64.49331 0.6403871 269.1645 5.947438E-05
64.59331 0.6403871 269.1645 5.947438E-05
64.69331 0.6403871 269.1645 5.947438E-05
64.7933 0.6403871 269.1645 5.947438E-05
64.89331 0.6403871 269.1645 5.947438E-05
64.99331 0.6403871 269.1645 5.947438E-05
65.09331 0.6403871 269.1645 5.947438E-05
65.19331 0.6403871 269.1645 5.947438E-05
65.2933 0.6403871 269.1645 5.947438E-05
65.39331 0.6403871 269.1645 5.947438E-05
65.49331 0.6403871 269.1645 5.947438E-05
65.59331 0.6403871 269.1645 5.947438E-05
65.69331 0.6403871 269.1645 5.947438E-05
65.7933 0.6403871 269.1645 5.947438E-05
65.89331 0.6403871 269.1645 5.947438E-05
65.99331 0.6403871 269.1645 5.947438E-05
66.09331 0.6403871 269.1645 5.947438E-05
66.19331 0.6403871 269.1645 5.947438E-05
66.2933 0.6403871 269.1645 5.947438E-05
66.39331 0.6403871 269.1645 5.947438E-05
66.49331 0.6403871 269.1645 5.947438E-05
66.59331 0.6403871 269.1645 5.947438E-05
66.69331 0.6403871 269.1645 5.947438E-05
66.7933 0.6403871 269.1645 5.947438E-05
66.89331 0.6403871 269.1645 5.947438E-05
66.99331 0.6403871 269.1645 5.947438E-05
67.09331 0.6403871 269.1645 5.947438E-05
67.19331 0.6403871 269.1645 5.947438E-05
67.2933 0.6403871 269.1645 5.947438E-05
67.39331 0.6403871 269.1645 5.947438E-05
67.49331 0.6403871 269.1645 5.947438E-05
67.59331 0.6403871 269.1645 5.947438E-05
67.69331 0.6403871 269.1645 5.947438E-05
67.7933 0.6403871 269.1645 5.947438E-05
67.89331 0.6403871 269.1645 5.947438E-05
67.99331 0.6403871 269.1645 5.947438E-05
68.09331 0.6403871 269.1645 5.947438E-05
68.19331 0.6403871 269.1645 5.947438E-05
68.2933 0.6403871 269.1645 5.947438E-05
68.39331 0.6403871 269.1645 5.947438E-05
68.49331 0.6403871 269.1645 5.947438E-05
68.59331 0.6403871 269.1645 5.947438E-05
68.69331 0.6403871 269.1645 5.947438E-05
68.7933 0.6403871 269.1645 5.947438E-05
68.89331 0.6403871 269.1645 5.947438E-05
68.99331 359.7404 271.1895 5.944459E-05
69.09331 0.1153902 283.0395 5.945078E-05
69.19331 0.7903904 292.3395 5.942296E-05
69.2933 0.7903913 299.5395 5.952969E-05
69.39331 0.7903924 303.7395 5.960975E-05
69.49331 0.7903932 306.8896 5.944965E-05
69.59331 1.015393 310.4896 5.956007E-05
69.69331 1.015393 310.4896 5.956007E-05
69.7933 1.015393 310.4896 5.956007E-05
69.89331 1.015393 310.4896 5.956007E-05
69.99331 1.015393 310.4896 5.956007E-05
70.09331 1.015393 310.4896 5.956007E-05
70.19331 1.015393 310.4896 5.956007E-05
70.2933 1.015393 310.4896 5.956007E-05
70.39331 1.015393 310.4896 5.956007E-05
70.49331 1.015393 310.4896 5.956007E-05
70.59331 1.015393 310.4896 5.956007E-05
70.69331 1.015393 310.4896 5.956007E-05
70.7933 1.015393 310.4896 5.956007E-05
70.89331 1.015393 310.4896 5.956007E-05
70.99331 1.015393 310.4896 5.956007E-05
71.09331 1.015393 310.4896 5.956007E-05
71.19331 1.015393 310.4896 5.956007E-05
71.2933 1.015393 310.4896 5.956007E-05
71.39331 1.015393 310.4896 5.956007E-05
71.49331 1.015393 310.4896 5.956007E-05
71.59331 1.015393 310.4896 5.956007E-05
71.69331 1.015393 310.4896 5.956007E-05
71.7933 1.015393 310.4896 5.956007E-05
71.89331 1.015393 310.4896 5.956007E-05
71.99331 1.015393 310.4896 5.956007E-05
72.09331 1.015393 310.4896 5.956007E-05
72.19331 1.015393 310.4896 5.956007E-05
72.2933 1.015393 310.4896 5.956007E-05
72.39331 1.015393 310.4896 5.956007E-05
72.49331 1.015393 310.4896 5.956007E-05
72.59331 1.015393 310.4896 5.956007E-05
72.69331 1.015393 310.4896 5.956007E-05
72.7933 1.015393 310.4896 5.956007E-05
72.89331 1.015393 310.4896 5.956007E-05
72.99331 1.015393 310.4896 5.956007E-05
73.09331 1.015393 310.4896 5.956007E-05
73.19331 1.015393 310.4896 5.956007E-05
73.2933 1.015393 310.4896 5.956007E-05
73.39331 1.015393 310.4896 5.956007E-05
