1.510866 0 270 0
1.793403 0 270 0
1.893403 0 270 0
1.993403 0 270 0
2.093403 0 270 0
2.193403 0 270 0
2.293403 0 270 0
2.393403 0 270 0
2.493403 0 270 0
2.593403 0 270 0
2.693403 0 270 0
2.793403 0 270 0
2.893403 0 270 0
2.993403 0 270 0
3.093403 0 270 0
3.193403 0 270 0
3.293403 0 270 0
3.393403 0 270 0
3.493403 0 270 0
3.593403 0 270 0
3.693403 0 270 0
3.793403 0 270 0
3.893403 0 270 0
3.993403 0 270 0
4.093403 0 270 0
4.193403 0 270 0
4.293403 0 270 0
4.393403 0 270 0
4.493403 0 270 0
4.593403 0 270 0
4.693403 0 270 0
4.793403 0 270 0
4.893403 0 270 0
4.993403 0 270 0
5.093403 0 270 0
5.193403 0 270 0
5.293403 0 270 0
5.393403 0 270 0
5.493403 0 270 0
5.593403 0 270 0
5.693403 0 270 0
5.793403 0 270 0
5.893403 0 270 0
5.993403 0 270 0
6.093403 0 270 0
6.193403 0 270 0
6.293403 0 270 0
6.393403 0 270 0
6.493403 0 270 0
6.593403 0 270 0
6.693403 0 270 0
6.793403 0 270 0
6.893403 0 270 0
6.993403 0 270 0
7.093403 0 270 0
7.193403 0 270 0
7.293403 0 270 0
7.393403 0 270 0
7.493403 0 270 0
7.593403 0 270 0
7.693403 0 270 0
7.793403 0 270 0
7.893403 0 270 0
7.993403 0 270 0
8.093403 0 270 0
8.193403 0 270 0
8.293403 0 270 0
8.393403 0 270 0
8.493403 0 270 0
8.593403 0 270 0
8.693403 0 270 0
8.793403 0 270 0
8.893403 0.6750004 273.225 5.336456E-08
8.993403 1.35 277.275 -5.337568E-08
9.093403 1.425001 280.8 -1.067547E-07
9.193403 1.425003 281.1 -1.067547E-07
9.293403 1.425005 281.1 -2.135094E-07
9.393403 1.425008 281.1 -4.270188E-07
9.493403 1.425011 281.1 -4.270188E-07
9.593403 1.425012 281.1 -4.270188E-07
9.693403 1.425012 281.1 -4.270188E-07
9.793403 1.425012 281.1 -4.270188E-07
9.893403 1.425012 281.1 -4.270188E-07
9.993403 1.425013 277.2 -5.337736E-07
10.0934 1.425015 272.925 -3.736415E-07
10.1934 1.350015 268.8 -4.80381E-07
10.2934 1.050015 263.85 -4.803284E-07
10.3934 0.6750157 261.3749 -4.002342E-07
10.4934 359.7 253.7249 -4.802542E-07
10.5934 358.5 244.1999 -4.804123E-07
10.6934 356.55 235.2749 -7.484082E-07
10.7934 356.325 234.5248 -1.069416E-06
10.8934 356.325 234.5248 -1.069416E-06
10.9934 356.325 234.5248 -1.069416E-06
11.0934 356.325 234.5248 -1.069416E-06
11.1934 356.325 234.5248 -1.069416E-06
11.2934 356.325 234.5248 -1.069416E-06
11.3934 356.325 234.5248 -1.069416E-06
11.4934 356.325 234.5248 -1.069416E-06
11.5934 356.325 234.5248 -1.069416E-06
11.6934 356.325 234.5248 -1.069416E-06
11.7934 356.325 234.5248 -1.069416E-06
11.8934 356.475 234.7498 -1.283088E-06
11.9934 357.075 239.3998 -1.282331E-06
12.0934 357.2251 241.4998 -9.616227E-07
12.1934 357.2251 241.4998 -7.479288E-07
12.2934 357.2251 241.4998 -7.479288E-07
12.3934 357.1501 241.2748 -1.068539E-06
12.4934 357.1501 241.2748 -1.068539E-06
12.5934 357.1501 241.2748 -1.068539E-06
12.6934 357.1501 241.2748 -1.068539E-06
12.7934 357.1501 241.2748 -1.068539E-06
12.8934 357.1501 241.2748 -1.068539E-06
12.9934 357.1501 241.2748 -1.068539E-06
13.0934 357.1501 241.2748 -1.068539E-06
13.1934 357.1501 241.2748 -1.068539E-06
13.2934 357.1501 241.2748 -1.068539E-06
13.3934 357.1501 241.2748 -1.068539E-06
13.4934 357.1501 241.2748 -1.068539E-06
13.5934 357.1501 241.2748 -1.068539E-06
13.6934 357.1501 241.2748 -1.068539E-06
13.7934 357.1501 241.2748 -1.068539E-06
13.8934 357.1501 241.2748 -1.068539E-06
13.9934 357.1501 241.2748 -1.068539E-06
14.0934 357.1501 241.2748 -1.068539E-06
14.1934 357.1501 241.2748 -1.068539E-06
14.2934 357.1501 241.2748 -1.068539E-06
14.3934 357.1501 241.2748 -1.068539E-06
14.4934 357.1501 241.2748 -1.068539E-06
14.5934 357.1501 241.2748 -1.068539E-06
14.6934 357.1501 241.2748 -1.068539E-06
14.7934 357.1501 241.2748 -1.068539E-06
14.8934 357.1501 241.2748 -1.068539E-06
14.9934 357.1501 241.2748 -1.068539E-06
15.0934 357.1501 241.2748 -1.068539E-06
15.1934 357.1501 241.2748 -1.068539E-06
15.2934 356.775 238.5748 -7.482369E-07
15.3934 354.375 221.0247 -1.286857E-06
15.4934 352.65 211.7997 -8.608469E-07
15.5934 352.65 211.7997 -8.608469E-07
15.6934 352.05 211.6496 -6.46544E-07
15.7934 349.725 210.8995 -2.169222E-06
15.8934 347.025 210.4494 -1.971322E-06
15.9934 345.8998 210.5994 -2.420813E-06
16.0934 345.3747 210.7495 -1.764728E-06
16.1934 344.9996 212.7745 -4.419465E-06
16.2934 345.1496 215.9244 -7.949488E-06
16.3934 345.3747 218.5494 -8.823644E-06
16.4934 346.3498 226.3495 -1.317885E-05
16.5934 346.4248 227.9995 -1.449214E-05
16.6934 346.4248 228.4495 -1.624876E-05
16.7934 346.7248 229.7245 -1.666707E-05
16.8934 346.7998 230.0246 -1.490805E-05
16.9934 347.8498 230.8496 -1.572006E-05
17.0934 349.4999 231.8247 -1.649796E-05
17.1934 350.0249 232.0497 -1.647069E-05
17.2934 351.8249 232.6498 -1.660387E-05
17.3934 352.9499 232.8748 -1.699049E-05
17.4934 354.2999 232.9498 -1.801834E-05
17.5934 355.2 232.9498 -1.799235E-05
17.6934 356.2501 232.9498 -1.786076E-05
17.7934 357.2252 232.9498 -1.816399E-05
17.8934 358.2002 232.9498 -1.815164E-05
17.9934 358.5003 232.9498 -1.81489E-05
18.0934 358.5753 232.9498 -1.804155E-05
18.1934 358.5753 232.9498 -1.804155E-05
18.2934 358.5753 232.9498 -1.804155E-05
18.3934 358.5753 232.9498 -1.804155E-05
18.4934 358.5753 232.9498 -1.804155E-05
18.5934 358.5753 232.9498 -1.804155E-05
18.6934 358.5753 232.9498 -1.804155E-05
18.7934 358.5753 232.9498 -1.804155E-05
18.8934 358.5753 232.9498 -1.804155E-05
18.9934 358.2752 235.7248 -1.809753E-05
19.0934 357.9751 237.8248 -1.815403E-05
19.1934 357.9751 237.8248 -1.713954E-05
19.2934 357.9751 237.8248 -1.639202E-05
19.3934 357.9751 237.8248 -1.596486E-05
19.4934 357.9751 237.8248 -1.596486E-05
19.5934 357.6001 237.8998 -1.580868E-05
19.6934 357.5251 237.8998 -1.613002E-05
19.7934 357.5251 237.8998 -1.613002E-05
19.8934 357.375 237.8998 -1.613191E-05
19.9934 357.375 237.8998 -1.613191E-05
20.0934 357.075 237.7497 -1.592228E-05
20.1934 356.3999 237.2997 -1.614684E-05
20.2934 355.9498 236.4745 -1.604833E-05
20.3934 355.8748 235.7994 -1.637083E-05
20.4934 355.4998 234.9744 -1.584366E-05
20.5934 355.4247 234.8243 -1.563118E-05
20.6934 355.1247 234.4493 -1.563794E-05
20.7934 354.4496 233.8492 -1.479697E-05
20.8934 354.2996 233.6992 -1.501529E-05
20.9934 354.2996 233.6992 -1.501529E-05
21.0934 354.2996 233.6992 -1.501529E-05
21.1934 354.2996 233.6992 -1.501529E-05
21.2934 354.2996 233.6992 -1.501529E-05
21.3934 354.2996 233.6992 -1.501529E-05
21.4934 354.2996 233.6992 -1.501529E-05
21.5934 354.2996 233.6992 -1.501529E-05
21.6934 354.2996 233.6992 -1.501529E-05
21.7934 354.2996 233.6992 -1.501529E-05
21.8934 354.2996 233.6992 -1.501529E-05
21.9934 354.2996 233.6992 -1.501529E-05
22.0934 354.2996 233.6992 -1.501529E-05
22.1934 354.2996 233.6992 -1.501529E-05
22.2934 354.2996 233.6992 -1.501529E-05
22.3934 354.2996 233.6992 -1.501529E-05
22.4934 354.2996 233.6992 -1.501529E-05
22.5934 353.9996 233.6242 -1.716954E-05
22.6934 353.9996 233.6242 -1.716954E-05
22.7934 353.3994 233.6242 -1.59002E-05
22.8934 353.0994 233.6242 -1.741507E-05
22.9934 353.0994 233.6242 -1.741507E-05
23.0934 353.0994 233.6242 -1.741507E-05
23.1934 353.0994 233.6242 -1.741507E-05
23.2934 353.0994 233.6242 -1.741507E-05
23.3934 353.0994 233.6242 -1.741507E-05
23.4934 353.0994 233.6242 -1.741507E-05
23.5934 353.0994 233.6242 -1.741507E-05
23.6934 353.0994 233.6242 -1.741507E-05
23.7934 353.0994 233.6242 -1.741507E-05
23.8934 353.0994 233.6242 -1.741507E-05
23.9934 352.9494 233.6242 -1.720558E-05
24.0934 352.9494 233.6242 -1.720558E-05
24.1934 352.9494 233.6242 -1.720558E-05
24.2934 352.9494 233.6242 -1.720558E-05
24.3934 352.9494 233.6242 -1.720558E-05
24.4934 352.9494 233.6242 -1.720558E-05
24.5934 353.4744 233.6242 -1.783133E-05
24.6934 353.4744 233.6242 -1.8261E-05
24.7934 353.4744 233.6242 -1.8261E-05
24.8934 354.5994 233.6242 -1.7366E-05
24.9934 357.9744 234.1492 -1.708615E-05
25.0934 4.424346 235.4243 -1.712651E-05
25.1934 15.22435 236.8493 -1.769653E-05
25.2934 21.29936 236.9242 -1.741095E-05
25.3934 22.49939 236.9242 -3.049575E-05
25.4934 22.4994 236.9242 -2.957164E-05
25.5934 20.77441 236.3242 -3.013369E-05
25.6934 15.97442 233.7742 -3.552266E-05
25.7934 10.72444 230.6992 -3.475805E-05
25.8934 6.899449 228.9741 -3.569006E-05
25.9934 5.024454 228.374 -3.535401E-05
26.0934 4.349462 228.2989 -3.671127E-05
26.1934 4.049469 228.2989 -3.883693E-05
26.2934 1.79947 227.9239 -3.929297E-05
26.3934 1.124471 227.8488 -3.960138E-05
26.4934 0.8994712 227.8488 -3.978542E-05
26.5934 358.2744 227.5488 -3.987864E-05
26.6934 355.7245 227.0237 -4.066742E-05
26.7934 353.5495 226.2735 -4.016822E-05
26.8934 351.4494 225.4484 -3.863581E-05
26.9934 349.5744 224.3983 -3.732853E-05
27.0934 348.2243 221.6232 -3.706546E-05
27.1934 350.9243 210.5981 -3.652925E-05
27.2934 353.3244 195.2231 -3.878952E-05
27.3934 353.3244 192.298 -3.846717E-05
27.4934 351.3744 191.848 -3.912918E-05
27.5934 350.9994 191.698 -4.1384E-05
27.6934 350.9994 191.698 -4.1384E-05
27.7934 348.7494 190.7979 -4.406916E-05
27.8934 346.0494 188.6229 -4.442595E-05
27.9934 345.4493 187.5729 -3.958267E-05
28.0934 344.7743 185.9228 -3.782659E-05
28.1934 344.6242 185.1728 -3.658083E-05
28.2934 344.6242 184.8728 -3.663617E-05
28.3934 344.4742 183.6727 -3.655194E-05
28.4934 344.4742 183.1477 -3.657964E-05
28.5934 344.4742 183.1477 -3.657964E-05
28.6934 344.4742 183.1477 -3.657964E-05
28.7934 344.4742 183.1477 -3.657964E-05
28.8934 344.4742 183.1477 -3.657964E-05
28.9934 344.9242 183.0727 -3.699848E-05
29.0934 347.4742 186.1477 -4.192568E-05
29.1934 351.9742 198.6727 -4.558982E-05
29.2934 353.3242 204.4478 -4.738555E-05
29.3934 353.3242 204.4478 -4.846006E-05
29.4934 353.3242 204.4478 -4.846006E-05
29.5934 353.3242 204.4478 -4.846006E-05
29.6934 353.1742 204.1477 -4.761521E-05
29.7934 351.9741 200.6228 -4.936203E-05
29.8934 349.7991 194.8479 -5.139855E-05
29.9934 347.774 190.4978 -4.979443E-05
30.0934 346.424 188.0227 -4.424509E-05
30.1934 346.424 188.0227 -4.424509E-05
30.2934 346.1989 187.7227 -4.186976E-05
30.3934 346.1989 187.7227 -4.186976E-05
30.4934 346.1989 187.7227 -4.186976E-05
30.5934 346.1239 187.6477 -4.287263E-05
30.6934 346.1239 187.6477 -4.287263E-05
30.7934 345.8989 187.4226 -4.269453E-05
30.8934 345.8239 187.4226 -4.14978E-05
30.9934 345.5988 187.2726 -4.120878E-05
31.0934 345.5988 187.2726 -4.120878E-05
31.1934 345.5238 187.1975 -4.122267E-05
31.2934 345.5238 187.1975 -4.122267E-05
31.3934 345.5238 187.1975 -4.122267E-05
31.4934 345.5238 187.1975 -4.122267E-05
31.5934 345.5238 187.1975 -4.122267E-05
31.6934 345.5238 187.1975 -4.122267E-05
31.7934 345.5238 187.1975 -4.122267E-05
31.8934 345.2988 187.1975 -4.14855E-05
31.9934 345.0737 187.1976 -4.009278E-05
32.0934 344.9987 187.1975 -3.966487E-05
32.19341 344.8487 187.1975 -4.090908E-05
32.2934 344.8487 187.1975 -4.090908E-05
32.3934 344.8487 187.1975 -4.090908E-05
32.4934 344.8487 187.1975 -4.090908E-05
32.5934 344.8487 187.1975 -4.090908E-05
32.69341 344.7737 187.1975 -3.893274E-05
32.7934 344.6987 187.1975 -3.872536E-05
32.8934 344.6987 187.1975 -3.872536E-05
32.9934 344.6987 187.1975 -3.872536E-05
33.0934 344.6987 187.1975 -3.872536E-05
33.19341 344.6987 187.1975 -3.872536E-05
33.2934 344.6987 187.1975 -3.872536E-05
33.3934 344.6236 187.1976 -4.017817E-05
33.4934 344.6236 187.1976 -4.017817E-05
33.5934 344.6236 187.1976 -4.017817E-05
33.69341 344.6236 187.1976 -4.017817E-05
33.7934 344.6236 187.1976 -4.017817E-05
33.8934 344.5486 187.1975 -4.041411E-05
33.9934 344.5486 187.1975 -4.041411E-05
34.0934 344.5486 187.1975 -4.041411E-05
34.19341 344.4736 187.1975 -3.954267E-05
34.2934 344.4736 187.1975 -3.954267E-05
34.3934 344.3235 187.1975 -3.8574E-05
34.4934 344.3235 187.1975 -3.8574E-05
34.5934 344.2485 187.1975 -3.770112E-05
34.69341 344.0985 187.1975 -3.67304E-05
34.7934 344.0985 187.1975 -3.67304E-05
34.8934 344.0985 187.1975 -3.67304E-05
34.9934 344.0985 187.1975 -3.67304E-05
35.0934 344.0985 187.1975 -3.67304E-05
35.19341 344.0985 187.1975 -3.67304E-05
35.2934 344.0985 187.1975 -3.67304E-05
35.3934 344.0235 187.1976 -3.729919E-05
35.4934 344.0235 187.1976 -3.729919E-05
35.5934 343.8735 187.1975 -3.72162E-05
35.69341 343.5734 187.1976 -3.5938E-05
35.7934 343.5734 187.1976 -3.5938E-05
35.8934 343.5734 187.1976 -3.5938E-05
35.9934 343.4984 187.1975 -3.261272E-05
36.0934 343.4984 187.1975 -3.261272E-05
36.19341 343.4984 187.1975 -3.261272E-05
36.2934 343.4984 187.1975 -3.261272E-05
36.3934 343.4984 187.1975 -3.261272E-05
36.4934 343.4984 187.1975 -3.261272E-05
36.5934 343.4984 187.1975 -3.261272E-05
36.69341 343.4984 187.1975 -3.261272E-05
36.7934 343.4984 187.1975 -3.261272E-05
36.8934 343.4984 187.1975 -3.261272E-05
36.9934 343.4984 187.1975 -3.261272E-05
37.0934 343.4984 187.1975 -3.261272E-05
37.19341 343.4984 187.1975 -3.261272E-05
37.2934 343.4984 187.1975 -3.261272E-05
37.3934 343.4984 187.1975 -3.261272E-05
37.4934 343.4984 187.1975 -3.261272E-05
37.5934 343.4984 187.1975 -3.261272E-05
37.69341 343.4984 187.1975 -3.261272E-05
37.7934 343.4984 187.1975 -3.261272E-05
37.8934 343.4984 187.1975 -3.261272E-05
37.9934 343.4984 187.1975 -3.261272E-05
38.0934 343.4984 187.1975 -3.261272E-05
38.19341 343.4984 187.1975 -3.261272E-05
38.2934 343.4984 187.1975 -3.261272E-05
38.3934 343.4984 187.1975 -3.261272E-05
38.4934 343.4984 187.1975 -3.261272E-05
38.5934 343.4984 187.1975 -3.261272E-05
38.69341 343.3484 187.3475 -3.34179E-05
38.7934 343.3484 187.3475 -3.34179E-05
38.8934 343.3484 187.3475 -3.34179E-05
38.9934 343.3484 187.3475 -3.34179E-05
39.0934 343.3484 187.3475 -3.34179E-05
39.19341 343.3484 187.3475 -3.34179E-05
39.2934 343.3484 187.3475 -3.34179E-05
39.3934 343.3484 187.4976 -3.34179E-05
39.4934 343.3484 187.5726 -3.453183E-05
39.5934 343.3484 187.5726 -3.453183E-05
39.69341 343.3484 187.7226 -3.464322E-05
39.7934 343.3484 187.7226 -3.464322E-05
39.8934 343.5734 187.6476 -3.41578E-05
39.9934 345.5984 189.5976 -3.569965E-05
40.0934 348.9734 207.3725 -3.957735E-05
40.19341 350.8484 218.8474 -4.129332E-05
40.2934 352.0483 231.8224 -3.900833E-05
40.3934 351.8232 235.2724 -3.795185E-05
40.4934 351.5982 235.5724 -3.754206E-05
40.5934 351.5982 235.5724 -3.754206E-05
40.69341 351.5982 235.5724 -3.754206E-05
40.7934 351.5982 235.5724 -3.754206E-05
40.8934 351.5982 235.5724 -3.754206E-05
40.9934 351.5982 235.5724 -3.754206E-05
41.0934 351.5982 235.5724 -3.754206E-05
41.19341 351.5982 235.5724 -3.754206E-05
41.2934 351.5982 235.5724 -3.754206E-05
41.3934 351.5982 235.5724 -3.754206E-05
41.4934 351.5982 235.5724 -3.754206E-05
41.5934 351.5982 235.5724 -3.754206E-05
41.69341 351.5982 235.5724 -3.754206E-05
41.7934 351.5982 235.5724 -3.754206E-05
41.8934 351.5982 236.3974 -3.689479E-05
41.9934 351.4482 238.5723 -3.712503E-05
42.0934 351.4482 241.4973 -3.669334E-05
42.19341 351.4482 242.6223 -3.626166E-05
42.2934 351.4482 242.6223 -3.626166E-05
42.3934 351.4482 243.0723 -3.626166E-05
42.4934 351.4482 243.3724 -3.669334E-05
42.5934 351.4482 243.8975 -3.669335E-05
42.69341 351.4482 244.4975 -3.582998E-05
42.7934 351.4482 245.3226 -3.582998E-05
42.8934 351.4482 245.3226 -3.582998E-05
42.9934 351.4482 245.3226 -3.582998E-05
43.0934 351.4482 245.6226 -3.712502E-05
43.19341 351.4482 245.6976 -3.582997E-05
43.2934 351.4482 245.6976 -3.582997E-05
43.3934 351.4482 245.8476 -3.582998E-05
43.4934 351.4482 246.0727 -3.582997E-05
43.5934 351.4482 246.3727 -3.582998E-05
43.69341 351.3731 246.8977 -3.410998E-05
43.7934 351.3731 246.8977 -3.281466E-05
43.8934 351.3731 247.2728 -3.151935E-05
43.9934 351.3731 248.4729 -3.238289E-05
44.0934 351.3731 249.5229 -3.324643E-05
44.19341 351.3731 250.9479 -3.324642E-05
44.2934 351.3731 254.2479 -3.367821E-05
44.3934 351.5232 259.9479 -3.323333E-05
44.4934 351.5232 260.998 -3.323334E-05
44.5934 351.5232 262.498 -3.323334E-05
44.69341 351.5232 263.923 -3.323334E-05
44.7934 351.5232 265.1231 -3.237014E-05
44.8934 351.5232 265.7982 -3.280173E-05
44.9934 351.5232 266.6233 -3.280174E-05
45.0934 351.5232 267.1484 -3.237014E-05
45.19341 351.5232 267.4484 -3.193853E-05
45.2934 351.5232 267.5234 -3.193853E-05
45.3934 351.5232 267.5234 -3.280173E-05
45.4934 351.5232 267.6734 -3.280173E-05
45.5934 351.5232 267.9734 -3.280174E-05
45.69341 351.5232 268.1235 -3.280174E-05
45.7934 351.5232 268.2735 -3.323334E-05
45.8934 351.5232 268.3485 -3.280173E-05
45.9934 351.5232 268.3485 -3.366494E-05
46.0934 351.5232 268.3485 -3.366494E-05
46.19341 351.5232 268.3485 -3.366494E-05
46.2934 351.1481 268.7986 -3.326651E-05
46.3934 350.9981 268.8736 -3.37124E-05
46.4934 350.9231 268.9486 -3.371943E-05
46.5934 350.8481 269.0236 -3.329412E-05
46.69341 350.8481 269.0236 -3.286173E-05
46.7934 350.8481 269.0236 -3.286173E-05
46.8934 350.8481 269.0236 -3.286173E-05
46.9934 350.698 269.1736 -3.244314E-05
47.0934 350.473 269.3987 -3.289713E-05
47.19341 350.3979 269.4736 -3.290439E-05
47.2934 350.3229 269.5487 -3.334476E-05
47.3934 350.2479 269.6237 -3.248594E-05
47.4934 349.9479 269.7737 -3.251564E-05
47.5934 349.7979 269.7737 -3.209711E-05
47.69341 349.7979 269.7737 -3.209711E-05
47.7934 349.6478 269.7737 -3.25463E-05
47.8934 349.5728 269.7737 -3.255412E-05
47.9934 349.4228 269.8487 -3.170139E-05
48.0934 349.3478 269.9237 -3.214354E-05
48.19341 349.3478 269.9237 -3.214354E-05
48.2934 348.8977 270.5988 -3.306216E-05
48.3934 347.9227 271.5738 -3.27412E-05
48.4934 347.8477 271.6487 -3.27504E-05
48.5934 347.6226 271.7988 -3.190429E-05
48.69341 347.4726 271.8737 -3.192274E-05
48.7934 347.4726 271.8737 -3.192274E-05
48.8934 347.4726 271.8737 -3.192274E-05
48.9934 347.4726 271.8737 -3.192274E-05
49.0934 347.4726 271.8737 -3.192274E-05
49.19341 347.4726 271.8737 -3.192274E-05
49.2934 347.3226 271.9488 -3.194143E-05
49.3934 347.3226 271.9488 -3.194143E-05
49.4934 347.0226 272.2487 -3.241762E-05
49.5934 347.0226 272.2487 -3.241762E-05
49.69341 347.0226 272.2487 -3.241762E-05
49.7934 347.0226 272.2487 -3.241762E-05
49.8934 347.0226 272.2487 -3.241762E-05
49.9934 347.0226 272.2487 -3.241762E-05
50.0934 347.0226 272.2487 -3.241762E-05
50.19341 347.0226 272.2487 -3.241762E-05
50.2934 347.0226 272.2487 -3.241762E-05
50.3934 347.0226 272.2487 -3.241762E-05
50.4934 347.0226 272.2487 -3.241762E-05
50.5934 347.0226 272.2487 -3.241762E-05
50.69341 347.0226 272.2487 -3.241762E-05
50.7934 347.0226 272.2487 -3.241762E-05
50.8934 347.0226 272.2487 -3.241762E-05
50.9934 347.0226 272.2487 -3.241762E-05
51.0934 347.0226 272.2487 -3.241762E-05
51.19341 347.0226 272.2487 -3.241762E-05
51.2934 347.0226 272.2487 -3.241762E-05
51.3934 347.0226 272.2487 -3.241762E-05
51.4934 347.0226 272.2487 -3.241762E-05
51.5934 347.0226 272.2487 -3.241762E-05
51.69341 347.0226 272.2487 -3.241762E-05
51.7934 347.0226 272.2487 -3.241762E-05
51.8934 347.0226 272.2487 -3.241762E-05
51.9934 347.0226 272.2487 -3.241762E-05
52.0934 347.0226 272.2487 -3.241762E-05
52.19341 347.0226 272.2487 -3.241762E-05
52.2934 347.0226 272.2487 -3.241762E-05
52.3934 347.0226 272.2487 -3.241762E-05
52.4934 347.0226 272.2487 -3.241762E-05
52.5934 347.0226 272.2487 -3.241762E-05
52.69341 347.0226 272.2487 -3.241762E-05
52.7934 347.0226 272.2487 -3.241762E-05
52.8934 347.0226 272.2487 -3.241762E-05
52.9934 347.0226 272.2487 -3.241762E-05
53.0934 347.0226 272.2487 -3.241762E-05
53.19341 347.0226 272.2487 -3.241762E-05
53.2934 347.0226 272.2487 -3.241762E-05
53.3934 347.0226 272.2487 -3.241762E-05
53.4934 347.0226 272.2487 -3.241762E-05
53.5934 347.0226 272.2487 -3.241762E-05
53.69341 347.0226 272.2487 -3.241762E-05
53.7934 347.0226 272.2487 -3.241762E-05
53.8934 347.0226 272.2487 -3.241762E-05
53.9934 347.0226 272.2487 -3.241762E-05
54.0934 347.0226 272.2487 -3.241762E-05
54.19341 347.0226 272.2487 -3.241762E-05
54.2934 347.0226 272.2487 -3.241762E-05
54.3934 347.0226 272.2487 -3.241762E-05
54.4934 347.0226 272.2487 -3.241762E-05
54.5934 347.0226 272.2487 -3.241762E-05
54.69341 347.0226 272.2487 -3.241762E-05
54.7934 347.0226 272.2487 -3.241762E-05
54.8934 347.0226 272.2487 -3.241762E-05
54.9934 347.0226 272.2487 -3.241762E-05
55.0934 347.0226 272.2487 -3.241762E-05
55.19341 347.0226 272.2487 -3.241762E-05
55.2934 347.0226 272.2487 -3.241762E-05
55.3934 347.0226 272.2487 -3.241762E-05
55.4934 347.0226 272.2487 -3.241762E-05
55.5934 347.0226 272.2487 -3.241762E-05
55.69341 347.0226 272.2487 -3.241762E-05
55.7934 347.0226 272.2487 -3.241762E-05
55.8934 347.0226 272.2487 -3.241762E-05
55.9934 347.0226 272.2487 -3.241762E-05
56.0934 347.0226 272.2487 -3.241762E-05
56.19341 347.0226 272.2487 -3.241762E-05
56.2934 347.0226 272.2487 -3.241762E-05
56.3934 347.0226 272.2487 -3.241762E-05
56.4934 347.0226 272.2487 -3.241762E-05
56.5934 347.0226 272.2487 -3.241762E-05
56.69341 347.0226 272.2487 -3.241762E-05
56.7934 347.0226 272.2487 -3.241762E-05
56.8934 347.0226 272.2487 -3.241762E-05
56.9934 347.0226 272.2487 -3.241762E-05
57.0934 347.0226 272.2487 -3.241762E-05
57.19341 347.0226 272.2487 -3.241762E-05
57.2934 347.0226 272.2487 -3.241762E-05
57.3934 347.0226 272.2487 -3.241762E-05
57.4934 347.0226 272.2487 -3.241762E-05
57.5934 347.0226 272.2487 -3.241762E-05
57.69341 347.0226 272.2487 -3.241762E-05
57.7934 347.0226 272.2487 -3.241762E-05
57.8934 347.0226 272.2487 -3.241762E-05
57.9934 347.0226 272.2487 -3.241762E-05
58.0934 347.0226 272.2487 -3.241762E-05
58.19341 347.0226 272.2487 -3.241762E-05
58.2934 347.0226 272.2487 -3.241762E-05
58.3934 347.0226 272.2487 -3.241762E-05
58.4934 347.0226 272.2487 -3.241762E-05
58.5934 347.0226 272.2487 -3.241762E-05
58.69341 347.0226 272.2487 -3.241762E-05
58.7934 347.0226 272.2487 -3.241762E-05
58.8934 347.0226 272.2487 -3.241762E-05
58.9934 347.0226 272.2487 -3.241762E-05
59.0934 347.0226 272.2487 -3.241762E-05
59.19341 347.0226 272.2487 -3.241762E-05
59.2934 347.0226 272.2487 -3.241762E-05
59.3934 347.0226 272.2487 -3.241762E-05
59.4934 347.0226 272.2487 -3.241762E-05
59.5934 347.0226 272.2487 -3.241762E-05
59.69341 347.0226 272.2487 -3.241762E-05
59.7934 347.0226 272.2487 -3.241762E-05
59.8934 347.0226 272.2487 -3.241762E-05
59.9934 347.0226 272.2487 -3.241762E-05
60.0934 347.0226 272.2487 -3.241762E-05
60.19341 347.0226 272.2487 -3.241762E-05
60.2934 347.0226 272.2487 -3.241762E-05
60.3934 347.0226 272.2487 -3.241762E-05
60.4934 347.0226 272.2487 -3.241762E-05
60.5934 347.0226 272.2487 -3.241762E-05
60.69341 347.0226 272.2487 -3.241762E-05
60.7934 347.0226 272.2487 -3.241762E-05
