1.476472 0 270 0
1.73128 0 270 0
1.83128 0 270 0
1.93128 0 270 0
2.031281 0 270 0
2.13128 0 270 0
2.231281 0 270 0
2.33128 0 270 0
2.43128 0 270 0
2.531281 0 270 0
2.63128 0 270 0
2.731281 0 270 0
2.83128 0 270 0
2.93128 0 270 0
3.031281 0 270 0
3.13128 0 270 0
3.231281 0 270 0
3.33128 0 270 0
3.43128 0 270 0
3.531281 0 270 0
3.63128 0 270 0
3.731281 0 270 0
3.83128 0 270 0
3.93128 0 270 0
4.031281 0 270 0
4.13128 0 270 0
4.23128 0 270 0
4.331281 0 270 0
4.431281 0 270 0
4.531281 0 270 0
4.63128 0 270 0
4.73128 0 270 0
4.831281 0 270 0
4.931281 0 270 0
5.031281 0 270 0
5.13128 0 270 0
5.23128 0 270 0
5.331281 0 270 0
5.431281 0 270 0
5.531281 0 270 0
5.63128 0 270 0
5.73128 0 270 0
5.831281 0 270 0
5.931281 0 270 0
6.031281 0 270 0
6.13128 0 270 0
6.23128 0 270 0
6.331281 0 270 0
6.431281 0 270 0
6.531281 0 270 0
6.63128 0 270 0
6.73128 0 270 0
6.831281 0 270 0
6.931281 0 270 0
7.031281 0 270 0
7.13128 0.5764727 278.9815 -2.668178E-08
7.23128 1.309492 290.9591 -1.067496E-07
7.331281 2.023125 303.9395 -5.339413E-08
7.431281 2.628709 315.9241 1.068341E-07
7.531281 3.189127 327.911 0
7.63128 3.790037 341.8981 2.67389E-07
7.73128 4.310422 354.8878 1.270915E-06
7.831281 4.872965 8.876417 1.499524E-06
7.931281 5.337392 21.86809 6.431187E-07
8.031281 5.808835 34.8595 1.072725E-06
8.131281 6.292647 47.85042 8.589487E-07
8.23128 6.724356 58.61418 -2.149219E-07
8.331281 6.724356 58.61418 -2.149219E-07
8.43128 6.724356 58.61418 -2.149219E-07
8.531281 6.724356 58.61418 -2.149219E-07
8.631281 6.724356 58.61418 -2.149219E-07
8.73128 6.724356 58.61418 -2.149219E-07
8.831281 6.724356 58.61418 -2.149219E-07
8.93128 6.724356 58.61418 -2.149219E-07
9.031281 7.849357 61.1642 -2.154622E-07
9.131281 14.07436 81.1142 -8.801962E-07
9.23128 14.89938 89.88921 0
9.331281 14.89943 89.88921 0
9.43128 14.89944 89.88921 -8.834774E-07
9.531281 14.89944 89.88921 -8.834774E-07
9.631281 14.89944 89.88921 -8.834774E-07
9.73128 14.89944 89.88921 0
9.831281 14.89944 89.88921 0
9.93128 14.89944 89.88921 0
10.03128 14.89944 89.88921 -8.834774E-07
10.13128 14.89944 89.88921 -8.834774E-07
10.23128 14.89944 89.88921 0
10.33128 14.89944 89.88921 0
10.43128 14.89944 89.88921 0
10.53128 14.37444 90.11419 -4.406828E-07
10.63128 13.62445 90.11419 -4.39247E-07
10.73128 12.87447 90.26419 0
10.83128 12.87447 90.26419 0
10.93128 12.87447 90.26419 0
11.03128 12.87447 90.26419 0
11.13128 12.87447 90.26419 0
11.23128 12.87447 90.26419 0
11.33128 12.87447 90.26419 0
11.43128 12.87447 90.26419 0
11.53128 12.87447 90.26419 0
11.63128 12.87447 90.26419 0
11.73128 12.87447 90.26419 0
11.83128 12.87447 90.26419 0
11.93128 12.87447 90.26419 0
12.03128 12.87447 90.26419 0
12.13128 12.87447 90.26419 0
12.23128 12.87447 90.26419 0
12.33128 12.87447 90.26419 0
12.43128 12.87447 90.26419 0
12.53128 12.87447 90.26419 0
12.63128 12.87447 90.26419 0
12.73128 12.87447 90.26419 0
12.83128 12.87447 90.26419 0
12.93128 12.87447 90.26419 0
13.03128 12.87447 90.26419 0
13.13128 12.87447 90.26419 0
13.23128 12.87447 90.26419 0
13.33128 12.87447 90.26419 0
13.43128 12.87447 90.26419 0
13.53128 12.87447 90.26419 0
13.63128 12.87447 90.26419 0
13.73128 12.87447 90.26419 0
13.83128 12.87447 90.26419 0
13.93128 12.87447 90.26419 0
14.03128 14.22447 94.4642 0
14.13128 16.77448 101.6642 0
14.23128 17.67451 106.3892 -8.960712E-07
14.33128 18.19952 111.7892 0
14.43128 18.19952 111.8642 0
14.53128 18.19952 111.8642 2.6962E-06
14.63128 18.19952 111.8642 2.6962E-06
14.73128 18.19952 111.8642 2.6962E-06
14.83128 18.19952 111.8642 2.6962E-06
14.93128 18.19952 111.8642 2.6962E-06
15.03128 18.19952 111.8642 2.6962E-06
15.13128 18.19952 111.8642 2.6962E-06
15.23128 18.19952 111.8642 2.6962E-06
15.33128 18.19952 111.8642 2.6962E-06
15.43128 18.19952 111.8642 2.6962E-06
15.53128 18.19952 111.8642 2.6962E-06
15.63128 18.19952 111.8642 2.6962E-06
15.73128 18.19952 111.8642 2.6962E-06
15.83128 18.19952 111.8642 2.6962E-06
15.93128 18.19952 111.8642 2.6962E-06
16.03128 18.19952 111.8642 2.6962E-06
16.13128 18.19952 111.8642 2.6962E-06
16.23128 18.19952 111.8642 2.6962E-06
16.33128 18.19952 111.8642 2.6962E-06
16.43128 22.32453 128.8142 2.768854E-06
16.53128 26.74955 144.1892 9.560922E-07
16.63128 27.42456 149.9642 -9.618705E-07
16.73128 27.42457 150.1142 1.009964E-05
16.83128 27.42457 150.1142 1.009964E-05
16.93128 27.42457 150.1142 1.009964E-05
17.03128 27.42457 150.1142 1.009964E-05
17.13128 27.42457 150.1142 1.009964E-05
17.23128 27.42457 150.1142 1.009964E-05
17.33128 27.42457 150.1142 1.009964E-05
17.43128 27.42457 150.1142 1.009964E-05
17.53128 27.42457 150.1142 1.009964E-05
17.63128 27.42457 150.1142 1.009964E-05
17.73128 27.42457 150.1142 1.009964E-05
17.83128 27.42457 150.1142 1.009964E-05
17.93128 27.42457 150.1142 1.009964E-05
18.03128 27.42457 150.1142 1.009964E-05
18.13128 27.42457 150.1142 1.009964E-05
18.23128 27.42457 150.1142 1.009964E-05
18.33128 27.42457 150.1142 1.009964E-05
18.43128 27.42457 150.1142 1.009964E-05
18.53128 27.42457 150.1142 1.009964E-05
18.63128 27.42457 150.1142 1.009964E-05
18.73128 27.42457 150.1142 1.009964E-05
18.83128 27.42457 150.1142 1.009964E-05
18.93128 27.42457 150.1142 1.009964E-05
19.03128 27.42457 150.1142 1.009964E-05
19.13128 27.42457 150.1142 1.009964E-05
19.23128 27.42457 150.1142 1.009964E-05
19.33128 27.42457 150.1142 1.009964E-05
19.43128 27.42457 150.1142 1.009964E-05
19.53128 27.42457 150.1142 1.009964E-05
19.63128 27.42457 150.1142 1.009964E-05
19.73128 27.42457 150.1142 1.009964E-05
19.83128 27.42458 152.2142 8.656836E-06
19.93128 27.42459 153.7142 1.106151E-05
20.03128 27.4246 155.1392 1.442806E-05
20.13128 27.34962 159.7892 1.922438E-05
20.23128 27.27465 165.5641 2.089238E-05
20.33128 27.27467 170.0642 2.041211E-05
20.43128 27.2747 172.0891 1.584941E-05
20.53128 27.27473 172.1642 1.765048E-05
20.63128 27.27473 172.1642 1.765048E-05
20.73128 27.27473 172.1642 1.765048E-05
20.83128 27.27473 172.1642 1.765048E-05
20.93128 27.27473 172.1642 1.765048E-05
21.03128 27.27473 172.1642 1.765048E-05
21.13128 27.27473 172.1642 1.765048E-05
21.23128 27.27473 172.1642 1.765048E-05
21.33128 27.27473 172.1642 1.765048E-05
21.43128 29.67475 187.8392 1.916164E-05
21.53128 31.32476 197.8892 1.399245E-05
21.63128 31.62475 203.5143 1.504004E-05
21.73128 31.62478 206.2143 2.406408E-05
21.83128 31.6248 207.7143 2.205874E-05
21.93128 31.6248 208.6893 2.205874E-05
22.03128 31.32482 210.3393 2.198815E-05
22.13128 30.34983 212.9643 2.473397E-05
22.23128 29.67484 214.9143 2.947947E-05
22.33128 28.02487 216.9392 3.094981E-05
22.43128 24.04986 218.2892 2.991789E-05
22.53128 19.32488 218.5142 3.076149E-05
22.63128 14.2999 218.7392 3.215915E-05
22.73128 11.1499 218.9643 3.393776E-05
22.83128 9.574903 219.1143 3.311821E-05
22.93128 9.574903 219.1143 3.311821E-05
23.03128 9.574903 219.1143 3.311821E-05
23.13128 9.574903 219.1143 3.311821E-05
23.23128 9.574903 219.1143 3.311821E-05
23.33128 9.574903 219.1143 3.311821E-05
23.43128 9.574903 219.1143 3.311821E-05
23.53128 9.574903 219.1143 3.311821E-05
23.63128 9.574903 219.1143 3.311821E-05
23.73128 8.299912 219.1143 3.1924E-05
23.83128 6.574918 219.1143 3.201362E-05
23.93128 6.499917 219.1143 3.136435E-05
24.03128 6.499917 219.1143 3.136435E-05
24.13128 6.499917 219.1143 3.136435E-05
24.23128 8.299919 224.6643 3.149259E-05
24.33128 15.49993 248.6643 2.923788E-05
24.43128 17.44993 268.8393 2.953369E-05
24.53128 17.44993 269.2143 3.132361E-05
24.63128 17.44993 269.2143 3.132361E-05
24.73128 17.44993 269.2143 3.132361E-05
24.83128 17.44993 269.2143 3.132361E-05
24.93128 17.44993 269.2143 3.132361E-05
25.03128 17.44994 271.8393 3.132361E-05
25.13128 20.67494 304.9893 3.102646E-05
25.23128 21.42497 323.3643 3.210031E-05
25.33128 21.42498 323.4393 3.118316E-05
25.43128 21.42498 323.4393 3.118316E-05
25.53128 21.42498 323.4393 3.118316E-05
25.63128 25.47499 352.3893 2.955385E-05
25.73128 29.82499 18.33923 2.01745E-05
25.83128 29.975 19.31422 1.872649E-05
25.93128 29.975 19.31422 1.872649E-05
26.03128 29.975 19.31422 1.872649E-05
26.13128 29.975 19.31422 1.872649E-05
26.23128 29.075 21.33923 1.660688E-05
26.33128 23.52501 31.53922 2.188241E-05
26.43128 15.65002 37.68923 1.950616E-05
26.53128 10.10002 41.81424 2.03795E-05
26.63128 7.550021 44.06424 2.260756E-05
26.73128 7.550021 44.06424 2.260756E-05
26.83128 7.550021 44.06424 2.260756E-05
26.93128 7.550021 44.06424 2.260756E-05
27.03128 7.550021 44.06424 2.260756E-05
27.13128 6.050027 46.23926 2.382492E-05
27.23128 4.77503 48.48928 2.516695E-05
27.33128 3.650034 49.61423 2.577221E-05
27.43128 1.025034 51.6392 2.593752E-05
27.53128 0.3500344 52.08919 2.596054E-05
27.63128 0.3500346 52.08919 2.596054E-05
27.73128 0.3500346 52.08919 2.596054E-05
27.83128 0.3500346 52.08919 2.596054E-05
27.93128 0.3500346 52.08919 2.596054E-05
28.03128 0.3500346 52.08919 2.596054E-05
28.13128 0.3500346 52.08919 2.596054E-05
28.23128 0.3500346 52.08919 2.596054E-05
28.33128 0.3500346 52.08919 2.596054E-05
28.43128 0.3500346 52.08919 2.596054E-05
28.53128 0.3500346 52.08919 2.596054E-05
28.63128 0.3500346 52.08919 2.596054E-05
28.73128 0.3500346 52.08919 2.596054E-05
28.83128 0.3500346 52.08919 2.596054E-05
28.93128 0.3500346 52.08919 2.596054E-05
29.03128 0.3500346 52.08919 2.596054E-05
29.13128 0.3500346 52.08919 2.596054E-05
29.23128 0.3500346 52.08919 2.596054E-05
29.33128 0.3500346 52.08919 2.596054E-05
29.43128 0.3500346 52.08919 2.596054E-05
29.53128 0.3500346 52.08919 2.596054E-05
29.63128 0.3500349 44.36418 2.598722E-05
29.73128 0.4250351 28.76419 2.59074E-05
29.83128 0.4250349 19.23919 2.594743E-05
29.93128 0.4250348 18.63919 2.597411E-05
30.03128 0.4250349 16.8392 2.587406E-05
30.13128 0.725035 10.76418 2.59021E-05
30.23128 1.100036 7.089212 2.591147E-05
30.33128 1.100036 7.089212 2.591147E-05
30.43128 1.100036 7.089212 2.591147E-05
30.53128 1.025036 8.064181 2.575073E-05
30.63128 1.025036 9.114179 2.57574E-05
30.73128 1.025036 12.86417 2.579076E-05
30.83128 1.025036 12.93917 2.561731E-05
30.93128 1.025036 12.93917 2.561731E-05
31.03128 1.025036 12.93917 2.561731E-05
31.13128 1.025036 12.93917 2.561731E-05
31.23128 1.025036 12.93917 2.561731E-05
31.33128 1.025036 12.93917 2.561731E-05
31.43128 1.025036 12.93917 2.561731E-05
31.53128 1.025036 12.93917 2.561731E-05
31.63128 1.025036 12.93917 2.561731E-05
31.73128 1.025036 12.93917 2.561731E-05
31.83128 1.025036 12.93917 2.561731E-05
31.93128 1.025036 12.93917 2.561731E-05
32.03128 1.025036 12.93917 2.561731E-05
32.13128 1.025036 12.93917 2.561731E-05
32.23128 1.025036 12.93917 2.561731E-05
32.33128 1.025036 12.93917 2.561731E-05
32.43128 1.025036 13.16417 2.559062E-05
32.53128 1.025035 13.23917 2.588416E-05
32.63128 1.025035 13.23917 2.588416E-05
32.73128 1.025035 13.23917 2.588416E-05
32.83128 1.025035 13.23917 2.588416E-05
32.93128 1.025035 13.23917 2.588416E-05
33.03128 1.025035 13.23917 2.588416E-05
33.13128 1.025035 13.23917 2.588416E-05
33.23128 1.025035 13.23917 2.588416E-05
33.33128 1.025035 13.23917 2.588416E-05
33.43128 1.025035 13.23917 2.588416E-05
33.53128 1.025035 13.23917 2.588416E-05
33.63128 1.025035 13.23917 2.588416E-05
33.73128 1.025035 13.23917 2.588416E-05
33.83128 1.025035 13.23917 2.588416E-05
33.93128 1.025035 13.23917 2.588416E-05
34.03128 1.025035 13.23917 2.588416E-05
34.13128 1.025035 13.23917 2.588416E-05
34.23128 1.025035 13.23917 2.588416E-05
34.33128 1.025035 13.23917 2.588416E-05
34.43128 1.025035 13.23917 2.588416E-05
34.53128 1.025035 13.23917 2.588416E-05
34.63128 1.025035 13.23917 2.588416E-05
34.73128 1.025035 13.23917 2.588416E-05
34.83128 1.025035 13.23917 2.588416E-05
34.93128 1.025035 13.23917 2.588416E-05
35.03128 1.025035 13.23917 2.588416E-05
35.13128 1.025035 13.23917 2.588416E-05
35.23128 1.025035 13.23917 2.588416E-05
35.33128 1.025035 13.23917 2.588416E-05
35.43128 1.025035 13.23917 2.588416E-05
35.53128 1.025035 13.23917 2.588416E-05
35.63128 1.025035 13.23917 2.588416E-05
35.73128 1.025035 13.23917 2.588416E-05
35.83128 1.025035 13.23917 2.588416E-05
35.93128 1.025035 13.23917 2.588416E-05
36.03128 1.025035 13.23917 2.588416E-05
36.13128 1.025035 13.23917 2.588416E-05
36.23128 1.025035 13.23917 2.588416E-05
36.33128 1.025035 13.23917 2.588416E-05
36.43128 1.025035 13.23917 2.588416E-05
36.53128 1.025035 13.23917 2.588416E-05
36.63128 1.025035 13.23917 2.588416E-05
36.73128 1.025035 13.23917 2.588416E-05
36.83128 1.025035 13.23917 2.588416E-05
36.93128 1.025035 13.23917 2.588416E-05
37.03128 1.025035 13.23917 2.588416E-05
37.13128 1.025035 13.23917 2.588416E-05
37.23128 1.025035 13.23917 2.588416E-05
37.33128 1.025035 13.23917 2.588416E-05
37.43128 1.025035 13.23917 2.588416E-05
37.53128 1.025035 13.23917 2.588416E-05
37.63128 1.025035 13.23917 2.588416E-05
37.73128 1.025035 13.23917 2.588416E-05
37.83128 1.025035 13.23917 2.588416E-05
37.93128 1.025035 13.23917 2.588416E-05
38.03128 1.025035 13.23917 2.588416E-05
38.13128 1.025035 13.23917 2.588416E-05
38.23128 1.025035 13.23917 2.588416E-05
38.33128 1.025035 13.23917 2.588416E-05
38.43128 1.025035 13.23917 2.588416E-05
38.53128 1.025035 13.23917 2.588416E-05
38.63128 1.025035 13.23917 2.588416E-05
38.73128 1.025035 13.23917 2.588416E-05
38.83128 1.025035 13.23917 2.588416E-05
38.93128 1.025035 13.23917 2.588416E-05
39.03128 1.025035 13.23917 2.588416E-05
39.13128 1.025035 13.23917 2.588416E-05
39.23128 1.025035 13.23917 2.588416E-05
39.33128 1.025035 13.23917 2.588416E-05
39.43128 1.025035 13.23917 2.588416E-05
39.53128 1.025035 13.23917 2.588416E-05
39.63128 1.025035 13.23917 2.588416E-05
39.73128 1.025035 13.23917 2.588416E-05
39.83128 1.025035 13.23917 2.588416E-05
39.93128 1.025035 13.23917 2.588416E-05
40.03128 1.025035 13.23917 2.588416E-05
40.13128 1.025035 13.23917 2.588416E-05
40.23128 1.025035 13.23917 2.588416E-05
40.33128 1.025035 13.23917 2.588416E-05
40.43128 1.025035 13.23917 2.588416E-05
40.53128 1.025035 13.23917 2.588416E-05
40.63128 1.025035 13.23917 2.588416E-05
40.73128 1.025035 13.23917 2.588416E-05
40.83128 1.025035 13.23917 2.588416E-05
40.93128 1.025035 13.23917 2.588416E-05
41.03128 1.025035 13.23917 2.588416E-05
41.13128 1.025035 13.23917 2.588416E-05
41.23128 1.025035 13.23917 2.588416E-05
41.33128 1.025035 13.23917 2.588416E-05
41.43128 1.025035 13.23917 2.588416E-05
41.53128 1.025035 13.23917 2.588416E-05
41.63128 1.025035 13.23917 2.588416E-05
41.73128 1.025035 13.23917 2.588416E-05
41.83128 1.025035 13.23917 2.588416E-05
41.93128 1.025035 13.23917 2.588416E-05
42.03128 1.025035 13.23917 2.588416E-05
42.13128 1.025035 13.23917 2.588416E-05
42.23128 1.025035 13.23917 2.588416E-05
42.33128 1.025035 13.23917 2.588416E-05
42.43128 1.025035 13.23917 2.588416E-05
42.53128 1.025035 13.23917 2.588416E-05
42.63128 1.025035 13.23917 2.588416E-05
42.73128 1.025035 13.23917 2.588416E-05
42.83128 1.025035 13.23917 2.588416E-05
42.93128 1.025035 13.23917 2.588416E-05
43.03128 1.025035 13.23917 2.588416E-05
43.13128 1.025035 13.23917 2.588416E-05
43.23128 1.025035 13.23917 2.588416E-05
43.33128 1.025035 13.23917 2.588416E-05
43.43128 1.100036 16.46418 2.597818E-05
43.53128 4.850038 40.31419 2.559814E-05
43.63128 5.375041 54.11419 2.594072E-05
43.73128 5.600048 68.13921 2.573604E-05
43.83128 7.32505 80.06419 2.539357E-05
43.93128 9.125054 83.81417 2.507679E-05
44.03128 11.22507 83.51419 2.48071E-05
44.13128 12.12506 83.1392 2.532439E-05
44.23128 12.27507 83.06421 2.664935E-05
44.33128 12.27507 83.06421 2.664935E-05
44.43128 12.27507 83.06421 2.664935E-05
44.53128 12.27507 83.06421 2.664935E-05
44.63128 12.27507 83.06421 2.664935E-05
44.73128 12.27507 83.06421 2.664935E-05
44.83128 12.27507 83.06421 2.664935E-05
44.93128 12.27507 83.06421 2.664935E-05
45.03128 12.27507 83.06421 2.664935E-05
45.13128 12.27507 83.06421 2.664935E-05
45.23128 14.52507 84.48919 2.645889E-05
45.33128 15.87506 85.68916 2.751645E-05
45.43128 17.90009 87.11411 2.51217E-05
45.53128 19.85011 88.16408 2.450805E-05
45.63128 22.70012 88.98904 2.498748E-05
45.73128 26.00013 89.88901 2.849734E-05
45.83128 27.35014 90.03901 2.691425E-05
45.93128 27.50014 90.03901 2.598831E-05
46.03128 27.50014 90.03901 2.598831E-05
46.13128 27.50014 90.03901 2.598831E-05
46.23128 27.50014 90.03901 2.598831E-05
46.33128 27.50014 90.03901 2.598831E-05
46.43128 27.50014 90.03901 2.598831E-05
46.53128 27.50014 90.03901 2.598831E-05
46.63128 27.50014 90.03901 2.598831E-05
46.73128 27.50014 90.03901 2.598831E-05
46.83128 27.50014 90.03901 2.598831E-05
46.93128 27.50014 90.03901 2.598831E-05
47.03128 27.50014 90.03901 2.598831E-05
47.13128 27.50014 90.03901 2.598831E-05
47.23128 33.50015 91.314 2.457243E-05
47.33128 42.65019 94.68902 2.785921E-05
47.43128 48.27522 95.96399 2.309046E-05
47.53128 50.15031 96.18896 1.865369E-05
47.63128 50.15038 96.18897 1.865371E-05
47.73128 50.15038 96.18897 1.865371E-05
47.83128 50.15038 96.18897 1.865371E-05
47.93128 50.15038 96.18897 1.865371E-05
48.03128 50.15038 96.18897 1.865371E-05
48.13128 50.15038 96.18897 1.865371E-05
48.23128 50.15038 96.18897 1.865371E-05
48.33128 50.15038 96.18897 1.865371E-05
48.43128 50.15038 96.18897 1.865371E-05
48.53128 50.15038 96.18897 1.865371E-05
48.63128 50.15038 96.18897 1.865371E-05
48.73128 50.15038 96.18897 1.865371E-05
48.83128 49.32541 101.064 2.881882E-05
48.93128 48.87545 105.189 2.336623E-05
49.03128 47.90049 110.0641 3.056377E-05
49.13128 46.25053 114.9391 2.716246E-05
49.23128 44.37554 119.2891 3.105625E-05
49.33128 43.17557 122.289 3.27807E-05
49.43128 41.82561 125.139 3.208046E-05
49.53128 39.95062 129.339 3.452524E-05
49.63128 37.70065 134.139 2.697661E-05
49.73128 34.17568 139.7639 2.579941E-05
49.83128 33.05068 141.4139 2.852062E-05
49.93128 33.05068 141.4139 2.852062E-05
50.03128 33.05068 141.4139 2.852062E-05
50.13128 33.05068 141.4139 2.852062E-05
50.23128 33.05068 141.4139 2.852062E-05
50.33128 30.20071 146.5889 2.765999E-05
50.43128 27.42573 154.014 2.452796E-05
50.53128 25.32575 159.639 2.550296E-05
50.63128 22.70078 163.539 2.938357E-05
50.73128 20.22578 166.164 2.775131E-05
50.83128 18.42582 168.1889 2.654731E-05
50.93128 16.70082 170.3639 3.086379E-05
51.03128 15.50085 171.9388 3.388952E-05
51.13128 14.15086 173.289 3.626525E-05
51.23128 12.27587 174.564 4.008336E-05
51.33128 11.22588 175.3891 4.711188E-05
51.43128 11.22588 175.3891 4.711188E-05
51.53128 10.85088 175.5391 4.974121E-05
51.63128 10.85088 175.5391 4.974121E-05
51.73128 10.85088 175.5391 4.974121E-05
51.83128 10.85088 175.5391 4.974121E-05
51.93128 10.85088 175.5391 4.974121E-05
52.03128 10.85088 175.5391 4.974121E-05
52.13128 10.85088 175.5391 4.974121E-05
52.23128 10.85088 175.5391 4.974121E-05
52.33128 10.85088 175.5391 4.974121E-05
52.43128 10.85088 175.5391 4.974121E-05
52.53128 10.85088 175.5391 4.974121E-05
52.63128 10.85088 175.5391 4.974121E-05
52.73128 10.85088 175.5391 4.974121E-05
52.83128 10.85088 175.5391 4.974121E-05
52.93128 10.85088 175.5391 4.974121E-05
53.03128 10.85088 175.5391 4.974121E-05
53.13128 10.85088 175.5391 4.974121E-05
53.23128 10.85088 175.5391 4.974121E-05
53.33128 10.85088 175.5391 4.974121E-05
53.43128 10.85088 175.5391 4.974121E-05
53.53128 10.85088 175.5391 4.974121E-05
53.63128 10.85088 175.5391 4.974121E-05
53.73128 10.85088 175.5391 4.974121E-05
53.83128 10.85088 175.5391 4.974121E-05
53.93128 10.85088 175.5391 4.974121E-05
54.03128 10.85088 175.5391 4.974121E-05
54.13128 10.85088 175.5391 4.974121E-05
54.23128 10.85088 175.5391 4.974121E-05
54.33128 10.85088 175.5391 4.974121E-05
54.43128 10.85088 175.5391 4.974121E-05
54.53128 10.85088 175.5391 4.974121E-05
54.63128 10.85088 175.5391 4.974121E-05
54.73128 10.85088 175.5391 4.974121E-05
54.83128 10.85088 175.5391 4.974121E-05
54.93128 10.85088 175.5391 4.974121E-05
55.03128 10.85088 175.5391 4.974121E-05
55.13128 10.85088 175.5391 4.974121E-05
55.23128 10.85088 175.5391 4.974121E-05
55.33128 10.85088 175.5391 4.974121E-05
55.43128 10.85088 175.5391 4.974121E-05
55.53128 10.85088 175.5391 4.974121E-05
55.63128 10.85088 175.5391 4.974121E-05
55.73128 10.85088 175.5391 4.974121E-05
55.83128 10.85088 175.5391 4.974121E-05
55.93128 10.85088 175.5391 4.974121E-05
56.03128 10.85088 175.5391 4.974121E-05
56.13128 10.85088 175.5391 4.974121E-05
56.23128 10.85088 175.5391 4.974121E-05
56.33128 10.85088 175.5391 4.974121E-05
56.43128 10.85088 175.5391 4.974121E-05
56.53128 10.85088 175.5391 4.974121E-05
56.63128 10.85088 175.5391 4.974121E-05
56.73128 10.85088 175.5391 4.974121E-05
56.83128 10.85088 175.5391 4.974121E-05
56.93128 10.85088 175.5391 4.974121E-05
57.03128 10.85088 175.5391 4.974121E-05
57.13128 10.85088 175.5391 4.974121E-05
57.23128 10.85088 175.5391 4.974121E-05
57.33128 10.85088 175.5391 4.974121E-05
57.43128 10.85088 175.5391 4.974121E-05
57.53128 10.85088 175.5391 4.974121E-05
57.63128 10.85088 175.5391 4.974121E-05
57.73128 10.85088 175.5391 4.974121E-05
57.83128 10.85088 175.5391 4.974121E-05
57.93128 10.85088 175.5391 4.974121E-05
58.03128 10.85088 175.5391 4.974121E-05
58.13128 10.85088 175.5391 4.974121E-05
58.23128 10.85088 175.5391 4.974121E-05
58.33128 10.85088 175.5391 4.974121E-05
58.43128 10.85088 175.5391 4.974121E-05
58.53128 10.85088 175.5391 4.974121E-05
58.63128 10.85088 175.5391 4.974121E-05
58.73128 10.85088 175.5391 4.974121E-05
58.83128 10.85088 175.5391 4.974121E-05
58.93128 10.85088 175.5391 4.974121E-05
59.03128 10.85088 175.5391 4.974121E-05
59.13128 10.85088 175.5391 4.974121E-05
59.23128 10.85088 175.5391 4.974121E-05
59.33128 10.85088 175.5391 4.974121E-05
59.43128 10.85088 175.5391 4.974121E-05
59.53128 10.85088 175.5391 4.974121E-05
59.63128 10.85088 175.5391 4.974121E-05
59.73128 10.85088 175.5391 4.974121E-05
59.83128 10.85088 175.5391 4.974121E-05
59.93128 10.85088 175.5391 4.974121E-05
60.03128 10.85088 175.5391 4.974121E-05
60.13128 10.85088 175.5391 4.974121E-05
60.23128 10.85088 175.5391 4.974121E-05
60.33128 10.85088 175.5391 4.974121E-05
60.43128 10.85088 175.5391 4.974121E-05
60.53128 10.85088 175.5391 4.974121E-05
60.63128 10.85088 175.5391 4.974121E-05
60.73128 10.85088 175.5391 4.974121E-05
60.83128 10.85088 175.5391 4.974121E-05
60.93128 10.85088 175.5391 4.974121E-05
61.03128 10.85088 175.5391 4.974121E-05
61.13128 10.85088 175.5391 4.974121E-05
61.23128 10.85088 175.5391 4.974121E-05
61.33128 10.85088 175.5391 4.974121E-05
61.43128 10.85088 175.5391 4.974121E-05
61.53128 10.85088 175.5391 4.974121E-05
61.63128 10.85088 175.5391 4.974121E-05
