1.984131 0 270 0
2.03362 0 270 0
2.296449 345.3506 345.8569 356.5231
2.310338 345.3506 345.8569 356.5231
2.324227 345.3506 345.8569 356.5231
2.338116 345.3506 345.8569 356.5231
2.352005 345.3506 345.8569 356.5231
2.365894 345.3506 345.8569 356.5231
2.379783 345.3506 345.8569 356.5231
2.393672 345.3506 345.8569 356.5231
2.40756 345.3506 345.8569 356.5231
2.421449 345.3506 345.8569 356.5231
2.435338 345.3506 345.8569 356.5231
2.449227 345.3506 345.8569 356.5231
2.463116 345.3506 345.8569 356.5231
2.477005 345.3506 345.8569 356.5231
2.490894 345.3506 345.8569 356.5231
2.504783 345.3506 345.8569 356.5231
2.518672 345.3506 345.8569 356.5231
2.53256 345.3506 345.8569 356.5231
2.546449 345.3506 345.8569 356.5231
2.560338 345.3506 345.8569 356.5231
2.574227 345.3506 345.8569 356.5231
2.588116 345.3506 345.8569 356.5231
2.602005 345.3506 345.8569 356.5231
2.615894 345.3506 345.8569 356.5231
2.629783 345.0596 346.9081 357.3444
2.643672 345.0596 346.9081 357.3444
2.65756 345.0596 346.9081 357.3444
2.671449 345.0596 346.9081 357.3444
2.685338 345.0596 346.9081 357.3444
2.699227 341.9421 356.8763 2.303251
2.713116 341.9421 356.8763 2.303251
2.727005 341.9421 356.8763 2.303251
2.740894 341.9421 356.8763 2.303251
2.754783 340.9471 356.5225 3.211165
2.768672 340.9471 356.5225 3.211165
2.78256 340.9471 356.5225 3.211165
2.796449 340.3081 355.7747 3.824631
2.810338 340.3081 355.7747 3.824631
2.824227 339.8782 355.0681 4.32478
2.838116 339.8782 355.0681 4.32478
2.852005 340.0193 354.793 4.279503
2.865894 340.0193 354.793 4.279503
2.879783 339.7423 352.7125 5.364336
2.893672 339.7423 352.7125 5.364336
2.90756 339.7423 352.7125 5.364336
2.921449 339.7423 352.7125 5.364336
2.935338 339.7423 352.7125 5.364336
2.949227 339.7423 352.7125 5.364336
2.963116 339.7423 352.7125 5.364336
2.977005 339.7423 352.7125 5.364336
2.990894 339.7423 352.7125 5.364336
3.004783 339.7423 352.7125 5.364336
3.018672 339.7423 352.7125 5.364336
3.03256 339.7423 352.7125 5.364336
3.046449 339.7423 352.7125 5.364336
3.060338 339.7423 352.7125 5.364336
3.074227 339.7423 352.7125 5.364336
3.088116 339.7423 352.7125 5.364336
3.102005 339.7423 352.7125 5.364336
3.115894 339.7423 352.7125 5.364336
3.129783 339.7423 352.7125 5.364336
