1.473189 0 270 0
1.632106 0 270 0
1.732106 0 270 0
1.832106 0 270 0
1.932106 0 270 0
2.032105 0 270 0
2.132106 0 270 0
2.232105 0 270 0
2.332106 0 270 0
2.432106 0 270 0
2.532106 0 270 0
2.632106 0 270 0
2.732105 0 270 0
2.832106 0 270 0
2.932106 0 270 0
3.032106 0 270 0
3.132106 0 270 0
3.232105 0 270 0
3.332106 0 270 0
3.432106 0 270 0
3.532106 0 270 0
3.632106 0 270 0
3.732105 0.2250002 273.75 -1.334032E-08
3.832106 0.07500026 281.4 -3.335056E-09
3.932106 359.0248 286.275 -1.067372E-07
4.032105 359.3998 302.25 -1.334094E-07
4.132106 1.04976 315.15 -1.867943E-07
4.232106 2.324762 320.175 -3.738336E-07
4.332106 3.899767 326.175 0
4.432106 5.549769 335.475 2.144486E-07
4.532105 5.699768 335.85 3.217559E-07
4.632106 5.699768 335.85 3.217559E-07
4.732106 6.44977 339.675 -1.074015E-07
4.832106 7.724778 352.65 8.615925E-07
4.932106 8.774787 7.050035 1.133849E-06
5.032105 9.749785 16.50008 3.248571E-06
5.132106 10.7998 24.75007 1.521045E-06
5.232106 11.3998 33.75011 1.959651E-06
5.332106 11.69981 41.92508 2.615665E-06
5.432106 11.69983 46.20008 4.359442E-06
5.532105 11.69984 54.37511 6.975108E-06
5.632106 11.54984 57.7501 6.099933E-06
5.732106 11.54987 65.17509 8.714193E-06
5.832106 12.22488 57.00011 7.425454E-06
5.932106 12.82489 47.77505 6.129323E-06
6.032105 13.1249 37.20007 7.890072E-06
6.132106 13.4249 21.97507 1.119142E-05
6.232106 13.42491 8.700117 1.426357E-05
6.332106 13.19993 0.8251069 2.058761E-05
6.432106 12.22495 349.2751 2.227637E-05
6.532105 11.47495 340.2752 2.983816E-05
6.632106 11.02497 333.0753 3.696766E-05
6.732106 10.64998 323.7003 3.909321E-05
6.832106 9.974991 313.5003 4.161014E-05
6.932106 8.700006 301.4253 4.318559E-05
7.032105 7.425019 291.5253 4.261917E-05
7.132106 6.525033 284.0253 4.275218E-05
7.232106 5.775042 277.5753 4.312098E-05
7.332106 4.875049 270.0003 4.327211E-05
7.432106 4.500056 260.8503 4.346299E-05
7.532105 4.050065 254.3253 4.32235E-05
7.632106 3.000069 246.0003 4.2961E-05
7.732106 1.95007 236.3253 4.298038E-05
7.832106 0.9000692 223.4252 4.301416E-05
7.932106 0.6000703 218.4752 4.309126E-05
8.032105 359.7001 210.3751 4.316284E-05
8.132106 359.025 204.75 4.310847E-05
8.232105 358.2749 198.3749 4.337535E-05
8.332106 358.1999 197.6248 4.337709E-05
8.432106 357.0747 189.5997 4.378627E-05
8.532105 354.5247 174.5997 4.484094E-05
8.632106 353.0245 165.0747 4.730772E-05
8.732105 351.7494 156.7496 5.187E-05
8.832106 350.6242 149.5495 5.083834E-05
8.932106 349.649 142.8744 5.663036E-05
9.032105 348.9739 137.9242 5.914849E-05
9.132106 348.1487 131.8492 5.888492E-05
9.232105 346.9485 124.0492 5.696688E-05
9.332106 345.5983 115.8741 5.641429E-05
9.432106 344.3232 107.4742 5.76394E-05
9.532105 343.2731 99.74915 5.52727E-05
9.632106 341.8479 91.19917 5.570631E-05
9.732105 340.6477 82.64922 5.42941E-05
9.832106 340.5727 81.89922 5.522445E-05
9.932106 340.4976 84.14923 5.525002E-05
10.03211 340.6476 86.24921 5.610392E-05
10.13211 341.0977 92.84924 5.504884E-05
10.23211 341.5478 96.67419 5.58029E-05
10.33211 341.9979 101.1742 5.655646E-05
10.43211 342.5979 105.6742 5.636772E-05
10.53211 343.5731 112.5742 5.429651E-05
10.63211 344.5482 122.0992 5.624773E-05
10.73211 345.0732 128.7742 5.434076E-05
10.83211 345.8984 135.8242 5.413854E-05
10.93211 346.4984 140.0991 5.312139E-05
11.03211 346.9485 142.7241 5.258483E-05
11.13211 347.5485 145.9491 5.377185E-05
11.23211 349.8735 154.949 5.637347E-05
11.33211 352.7235 163.574 5.90659E-05
11.43211 355.1235 168.7489 6.126658E-05
11.53211 1.423421 174.1488 6.167082E-05
11.63211 8.848428 183.4487 6.472327E-05
11.73211 11.39844 189.8986 5.791829E-05
11.83211 12.89845 197.9236 5.29904E-05
11.93211 13.12345 203.1736 5.150433E-05
12.03211 12.59847 212.3236 5.730185E-05
12.13211 9.223472 218.3985 6.33581E-05
12.23211 5.098478 222.5234 6.621601E-05
12.33211 1.273481 230.1734 6.570345E-05
12.43211 0.448482 243.7484 6.562252E-05
12.53211 359.6985 264.4483 6.562141E-05
12.63211 358.4983 280.2733 6.560302E-05
12.73211 357.5981 288.2233 6.558475E-05
12.83211 357.5981 288.7483 6.558474E-05
12.93211 357.5981 288.7483 6.558474E-05
13.03211 357.5981 288.7483 6.558474E-05
13.13211 357.5981 288.7483 6.558474E-05
13.23211 357.5981 288.7483 6.558474E-05
13.33211 357.5981 288.7483 6.558474E-05
13.43211 357.5981 288.7483 6.558474E-05
13.53211 357.5981 288.7483 6.558474E-05
13.63211 357.5981 288.7483 6.558474E-05
13.73211 357.5981 288.8233 6.547793E-05
13.83211 358.7981 291.1483 6.532806E-05
13.93211 2.623122 296.9233 6.506169E-05
14.03211 6.898128 298.1984 6.535991E-05
14.13211 12.14813 299.8484 6.462645E-05
14.23211 15.52315 300.3734 6.734332E-05
14.33211 17.02316 300.4484 6.785998E-05
14.43211 17.39818 300.4484 6.62083E-05
14.53211 17.02318 300.4484 6.696708E-05
14.63211 12.2232 299.8484 6.857583E-05
14.73211 8.098219 299.3985 7.179256E-05
14.83211 5.473228 299.5485 7.225988E-05
14.93211 358.1232 303.7485 7.282328E-05
15.03211 349.1982 314.6235 7.170686E-05
15.13211 349.2733 320.2485 7.364418E-05
15.23211 349.2733 320.2485 7.364418E-05
15.33211 348.9732 320.5485 7.350085E-05
15.43211 340.0482 328.7235 7.311727E-05
15.53211 338.3982 331.2736 6.519704E-05
15.63211 338.3982 331.2736 6.519704E-05
15.73211 338.3982 331.2736 6.519704E-05
15.83211 338.3982 331.2736 6.519704E-05
15.93211 338.3982 331.2736 6.519704E-05
16.03211 338.3982 331.2736 6.519704E-05
16.1321 338.3982 331.2736 6.519704E-05
16.23211 338.3982 331.2736 6.519704E-05
16.33211 338.3982 331.2736 6.519704E-05
16.43211 338.3982 331.2736 6.519704E-05
16.53211 338.3982 331.2736 6.519704E-05
16.6321 338.3982 331.2736 6.519704E-05
16.73211 338.3982 331.2736 6.519704E-05
16.83211 338.3982 331.2736 6.519704E-05
16.93211 338.3982 331.2736 6.519704E-05
17.03211 338.3982 331.2736 6.519704E-05
17.1321 338.3982 331.2736 6.519704E-05
17.23211 338.3982 331.2736 6.519704E-05
17.33211 338.3982 331.2736 6.519704E-05
