1.467853 0 270 0
1.715796 0 270 0
1.815795 0 270 0
1.915795 0 270 0
2.015795 0 270 0
2.115795 0 270 0
2.215796 0 270 0
2.315795 0 270 0
2.415796 0 270 0
2.515795 0 270 0
2.615795 0 270 0
2.715796 0 270 0
2.815795 0 270 0
2.915796 0 270 0
3.015795 0 270 0
3.115795 0 270 0
3.215796 0 270 0
3.315795 0 270 0
3.415796 0 270 0
3.515795 0 270 0
3.615795 0 270 0
3.715796 0 270 0
3.815795 0 270 0
3.915796 0 270 0
4.015796 0 270 0
4.115796 0 270 0
4.215796 0 270 0
4.315795 0 270 0
4.415795 0 270 0
4.515796 0 270 0
4.615796 0 270 0
4.715796 0 270 0
4.815795 0 270 0
4.915795 0 270 0
5.015796 0 270 0
5.115796 0 270 0
5.215796 0 270 0
5.315795 0 270 0
5.415795 0 270 0
5.515796 0 270 0
5.615796 0 270 0
5.715796 0 270 0
5.815795 0 270 0
5.915795 0 270 0
6.015796 0 270 0
6.115796 0 270 0
6.215796 0 270 0
6.315795 0 270 0
6.415795 0 270 0
6.515796 0 270 0
6.615796 0 270 0
6.715796 0 270 0
6.815795 0 270 0
6.915795 0 270 0
7.015796 0 270 0
7.115796 0 270 0
7.215796 0 270 0
7.315795 0 270 0
7.415795 0 270 0
7.515796 0 270 0
7.615796 0 270 0
7.715796 0 270 0
7.815795 0 270 0
7.915795 0 270 0
8.015796 0 270 0
8.115795 0 270 0
8.215796 0 270 0
8.315796 0 270 0
8.415795 0 270 0
8.515796 0 270 0
8.615795 0 270 0
8.715796 0 270 0
8.815796 0 270 0
8.915795 0 270 0
9.015796 0 270 0
9.115795 0 270 0
9.215796 0 270 0
9.315796 0 270 0
9.415795 0 270 0
9.515796 0 270 0
9.615795 0 270 0
9.715796 0 270 0
9.815796 0 270 0
9.915795 0 270 0
10.0158 0 270 0
10.1158 0 270 0
10.2158 0 270 0
10.3158 0 270 0
10.4158 0 270 0
10.5158 0 270 0
10.6158 0 270 0
10.7158 0.9 275.1 -5.336743E-08
10.8158 6.975005 320.775 4.300696E-07
10.9158 7.650005 327.525 8.614408E-07
11.0158 9.525008 338.625 1.623204E-06
11.1158 11.40001 351 1.850783E-06
11.2158 11.62502 355.125 4.739617E-06
11.3158 11.62502 355.125 4.739617E-06
11.4158 11.62502 355.125 4.739617E-06
11.5158 11.62502 355.125 4.739617E-06
11.6158 12.07502 357.825 4.392739E-06
11.7158 16.20003 21.975 5.556723E-06
11.8158 21.00004 47.70002 8.23064E-06
11.9158 22.87505 56.325 8.339852E-06
12.0158 22.87506 56.47499 1.019315E-05
12.1158 22.87506 56.84998 8.339852E-06
12.2158 22.87506 56.84998 6.486552E-06
12.3158 22.87506 56.84998 6.486552E-06
12.4158 22.87506 56.84998 6.486552E-06
12.5158 22.87506 56.84998 6.486552E-06
12.6158 22.87506 56.84998 6.486552E-06
12.7158 22.87506 56.84998 6.486552E-06
12.8158 22.87506 56.84998 6.486552E-06
12.9158 22.95006 56.62499 7.417306E-06
13.0158 23.32507 55.95001 9.297601E-06
13.1158 23.32507 55.95001 9.297601E-06
13.2158 23.32507 55.95001 9.297601E-06
13.3158 23.32507 55.95001 9.297601E-06
13.4158 23.32507 55.95001 9.297601E-06
13.5158 23.32507 55.95001 9.297601E-06
13.6158 23.32507 55.95001 9.297601E-06
13.7158 23.32507 55.95001 9.297601E-06
13.8158 23.32507 55.95001 9.297601E-06
13.9158 23.32507 55.95001 9.297601E-06
14.0158 23.32507 55.95001 9.297601E-06
14.1158 23.32507 55.95001 9.297601E-06
14.2158 23.32507 55.95001 9.297601E-06
14.3158 23.32507 55.95001 9.297601E-06
14.4158 23.32507 55.95001 9.297601E-06
14.5158 23.32507 55.95001 9.297601E-06
14.6158 22.76414 47.96973 1.111075E-05
14.7158 21.7461 34.00683 9.191877E-06
14.8158 20.65767 20.04924 1.733634E-05
14.9158 19.50966 6.096467 2.33238E-05
15.0158 18.36032 353.1474 3.013548E-05
15.1158 17.05751 339.2083 2.813134E-05
15.2158 15.80719 326.2686 2.883819E-05
15.3158 14.28922 311.3456 3.127659E-05
15.4158 12.8373 297.4211 3.108596E-05
15.5158 11.354 284.5077 3.178478E-05
15.6158 10.79654 280.4915 0
15.7158 10.79654 280.4915 0
15.8158 10.79654 280.4915 0
15.9158 10.79654 280.4915 0
16.01579 10.79654 280.4915 0
16.1158 10.79654 280.4915 0
16.2158 10.79654 280.4915 0
16.3158 10.79654 280.4915 0
16.4158 10.79654 280.4915 0
16.51579 10.79654 280.4915 0
16.6158 10.79654 280.4915 0
16.7158 10.79654 280.4915 0
16.8158 10.79654 280.4915 0
16.9158 10.79654 280.4915 0
17.01579 10.79654 280.4915 0
17.1158 10.79654 280.4915 0
17.2158 10.79654 280.4915 0
17.3158 10.79654 280.4915 0
17.4158 10.79654 280.4915 0
17.51579 10.79654 280.4915 0
17.6158 10.79654 280.4915 0
17.7158 10.79654 280.4915 0
17.8158 10.79654 280.4915 0
17.9158 10.79654 280.4915 0
18.01579 10.79654 280.4915 0
18.1158 10.79654 280.4915 0
18.2158 10.79654 280.4915 0
18.3158 10.79654 280.4915 0
18.4158 10.79654 280.4915 0
18.5158 10.79654 280.4915 0
18.6158 10.79654 280.4915 0
18.7158 10.79654 280.4915 0
18.8158 10.79654 280.4915 0
18.9158 10.79654 280.4915 0
19.0158 11.17155 276.7415 0
19.1158 11.77155 265.4165 0
19.2158 11.69655 257.3165 4.359391E-07
19.3158 11.24656 251.1664 0
19.4158 9.971578 244.1914 -8.668689E-07
19.5158 9.44659 241.6414 4.327554E-07
19.6158 9.146598 239.4663 4.323847E-07
19.7158 9.146598 239.4663 4.323847E-07
19.8158 9.146598 239.4663 4.323847E-07
19.9158 9.146598 239.4663 4.323847E-07
20.0158 9.146599 239.5414 0
20.1158 10.1966 250.2664 4.337372E-07
20.2158 12.07161 265.7164 4.3654E-07
20.3158 13.27162 279.3664 4.386006E-07
20.4158 13.72162 292.9414 4.394282E-07
20.5158 13.72163 300.8914 4.394283E-07
20.6158 13.72165 303.2163 2.63657E-06
20.7158 13.72167 303.4413 5.273139E-06
20.8158 13.72167 303.4413 4.833711E-06
20.9158 13.57168 292.2664 7.465535E-06
21.0158 12.74669 281.5414 6.565097E-06
21.1158 11.6967 271.5663 6.539089E-06
21.2158 11.02171 266.7663 6.958542E-06
21.3158 11.02171 266.6163 6.523632E-06
21.4158 11.02171 266.6163 6.523632E-06
21.5158 11.02171 266.6163 6.523632E-06
21.6158 11.02171 266.6163 6.523632E-06
21.7158 11.02171 266.6163 6.523632E-06
21.8158 11.02171 266.6163 6.523632E-06
21.9158 11.02171 266.6163 6.523632E-06
22.0158 11.02171 266.6163 6.523632E-06
22.1158 11.02171 266.6163 6.523632E-06
22.2158 11.02171 266.6163 6.523632E-06
22.3158 11.02171 266.6163 6.523632E-06
22.4158 11.02171 266.6163 6.523632E-06
22.5158 11.02171 266.6163 6.523632E-06
22.6158 11.02171 266.6163 6.523632E-06
22.7158 11.02171 266.6163 6.523632E-06
22.8158 11.02171 266.6163 6.523632E-06
22.9158 11.02171 266.6163 6.523632E-06
23.0158 11.02171 266.6163 6.523632E-06
23.1158 11.02171 266.6163 6.523632E-06
23.2158 11.02171 266.6163 6.523632E-06
23.3158 11.02171 266.6163 6.523632E-06
23.4158 11.02171 266.6163 6.523632E-06
23.5158 11.02171 266.6163 6.523632E-06
23.6158 11.02171 266.6163 6.523632E-06
23.7158 11.02171 266.6163 6.523632E-06
23.8158 11.02171 266.6163 6.523632E-06
23.9158 11.02171 266.6163 6.523632E-06
24.0158 11.02171 266.6163 6.523632E-06
24.1158 11.02171 266.6163 6.523632E-06
24.2158 11.02171 266.6163 6.523632E-06
24.3158 11.02171 266.6163 6.523632E-06
24.4158 11.02171 266.6163 6.523632E-06
24.5158 11.02171 266.6163 6.523632E-06
24.6158 11.02171 266.6163 6.523632E-06
24.7158 11.02171 266.6163 6.523632E-06
24.8158 11.02171 266.6163 6.523632E-06
24.9158 11.02171 266.6163 6.523632E-06
25.0158 11.02171 266.6163 6.523632E-06
25.1158 11.02171 266.6163 6.523632E-06
25.2158 11.02171 266.6163 6.523632E-06
25.3158 11.02171 266.6163 6.523632E-06
25.4158 11.02171 266.6163 6.523632E-06
25.5158 11.02171 266.6163 6.523632E-06
25.6158 11.02171 266.6163 6.523632E-06
25.7158 11.02171 266.6163 6.523632E-06
25.8158 11.02171 266.6163 6.523632E-06
25.9158 11.02171 266.6163 6.523632E-06
26.0158 11.02171 266.6163 6.523632E-06
26.1158 11.02171 266.6163 6.523632E-06
26.2158 11.02171 266.6163 6.523632E-06
26.3158 11.02171 266.6163 6.523632E-06
26.4158 11.02171 266.6163 6.523632E-06
26.5158 11.02171 266.6163 6.523632E-06
26.6158 11.02171 266.6163 6.523632E-06
26.7158 11.02171 266.6163 6.523632E-06
26.8158 11.02171 266.6163 6.523632E-06
26.9158 11.02171 266.6163 6.523632E-06
27.0158 11.02171 266.6163 6.523632E-06
27.1158 11.02171 266.6163 6.523632E-06
27.2158 11.02171 266.6163 6.523632E-06
27.3158 11.02171 266.6163 6.523632E-06
27.4158 11.02171 266.6163 6.523632E-06
27.5158 11.02171 266.6163 6.523632E-06
27.6158 11.02171 266.6163 6.523632E-06
27.7158 11.02171 266.6163 6.523632E-06
27.8158 11.02171 266.6163 6.523632E-06
27.9158 11.02171 266.6163 6.523632E-06
28.0158 11.02171 266.6163 6.523632E-06
28.1158 11.02171 266.6163 6.523632E-06
28.2158 11.02171 266.6163 6.523632E-06
28.3158 11.02171 266.6163 6.523632E-06
28.4158 10.57172 252.7412 6.079611E-06
28.5158 10.64673 208.7162 6.298284E-06
28.6158 11.54673 201.5911 5.010604E-06
28.7158 11.77174 196.791 2.398318E-06
28.8158 11.77174 196.791 2.398318E-06
28.9158 11.77174 196.791 2.398318E-06
29.0158 11.77173 196.9411 2.071275E-06
29.1158 11.77173 196.9411 2.071275E-06
29.2158 11.77173 196.9411 2.071275E-06
29.3158 11.77173 196.9411 2.071275E-06
29.4158 11.77173 196.9411 2.071275E-06
29.5158 11.77173 196.9411 2.071275E-06
29.6158 11.77173 196.9411 2.071275E-06
29.7158 11.77173 196.9411 2.071275E-06
29.8158 11.77173 196.9411 2.071275E-06
29.9158 11.77173 196.9411 2.071275E-06
30.0158 11.77173 196.9411 2.071275E-06
30.1158 11.77173 196.9411 2.071275E-06
30.2158 11.77173 196.9411 2.071275E-06
30.3158 11.77173 196.9411 2.071275E-06
30.4158 11.77173 196.9411 2.071275E-06
30.5158 11.77173 196.9411 2.071275E-06
30.6158 11.77173 196.9411 2.071275E-06
30.7158 11.77173 196.9411 2.071275E-06
30.8158 11.77174 196.941 2.834377E-06
30.9158 11.77174 196.941 3.379449E-06
31.0158 11.64154 203.9398 3.268894E-06
31.1158 11.39974 216.9373 2.830606E-06
31.2158 11.12074 231.9346 5.220671E-06
31.3158 10.84173 246.9318 7.823612E-06
31.4158 10.56274 261.9291 8.684905E-06
31.5158 10.28375 276.9263 7.375558E-06
31.6158 10.18863 282.0391 -8.674528E-07
31.7158 10.18863 282.0391 -8.674528E-07
31.8158 10.18863 282.0391 -8.674528E-07
31.9158 10.18863 282.0391 -8.674528E-07
32.0158 10.18863 282.0391 -8.674528E-07
32.1158 10.18863 282.0391 -8.674528E-07
32.2158 10.18863 282.0391 -8.674528E-07
32.3158 10.18863 282.0391 -8.674528E-07
32.41579 10.18863 282.0391 -8.674528E-07
32.5158 10.18863 282.0391 -8.674528E-07
32.6158 10.18863 282.0391 -8.674528E-07
32.7158 10.18863 282.0391 -8.674528E-07
32.8158 10.18863 282.0391 -8.674528E-07
32.91579 10.18863 282.0391 -8.674528E-07
33.0158 10.18863 282.0391 -8.674528E-07
33.1158 10.18863 282.0391 -8.674528E-07
33.2158 10.18863 282.0391 -8.674528E-07
33.3158 10.18863 282.0391 -8.674528E-07
33.41579 10.18863 282.0391 -8.674528E-07
33.5158 10.18863 282.0391 -8.674528E-07
33.6158 10.18863 282.0391 -8.674528E-07
33.7158 10.18863 282.0391 -8.674528E-07
33.8158 10.18863 282.0391 -8.674528E-07
33.91579 10.18863 282.0391 -8.674528E-07
34.0158 10.18863 282.0391 -8.674528E-07
34.1158 10.18863 282.0391 -8.674528E-07
34.2158 9.513637 284.1391 4.3284E-07
34.3158 8.913642 305.8891 0
34.41579 8.913647 325.4641 2.160527E-07
34.5158 8.913652 337.3891 -1.080263E-07
34.6158 8.91366 348.1141 1.080263E-06
34.7158 8.913675 350.2141 9.182239E-07
34.8158 8.913679 350.5141 9.182238E-07
34.91579 8.913681 350.6641 1.620395E-06
35.0158 8.913681 350.6641 1.620395E-06
35.1158 8.913681 350.6641 1.620395E-06
35.2158 8.913685 350.3641 1.728421E-06
35.3158 8.913695 349.2391 3.456843E-06
35.41579 8.913699 348.4891 3.078751E-06
35.5158 8.7637 349.4641 3.61741E-06
35.6158 8.763715 356.2142 4.265304E-06
35.7158 8.763728 4.989175 5.669075E-06
35.8158 8.763736 13.68919 6.370961E-06
35.91579 8.76374 15.71422 8.746573E-06
36.0158 8.76374 15.71422 8.746573E-06
36.1158 8.76374 15.71422 8.746573E-06
36.2158 8.76374 15.71422 8.746573E-06
36.3158 8.76374 15.71422 8.746573E-06
36.41579 8.76374 15.71422 8.746573E-06
36.5158 8.76374 15.71422 8.746573E-06
36.6158 8.76374 15.71422 8.746573E-06
36.7158 8.76374 15.71422 8.746573E-06
36.8158 8.76374 15.71422 8.746573E-06
36.91579 8.76374 15.71422 8.746573E-06
37.0158 8.76374 15.71422 8.746573E-06
37.1158 8.76374 15.71422 8.746573E-06
37.2158 8.76374 15.71422 8.746573E-06
37.3158 8.763744 16.98923 9.718417E-06
37.41579 10.71375 30.26422 1.064427E-05
37.5158 12.21375 39.78923 1.353997E-05
37.6158 13.18874 49.08919 1.578426E-05
37.7158 13.26375 56.06418 1.535053E-05
37.8158 13.26376 63.86417 1.578911E-05
37.91579 13.26377 71.13918 1.535053E-05
38.0158 13.26377 75.11419 1.754346E-05
38.1158 13.26377 75.11419 1.754346E-05
38.2158 13.56377 74.21417 1.712625E-05
38.3158 14.46378 64.08915 1.895696E-05
38.41579 14.23879 45.11414 1.761667E-05
38.5158 13.03879 24.48915 1.599373E-05
38.6158 12.51381 14.73914 1.661644E-05
38.7158 12.43881 14.36414 1.562804E-05
38.8158 10.48882 3.639171 1.926501E-05
38.91579 7.338823 342.8642 2.0337E-05
39.0158 6.963825 340.0142 2.032031E-05
39.1158 6.963825 340.0142 2.032031E-05
39.2158 6.963825 340.0142 2.032031E-05
39.3158 6.963825 340.0142 2.032031E-05
39.41579 6.963825 340.0142 2.032031E-05
39.5158 6.963825 340.0142 2.032031E-05
39.6158 6.963825 340.0142 2.032031E-05
39.7158 6.963825 340.0142 2.032031E-05
39.8158 6.963825 340.0142 2.032031E-05
39.91579 6.963825 340.0142 2.032031E-05
40.0158 6.963825 340.0142 2.032031E-05
40.1158 6.963825 340.0142 2.032031E-05
40.2158 6.963825 340.0142 2.032031E-05
40.3158 6.963825 340.0142 2.032031E-05
40.41579 7.488824 342.5642 2.238909E-05
40.5158 8.913829 350.5143 2.425193E-05
40.6158 9.363828 354.2643 2.747339E-05
40.7158 10.11383 0.6393381 3.187143E-05
40.8158 10.78884 10.46435 3.367904E-05
40.91579 11.23883 21.33937 3.80829E-05
41.0158 12.36384 36.63939 3.802094E-05
41.1158 12.73884 45.41439 3.895172E-05
41.2158 12.73886 47.28939 4.070235E-05
41.3158 12.81387 51.2644 4.290338E-05
41.41579 13.41388 76.31438 4.564133E-05
41.5158 13.71389 98.2894 4.394138E-05
41.6158 13.8639 106.3144 4.66078E-05
41.7158 13.8639 106.3144 4.924598E-05
41.8158 13.8639 106.3144 5.012537E-05
41.91579 13.8639 106.3144 5.012537E-05
42.0158 14.68891 97.76442 5.119199E-05
42.1158 14.76392 71.73941 4.944376E-05
42.2158 14.76393 65.36443 4.856083E-05
42.3158 14.76392 65.36443 4.502914E-05
42.41579 14.08893 68.66443 4.181199E-05
42.5158 14.01394 77.96442 4.135831E-05
42.6158 14.01395 79.9894 4.311825E-05
42.7158 14.38896 87.03938 4.186758E-05
42.8158 14.38896 91.7644 4.274901E-05
42.91579 14.38897 91.7644 4.274901E-05
43.0158 14.38897 91.7644 4.274901E-05
43.1158 14.38897 91.7644 4.274901E-05
43.2158 14.38897 91.7644 4.274901E-05
43.3158 14.38897 91.7644 4.274901E-05
43.41579 14.38897 91.7644 4.274901E-05
43.5158 14.38897 91.7644 4.274901E-05
43.6158 14.38897 91.7644 4.274901E-05
43.7158 14.38897 91.7644 4.274901E-05
43.8158 14.38897 91.7644 4.274901E-05
43.91579 14.38897 91.7644 4.274901E-05
44.0158 14.40387 87.7644 4.319261E-05
44.1158 14.54252 72.76508 4.32196E-05
44.2158 14.67309 58.76572 4.236271E-05
44.3158 14.79646 45.76631 4.326977E-05
44.41579 14.93341 31.76701 4.506446E-05
44.5158 14.96672 28.46515 -1.54657E-06
44.6158 14.96672 28.46515 -1.54657E-06
44.7158 14.96672 28.46515 -1.54657E-06
44.8158 14.96672 28.46515 -1.54657E-06
44.91579 14.96672 28.46515 -1.54657E-06
45.0158 14.96672 28.46515 -1.54657E-06
45.1158 14.96672 28.46515 -1.54657E-06
45.2158 14.96672 28.46515 -1.54657E-06
45.3158 14.96672 28.46515 -1.54657E-06
45.41579 14.96672 28.46515 -1.54657E-06
45.5158 14.96672 28.46515 -4.197832E-06
45.6158 14.96672 28.46515 -1.855884E-05
45.7158 14.40178 18.48104 -2.666458E-05
45.8158 13.61088 4.503295 -3.678482E-05
45.91579 12.81998 350.5256 -4.246662E-05
46.0158 11.99457 335.5483 -3.81863E-05
46.1158 11.26524 321.5674 -3.960984E-05
46.2158 10.5359 307.5864 -3.994708E-05
46.3158 9.754458 292.6067 -3.855025E-05
46.41579 9.025108 278.6257 -3.846919E-05
46.5158 8.999254 278.1301 0
46.6158 8.999254 278.1301 0
46.7158 8.999254 278.1301 0
46.8158 8.999254 278.1301 0
46.91579 8.999254 278.1301 0
47.0158 8.999254 278.1301 0
47.1158 8.999254 278.1301 0
47.2158 8.999254 278.1301 0
47.3158 8.999254 278.1301 0
47.41579 8.999254 278.1301 0
47.5158 8.999254 278.1301 0
47.6158 8.999254 278.1301 0
47.7158 8.999254 278.1301 0
47.8158 8.999254 278.1301 0
47.91579 8.999254 278.1301 0
48.0158 8.999254 278.1301 0
48.1158 8.999254 278.1301 0
48.2158 8.999254 278.1301 0
48.3158 8.999254 278.1301 0
48.41579 8.999254 278.1301 0
48.5158 8.999254 278.1301 0
48.6158 8.999254 278.1301 0
48.7158 8.999254 278.1301 0
48.8158 8.999254 278.1301 0
48.91579 8.999254 278.1301 0
49.0158 8.999254 278.1301 0
49.1158 8.999254 278.1301 0
49.2158 8.999254 278.1301 0
49.3158 8.999254 278.1301 0
49.41579 8.999254 278.1301 0
49.5158 8.999254 278.1301 0
49.6158 8.999254 278.1301 0
49.7158 8.999254 278.1301 0
49.8158 8.999254 278.1301 0
49.91579 8.999254 278.1301 0
50.0158 8.999254 278.1301 0
50.1158 8.999254 278.1301 0
50.2158 8.999254 278.1301 0
50.3158 8.999254 278.1301 0
50.41579 8.999254 278.1301 0
50.5158 8.999254 278.1301 0
50.6158 8.999254 278.1301 0
50.7158 8.999254 278.1301 0
50.8158 8.999254 278.1301 0
50.91579 8.999254 278.1301 0
51.0158 8.999254 278.1301 0
51.1158 8.999257 278.1301 0
51.2158 8.999268 278.1301 -8.644143E-07
51.3158 9.090543 283.1293 -4.323168E-07
51.41579 9.345769 297.127 4.326293E-07
51.5158 9.638762 311.1239 3.030996E-06
51.6158 9.951278 326.1207 1.950333E-06
51.7158 10.24194 340.1177 4.77179E-06
51.8158 10.53144 354.1147 6.513016E-06
51.91579 10.8456 8.111119 7.932373E-06
52.0158 11.22153 22.10608 7.398519E-06
52.1158 11.59493 36.10109 6.754586E-06
52.2158 11.96268 50.09616 6.109089E-06
52.3158 12.03911 53.00472 -8.729742E-07
52.41579 12.03911 53.00472 -8.729742E-07
52.5158 12.03911 53.00472 -8.729742E-07
52.6158 12.03911 53.00472 -8.729742E-07
52.7158 12.03911 53.00472 -8.729742E-07
52.8158 12.03912 53.00472 -4.364871E-07
52.91579 12.03912 53.00472 -8.729742E-07
53.0158 11.98904 43.00489 -4.36406E-07
53.1158 11.91872 29.00513 1.527024E-06
53.2158 11.86211 15.00528 1.090504E-06
53.3158 11.83829 0.005284429 4.112568E-06
53.41579 11.81601 346.0053 3.816122E-06
53.5158 11.79363 332.0053 6.977482E-06
53.6158 11.76951 317.0053 6.540815E-06
53.7158 11.74528 302.0053 6.104224E-06
53.8158 12.03582 290.0092 8.293153E-06
53.91579 12.03911 289.8852 -4.364872E-07
54.0158 12.03911 289.8852 -4.364872E-07
54.1158 12.03911 289.8852 -4.364872E-07
54.2158 12.03911 289.8852 -4.364872E-07
54.3158 12.03911 289.8852 -4.364872E-07
54.41579 12.03911 289.8852 -4.364872E-07
54.5158 12.03912 289.8852 8.729745E-07
54.6158 12.03913 298.8852 8.729745E-07
54.7158 12.03913 313.8852 8.729743E-07
54.8158 12.03913 327.8852 2.618923E-06
54.91579 12.03913 341.8852 1.527705E-06
55.0158 12.03914 356.8852 2.673484E-06
55.1158 12.03914 9.885196 3.601019E-06
55.2158 12.03913 23.88522 3.491898E-06
55.3158 12.03912 37.88525 6.11082E-06
55.41579 11.78035 50.8825 7.849289E-06
55.5158 11.72511 53.88065 8.719684E-07
55.6158 11.72511 53.88065 8.719684E-07
55.7158 11.72511 53.88065 8.719684E-07
55.8158 11.72511 53.88065 8.719684E-07
55.91579 11.72511 53.88065 8.719684E-07
56.0158 11.72511 53.88065 8.719684E-07
56.1158 11.72511 53.88065 8.719684E-07
56.2158 11.72513 53.88065 4.359842E-07
56.3158 11.8058 47.88119 -4.361121E-07
56.41579 12.00804 32.88256 2.61862E-06
56.5158 12.22511 19.88437 1.965563E-06
56.6158 12.48064 4.886558 3.224488E-06
56.7158 12.72062 350.8886 -2.188141E-07
56.8158 12.96245 336.8907 5.256594E-06
56.9158 13.18934 323.8927 5.699884E-06
57.0158 13.43657 309.8949 8.339109E-06
57.1158 13.97046 298.4651 -4.398988E-07
57.2158 13.97046 298.4651 -4.398988E-07
57.3158 13.97046 298.4651 -4.398988E-07
57.4158 13.97046 298.4651 -4.398988E-07
57.5158 13.97046 298.4651 -4.398988E-07
57.6158 13.97046 298.4651 -4.398988E-07
57.7158 13.97046 298.4651 -4.398988E-07
57.8158 13.97046 298.4651 -4.398988E-07
57.9158 13.97046 298.4651 -4.398988E-07
58.0158 13.97046 298.4651 -4.398988E-07
58.1158 13.97046 298.4651 -4.398988E-07
58.2158 13.97046 298.4651 -4.398988E-07
58.3158 13.97046 298.4651 -4.398988E-07
58.4158 13.97046 298.4651 -4.398988E-07
58.5158 13.97046 298.4651 -4.398988E-07
58.6158 13.97046 298.4651 -4.398988E-07
58.7158 13.97046 298.4651 -4.398988E-07
58.8158 13.97046 298.4651 -4.398988E-07
58.9158 13.97046 298.4651 -4.398988E-07
59.0158 13.97046 298.4651 -4.398988E-07
59.1158 13.97046 298.4651 -1.319696E-06
59.2158 13.91727 300.4644 -4.397975E-07
59.3158 13.54495 314.4595 -4.390998E-07
59.4158 13.17263 328.4545 -2.192113E-07
59.5158 12.80031 342.4496 2.18883E-07
59.6158 12.40139 357.4444 -3.360093E-06
59.7158 12.00247 12.43909 -5.67356E-06
59.8158 11.65673 25.43452 -8.063716E-06
59.9158 11.25779 40.42931 -1.088155E-05
60.0158 10.91204 53.42474 -1.043394E-05
60.1158 10.79654 57.76557 8.69159E-07
60.2158 10.79654 57.76557 8.69159E-07
60.3158 10.79654 57.76557 8.69159E-07
60.4158 10.79654 57.76557 8.69159E-07
60.5158 10.79654 57.76557 8.69159E-07
60.6158 10.79654 57.76557 8.69159E-07
60.7158 10.79654 57.76557 8.69159E-07
60.8158 10.79654 57.76557 8.69159E-07
60.9158 10.79654 57.76557 8.69159E-07
61.0158 10.79654 57.76557 8.69159E-07
61.1158 10.79654 57.76557 8.69159E-07
61.2158 10.79654 57.76557 8.69159E-07
61.3158 10.79654 57.76557 8.69159E-07
61.4158 10.94655 57.16558 -1.739192E-06
61.5158 11.02958 55.16731 -3.479364E-06
61.6158 11.5863 41.17842 -3.486131E-06
61.7158 12.12086 27.18862 -3.056343E-06
61.8158 12.65635 13.19885 -5.031454E-06
61.9158 13.23364 358.21 -3.398624E-06
62.0158 13.71507 344.2184 -4.174452E-06
62.1158 14.13917 330.2248 -7.483796E-06
62.2158 14.54395 317.2311 -9.70242E-06
62.3158 14.63236 314.5524 0
62.4158 14.63236 314.5524 0
62.5158 14.63236 314.5524 0
62.6158 14.63236 314.5524 0
62.7158 14.63236 314.5524 0
62.8158 14.63236 314.5524 0
62.9158 14.63237 314.5524 -3.52957E-06
63.0158 14.63237 314.5524 -4.411962E-06
63.1158 14.31835 323.5469 -3.524581E-06
63.2158 13.90083 336.5402 -3.51813E-06
63.3158 13.42666 351.5326 -3.511058E-06
63.4158 12.95246 6.525053 -5.037367E-06
63.5158 12.56198 21.51985 -7.65374E-06
63.6158 12.20956 35.51537 -1.15743E-05
63.7158 11.85711 49.51088 -1.570298E-05
63.8158 11.72512 54.75243 -8.719682E-07
63.9158 11.72512 54.75243 -8.719682E-07
64.01579 11.72512 54.75243 -8.719682E-07
64.1158 11.72512 54.75243 -1.307952E-06
64.2158 11.88327 50.75554 -3.489886E-06
64.3158 12.39855 37.76574 -4.370805E-06
64.41579 12.99672 22.77765 -7.885978E-06
64.51579 13.55701 8.788854 -1.262476E-05
64.6158 14.11729 354.8 -1.31504E-05
64.7158 14.67757 340.8112 -1.632763E-05
64.8158 15.19782 327.8217 -2.079081E-05
64.91579 15.30335 325.1866 -4.425797E-07
65.01579 15.30335 325.1866 -4.425797E-07
65.1158 15.30335 325.1866 -4.425797E-07
65.2158 15.30335 325.1866 -1.32774E-06
65.3158 14.86468 334.1759 1.76667E-06
65.41579 14.18229 348.1592 -2.091458E-06
65.51579 13.45117 3.141358 -3.209655E-06
65.6158 12.6713 19.12229 -4.812977E-06
65.7158 11.94016 34.1044 -5.454089E-06
65.8158 11.20902 49.08655 -6.963012E-06
65.91579 11.10384 51.24191 0
66.01579 11.10384 51.24191 0
66.1158 11.10384 51.24191 0
66.2158 11.10384 51.24191 0
66.3158 11.10384 51.24191 0
66.41579 11.10384 51.24191 0
66.51579 11.10384 51.24191 0
66.6158 11.10386 51.24191 0
66.7158 11.54254 42.25263 -8.713964E-07
66.8158 12.22493 28.26931 -2.183958E-06
66.91579 12.95606 13.28718 -1.314115E-06
67.01579 13.73593 357.3062 -4.284686E-06
67.1158 14.41832 343.3229 -2.424232E-06
67.2158 15.05196 330.3384 -2.210267E-06
67.3158 15.30335 325.1866 -4.425797E-07
67.41579 15.30335 325.1866 -4.425797E-07
67.51579 15.30335 325.1866 -4.425797E-07
67.6158 15.30335 325.1866 -4.425797E-07
67.7158 15.30335 325.1866 -1.32774E-06
67.8158 14.86468 334.1759 1.76667E-06
67.91579 14.18229 348.1592 -2.091458E-06
68.01579 13.45117 3.141358 -3.209655E-06
68.1158 12.76878 17.12467 -4.377115E-06
68.2158 12.08639 31.10798 -6.111899E-06
68.3158 11.40399 45.0913 -7.403235E-06
68.41579 11.10384 51.24191 0
68.51579 11.10384 51.24191 0
68.6158 11.10384 51.24191 0
68.7158 11.10384 51.24191 0
68.8158 11.10385 51.24191 8.700613E-07
68.91579 11.10387 51.24191 1.305092E-06
69.01579 11.10387 51.24191 1.305092E-06
69.1158 11.10387 51.24191 1.305092E-06
69.2158 11.10388 51.24191 4.350307E-07
69.3158 11.59129 41.25382 0
69.41579 12.27368 27.27051 4.368723E-07
69.51579 13.00481 12.28837 -6.571863E-07
69.6158 13.73594 357.3062 -6.866486E-07
69.7158 14.46706 342.3241 1.102165E-06
69.8158 15.19817 327.3419 3.538867E-06
69.91579 15.30335 325.1866 -4.425797E-07
70.01579 15.30335 325.1866 -4.425797E-07
70.1158 15.30335 325.1866 -4.425797E-07
70.2158 15.30335 325.1866 -4.425797E-07
70.3158 15.30335 325.1866 -4.425797E-07
70.41579 15.30335 325.1866 -4.425797E-07
70.51579 15.30335 325.1866 -4.425797E-07
70.6158 15.30335 325.1866 -4.425797E-07
70.7158 15.30335 325.1866 -4.425797E-07
70.8158 15.30335 325.1866 -4.425797E-07
70.91579 15.30335 325.1866 -4.425797E-07
71.01579 15.30335 325.1866 -4.425797E-07
71.1158 15.30335 325.1866 -4.425797E-07
71.2158 15.30335 325.1866 -4.425797E-07
71.3158 15.30335 325.1866 -4.425797E-07
71.41579 15.30335 325.1866 -4.425797E-07
71.51579 15.30335 325.1866 -4.425797E-07
71.6158 15.30335 325.1866 -4.425797E-07
71.7158 15.30335 325.1866 -4.425797E-07
71.8158 15.30335 325.1866 -4.425797E-07
71.91579 15.30335 325.1866 -4.425797E-07
72.01579 15.30335 325.1866 -4.425797E-07
72.1158 15.30335 325.1866 -4.425797E-07
72.2158 15.30335 325.1866 -4.425797E-07
72.3158 15.30335 325.1866 -4.425797E-07
72.41579 15.30335 325.1866 -4.425797E-07
72.51579 15.30335 325.1866 -4.425797E-07
72.6158 15.30335 325.1866 -4.425797E-07
72.7158 15.30335 325.1866 -4.425797E-07
72.8158 15.30335 325.1866 -4.425797E-07
72.91579 15.30335 325.1866 -4.425797E-07
73.01579 15.30335 325.1866 -4.425797E-07
73.1158 15.30335 325.1866 -4.425797E-07
73.2158 15.30335 325.1866 -4.425797E-07
73.3158 15.30335 325.1866 -4.425797E-07
73.41579 15.30335 325.1866 -4.425797E-07
73.51579 15.30335 325.1866 -4.425797E-07
73.6158 15.30335 325.1866 -4.425797E-07
73.7158 15.30335 325.1866 -4.425797E-07
73.8158 15.30335 325.1866 -4.425797E-07
73.91579 15.30335 325.1866 -4.425797E-07
74.01579 15.30335 325.1866 -4.425797E-07
74.1158 15.30335 325.1866 -4.425797E-07
74.2158 15.30335 325.1866 -4.425797E-07
74.3158 15.30335 325.1866 -4.425797E-07
74.41579 15.30335 325.1866 -4.425797E-07
74.51579 15.30335 325.1866 -4.425797E-07
74.6158 15.30335 325.1866 -4.425797E-07
74.7158 15.30335 325.1866 -4.425797E-07
74.8158 15.30335 325.1866 -4.425797E-07
74.91579 15.30335 325.1866 -4.425797E-07
75.01579 15.30335 325.1866 -4.425797E-07
75.1158 15.30335 325.1866 -4.425797E-07
75.2158 15.30335 325.1866 -4.425797E-07
75.3158 15.30335 325.1866 -4.425797E-07
75.41579 15.30335 325.1866 -4.425797E-07
75.51579 15.30335 325.1866 -4.425797E-07
75.6158 15.30335 325.1866 -4.425797E-07
75.7158 15.30335 325.1866 -4.425797E-07
75.8158 15.30335 325.1866 -4.425797E-07
75.91579 15.30335 325.1866 -4.425797E-07
76.01579 15.30335 325.1866 -4.425797E-07
76.1158 15.30335 325.1866 -4.425797E-07
76.2158 15.30335 325.1866 -4.425797E-07
76.3158 15.30335 325.1866 -4.425797E-07
76.41579 15.30335 325.1866 -4.425797E-07
76.51579 15.30335 325.1866 -4.425797E-07
76.6158 15.30335 325.1866 -4.425797E-07
76.7158 15.30335 325.1866 -4.425797E-07
76.8158 15.30335 325.1866 -4.425797E-07
76.91579 15.30335 325.1866 -4.425797E-07
77.01579 15.30335 325.1866 -4.425797E-07
77.1158 15.30335 325.1866 -4.425797E-07
77.2158 15.30335 325.1866 -4.425797E-07
77.3158 15.30335 325.1866 -4.425797E-07
77.41579 15.30335 325.1866 -4.425797E-07
77.51579 15.30335 325.1866 -4.425797E-07
77.6158 15.30335 325.1866 -4.425797E-07
77.7158 15.30335 325.1866 -4.425797E-07
77.8158 15.30335 325.1866 -4.425797E-07
77.91579 15.30335 325.1866 -4.425797E-07
78.01579 15.30335 325.1866 -4.425797E-07
78.1158 15.30335 325.1866 -4.425797E-07
78.2158 15.30335 325.1866 -4.425797E-07
78.3158 15.30335 325.1866 -4.425797E-07
78.41579 15.30335 325.1866 -4.425797E-07
78.51579 15.30335 325.1866 -4.425797E-07
78.6158 15.30335 325.1866 -4.425797E-07
78.7158 15.30335 325.1866 -4.425797E-07
78.8158 15.30335 325.1866 -4.425797E-07
78.91579 15.30335 325.1866 -4.425797E-07
79.01579 15.30335 325.1866 -4.425797E-07
79.1158 15.30335 325.1866 -4.425797E-07
79.2158 15.30335 325.1866 -4.425797E-07
79.3158 15.30335 325.1866 -4.425797E-07
79.41579 15.30335 325.1866 -4.425797E-07
79.51579 15.30335 325.1866 -4.425797E-07
79.6158 15.30335 325.1866 -4.425797E-07
79.7158 15.30335 325.1866 -4.425797E-07
79.8158 15.30335 325.1866 -4.425797E-07
79.91579 15.30335 325.1866 -4.425797E-07
80.01579 15.30335 325.1866 -4.425797E-07
80.1158 15.30335 325.1866 -4.425797E-07
80.2158 15.30335 325.1866 -4.425797E-07
80.3158 15.30335 325.1866 -4.425797E-07
80.41579 15.30335 325.1866 -4.425797E-07
80.51579 15.30335 325.1866 -4.425797E-07
80.6158 15.30335 325.1866 -4.425797E-07
80.7158 15.30335 325.1866 -4.425797E-07
80.8158 15.30335 325.1866 -4.425797E-07
80.91579 15.30335 325.1866 -4.425797E-07
81.01579 15.30335 325.1866 -4.425797E-07
81.1158 15.30335 325.1866 -4.425797E-07
81.2158 15.30335 325.1866 -4.425797E-07
81.3158 15.30335 325.1866 -4.425797E-07
81.41579 15.30335 325.1866 -4.425797E-07
81.51579 15.30335 325.1866 -4.425797E-07
81.6158 15.30335 325.1866 -4.425797E-07
81.7158 15.30335 325.1866 -4.425797E-07
81.8158 15.30335 325.1866 -4.425797E-07
81.91579 15.30335 325.1866 -4.425797E-07
82.01579 15.30335 325.1866 -4.425797E-07
82.1158 15.30335 325.1866 -4.425797E-07
82.2158 15.30335 325.1866 -4.425797E-07
82.3158 15.30335 325.1866 -4.425797E-07
82.41579 15.30335 325.1866 -4.425797E-07
82.5158 15.30335 325.1866 -4.425797E-07
82.6158 15.30335 325.1866 -4.425797E-07
82.7158 15.30335 325.1866 -4.425797E-07
82.8158 15.30335 325.1866 -4.425797E-07
82.91579 15.30335 325.1866 -4.425797E-07
83.0158 15.30335 325.1866 -4.425797E-07
83.1158 15.30335 325.1866 -4.425797E-07
83.2158 15.30335 325.1866 -4.425797E-07
83.3158 15.30335 325.1866 -4.425797E-07
83.41579 15.30335 325.1866 -4.425797E-07
83.5158 15.30335 325.1866 -4.425797E-07
83.6158 15.30335 325.1866 -4.425797E-07
83.7158 15.30335 325.1866 -4.425797E-07
83.8158 15.30335 325.1866 -4.425797E-07
83.91579 15.30335 325.1866 -4.425797E-07
84.0158 15.30335 325.1866 -4.425797E-07
84.1158 15.30335 325.1866 -4.425797E-07
84.2158 15.30335 325.1866 -4.425797E-07
84.3158 15.30335 325.1866 -4.425797E-07
84.41579 15.30335 325.1866 -4.425797E-07
84.5158 15.30335 325.1866 -4.425797E-07
84.6158 15.30335 325.1866 -4.425797E-07
84.7158 15.30335 325.1866 -4.425797E-07
84.8158 15.30335 325.1866 -4.425797E-07
84.91579 15.30335 325.1866 -4.425797E-07
85.0158 15.30335 325.1866 -4.425797E-07
85.1158 15.30335 325.1866 -4.425797E-07
85.2158 15.30335 325.1866 -4.425797E-07
85.3158 15.30335 325.1866 -4.425797E-07
85.41579 15.30335 325.1866 -4.425797E-07
85.5158 15.30335 325.1866 -4.425797E-07
85.6158 15.30335 325.1866 -4.425797E-07
85.7158 15.30335 325.1866 -4.425797E-07
85.8158 15.30335 325.1866 -4.425797E-07
85.91579 15.30335 325.1866 -4.425797E-07
86.0158 15.30335 325.1866 -4.425797E-07
86.1158 15.30335 325.1866 -4.425797E-07
86.2158 15.30335 325.1866 -4.425797E-07
86.3158 15.30335 325.1866 -4.425797E-07
86.41579 15.30335 325.1866 -4.425797E-07
86.5158 15.30335 325.1866 -4.425797E-07
86.6158 15.30335 325.1866 -4.425797E-07
86.7158 15.30335 325.1866 -4.425797E-07
86.8158 15.30335 325.1866 -4.425797E-07
86.91579 15.30335 325.1866 -4.425797E-07
87.0158 15.30335 325.1866 -4.425797E-07
87.1158 15.30335 325.1866 -4.425797E-07
87.2158 15.30335 325.1866 -4.425797E-07
87.3158 15.30335 325.1866 -4.425797E-07
87.41579 15.30335 325.1866 -4.425797E-07
87.5158 15.30335 325.1866 -4.425797E-07
87.6158 15.30335 325.1866 -4.425797E-07
87.7158 15.30335 325.1866 -4.425797E-07
87.8158 15.30335 325.1866 -4.425797E-07
87.91579 15.30335 325.1866 -4.425797E-07
88.0158 15.30335 325.1866 -4.425797E-07
88.1158 15.30335 325.1866 -4.425797E-07
88.2158 15.30335 325.1866 -4.425797E-07
88.3158 15.30335 325.1866 -4.425797E-07
88.41579 15.30335 325.1866 -4.425797E-07
88.5158 15.30335 325.1866 -4.425797E-07
88.6158 15.30335 325.1866 -4.425797E-07
88.7158 15.30335 325.1866 -4.425797E-07
88.8158 15.30335 325.1866 -4.425797E-07
88.91579 15.30335 325.1866 -4.425797E-07
89.0158 15.30335 325.1866 -4.425797E-07
89.1158 15.30335 325.1866 -4.425797E-07
89.2158 15.30335 325.1866 -4.425797E-07
89.3158 15.30335 325.1866 -4.425797E-07
89.41579 15.30335 325.1866 -4.425797E-07
89.5158 15.30335 325.1866 -4.425797E-07
89.6158 15.30335 325.1866 -4.425797E-07
89.7158 15.30335 325.1866 -4.425797E-07
89.8158 15.30335 325.1866 -4.425797E-07
89.91579 15.30335 325.1866 -4.425797E-07
90.0158 15.30335 325.1866 -4.425797E-07
90.1158 15.30335 325.1866 -4.425797E-07
90.2158 15.30335 325.1866 -4.425797E-07
90.3158 15.30335 325.1866 -4.425797E-07
90.41579 15.30335 325.1866 -4.425797E-07
90.5158 15.30335 325.1866 -4.425797E-07
90.6158 15.30335 325.1866 -4.425797E-07
90.7158 15.30335 325.1866 -4.425797E-07
90.8158 15.30335 325.1866 -4.425797E-07
90.91579 15.30335 325.1866 -4.425797E-07
91.0158 15.30335 325.1866 -4.425797E-07
91.1158 15.30335 325.1866 -4.425797E-07
91.2158 15.30335 325.1866 -4.425797E-07
91.3158 15.30335 325.1866 -4.425797E-07
91.41579 15.30335 325.1866 -4.425797E-07
91.5158 15.30335 325.1866 -4.425797E-07
91.6158 15.30335 325.1866 -4.425797E-07
91.7158 15.30335 325.1866 -4.425797E-07
91.8158 15.30335 325.1866 -4.425797E-07
91.91579 15.30335 325.1866 -4.425797E-07
92.0158 15.30335 325.1866 -4.425797E-07
92.1158 15.30335 325.1866 -4.425797E-07
92.2158 15.30335 325.1866 -4.425797E-07
92.3158 15.30335 325.1866 -4.425797E-07
92.41579 15.30335 325.1866 -4.425797E-07
92.5158 15.30335 325.1866 -4.425797E-07
92.6158 15.30335 325.1866 -4.425797E-07
92.7158 15.30335 325.1866 -4.425797E-07
92.8158 15.30335 325.1866 -4.425797E-07
92.91579 15.30335 325.1866 -4.425797E-07
93.0158 15.30335 325.1866 -4.425797E-07
93.1158 15.30335 325.1866 -4.425797E-07
93.2158 15.30335 325.1866 -4.425797E-07
93.3158 15.30335 325.1866 -4.425797E-07
93.41579 15.30335 325.1866 -4.425797E-07
93.5158 15.30335 325.1866 -4.425797E-07
93.6158 15.30335 325.1866 -4.425797E-07
93.7158 15.30335 325.1866 -4.425797E-07
93.8158 15.30335 325.1866 -4.425797E-07
93.91579 15.30335 325.1866 -4.425797E-07
94.0158 15.30335 325.1866 -4.425797E-07
94.1158 15.30335 325.1866 -4.425797E-07
94.2158 15.30335 325.1866 -4.425797E-07
94.3158 15.30335 325.1866 -4.425797E-07
94.41579 15.30335 325.1866 -4.425797E-07
94.5158 15.30335 325.1866 -4.425797E-07
94.6158 15.30335 325.1866 -4.425797E-07
94.7158 15.30335 325.1866 -4.425797E-07
94.8158 15.30335 325.1866 -4.425797E-07
94.91579 15.30335 325.1866 -4.425797E-07
95.0158 15.30335 325.1866 -4.425797E-07
95.1158 15.30335 325.1866 -4.425797E-07
95.2158 15.30335 325.1866 -4.425797E-07
95.3158 15.30335 325.1866 -4.425797E-07
95.41579 15.30335 325.1866 -4.425797E-07
95.5158 15.30335 325.1866 -4.425797E-07
95.6158 15.30335 325.1866 -4.425797E-07
95.7158 15.30335 325.1866 -4.425797E-07
95.8158 15.30335 325.1866 -4.425797E-07
95.91579 15.30335 325.1866 -4.425797E-07
96.0158 15.30335 325.1866 -4.425797E-07
96.1158 15.30335 325.1866 -4.425797E-07
96.2158 15.30335 325.1866 -4.425797E-07
96.3158 15.30335 325.1866 -4.425797E-07
96.41579 15.30335 325.1866 -4.425797E-07
96.5158 15.30335 325.1866 -4.425797E-07
96.6158 15.30335 325.1866 -4.425797E-07
96.7158 15.30335 325.1866 -4.425797E-07
96.8158 15.30335 325.1866 -4.425797E-07
96.91579 15.30335 325.1866 -4.425797E-07
97.0158 15.30335 325.1866 -4.425797E-07
97.1158 15.30335 325.1866 -4.425797E-07
97.2158 15.30335 325.1866 -4.425797E-07
97.3158 15.30335 325.1866 -4.425797E-07
97.41579 15.30335 325.1866 -4.425797E-07
97.5158 15.30335 325.1866 -4.425797E-07
97.6158 15.30335 325.1866 -4.425797E-07
97.7158 15.30335 325.1866 -4.425797E-07
97.8158 15.30335 325.1866 -4.425797E-07
97.91579 15.30335 325.1866 -4.425797E-07
98.0158 15.30335 325.1866 -4.425797E-07
98.1158 15.30335 325.1866 -4.425797E-07
98.2158 15.30335 325.1866 -4.425797E-07
98.3158 15.30335 325.1866 -4.425797E-07
98.41579 15.30335 325.1866 -4.425797E-07
98.5158 15.30335 325.1866 -4.425797E-07
98.6158 15.30335 325.1866 -4.425797E-07
98.7158 15.30335 325.1866 -4.425797E-07
98.8158 15.30335 325.1866 -4.425797E-07
98.91579 15.30335 325.1866 -4.425797E-07
99.0158 15.30335 325.1866 -4.425797E-07
99.1158 15.30335 325.1866 -4.425797E-07
99.2158 15.30335 325.1866 -4.425797E-07
99.3158 15.30335 325.1866 -4.425797E-07
99.41579 15.30335 325.1866 -4.425797E-07
99.5158 15.30335 325.1866 -4.425797E-07
99.6158 15.30335 325.1866 -4.425797E-07
99.7158 15.30335 325.1866 -4.425797E-07
99.8158 15.30335 325.1866 -4.425797E-07
99.91579 15.30335 325.1866 -4.425797E-07
100.0158 15.30335 325.1866 -4.425797E-07
100.1158 15.30335 325.1866 -4.425797E-07
100.2158 15.30335 325.1866 -4.425797E-07
100.3158 15.30335 325.1866 -4.425797E-07
100.4158 15.30335 325.1866 -4.425797E-07
100.5158 15.30335 325.1866 -4.425797E-07
100.6158 15.30335 325.1866 -4.425797E-07
100.7158 15.30335 325.1866 -4.425797E-07
100.8158 15.30335 325.1866 -4.425797E-07
100.9158 15.30335 325.1866 -4.425797E-07
101.0158 15.30335 325.1866 -4.425797E-07
101.1158 15.30335 325.1866 -4.425797E-07
101.2158 15.30335 325.1866 -4.425797E-07
101.3158 15.30335 325.1866 -4.425797E-07
101.4158 15.30335 325.1866 -4.425797E-07
101.5158 15.30335 325.1866 -4.425797E-07
101.6158 15.30335 325.1866 -4.425797E-07
101.7158 15.30335 325.1866 -4.425797E-07
101.8158 15.30335 325.1866 -4.425797E-07
101.9158 15.30335 325.1866 -4.425797E-07
102.0158 15.30335 325.1866 -4.425797E-07
102.1158 15.30335 325.1866 -4.425797E-07
102.2158 15.30335 325.1866 -4.425797E-07
102.3158 15.30335 325.1866 -4.425797E-07
102.4158 15.30335 325.1866 -4.425797E-07
102.5158 15.30335 325.1866 -4.425797E-07
102.6158 15.30335 325.1866 -4.425797E-07
102.7158 15.30335 325.1866 -4.425797E-07
102.8158 15.30335 325.1866 -4.425797E-07
102.9158 15.30335 325.1866 -4.425797E-07
103.0158 15.30335 325.1866 -4.425797E-07
103.1158 15.30335 325.1866 -4.425797E-07
103.2158 15.30335 325.1866 -4.425797E-07
103.3158 15.30335 325.1866 -4.425797E-07
103.4158 15.30335 325.1866 -4.425797E-07
103.5158 15.30335 325.1866 -4.425797E-07
103.6158 15.30335 325.1866 -4.425797E-07
103.7158 15.30335 325.1866 -4.425797E-07
103.8158 15.30335 325.1866 -4.425797E-07
103.9158 15.30335 325.1866 -4.425797E-07
104.0158 15.30335 325.1866 -4.425797E-07
104.1158 15.30335 325.1866 -4.425797E-07
104.2158 15.30335 325.1866 -4.425797E-07
104.3158 15.30335 325.1866 -4.425797E-07
104.4158 15.30335 325.1866 -4.425797E-07
104.5158 15.30335 325.1866 -4.425797E-07
104.6158 15.30335 325.1866 -4.425797E-07
104.7158 15.30335 325.1866 -4.425797E-07
104.8158 15.30335 325.1866 -4.425797E-07
104.9158 15.30335 325.1866 -4.425797E-07
105.0158 15.30335 325.1866 -4.425797E-07
105.1158 15.30335 325.1866 -4.425797E-07
105.2158 15.30335 325.1866 -4.425797E-07
105.3158 15.30335 325.1866 -4.425797E-07
105.4158 15.30335 325.1866 -4.425797E-07
105.5158 15.30335 325.1866 -4.425797E-07
105.6158 15.30335 325.1866 -4.425797E-07
105.7158 15.30335 325.1866 -4.425797E-07
105.8158 15.30335 325.1866 -4.425797E-07
105.9158 15.30335 325.1866 -4.425797E-07
106.0158 15.30335 325.1866 -4.425797E-07
106.1158 15.30335 325.1866 -4.425797E-07
106.2158 15.30335 325.1866 -4.425797E-07
106.3158 15.30335 325.1866 -4.425797E-07
106.4158 15.30335 325.1866 -4.425797E-07
106.5158 15.30335 325.1866 -4.425797E-07
106.6158 15.30335 325.1866 -4.425797E-07
106.7158 15.30335 325.1866 -4.425797E-07
106.8158 15.30335 325.1866 -4.425797E-07
106.9158 15.30335 325.1866 -4.425797E-07
107.0158 15.30335 325.1866 -4.425797E-07
107.1158 15.30335 325.1866 -4.425797E-07
107.2158 15.30335 325.1866 -4.425797E-07
107.3158 15.30335 325.1866 -4.425797E-07
107.4158 15.30335 325.1866 -4.425797E-07
107.5158 15.30335 325.1866 -4.425797E-07
107.6158 15.30335 325.1866 -4.425797E-07
107.7158 15.30335 325.1866 -4.425797E-07
107.8158 15.30335 325.1866 -4.425797E-07
107.9158 15.30335 325.1866 -4.425797E-07
108.0158 15.30335 325.1866 -4.425797E-07
108.1158 15.30335 325.1866 -4.425797E-07
108.2158 15.30335 325.1866 -4.425797E-07
108.3158 15.30335 325.1866 -4.425797E-07
108.4158 15.30335 325.1866 -4.425797E-07
108.5158 15.30335 325.1866 -4.425797E-07
108.6158 15.30335 325.1866 -4.425797E-07
108.7158 15.30335 325.1866 -4.425797E-07
108.8158 15.30335 325.1866 -4.425797E-07
108.9158 15.30335 325.1866 -4.425797E-07
109.0158 15.30335 325.1866 -4.425797E-07
109.1158 15.30335 325.1866 -4.425797E-07
109.2158 15.30335 325.1866 -4.425797E-07
109.3158 15.30335 325.1866 -4.425797E-07
109.4158 15.30335 325.1866 -4.425797E-07
109.5158 15.30335 325.1866 -4.425797E-07
109.6158 15.30335 325.1866 -4.425797E-07
109.7158 15.30335 325.1866 -4.425797E-07
109.8158 15.30335 325.1866 -4.425797E-07
109.9158 15.30335 325.1866 -4.425797E-07
110.0158 15.30335 325.1866 -4.425797E-07
110.1158 15.30335 325.1866 -4.425797E-07
110.2158 15.30335 325.1866 -4.425797E-07
110.3158 15.30335 325.1866 -4.425797E-07
110.4158 15.30335 325.1866 -4.425797E-07
110.5158 15.30335 325.1866 -4.425797E-07
110.6158 15.30335 325.1866 -4.425797E-07
110.7158 15.30335 325.1866 -4.425797E-07
110.8158 15.30335 325.1866 -4.425797E-07
110.9158 15.30335 325.1866 -4.425797E-07
111.0158 15.30335 325.1866 -4.425797E-07
111.1158 15.30335 325.1866 -4.425797E-07
111.2158 15.30335 325.1866 -4.425797E-07
111.3158 15.30335 325.1866 -4.425797E-07
111.4158 15.30335 325.1866 -4.425797E-07
111.5158 15.30335 325.1866 -4.425797E-07
111.6158 15.30335 325.1866 -4.425797E-07
111.7158 15.30335 325.1866 -4.425797E-07
111.8158 15.30335 325.1866 -4.425797E-07
111.9158 15.30335 325.1866 -4.425797E-07
112.0158 15.30335 325.1866 -4.425797E-07
112.1158 15.30335 325.1866 -4.425797E-07
112.2158 15.30335 325.1866 -4.425797E-07
112.3158 15.30335 325.1866 -4.425797E-07
112.4158 15.30335 325.1866 -4.425797E-07
112.5158 15.30335 325.1866 -4.425797E-07
112.6158 15.30335 325.1866 -4.425797E-07
112.7158 15.30335 325.1866 -4.425797E-07
112.8158 15.30335 325.1866 -4.425797E-07
112.9158 15.30335 325.1866 -4.425797E-07
113.0158 15.30335 325.1866 -4.425797E-07
113.1158 15.30335 325.1866 -4.425797E-07
113.2158 15.30335 325.1866 -4.425797E-07
113.3158 15.30335 325.1866 -4.425797E-07
113.4158 15.30335 325.1866 -4.425797E-07
113.5158 15.30335 325.1866 -4.425797E-07
113.6158 15.30335 325.1866 -4.425797E-07
113.7158 15.30335 325.1866 -4.425797E-07
113.8158 15.30335 325.1866 -4.425797E-07
113.9158 15.30335 325.1866 -4.425797E-07
114.0158 15.30335 325.1866 -4.425797E-07
114.1158 15.30335 325.1866 -4.425797E-07
114.2158 15.30335 325.1866 -4.425797E-07
114.3158 15.30335 325.1866 -4.425797E-07
114.4158 15.30335 325.1866 -4.425797E-07
114.5158 15.30335 325.1866 -4.425797E-07
114.6158 15.30335 325.1866 -4.425797E-07
114.7158 15.30335 325.1866 -4.425797E-07
114.8158 15.30335 325.1866 -4.425797E-07
114.9158 15.30335 325.1866 -4.425797E-07
115.0158 15.30335 325.1866 -4.425797E-07
115.1158 15.30335 325.1866 -4.425797E-07
115.2158 15.30335 325.1866 -4.425797E-07
115.3158 15.30335 325.1866 -4.425797E-07
115.4158 15.30335 325.1866 -4.425797E-07
115.5158 15.30335 325.1866 -4.425797E-07
115.6158 15.30335 325.1866 -4.425797E-07
115.7158 15.30335 325.1866 -4.425797E-07
115.8158 15.30335 325.1866 -4.425797E-07
115.9158 15.30335 325.1866 -4.425797E-07
116.0158 15.30335 325.1866 -4.425797E-07
116.1158 15.30335 325.1866 -4.425797E-07
116.2158 15.30335 325.1866 -4.425797E-07
116.3158 15.30335 325.1866 -4.425797E-07
116.4158 15.30335 325.1866 -4.425797E-07
116.5158 15.30335 325.1866 -4.425797E-07
116.6158 15.30335 325.1866 -4.425797E-07
116.7158 15.30335 325.1866 -4.425797E-07
116.8158 15.30335 325.1866 -4.425797E-07
116.9158 15.30335 325.1866 -4.425797E-07
117.0158 15.30335 325.1866 -4.425797E-07
117.1158 15.30335 325.1866 -4.425797E-07
117.2158 15.30335 325.1866 -4.425797E-07
117.3158 15.30335 325.1866 -4.425797E-07
117.4158 15.30335 325.1866 -4.425797E-07
117.5158 15.30335 325.1866 -4.425797E-07
117.6158 15.30335 325.1866 -4.425797E-07
117.7158 15.30335 325.1866 -4.425797E-07
117.8158 15.30335 325.1866 -4.425797E-07
117.9158 15.30335 325.1866 -4.425797E-07
118.0158 15.30335 325.1866 -4.425797E-07
118.1158 15.30335 325.1866 -4.425797E-07
118.2158 15.30335 325.1866 -4.425797E-07
118.3158 15.30335 325.1866 -4.425797E-07
118.4158 15.30335 325.1866 -4.425797E-07
118.5158 15.30335 325.1866 -4.425797E-07
118.6158 15.30335 325.1866 -4.425797E-07
118.7158 15.30335 325.1866 -4.425797E-07
118.8158 15.30335 325.1866 -4.425797E-07
118.9158 15.30335 325.1866 -4.425797E-07
119.0158 15.30335 325.1866 -4.425797E-07
119.1158 15.30335 325.1866 -4.425797E-07
119.2158 15.30335 325.1866 -4.425797E-07
119.3158 15.30335 325.1866 -4.425797E-07
119.4158 15.30335 325.1866 -4.425797E-07
119.5158 15.30335 325.1866 -4.425797E-07
119.6158 15.30335 325.1866 -4.425797E-07
119.7158 15.30335 325.1866 -4.425797E-07
119.8158 15.30335 325.1866 -4.425797E-07
119.9158 15.30335 325.1866 -4.425797E-07
120.0158 15.30335 325.1866 -4.425797E-07
120.1158 15.30335 325.1866 -4.425797E-07
120.2158 15.30335 325.1866 -4.425797E-07
120.3158 15.30335 325.1866 -4.425797E-07
120.4158 15.30335 325.1866 -4.425797E-07
120.5158 15.30335 325.1866 -4.425797E-07
120.6158 15.30335 325.1866 -4.425797E-07
120.7158 15.30335 325.1866 -4.425797E-07
120.8158 15.30335 325.1866 -4.425797E-07
120.9158 15.30335 325.1866 -4.425797E-07
121.0158 15.30335 325.1866 -4.425797E-07
121.1158 15.30335 325.1866 -4.425797E-07
121.2158 15.30335 325.1866 -4.425797E-07
121.3158 15.30335 325.1866 -4.425797E-07
121.4158 15.30335 325.1866 -4.425797E-07
121.5158 15.30335 325.1866 -4.425797E-07
121.6158 15.30335 325.1866 -4.425797E-07
121.7158 15.30335 325.1866 -4.425797E-07
121.8158 15.30335 325.1866 -4.425797E-07
121.9158 15.30335 325.1866 -4.425797E-07
122.0158 15.30335 325.1866 -4.425797E-07
122.1158 15.30335 325.1866 -4.425797E-07
122.2158 15.30335 325.1866 -4.425797E-07
122.3158 15.30335 325.1866 -4.425797E-07
122.4158 15.30335 325.1866 -4.425797E-07
122.5158 15.30335 325.1866 -4.425797E-07
122.6158 15.30335 325.1866 -4.425797E-07
122.7158 15.30335 325.1866 -4.425797E-07
122.8158 15.30335 325.1866 -4.425797E-07
122.9158 15.30335 325.1866 -4.425797E-07
123.0158 15.30335 325.1866 -4.425797E-07
123.1158 15.30335 325.1866 -4.425797E-07
123.2158 15.30335 325.1866 -4.425797E-07
123.3158 15.30335 325.1866 -4.425797E-07
123.4158 15.30335 325.1866 -4.425797E-07
123.5158 15.30335 325.1866 -4.425797E-07
123.6158 15.30335 325.1866 -4.425797E-07
123.7158 15.30335 325.1866 -4.425797E-07
123.8158 15.30335 325.1866 -4.425797E-07
123.9158 15.30335 325.1866 -4.425797E-07
124.0158 15.30335 325.1866 -4.425797E-07
124.1158 15.30335 325.1866 -4.425797E-07
124.2158 15.30335 325.1866 -4.425797E-07
124.3158 15.30335 325.1866 -4.425797E-07
124.4158 15.30335 325.1866 -4.425797E-07
124.5158 15.30335 325.1866 -4.425797E-07
124.6158 15.30335 325.1866 -4.425797E-07
124.7158 15.30335 325.1866 -4.425797E-07
124.8158 15.30335 325.1866 -4.425797E-07
124.9158 15.30335 325.1866 -4.425797E-07
125.0158 15.30335 325.1866 -4.425797E-07
125.1158 15.30335 325.1866 -4.425797E-07
125.2158 15.30335 325.1866 -4.425797E-07
125.3158 15.30335 325.1866 -4.425797E-07
125.4158 15.30335 325.1866 -4.425797E-07
125.5158 15.30335 325.1866 -4.425797E-07
125.6158 15.30335 325.1866 -4.425797E-07
125.7158 15.30335 325.1866 -4.425797E-07
125.8158 15.30335 325.1866 -4.425797E-07
125.9158 15.30335 325.1866 -4.425797E-07
126.0158 15.30335 325.1866 -4.425797E-07
126.1158 15.30335 325.1866 -4.425797E-07
126.2158 15.30335 325.1866 -4.425797E-07
126.3158 15.30335 325.1866 -4.425797E-07
126.4158 15.30335 325.1866 -4.425797E-07
126.5158 15.30335 325.1866 -4.425797E-07
126.6158 15.30335 325.1866 -4.425797E-07
126.7158 15.30335 325.1866 -4.425797E-07
126.8158 15.30335 325.1866 -4.425797E-07
126.9158 15.30335 325.1866 -4.425797E-07
127.0158 15.30335 325.1866 -4.425797E-07
127.1158 15.30335 325.1866 -4.425797E-07
127.2158 15.30335 325.1866 -4.425797E-07
127.3158 15.30335 325.1866 -4.425797E-07
127.4158 15.30335 325.1866 -4.425797E-07
127.5158 15.30335 325.1866 -4.425797E-07
127.6158 15.30335 325.1866 -4.425797E-07
127.7158 15.30335 325.1866 -4.425797E-07
127.8158 15.30335 325.1866 -4.425797E-07
127.9158 15.30335 325.1866 -4.425797E-07
128.0158 15.30335 325.1866 -4.425797E-07
128.1158 15.30335 325.1866 -4.425797E-07
128.2158 15.30335 325.1866 -4.425797E-07
128.3158 15.30335 325.1866 -4.425797E-07
128.4158 15.30335 325.1866 -4.425797E-07
128.5158 15.30335 325.1866 -4.425797E-07
128.6158 15.30335 325.1866 -4.425797E-07
128.7158 15.30335 325.1866 -4.425797E-07
128.8158 15.30335 325.1866 -4.425797E-07
128.9158 15.30335 325.1866 -4.425797E-07
129.0158 15.30335 325.1866 -4.425797E-07
129.1158 15.30335 325.1866 -4.425797E-07
129.2158 15.30335 325.1866 -4.425797E-07
129.3158 15.30335 325.1866 -4.425797E-07
129.4158 15.30335 325.1866 -4.425797E-07
129.5158 15.30335 325.1866 -4.425797E-07
129.6158 15.30335 325.1866 -4.425797E-07
129.7158 15.30335 325.1866 -4.425797E-07
129.8158 15.30335 325.1866 -4.425797E-07
129.9158 15.30335 325.1866 -4.425797E-07
130.0158 15.30335 325.1866 -4.425797E-07
130.1158 15.30335 325.1866 -4.425797E-07
130.2158 15.30335 325.1866 -4.425797E-07
130.3158 15.30335 325.1866 -4.425797E-07
130.4158 15.30335 325.1866 -4.425797E-07
130.5158 15.30335 325.1866 -4.425797E-07
130.6158 15.30335 325.1866 -4.425797E-07
130.7158 15.30335 325.1866 -4.425797E-07
130.8158 15.30335 325.1866 -4.425797E-07
130.9158 15.30335 325.1866 -4.425797E-07
131.0158 15.30335 325.1866 -4.425797E-07
131.1158 15.30335 325.1866 -4.425797E-07
131.2158 15.30335 325.1866 -4.425797E-07
131.3158 15.30335 325.1866 -4.425797E-07
131.4158 15.30335 325.1866 -4.425797E-07
131.5158 15.30335 325.1866 -4.425797E-07
131.6158 15.30335 325.1866 -4.425797E-07
131.7158 15.30335 325.1866 -4.425797E-07
131.8158 15.30335 325.1866 -4.425797E-07
131.9158 15.30335 325.1866 -4.425797E-07
132.0158 15.30335 325.1866 -4.425797E-07
132.1158 15.30335 325.1866 -4.425797E-07
132.2158 15.30335 325.1866 -4.425797E-07
132.3158 15.30335 325.1866 -4.425797E-07
132.4158 15.30335 325.1866 -4.425797E-07
132.5158 15.30335 325.1866 -4.425797E-07
132.6158 15.30335 325.1866 -4.425797E-07
132.7158 15.30335 325.1866 -4.425797E-07
132.8158 15.30335 325.1866 -4.425797E-07
132.9158 15.30335 325.1866 -4.425797E-07
133.0158 15.30335 325.1866 -4.425797E-07
133.1158 15.30335 325.1866 -4.425797E-07
133.2158 15.30335 325.1866 -4.425797E-07
133.3158 15.30335 325.1866 -4.425797E-07
133.4158 15.30335 325.1866 -4.425797E-07
133.5158 15.30335 325.1866 -4.425797E-07
133.6158 15.30335 325.1866 -4.425797E-07
133.7158 15.30335 325.1866 -4.425797E-07
133.8158 15.30335 325.1866 -4.425797E-07
133.9158 15.30335 325.1866 -4.425797E-07
134.0158 15.30335 325.1866 -4.425797E-07
134.1158 15.30335 325.1866 -4.425797E-07
134.2158 15.30335 325.1866 -4.425797E-07
134.3158 15.30335 325.1866 -4.425797E-07
134.4158 15.30335 325.1866 -4.425797E-07
134.5158 15.30335 325.1866 -4.425797E-07
134.6158 15.30335 325.1866 -4.425797E-07
134.7158 15.30335 325.1866 -4.425797E-07
134.8158 15.30335 325.1866 -4.425797E-07
134.9158 15.30335 325.1866 -4.425797E-07
135.0158 15.30335 325.1866 -4.425797E-07
135.1158 15.30335 325.1866 -4.425797E-07
135.2158 15.30335 325.1866 -4.425797E-07
135.3158 15.30335 325.1866 -4.425797E-07
135.4158 15.30335 325.1866 -4.425797E-07
135.5158 15.30335 325.1866 -4.425797E-07
135.6158 15.30335 325.1866 -4.425797E-07
135.7158 15.30335 325.1866 -4.425797E-07
135.8158 15.30335 325.1866 -4.425797E-07
135.9158 15.30335 325.1866 -4.425797E-07
136.0158 15.30335 325.1866 -4.425797E-07
136.1158 15.30335 325.1866 -4.425797E-07
136.2158 15.30335 325.1866 -4.425797E-07
136.3158 15.30335 325.1866 -4.425797E-07
136.4158 15.30335 325.1866 -4.425797E-07
136.5158 15.30335 325.1866 -4.425797E-07
136.6158 15.30335 325.1866 -4.425797E-07
136.7158 15.30335 325.1866 -4.425797E-07
136.8158 15.30335 325.1866 -4.425797E-07
136.9158 15.30335 325.1866 -4.425797E-07
137.0158 15.30335 325.1866 -4.425797E-07
137.1158 15.30335 325.1866 -4.425797E-07
137.2158 15.30335 325.1866 -4.425797E-07
137.3158 15.30335 325.1866 -4.425797E-07
137.4158 15.30335 325.1866 -4.425797E-07
137.5158 15.30335 325.1866 -4.425797E-07
137.6158 15.30335 325.1866 -4.425797E-07
137.7158 15.30335 325.1866 -4.425797E-07
137.8158 15.30335 325.1866 -4.425797E-07
137.9158 15.30335 325.1866 -4.425797E-07
138.0158 15.30335 325.1866 -4.425797E-07
138.1158 15.30335 325.1866 -4.425797E-07
138.2158 15.30335 325.1866 -4.425797E-07
138.3158 15.30335 325.1866 -4.425797E-07
138.4158 15.30335 325.1866 -4.425797E-07
138.5158 15.30335 325.1866 -4.425797E-07
138.6158 15.30335 325.1866 -4.425797E-07
138.7158 15.30335 325.1866 -4.425797E-07
138.8158 15.30335 325.1866 -4.425797E-07
138.9158 15.30335 325.1866 -4.425797E-07
139.0158 15.30335 325.1866 -4.425797E-07
139.1158 15.30335 325.1866 -4.425797E-07
139.2158 15.30335 325.1866 -4.425797E-07
139.3158 15.30335 325.1866 -4.425797E-07
139.4158 15.30335 325.1866 -4.425797E-07
139.5158 15.30335 325.1866 -4.425797E-07
139.6158 15.30335 325.1866 -4.425797E-07
139.7158 15.30335 325.1866 -4.425797E-07
139.8158 15.30335 325.1866 -4.425797E-07
139.9158 15.30335 325.1866 -4.425797E-07
140.0158 15.30335 325.1866 -4.425797E-07
140.1158 15.30335 325.1866 -4.425797E-07
140.2158 15.30335 325.1866 -4.425797E-07
140.3158 15.30335 325.1866 -4.425797E-07
140.4158 15.30335 325.1866 -4.425797E-07
140.5158 15.30335 325.1866 -4.425797E-07
140.6158 15.30335 325.1866 -4.425797E-07
140.7158 15.30335 325.1866 -4.425797E-07
140.8158 15.30335 325.1866 -4.425797E-07
140.9158 15.30335 325.1866 -4.425797E-07
141.0158 15.30335 325.1866 -4.425797E-07
141.1158 15.30335 325.1866 -4.425797E-07
141.2158 15.30335 325.1866 -4.425797E-07
141.3158 15.30335 325.1866 -4.425797E-07
141.4158 15.30335 325.1866 -4.425797E-07
141.5158 15.30335 325.1866 -4.425797E-07
141.6158 15.30335 325.1866 -4.425797E-07
141.7158 15.30335 325.1866 -4.425797E-07
141.8158 15.30335 325.1866 -4.425797E-07
141.9158 15.30335 325.1866 -4.425797E-07
142.0158 15.30335 325.1866 -4.425797E-07
142.1158 15.30335 325.1866 -4.425797E-07
142.2158 15.30335 325.1866 -4.425797E-07
142.3158 15.30335 325.1866 -4.425797E-07
142.4158 15.30335 325.1866 -4.425797E-07
142.5158 15.30335 325.1866 -4.425797E-07
142.6158 15.30335 325.1866 -4.425797E-07
142.7158 15.30335 325.1866 -4.425797E-07
142.8158 15.30335 325.1866 -4.425797E-07
142.9158 15.30335 325.1866 -4.425797E-07
143.0158 15.30335 325.1866 -4.425797E-07
143.1158 15.30335 325.1866 -4.425797E-07
143.2158 15.30335 325.1866 -4.425797E-07
143.3158 15.30335 325.1866 -4.425797E-07
143.4158 15.30335 325.1866 -4.425797E-07
143.5158 15.30335 325.1866 -4.425797E-07
143.6158 15.30335 325.1866 -4.425797E-07
143.7158 15.30335 325.1866 -4.425797E-07
143.8158 15.30335 325.1866 -4.425797E-07
143.9158 15.30335 325.1866 -4.425797E-07
144.0158 15.30335 325.1866 -4.425797E-07
144.1158 15.30335 325.1866 -4.425797E-07
144.2158 15.30335 325.1866 -4.425797E-07
144.3158 15.30335 325.1866 -4.425797E-07
144.4158 15.30335 325.1866 -4.425797E-07
144.5158 15.30335 325.1866 -4.425797E-07
144.6158 15.30335 325.1866 -4.425797E-07
144.7158 15.30335 325.1866 -4.425797E-07
144.8158 15.30335 325.1866 -4.425797E-07
144.9158 15.30335 325.1866 -4.425797E-07
145.0158 15.30335 325.1866 -4.425797E-07
145.1158 15.30335 325.1866 -4.425797E-07
145.2158 15.30335 325.1866 -4.425797E-07
145.3158 15.30335 325.1866 -4.425797E-07
145.4158 15.30335 325.1866 -4.425797E-07
145.5158 15.30335 325.1866 -4.425797E-07
145.6158 15.30335 325.1866 -4.425797E-07
145.7158 15.30335 325.1866 -4.425797E-07
145.8158 15.30335 325.1866 -4.425797E-07
145.9158 15.30335 325.1866 -4.425797E-07
146.0158 15.30335 325.1866 -4.425797E-07
146.1158 15.30335 325.1866 -4.425797E-07
146.2158 15.30335 325.1866 -4.425797E-07
146.3158 15.30335 325.1866 -4.425797E-07
146.4158 15.30335 325.1866 -4.425797E-07
146.5158 15.30335 325.1866 -4.425797E-07
146.6158 15.30335 325.1866 -4.425797E-07
146.7158 15.30335 325.1866 -4.425797E-07
146.8158 15.30335 325.1866 -4.425797E-07
146.9158 15.30335 325.1866 -4.425797E-07
147.0158 15.30335 325.1866 -4.425797E-07
147.1158 15.30335 325.1866 -4.425797E-07
147.2158 15.30335 325.1866 -4.425797E-07
147.3158 15.30335 325.1866 -4.425797E-07
147.4158 15.30335 325.1866 -4.425797E-07
147.5158 15.30335 325.1866 -4.425797E-07
147.6158 15.30335 325.1866 -4.425797E-07
147.7158 15.30335 325.1866 -4.425797E-07
147.8158 15.30335 325.1866 -4.425797E-07
147.9158 15.30335 325.1866 -4.425797E-07
148.0158 15.30335 325.1866 -4.425797E-07
148.1158 15.30335 325.1866 -4.425797E-07
148.2158 15.30335 325.1866 -4.425797E-07
148.3158 15.30335 325.1866 -4.425797E-07
148.4158 15.30335 325.1866 -4.425797E-07
148.5158 15.30335 325.1866 -4.425797E-07
148.6158 15.30335 325.1866 -4.425797E-07
148.7158 15.30335 325.1866 -4.425797E-07
148.8158 15.30335 325.1866 -4.425797E-07
148.9158 15.30335 325.1866 -4.425797E-07
149.0158 15.30335 325.1866 -4.425797E-07
149.1158 15.30335 325.1866 -4.425797E-07
149.2158 15.30335 325.1866 -4.425797E-07
149.3158 15.30335 325.1866 -4.425797E-07
149.4158 15.30335 325.1866 -4.425797E-07
149.5158 15.30335 325.1866 -4.425797E-07
149.6158 15.30335 325.1866 -4.425797E-07
149.7158 15.30335 325.1866 -4.425797E-07
149.8158 15.30335 325.1866 -4.425797E-07
149.9158 15.30335 325.1866 -4.425797E-07
150.0158 15.30335 325.1866 -4.425797E-07
150.1158 15.30335 325.1866 -4.425797E-07
150.2158 15.30335 325.1866 -4.425797E-07
150.3158 15.30335 325.1866 -4.425797E-07
150.4158 15.30335 325.1866 -4.425797E-07
150.5158 15.30335 325.1866 -4.425797E-07
150.6158 15.30335 325.1866 -4.425797E-07
150.7158 15.30335 325.1866 -4.425797E-07
150.8158 15.30335 325.1866 -4.425797E-07
150.9158 15.30335 325.1866 -4.425797E-07
151.0158 15.30335 325.1866 -4.425797E-07
151.1158 15.30335 325.1866 -4.425797E-07
151.2158 15.30335 325.1866 -4.425797E-07
151.3158 15.30335 325.1866 -4.425797E-07
151.4158 15.30335 325.1866 -4.425797E-07
151.5158 15.30335 325.1866 -4.425797E-07
151.6158 15.30335 325.1866 -4.425797E-07
151.7158 15.30335 325.1866 -4.425797E-07
151.8158 15.30335 325.1866 -4.425797E-07
151.9158 15.30335 325.1866 -4.425797E-07
152.0158 15.30335 325.1866 -4.425797E-07
152.1158 15.30335 325.1866 -4.425797E-07
152.2158 15.30335 325.1866 -4.425797E-07
152.3158 15.30335 325.1866 -4.425797E-07
152.4158 15.30335 325.1866 -4.425797E-07
152.5158 15.30335 325.1866 -4.425797E-07
152.6158 15.30335 325.1866 -4.425797E-07
152.7158 15.30335 325.1866 -4.425797E-07
152.8158 15.30335 325.1866 -4.425797E-07
152.9158 15.30335 325.1866 -4.425797E-07
153.0158 15.30335 325.1866 -4.425797E-07
153.1158 15.30335 325.1866 -4.425797E-07
153.2158 15.30335 325.1866 -4.425797E-07
153.3158 15.30335 325.1866 -4.425797E-07
153.4158 15.30335 325.1866 -4.425797E-07
153.5158 15.30335 325.1866 -4.425797E-07
153.6158 15.30335 325.1866 -4.425797E-07
153.7158 15.30335 325.1866 -4.425797E-07
153.8158 15.30335 325.1866 -4.425797E-07
153.9158 15.30335 325.1866 -4.425797E-07
154.0158 15.30335 325.1866 -4.425797E-07
154.1158 15.30335 325.1866 -4.425797E-07
154.2158 15.30335 325.1866 -4.425797E-07
154.3158 15.30335 325.1866 -4.425797E-07
154.4158 15.30335 325.1866 -4.425797E-07
154.5158 15.30335 325.1866 -4.425797E-07
154.6158 15.30335 325.1866 -4.425797E-07
154.7158 15.30335 325.1866 -4.425797E-07
154.8158 15.30335 325.1866 -4.425797E-07
154.9158 15.30335 325.1866 -4.425797E-07
155.0158 15.30335 325.1866 -4.425797E-07
155.1158 15.30335 325.1866 -4.425797E-07
155.2158 15.30335 325.1866 -4.425797E-07
155.3158 15.30335 325.1866 -4.425797E-07
155.4158 15.30335 325.1866 -4.425797E-07
155.5158 15.30335 325.1866 -4.425797E-07
155.6158 15.30335 325.1866 -4.425797E-07
155.7158 15.30335 325.1866 -4.425797E-07
155.8158 15.30335 325.1866 -4.425797E-07
155.9158 15.30335 325.1866 -4.425797E-07
156.0158 15.30335 325.1866 -4.425797E-07
156.1158 15.30335 325.1866 -4.425797E-07
156.2158 15.30335 325.1866 -4.425797E-07
156.3158 15.30335 325.1866 -4.425797E-07
156.4158 15.30335 325.1866 -4.425797E-07
156.5158 15.30335 325.1866 -4.425797E-07
156.6158 15.30335 325.1866 -4.425797E-07
156.7158 15.30335 325.1866 -4.425797E-07
156.8158 15.30335 325.1866 -4.425797E-07
156.9158 15.30335 325.1866 -4.425797E-07
157.0158 15.30335 325.1866 -4.425797E-07
157.1158 15.30335 325.1866 -4.425797E-07
157.2158 15.30335 325.1866 -4.425797E-07
157.3158 15.30335 325.1866 -4.425797E-07
157.4158 15.30335 325.1866 -4.425797E-07
157.5158 15.30335 325.1866 -4.425797E-07
157.6158 15.30335 325.1866 -4.425797E-07
157.7158 15.30335 325.1866 -4.425797E-07
157.8158 15.30335 325.1866 -4.425797E-07
157.9158 15.30335 325.1866 -4.425797E-07
158.0158 15.30335 325.1866 -4.425797E-07
158.1158 15.30335 325.1866 -4.425797E-07
158.2158 15.30335 325.1866 -4.425797E-07
158.3158 15.30335 325.1866 -4.425797E-07
158.4158 15.30335 325.1866 -4.425797E-07
158.5158 15.30335 325.1866 -4.425797E-07
158.6158 15.30335 325.1866 -4.425797E-07
158.7158 15.30335 325.1866 -4.425797E-07
158.8158 15.30335 325.1866 -4.425797E-07
158.9158 15.30335 325.1866 -4.425797E-07
159.0158 15.30335 325.1866 -4.425797E-07
159.1158 15.30335 325.1866 -4.425797E-07
159.2158 15.30335 325.1866 -4.425797E-07
159.3158 15.30335 325.1866 -4.425797E-07
159.4158 15.30335 325.1866 -4.425797E-07
159.5158 15.30335 325.1866 -4.425797E-07
159.6158 15.30335 325.1866 -4.425797E-07
159.7158 15.30335 325.1866 -4.425797E-07
159.8158 15.30335 325.1866 -4.425797E-07
159.9158 15.30335 325.1866 -4.425797E-07
160.0158 15.30335 325.1866 -4.425797E-07
160.1158 15.30335 325.1866 -4.425797E-07
160.2158 15.30335 325.1866 -4.425797E-07
160.3158 15.30335 325.1866 -4.425797E-07
160.4158 15.30335 325.1866 -4.425797E-07
160.5158 15.30335 325.1866 -4.425797E-07
160.6158 15.30335 325.1866 -4.425797E-07
160.7158 15.30335 325.1866 -4.425797E-07
160.8158 15.30335 325.1866 -4.425797E-07
160.9158 15.30335 325.1866 -4.425797E-07
161.0158 15.30335 325.1866 -4.425797E-07
161.1158 15.30335 325.1866 -4.425797E-07
161.2158 15.30335 325.1866 -4.425797E-07
161.3158 15.30335 325.1866 -4.425797E-07
161.4158 15.30335 325.1866 -4.425797E-07
161.5158 15.30335 325.1866 -4.425797E-07
161.6158 15.30335 325.1866 -4.425797E-07
161.7158 15.30335 325.1866 -4.425797E-07
161.8158 15.30335 325.1866 -4.425797E-07
161.9158 15.30335 325.1866 -4.425797E-07
162.0158 15.30335 325.1866 -4.425797E-07
162.1158 15.30335 325.1866 -4.425797E-07
162.2158 15.30335 325.1866 -4.425797E-07
162.3158 15.30335 325.1866 -4.425797E-07
162.4158 15.30335 325.1866 -4.425797E-07
162.5158 15.30335 325.1866 -4.425797E-07
162.6158 15.30335 325.1866 -4.425797E-07
162.7158 15.30335 325.1866 -4.425797E-07
162.8158 15.30335 325.1866 -4.425797E-07
162.9158 15.30335 325.1866 -4.425797E-07
163.0158 15.30335 325.1866 -4.425797E-07
163.1158 15.30335 325.1866 -4.425797E-07
163.2158 15.30335 325.1866 -4.425797E-07
163.3158 15.30335 325.1866 -4.425797E-07
163.4158 15.30335 325.1866 -4.425797E-07
163.5158 15.30335 325.1866 -4.425797E-07
163.6158 15.30335 325.1866 -4.425797E-07
163.7158 15.30335 325.1866 -4.425797E-07
163.8158 15.30335 325.1866 -4.425797E-07
163.9158 15.30335 325.1866 -4.425797E-07
164.0158 15.30335 325.1866 -4.425797E-07
164.1158 15.30335 325.1866 -4.425797E-07
164.2158 15.30335 325.1866 -4.425797E-07
164.3158 15.30335 325.1866 -4.425797E-07
164.4158 15.30335 325.1866 -4.425797E-07
164.5158 15.30335 325.1866 -4.425797E-07
164.6158 15.30335 325.1866 -4.425797E-07
164.7158 15.30335 325.1866 -4.425797E-07
164.8158 15.30335 325.1866 -4.425797E-07
164.9158 15.30335 325.1866 -4.425797E-07
165.0158 15.30335 325.1866 -4.425797E-07
165.1158 15.30335 325.1866 -4.425797E-07
165.2158 15.30335 325.1866 -4.425797E-07
165.3158 15.30335 325.1866 -4.425797E-07
165.4158 15.30335 325.1866 -4.425797E-07
165.5158 15.30335 325.1866 -4.425797E-07
165.6158 15.30335 325.1866 -4.425797E-07
165.7158 15.30335 325.1866 -4.425797E-07
165.8158 15.30335 325.1866 -4.425797E-07
165.9158 15.30335 325.1866 -4.425797E-07
166.0158 15.30335 325.1866 -4.425797E-07
166.1158 15.30335 325.1866 -4.425797E-07
166.2158 15.30335 325.1866 -4.425797E-07
166.3158 15.30335 325.1866 -4.425797E-07
166.4158 15.30335 325.1866 -4.425797E-07
166.5158 15.30335 325.1866 -4.425797E-07
166.6158 15.30335 325.1866 -4.425797E-07
166.7158 15.30335 325.1866 -4.425797E-07
166.8158 15.30335 325.1866 -4.425797E-07
166.9158 15.30335 325.1866 -4.425797E-07
167.0158 15.30335 325.1866 -4.425797E-07
167.1158 15.30335 325.1866 -4.425797E-07
167.2158 15.30335 325.1866 -4.425797E-07
167.3158 15.30335 325.1866 -4.425797E-07
167.4158 15.30335 325.1866 -4.425797E-07
167.5158 15.30335 325.1866 -4.425797E-07
167.6158 15.30335 325.1866 -4.425797E-07
167.7158 15.30335 325.1866 -4.425797E-07
167.8158 15.30335 325.1866 -4.425797E-07
167.9158 15.30335 325.1866 -4.425797E-07
168.0158 15.30335 325.1866 -4.425797E-07
168.1158 15.30335 325.1866 -4.425797E-07
168.2158 15.30335 325.1866 -4.425797E-07
168.3158 15.30335 325.1866 -4.425797E-07
168.4158 15.30335 325.1866 -4.425797E-07
168.5158 15.30335 325.1866 -4.425797E-07
168.6158 15.30335 325.1866 -4.425797E-07
168.7158 15.30335 325.1866 -4.425797E-07
168.8158 15.30335 325.1866 -4.425797E-07
168.9158 15.30335 325.1866 -4.425797E-07
169.0158 15.30335 325.1866 -4.425797E-07
169.1158 15.30335 325.1866 -4.425797E-07
169.2158 15.30335 325.1866 -4.425797E-07
169.3158 15.30335 325.1866 -4.425797E-07
169.4158 15.30335 325.1866 -4.425797E-07
169.5158 15.30335 325.1866 -4.425797E-07
169.6158 15.30335 325.1866 -4.425797E-07
169.7158 15.30335 325.1866 -4.425797E-07
169.8158 15.30335 325.1866 -4.425797E-07
169.9158 15.30335 325.1866 -4.425797E-07
170.0158 15.30335 325.1866 -4.425797E-07
170.1158 15.30335 325.1866 -4.425797E-07
170.2158 15.30335 325.1866 -4.425797E-07
170.3158 15.30335 325.1866 -4.425797E-07
170.4158 15.30335 325.1866 -4.425797E-07
170.5158 15.30335 325.1866 -4.425797E-07
170.6158 15.30335 325.1866 -4.425797E-07
170.7158 15.30335 325.1866 -4.425797E-07
170.8158 15.30335 325.1866 -4.425797E-07
170.9158 15.30335 325.1866 -4.425797E-07
171.0158 15.30335 325.1866 -4.425797E-07
171.1158 15.30335 325.1866 -4.425797E-07
171.2158 15.30335 325.1866 -4.425797E-07
171.3158 15.30335 325.1866 -4.425797E-07
171.4158 15.30335 325.1866 -4.425797E-07
171.5158 15.30335 325.1866 -4.425797E-07
171.6158 15.30335 325.1866 -4.425797E-07
171.7158 15.30335 325.1866 -4.425797E-07
171.8158 15.30335 325.1866 -4.425797E-07
171.9158 15.30335 325.1866 -4.425797E-07
172.0158 15.30335 325.1866 -4.425797E-07
172.1158 15.30335 325.1866 -4.425797E-07
172.2158 15.30335 325.1866 -4.425797E-07
172.3158 15.30335 325.1866 -4.425797E-07
172.4158 15.30335 325.1866 -4.425797E-07
172.5158 15.30335 325.1866 -4.425797E-07
172.6158 15.30335 325.1866 -4.425797E-07
172.7158 15.30335 325.1866 -4.425797E-07
172.8158 15.30335 325.1866 -4.425797E-07
172.9158 15.30335 325.1866 -4.425797E-07
173.0158 15.30335 325.1866 -4.425797E-07
173.1158 15.30335 325.1866 -4.425797E-07
173.2158 15.30335 325.1866 -4.425797E-07
173.3158 15.30335 325.1866 -4.425797E-07
173.4158 15.30335 325.1866 -4.425797E-07
173.5158 15.30335 325.1866 -4.425797E-07
173.6158 15.30335 325.1866 -4.425797E-07
173.7158 15.30335 325.1866 -4.425797E-07
173.8158 15.30335 325.1866 -4.425797E-07
173.9158 15.30335 325.1866 -4.425797E-07
174.0158 15.30335 325.1866 -4.425797E-07
174.1158 15.30335 325.1866 -4.425797E-07
174.2158 15.30335 325.1866 -4.425797E-07
174.3158 15.30335 325.1866 -4.425797E-07
174.4158 15.30335 325.1866 -4.425797E-07
174.5158 15.30335 325.1866 -4.425797E-07
174.6158 15.30335 325.1866 -4.425797E-07
174.7158 15.30335 325.1866 -4.425797E-07
174.8158 15.30335 325.1866 -4.425797E-07
174.9158 15.30335 325.1866 -4.425797E-07
175.0158 15.30335 325.1866 -4.425797E-07
175.1158 15.30335 325.1866 -4.425797E-07
175.2158 15.30335 325.1866 -4.425797E-07
175.3158 15.30335 325.1866 -4.425797E-07
175.4158 15.30335 325.1866 -4.425797E-07
175.5158 15.30335 325.1866 -4.425797E-07
175.6158 15.30335 325.1866 -4.425797E-07
175.7158 15.30335 325.1866 -4.425797E-07
175.8158 15.30335 325.1866 -4.425797E-07
175.9158 15.30335 325.1866 -4.425797E-07
176.0158 15.30335 325.1866 -4.425797E-07
176.1158 15.30335 325.1866 -4.425797E-07
176.2158 15.30335 325.1866 -4.425797E-07
176.3158 15.30335 325.1866 -4.425797E-07
176.4158 15.30335 325.1866 -4.425797E-07
176.5158 15.30335 325.1866 -4.425797E-07
176.6158 15.30335 325.1866 -4.425797E-07
176.7158 15.30335 325.1866 -4.425797E-07
176.8158 15.30335 325.1866 -4.425797E-07
176.9158 15.30335 325.1866 -4.425797E-07
177.0158 15.30335 325.1866 -4.425797E-07
177.1158 15.30335 325.1866 -4.425797E-07
177.2158 15.30335 325.1866 -4.425797E-07
177.3158 15.30335 325.1866 -4.425797E-07
177.4158 15.30335 325.1866 -4.425797E-07
177.5158 15.30335 325.1866 -4.425797E-07
177.6158 15.30335 325.1866 -4.425797E-07
177.7158 15.30335 325.1866 -4.425797E-07
177.8158 15.30335 325.1866 -4.425797E-07
177.9158 15.30335 325.1866 -4.425797E-07
178.0158 15.30335 325.1866 -4.425797E-07
178.1158 15.30335 325.1866 -4.425797E-07
178.2158 15.30335 325.1866 -4.425797E-07
178.3158 15.30335 325.1866 -4.425797E-07
178.4158 15.30335 325.1866 -4.425797E-07
178.5158 15.30335 325.1866 -4.425797E-07
178.6158 15.30335 325.1866 -4.425797E-07
178.7158 15.30335 325.1866 -4.425797E-07
178.8158 15.30335 325.1866 -4.425797E-07
178.9158 15.30335 325.1866 -4.425797E-07
179.0158 15.30335 325.1866 -4.425797E-07
179.1158 15.30335 325.1866 -4.425797E-07
179.2158 15.30335 325.1866 -4.425797E-07
179.3158 15.30335 325.1866 -4.425797E-07
179.4158 15.30335 325.1866 -4.425797E-07
179.5158 15.30335 325.1866 -4.425797E-07
179.6158 15.30335 325.1866 -4.425797E-07
179.7158 15.30335 325.1866 -4.425797E-07
179.8158 15.30335 325.1866 -4.425797E-07
179.9158 15.30335 325.1866 -4.425797E-07
180.0158 15.30335 325.1866 -4.425797E-07
180.1158 15.30335 325.1866 -4.425797E-07
180.2158 15.30335 325.1866 -4.425797E-07
180.3158 15.30335 325.1866 -4.425797E-07
180.4158 15.30335 325.1866 -4.425797E-07
180.5158 15.30335 325.1866 -4.425797E-07
180.6158 15.30335 325.1866 -4.425797E-07
180.7158 15.30335 325.1866 -4.425797E-07
180.8158 15.30335 325.1866 -4.425797E-07
180.9158 15.30335 325.1866 -4.425797E-07
181.0158 15.30335 325.1866 -4.425797E-07
181.1158 15.30335 325.1866 -4.425797E-07
181.2158 15.30335 325.1866 -4.425797E-07
181.3158 15.30335 325.1866 -4.425797E-07
181.4158 15.30335 325.1866 -4.425797E-07
181.5158 15.30335 325.1866 -4.425797E-07
181.6158 15.30335 325.1866 -4.425797E-07
181.7158 15.30335 325.1866 -4.425797E-07
181.8158 15.30335 325.1866 -4.425797E-07
181.9158 15.30335 325.1866 -4.425797E-07
182.0158 15.30335 325.1866 -4.425797E-07
182.1158 15.30335 325.1866 -4.425797E-07
182.2158 15.30335 325.1866 -4.425797E-07
182.3158 15.30335 325.1866 -4.425797E-07
182.4158 15.30335 325.1866 -4.425797E-07
182.5158 15.30335 325.1866 -4.425797E-07
182.6158 15.30335 325.1866 -4.425797E-07
182.7158 15.30335 325.1866 -4.425797E-07
182.8158 15.30335 325.1866 -4.425797E-07
182.9158 15.30335 325.1866 -4.425797E-07
183.0158 15.30335 325.1866 -4.425797E-07
183.1158 15.30335 325.1866 -4.425797E-07
183.2158 15.30335 325.1866 -4.425797E-07
183.3158 15.30335 325.1866 -4.425797E-07
183.4158 15.30335 325.1866 -4.425797E-07
183.5158 15.30335 325.1866 -4.425797E-07
183.6158 15.30335 325.1866 -4.425797E-07
183.7158 15.30335 325.1866 -4.425797E-07
183.8158 15.30335 325.1866 -4.425797E-07
183.9158 15.30335 325.1866 -4.425797E-07
184.0158 15.30335 325.1866 -4.425797E-07
184.1158 15.30335 325.1866 -4.425797E-07
184.2158 15.30335 325.1866 -4.425797E-07
184.3158 15.30335 325.1866 -4.425797E-07
184.4158 15.30335 325.1866 -4.425797E-07
184.5158 15.30335 325.1866 -4.425797E-07
184.6158 15.30335 325.1866 -4.425797E-07
184.7158 15.30335 325.1866 -4.425797E-07
184.8158 15.30335 325.1866 -4.425797E-07
184.9158 15.30335 325.1866 -4.425797E-07
185.0158 15.30335 325.1866 -4.425797E-07
185.1158 15.30335 325.1866 -4.425797E-07
185.2158 15.30335 325.1866 -4.425797E-07
185.3158 15.30335 325.1866 -4.425797E-07
185.4158 15.30335 325.1866 -4.425797E-07
185.5158 15.30335 325.1866 -4.425797E-07
185.6158 15.30335 325.1866 -4.425797E-07
185.7158 15.30335 325.1866 -4.425797E-07
185.8158 15.30335 325.1866 -4.425797E-07
185.9158 15.30335 325.1866 -4.425797E-07
186.0158 15.30335 325.1866 -4.425797E-07
186.1158 15.30335 325.1866 -4.425797E-07
186.2158 15.30335 325.1866 -4.425797E-07
186.3158 15.30335 325.1866 -4.425797E-07
186.4158 15.30335 325.1866 -4.425797E-07
186.5158 15.30335 325.1866 -4.425797E-07
186.6158 15.30335 325.1866 -4.425797E-07
186.7158 15.30335 325.1866 -4.425797E-07
186.8158 15.30335 325.1866 -4.425797E-07
186.9158 15.30335 325.1866 -4.425797E-07
187.0158 15.30335 325.1866 -4.425797E-07
187.1158 15.30335 325.1866 -4.425797E-07
187.2158 15.30335 325.1866 -4.425797E-07
187.3158 15.30335 325.1866 -4.425797E-07
187.4158 15.30335 325.1866 -4.425797E-07
187.5158 15.30335 325.1866 -4.425797E-07
187.6158 15.30335 325.1866 -4.425797E-07
187.7158 15.30335 325.1866 -4.425797E-07
187.8158 15.30335 325.1866 -4.425797E-07
187.9158 15.30335 325.1866 -4.425797E-07
188.0158 15.30335 325.1866 -4.425797E-07
188.1158 15.30335 325.1866 -4.425797E-07
188.2158 15.30335 325.1866 -4.425797E-07
188.3158 15.30335 325.1866 -4.425797E-07
188.4158 15.30335 325.1866 -4.425797E-07
188.5158 15.30335 325.1866 -4.425797E-07
188.6158 15.30335 325.1866 -4.425797E-07
188.7158 15.30335 325.1866 -4.425797E-07
188.8158 15.30335 325.1866 -4.425797E-07
188.9158 15.30335 325.1866 -4.425797E-07
189.0158 15.30335 325.1866 -4.425797E-07
189.1158 15.30335 325.1866 -4.425797E-07
189.2158 15.30335 325.1866 -4.425797E-07
189.3158 15.30335 325.1866 -4.425797E-07
189.4158 15.30335 325.1866 -4.425797E-07
189.5158 15.30335 325.1866 -4.425797E-07
189.6158 15.30335 325.1866 -4.425797E-07
189.7158 15.30335 325.1866 -4.425797E-07
189.8158 15.30335 325.1866 -4.425797E-07
189.9158 15.30335 325.1866 -4.425797E-07
190.0158 15.30335 325.1866 -4.425797E-07
190.1158 15.30335 325.1866 -4.425797E-07
190.2158 15.30335 325.1866 -4.425797E-07
190.3158 15.30335 325.1866 -4.425797E-07
190.4158 15.30335 325.1866 -4.425797E-07
190.5158 15.30335 325.1866 -4.425797E-07
190.6158 15.30335 325.1866 -4.425797E-07
190.7158 15.30335 325.1866 -4.425797E-07
190.8158 15.30335 325.1866 -4.425797E-07
190.9158 15.30335 325.1866 -4.425797E-07
191.0158 15.30335 325.1866 -4.425797E-07
191.1158 15.30335 325.1866 -4.425797E-07
191.2158 15.30335 325.1866 -4.425797E-07
191.3158 15.30335 325.1866 -4.425797E-07
191.4158 15.30335 325.1866 -4.425797E-07
191.5158 15.30335 325.1866 -4.425797E-07
191.6158 15.30335 325.1866 -4.425797E-07
191.7158 15.30335 325.1866 -4.425797E-07
191.8158 15.30335 325.1866 -4.425797E-07
191.9158 15.30335 325.1866 -4.425797E-07
192.0158 15.30335 325.1866 -4.425797E-07
192.1158 15.30335 325.1866 -4.425797E-07
192.2158 15.30335 325.1866 -4.425797E-07
192.3158 15.30335 325.1866 -4.425797E-07
192.4158 15.30335 325.1866 -4.425797E-07
192.5158 15.30335 325.1866 -4.425797E-07
192.6158 15.30335 325.1866 -4.425797E-07
192.7158 15.30335 325.1866 -4.425797E-07
192.8158 15.30335 325.1866 -4.425797E-07
192.9158 15.30335 325.1866 -4.425797E-07
193.0158 15.30335 325.1866 -4.425797E-07
193.1158 15.30335 325.1866 -4.425797E-07
193.2158 15.30335 325.1866 -4.425797E-07
193.3158 15.30335 325.1866 -4.425797E-07
193.4158 15.30335 325.1866 -4.425797E-07
193.5158 15.30335 325.1866 -4.425797E-07
193.6158 15.30335 325.1866 -4.425797E-07
193.7158 15.30335 325.1866 -4.425797E-07
193.8158 15.30335 325.1866 -4.425797E-07
193.9158 15.30335 325.1866 -4.425797E-07
194.0158 15.30335 325.1866 -4.425797E-07
194.1158 15.30335 325.1866 -4.425797E-07
194.2158 15.30335 325.1866 -4.425797E-07
194.3158 15.30335 325.1866 -4.425797E-07
194.4158 15.30335 325.1866 -4.425797E-07
194.5158 15.30335 325.1866 -4.425797E-07
194.6158 15.30335 325.1866 -4.425797E-07
194.7158 15.30335 325.1866 -4.425797E-07
194.8158 15.30335 325.1866 -4.425797E-07
194.9158 15.30335 325.1866 -4.425797E-07
195.0158 15.30335 325.1866 -4.425797E-07
195.1158 15.30335 325.1866 -4.425797E-07
195.2158 15.30335 325.1866 -4.425797E-07
195.3158 15.30335 325.1866 -4.425797E-07
195.4158 15.30335 325.1866 -4.425797E-07
195.5158 15.30335 325.1866 -4.425797E-07
195.6158 15.30335 325.1866 -4.425797E-07
195.7158 15.30335 325.1866 -4.425797E-07
195.8158 15.30335 325.1866 -4.425797E-07
195.9158 15.30335 325.1866 -4.425797E-07
196.0158 15.30335 325.1866 -4.425797E-07
196.1158 15.30335 325.1866 -4.425797E-07
196.2158 15.30335 325.1866 -4.425797E-07
196.3158 15.30335 325.1866 -4.425797E-07
196.4158 15.30335 325.1866 -4.425797E-07
196.5158 15.30335 325.1866 -4.425797E-07
196.6158 15.30335 325.1866 -4.425797E-07
196.7158 15.30335 325.1866 -4.425797E-07
196.8158 15.30335 325.1866 -4.425797E-07
196.9158 15.30335 325.1866 -4.425797E-07
197.0158 15.30335 325.1866 -4.425797E-07
197.1158 15.30335 325.1866 -4.425797E-07
197.2158 15.30335 325.1866 -4.425797E-07
197.3158 15.30335 325.1866 -4.425797E-07
197.4158 15.30335 325.1866 -4.425797E-07
197.5158 15.30335 325.1866 -4.425797E-07
197.6158 15.30335 325.1866 -4.425797E-07
197.7158 15.30335 325.1866 -4.425797E-07
197.8158 15.30335 325.1866 -4.425797E-07
197.9158 15.30335 325.1866 -4.425797E-07
198.0158 15.30335 325.1866 -4.425797E-07
198.1158 15.30335 325.1866 -4.425797E-07
198.2158 15.30335 325.1866 -4.425797E-07
198.3158 15.30335 325.1866 -4.425797E-07
198.4158 15.30335 325.1866 -4.425797E-07
198.5158 15.30335 325.1866 -4.425797E-07
198.6158 15.30335 325.1866 -4.425797E-07
198.7158 15.30335 325.1866 -4.425797E-07
198.8158 15.30335 325.1866 -4.425797E-07
198.9158 15.30335 325.1866 -4.425797E-07
199.0158 15.30335 325.1866 -4.425797E-07
199.1158 15.30335 325.1866 -4.425797E-07
199.2158 15.30335 325.1866 -4.425797E-07
199.3158 15.30335 325.1866 -4.425797E-07
199.4158 15.30335 325.1866 -4.425797E-07
199.5158 15.30335 325.1866 -4.425797E-07
199.6158 15.30335 325.1866 -4.425797E-07
199.7158 15.30335 325.1866 -4.425797E-07
199.8158 15.30335 325.1866 -4.425797E-07
199.9158 15.30335 325.1866 -4.425797E-07
200.0158 15.30335 325.1866 -4.425797E-07
200.1158 15.30335 325.1866 -4.425797E-07
200.2158 15.30335 325.1866 -4.425797E-07
200.3158 15.30335 325.1866 -4.425797E-07
200.4158 15.30335 325.1866 -4.425797E-07
200.5158 15.30335 325.1866 -4.425797E-07
200.6158 15.30335 325.1866 -4.425797E-07
200.7158 15.30335 325.1866 -4.425797E-07
200.8158 15.30335 325.1866 -4.425797E-07
200.9158 15.30335 325.1866 -4.425797E-07
201.0158 15.30335 325.1866 -4.425797E-07
201.1158 15.30335 325.1866 -4.425797E-07
201.2158 15.30335 325.1866 -4.425797E-07
201.3158 15.30335 325.1866 -4.425797E-07
201.4158 15.30335 325.1866 -4.425797E-07
201.5158 15.30335 325.1866 -4.425797E-07
201.6158 15.30335 325.1866 -4.425797E-07
201.7158 15.30335 325.1866 -4.425797E-07
201.8158 15.30335 325.1866 -4.425797E-07
201.9158 15.30335 325.1866 -4.425797E-07
202.0158 15.30335 325.1866 -4.425797E-07
202.1158 15.30335 325.1866 -4.425797E-07
202.2158 15.30335 325.1866 -4.425797E-07
202.3158 15.30335 325.1866 -4.425797E-07
202.4158 15.30335 325.1866 -4.425797E-07
202.5158 15.30335 325.1866 -4.425797E-07
202.6158 15.30335 325.1866 -4.425797E-07
202.7158 15.30335 325.1866 -4.425797E-07
202.8158 15.30335 325.1866 -4.425797E-07
202.9158 15.30335 325.1866 -4.425797E-07
203.0158 15.30335 325.1866 -4.425797E-07
203.1158 15.30335 325.1866 -4.425797E-07
203.2158 15.30335 325.1866 -4.425797E-07
203.3158 15.30335 325.1866 -4.425797E-07
203.4158 15.30335 325.1866 -4.425797E-07
203.5158 15.30335 325.1866 -4.425797E-07
203.6158 15.30335 325.1866 -4.425797E-07
203.7158 15.30335 325.1866 -4.425797E-07
203.8158 15.30335 325.1866 -4.425797E-07
203.9158 15.30335 325.1866 -4.425797E-07
204.0158 15.30335 325.1866 -4.425797E-07
204.1158 15.30335 325.1866 -4.425797E-07
204.2158 15.30335 325.1866 -4.425797E-07
204.3158 15.30335 325.1866 -4.425797E-07
204.4158 15.30335 325.1866 -4.425797E-07
204.5158 15.30335 325.1866 -4.425797E-07
204.6158 15.30335 325.1866 -4.425797E-07
204.7158 15.30335 325.1866 -4.425797E-07
204.8158 15.30335 325.1866 -4.425797E-07
204.9158 15.30335 325.1866 -4.425797E-07
205.0158 15.30335 325.1866 -4.425797E-07
205.1158 15.30335 325.1866 -4.425797E-07
205.2158 15.30335 325.1866 -4.425797E-07
205.3158 15.30335 325.1866 -4.425797E-07
205.4158 15.30335 325.1866 -4.425797E-07
205.5158 15.30335 325.1866 -4.425797E-07
205.6158 15.30335 325.1866 -4.425797E-07
205.7158 15.30335 325.1866 -4.425797E-07
205.8158 15.30335 325.1866 -4.425797E-07
205.9158 15.30335 325.1866 -4.425797E-07
206.0158 15.30335 325.1866 -4.425797E-07
206.1158 15.30335 325.1866 -4.425797E-07
206.2158 15.30335 325.1866 -4.425797E-07
206.3158 15.30335 325.1866 -4.425797E-07
206.4158 15.30335 325.1866 -4.425797E-07
206.5158 15.30335 325.1866 -4.425797E-07
206.6158 15.30335 325.1866 -4.425797E-07
206.7158 15.30335 325.1866 -4.425797E-07
206.8158 15.30335 325.1866 -4.425797E-07
206.9158 15.30335 325.1866 -4.425797E-07
207.0158 15.30335 325.1866 -4.425797E-07
207.1158 15.30335 325.1866 -4.425797E-07
207.2158 15.30335 325.1866 -4.425797E-07
207.3158 15.30335 325.1866 -4.425797E-07
207.4158 15.30335 325.1866 -4.425797E-07
207.5158 15.30335 325.1866 -4.425797E-07
207.6158 15.30335 325.1866 -4.425797E-07
207.7158 15.30335 325.1866 -4.425797E-07
207.8158 15.30335 325.1866 -4.425797E-07
207.9158 15.30335 325.1866 -4.425797E-07
208.0158 15.30335 325.1866 -4.425797E-07
208.1158 15.30335 325.1866 -4.425797E-07
208.2158 15.30335 325.1866 -4.425797E-07
208.3158 15.30335 325.1866 -4.425797E-07
208.4158 15.30335 325.1866 -4.425797E-07
208.5158 15.30335 325.1866 -4.425797E-07
208.6158 15.30335 325.1866 -4.425797E-07
208.7158 15.30335 325.1866 -4.425797E-07
208.8158 15.30335 325.1866 -4.425797E-07
208.9158 15.30335 325.1866 -4.425797E-07
209.0158 15.30335 325.1866 -4.425797E-07
209.1158 15.30335 325.1866 -4.425797E-07
209.2158 15.30335 325.1866 -4.425797E-07
209.3158 15.30335 325.1866 -4.425797E-07
209.4158 15.30335 325.1866 -4.425797E-07
209.5158 15.30335 325.1866 -4.425797E-07
209.6158 15.30335 325.1866 -4.425797E-07
209.7158 15.30335 325.1866 -4.425797E-07
209.8158 15.30335 325.1866 -4.425797E-07
209.9158 15.30335 325.1866 -4.425797E-07
210.0158 15.30335 325.1866 -4.425797E-07
210.1158 15.30335 325.1866 -4.425797E-07
210.2158 15.30335 325.1866 -4.425797E-07
210.3158 15.30335 325.1866 -4.425797E-07
210.4158 15.30335 325.1866 -4.425797E-07
210.5158 15.30335 325.1866 -4.425797E-07
210.6158 15.30335 325.1866 -4.425797E-07
210.7158 15.30335 325.1866 -4.425797E-07
210.8158 15.30335 325.1866 -4.425797E-07
210.9158 15.30335 325.1866 -4.425797E-07
211.0158 15.30335 325.1866 -4.425797E-07
211.1158 15.30335 325.1866 -4.425797E-07
211.2158 15.30335 325.1866 -4.425797E-07
211.3158 15.30335 325.1866 -4.425797E-07
211.4158 15.30335 325.1866 -4.425797E-07
211.5158 15.30335 325.1866 -4.425797E-07
211.6158 15.30335 325.1866 -4.425797E-07
211.7158 15.30335 325.1866 -4.425797E-07
211.8158 15.30335 325.1866 -4.425797E-07
211.9158 15.30335 325.1866 -4.425797E-07
212.0158 15.30335 325.1866 -4.425797E-07
212.1158 15.30335 325.1866 -4.425797E-07
212.2158 15.30335 325.1866 -4.425797E-07
212.3158 15.30335 325.1866 -4.425797E-07
212.4158 15.30335 325.1866 -4.425797E-07
212.5158 15.30335 325.1866 -4.425797E-07
212.6158 15.30335 325.1866 -4.425797E-07
212.7158 15.30335 325.1866 -4.425797E-07
212.8158 15.30335 325.1866 -4.425797E-07
212.9158 15.30335 325.1866 -4.425797E-07
213.0158 15.30335 325.1866 -4.425797E-07
213.1158 15.30335 325.1866 -4.425797E-07
213.2158 15.30335 325.1866 -4.425797E-07
213.3158 15.30335 325.1866 -4.425797E-07
213.4158 15.30335 325.1866 -4.425797E-07
213.5158 15.30335 325.1866 -4.425797E-07
213.6158 15.30335 325.1866 -4.425797E-07
213.7158 15.30335 325.1866 -4.425797E-07
213.8158 15.30335 325.1866 -4.425797E-07
213.9158 15.30335 325.1866 -4.425797E-07
214.0158 15.30335 325.1866 -4.425797E-07
214.1158 15.30335 325.1866 -4.425797E-07
214.2158 15.30335 325.1866 -4.425797E-07
214.3158 15.30335 325.1866 -4.425797E-07
214.4158 15.30335 325.1866 -4.425797E-07
214.5158 15.30335 325.1866 -4.425797E-07
214.6158 15.30335 325.1866 -4.425797E-07
214.7158 15.30335 325.1866 -4.425797E-07
214.8158 15.30335 325.1866 -4.425797E-07
214.9158 15.30335 325.1866 -4.425797E-07
215.0158 15.30335 325.1866 -4.425797E-07
215.1158 15.30335 325.1866 -4.425797E-07
215.2158 15.30335 325.1866 -4.425797E-07
215.3158 15.30335 325.1866 -4.425797E-07
215.4158 15.30335 325.1866 -4.425797E-07
215.5158 15.30335 325.1866 -4.425797E-07
215.6158 15.30335 325.1866 -4.425797E-07
215.7158 15.30335 325.1866 -4.425797E-07
215.8158 15.30335 325.1866 -4.425797E-07
215.9158 15.30335 325.1866 -4.425797E-07
216.0158 15.30335 325.1866 -4.425797E-07
216.1158 15.30335 325.1866 -4.425797E-07
216.2158 15.30335 325.1866 -4.425797E-07
216.3158 15.30335 325.1866 -4.425797E-07
216.4158 15.30335 325.1866 -4.425797E-07
216.5158 15.30335 325.1866 -4.425797E-07
216.6158 15.30335 325.1866 -4.425797E-07
216.7158 15.30335 325.1866 -4.425797E-07
216.8158 15.30335 325.1866 -4.425797E-07
216.9158 15.30335 325.1866 -4.425797E-07
217.0158 15.30335 325.1866 -4.425797E-07
217.1158 15.30335 325.1866 -4.425797E-07
217.2158 15.30335 325.1866 -4.425797E-07
217.3158 15.30335 325.1866 -4.425797E-07
217.4158 15.30335 325.1866 -4.425797E-07
217.5158 15.30335 325.1866 -4.425797E-07
217.6158 15.30335 325.1866 -4.425797E-07
217.7158 15.30335 325.1866 -4.425797E-07
217.8158 15.30335 325.1866 -4.425797E-07
217.9158 15.30335 325.1866 -4.425797E-07
218.0158 15.30335 325.1866 -4.425797E-07
218.1158 15.30335 325.1866 -4.425797E-07
218.2158 15.30335 325.1866 -4.425797E-07
218.3158 15.30335 325.1866 -4.425797E-07
218.4158 15.30335 325.1866 -4.425797E-07
218.5158 15.30335 325.1866 -4.425797E-07
218.6158 15.30335 325.1866 -4.425797E-07
218.7158 15.30335 325.1866 -4.425797E-07
218.8158 15.30335 325.1866 -4.425797E-07
218.9158 15.30335 325.1866 -4.425797E-07
219.0158 15.30335 325.1866 -4.425797E-07
219.1158 15.30335 325.1866 -4.425797E-07
219.2158 15.30335 325.1866 -4.425797E-07
219.3158 15.30335 325.1866 -4.425797E-07
219.4158 15.30335 325.1866 -4.425797E-07
219.5158 15.30335 325.1866 -4.425797E-07
219.6158 15.30335 325.1866 -4.425797E-07
219.7158 15.30335 325.1866 -4.425797E-07
219.8158 15.30335 325.1866 -4.425797E-07
219.9158 15.30335 325.1866 -4.425797E-07
220.0158 15.30335 325.1866 -4.425797E-07
220.1158 15.30335 325.1866 -4.425797E-07
220.2158 15.30335 325.1866 -4.425797E-07
220.3158 15.30335 325.1866 -4.425797E-07
220.4158 15.30335 325.1866 -4.425797E-07
220.5158 15.30335 325.1866 -4.425797E-07
220.6158 15.30335 325.1866 -4.425797E-07
220.7158 15.30335 325.1866 -4.425797E-07
220.8158 15.30335 325.1866 -4.425797E-07
220.9158 15.30335 325.1866 -4.425797E-07
221.0158 15.30335 325.1866 -4.425797E-07
221.1158 15.30335 325.1866 -4.425797E-07
221.2158 15.30335 325.1866 -4.425797E-07
221.3158 15.30335 325.1866 -4.425797E-07
221.4158 15.30335 325.1866 -4.425797E-07
221.5158 15.30335 325.1866 -4.425797E-07
221.6158 15.30335 325.1866 -4.425797E-07
221.7158 15.30335 325.1866 -4.425797E-07
221.8158 15.30335 325.1866 -4.425797E-07
221.9158 15.30335 325.1866 -4.425797E-07
222.0158 15.30335 325.1866 -4.425797E-07
222.1158 15.30335 325.1866 -4.425797E-07
222.2158 15.30335 325.1866 -4.425797E-07
222.3158 15.30335 325.1866 -4.425797E-07
222.4158 15.30335 325.1866 -4.425797E-07
222.5158 15.30335 325.1866 -4.425797E-07
222.6158 15.30335 325.1866 -4.425797E-07
222.7158 15.30335 325.1866 -4.425797E-07
222.8158 15.30335 325.1866 -4.425797E-07
222.9158 15.30335 325.1866 -4.425797E-07
223.0158 15.30335 325.1866 -4.425797E-07
223.1158 15.30335 325.1866 -4.425797E-07
223.2158 15.30335 325.1866 -4.425797E-07
223.3158 15.30335 325.1866 -4.425797E-07
223.4158 15.30335 325.1866 -4.425797E-07
223.5158 15.30335 325.1866 -4.425797E-07
223.6158 15.30335 325.1866 -4.425797E-07
223.7158 15.30335 325.1866 -4.425797E-07
223.8158 15.30335 325.1866 -4.425797E-07
223.9158 15.30335 325.1866 -4.425797E-07
224.0158 15.30335 325.1866 -4.425797E-07
224.1158 15.30335 325.1866 -4.425797E-07
224.2158 15.30335 325.1866 -4.425797E-07
224.3158 15.30335 325.1866 -4.425797E-07
224.4158 15.30335 325.1866 -4.425797E-07
224.5158 15.30335 325.1866 -4.425797E-07
224.6158 15.30335 325.1866 -4.425797E-07
224.7158 15.30335 325.1866 -4.425797E-07
224.8158 15.30335 325.1866 -4.425797E-07
224.9158 15.30335 325.1866 -4.425797E-07
225.0158 15.30335 325.1866 -4.425797E-07
225.1158 15.30335 325.1866 -4.425797E-07
225.2158 15.30335 325.1866 -4.425797E-07
225.3158 15.30335 325.1866 -4.425797E-07
225.4158 15.30335 325.1866 -4.425797E-07
225.5158 15.30335 325.1866 -4.425797E-07
225.6158 15.30335 325.1866 -4.425797E-07
225.7158 15.30335 325.1866 -4.425797E-07
225.8158 15.30335 325.1866 -4.425797E-07
225.9158 15.30335 325.1866 -4.425797E-07
226.0158 15.30335 325.1866 -4.425797E-07
226.1158 15.30335 325.1866 -4.425797E-07
226.2158 15.30335 325.1866 -4.425797E-07
226.3158 15.30335 325.1866 -4.425797E-07
226.4158 15.30335 325.1866 -4.425797E-07
226.5158 15.30335 325.1866 -4.425797E-07
226.6158 15.30335 325.1866 -4.425797E-07
226.7158 15.30335 325.1866 -4.425797E-07
226.8158 15.30335 325.1866 -4.425797E-07
226.9158 15.30335 325.1866 -4.425797E-07
227.0158 15.30335 325.1866 -4.425797E-07
227.1158 15.30335 325.1866 -4.425797E-07
227.2158 15.30335 325.1866 -4.425797E-07
227.3158 15.30335 325.1866 -4.425797E-07
227.4158 15.30335 325.1866 -4.425797E-07
227.5158 15.30335 325.1866 -4.425797E-07
227.6158 15.30335 325.1866 -4.425797E-07
227.7158 15.30335 325.1866 -4.425797E-07
227.8158 15.30335 325.1866 -4.425797E-07
227.9158 15.30335 325.1866 -4.425797E-07
228.0158 15.30335 325.1866 -4.425797E-07
228.1158 15.30335 325.1866 -4.425797E-07
228.2158 15.30335 325.1866 -4.425797E-07
228.3158 15.30335 325.1866 -4.425797E-07
228.4158 15.30335 325.1866 -4.425797E-07
228.5158 15.30335 325.1866 -4.425797E-07
228.6158 15.30335 325.1866 -4.425797E-07
228.7158 15.30335 325.1866 -4.425797E-07
228.8158 15.30335 325.1866 -4.425797E-07
228.9158 15.30335 325.1866 -4.425797E-07
229.0158 15.30335 325.1866 -4.425797E-07
229.1158 15.30335 325.1866 -4.425797E-07
229.2158 15.30335 325.1866 -4.425797E-07
229.3158 15.30335 325.1866 -4.425797E-07
229.4158 15.30335 325.1866 -4.425797E-07
229.5158 15.30335 325.1866 -4.425797E-07
229.6158 15.30335 325.1866 -4.425797E-07
229.7158 15.30335 325.1866 -4.425797E-07
229.8158 15.30335 325.1866 -4.425797E-07
229.9158 15.30335 325.1866 -4.425797E-07
230.0158 15.30335 325.1866 -4.425797E-07
230.1158 15.30335 325.1866 -4.425797E-07
230.2158 15.30335 325.1866 -4.425797E-07
230.3158 15.30335 325.1866 -4.425797E-07
230.4158 15.30335 325.1866 -4.425797E-07
230.5158 15.30335 325.1866 -4.425797E-07
230.6158 15.30335 325.1866 -4.425797E-07
230.7158 15.30335 325.1866 -4.425797E-07
230.8158 15.30335 325.1866 -4.425797E-07
230.9158 15.30335 325.1866 -4.425797E-07
231.0158 15.30335 325.1866 -4.425797E-07
231.1158 15.30335 325.1866 -4.425797E-07
231.2158 15.30335 325.1866 -4.425797E-07
231.3158 15.30335 325.1866 -4.425797E-07
231.4158 15.30335 325.1866 -4.425797E-07
231.5158 15.30335 325.1866 -4.425797E-07
231.6158 15.30335 325.1866 -4.425797E-07
231.7158 15.30335 325.1866 -4.425797E-07
231.8158 15.30335 325.1866 -4.425797E-07
231.9158 15.30335 325.1866 -4.425797E-07
232.0158 15.30335 325.1866 -4.425797E-07
232.1158 15.30335 325.1866 -4.425797E-07
232.2158 15.30335 325.1866 -4.425797E-07
232.3158 15.30335 325.1866 -4.425797E-07
232.4158 15.30335 325.1866 -4.425797E-07
232.5158 15.30335 325.1866 -4.425797E-07
232.6158 15.30335 325.1866 -4.425797E-07
232.7158 15.30335 325.1866 -4.425797E-07
232.8158 15.30335 325.1866 -4.425797E-07
232.9158 15.30335 325.1866 -4.425797E-07
233.0158 15.30335 325.1866 -4.425797E-07
233.1158 15.30335 325.1866 -4.425797E-07
233.2158 15.30335 325.1866 -4.425797E-07
233.3158 15.30335 325.1866 -4.425797E-07
233.4158 15.30335 325.1866 -4.425797E-07
233.5158 15.30335 325.1866 -4.425797E-07
233.6158 15.30335 325.1866 -4.425797E-07
233.7158 15.30335 325.1866 -4.425797E-07
233.8158 15.30335 325.1866 -4.425797E-07
233.9158 15.30335 325.1866 -4.425797E-07
234.0158 15.30335 325.1866 -4.425797E-07
234.1158 15.30335 325.1866 -4.425797E-07
234.2158 15.30335 325.1866 -4.425797E-07
234.3158 15.30335 325.1866 -4.425797E-07
234.4158 15.30335 325.1866 -4.425797E-07
234.5158 15.30335 325.1866 -4.425797E-07
234.6158 15.30335 325.1866 -4.425797E-07
234.7158 15.30335 325.1866 -4.425797E-07
234.8158 15.30335 325.1866 -4.425797E-07
234.9158 15.30335 325.1866 -4.425797E-07
235.0158 15.30335 325.1866 -4.425797E-07
235.1158 15.30335 325.1866 -4.425797E-07
