1.393062 0 270 0
1.420977 0 270 0
1.466069 0 270 0
1.486069 0 270 0
1.506069 0 270 0
1.526069 0 270 0
1.54607 0 270 0
1.566069 0 270 0
1.586069 0 270 0
1.606069 0 270 0
1.626069 0 270 0
1.646069 0 270 0
1.66607 0 270 0
1.686069 0 270 0
1.706069 0 270 0
1.726069 0 270 0
1.746069 0 270 0
1.766069 0 270 0
1.786069 0 270 0
1.806069 0 270 0
1.826069 0 270 0
1.846069 0 270 0
1.866069 0 270 0
1.886069 0 270 0
1.906069 0 270 0
1.926069 0 270 0
1.946069 0 270 0
1.966069 0 270 0
1.986069 0 270 0
2.006069 0 270 0
2.026069 0 270 0
2.046069 0 270 0
2.066069 0 270 0
2.086069 0 270 0
2.106069 0 270 0
2.12607 0 270 0
2.14607 0 270 0
2.16607 0 270 0
2.186069 0 270 0
2.206069 0 270 0
2.226069 0 270 0
2.246069 0 270 0
2.266069 0 270 0
2.286069 0 270 0
2.306069 0 270 0
2.326069 0 270 0
2.346069 0 270 0
2.36607 0 270 0
2.38607 0 270 0
2.40607 0 270 0
2.426069 0 270 0
2.446069 0 270 0
2.466069 0 270 0
2.486069 0 270 0
2.506069 0 270 0
2.526069 0 270 0
2.546069 0 270 0
2.566069 0 270 0
2.586069 0 270 0
2.606069 0 270 0
2.62607 0 270 0
2.64607 0 270 0
2.66607 0 270 0
2.686069 0 270 0
2.706069 0 270 0
2.726069 0 270 0
2.746069 0 270 0
2.766069 0 270 0
2.786069 0 270 0
2.806069 0 270 0
2.826069 0 270 0
2.846069 0 270 0
2.866069 0 270 0
2.88607 0 270 0
2.90607 0 270 0
2.926069 0 270 0
2.946069 0 270 0
2.966069 0 270 0
2.986069 0 270 0
3.006069 0 270 0
3.026069 0 270 0
3.046069 0 270 0
3.066069 0 270 0
3.086069 0 270 0
3.106069 0 270 0
3.126069 0 270 0
3.14607 0 270 0
3.16607 0 270 0
3.186069 0 270 0
3.206069 0 270 0
3.226069 0 270 0
3.246069 0 270 0
3.266069 0 270 0
3.286069 0 270 0
3.306069 0 270 0
3.326069 0 270 0
3.346069 0 270 0
3.366069 0 270 0
3.386069 0 270 0
3.40607 0 270 0
3.426069 0 270 0
3.446069 0 270 0
3.466069 0 270 0
3.486069 0 270 0
3.506069 0 270 0
3.526069 0 270 0
3.546069 0 270 0
3.566069 0 270 0
3.586069 0 270 0
3.606069 0 270 0
3.626069 0 270 0
3.64607 0 270 0
3.66607 0 270 0
3.686069 0 270 0
3.706069 0 270 0
3.726069 0 270 0
3.746069 0 270 0
3.766069 0 270 0
3.786069 0 270 0
3.806069 0 270 0
3.826069 0 270 0
3.846069 0 270 0
3.866069 0 270 0
3.886069 0 270 0
3.90607 0 270 0
3.926069 0 270 0
3.946069 0 270 0
3.966069 0 270 0
3.986069 0 270 0
4.006069 0 270 0
4.026069 0 270 0
4.04607 0 270 0
4.06607 0 270 0
4.08607 0 270 0
4.10607 0 270 0
4.12607 0 270 0
4.14607 0 270 0
4.16607 0 270 0
4.186069 0 270 0
4.206069 0 270 0
4.226069 0 270 0
4.246069 0 270 0
4.266069 0 270 0
4.286069 0 270 0
4.306069 0 270 0
4.326069 0 270 0
4.346069 0 270 0
4.366069 0 270 0
4.386069 0 270 0
4.406069 0 270 0
4.426069 0 270 0
4.446069 0 270 0
4.466069 0 270 0
4.486069 0 270 0
4.506069 0 270 0
4.526069 0 270 0
4.54607 0 270 0
4.56607 0 270 0
4.58607 0 270 0
4.60607 0 270 0
4.62607 0 270 0
4.64607 0 270 0
4.66607 0 270 0
4.686069 0 270 0
4.706069 0 270 0
4.726069 0 270 0
4.746069 0 270 0
4.766069 0 270 0
4.786069 0 270 0
4.806069 0 270 0
4.826069 0 270 0
4.846069 0 270 0
4.866069 0 270 0
4.886069 0 270 0
4.906069 0 270 0
4.926069 0 270 0
4.946069 0 270 0
4.966069 0 270 0
4.986069 0 270 0
5.006069 0 270 0
5.026069 0 270 0
5.046069 0 270 0
5.06607 0 270 0
5.08607 0 270 0
5.10607 0 270 0
5.12607 0 270 0
5.14607 0 270 0
5.16607 0 270 0
5.186069 0 270 0
5.206069 0 270 0
5.226069 0 270 0
5.246069 0 270 0
5.266069 0 270 0
5.286069 0 270 0
5.306069 0 270 0
5.326069 0 270 0
5.346069 0 270 0
5.366069 0 270 0
5.386069 0 270 0
5.406069 0 270 0
5.426069 0 270 0
5.446069 0 270 0
5.466069 0 270 0
5.486069 0 270 0
5.506069 0 270 0
5.526069 0 270 0
5.546069 0 270 0
5.56607 0 270 0
5.58607 0 270 0
5.60607 0 270 0
5.62607 0 270 0
5.64607 0 270 0
5.66607 0 270 0
5.686069 0 270 0
5.706069 0 270 0
5.726069 0 270 0
5.746069 0 270 0
5.766069 0 270 0
5.786069 0 270 0
5.806069 0 270 0
5.826069 0 270 0
5.846069 0 270 0
