-0.03333334 353.2242 356.8306 8.943933
0.03333334 353.2303 356.8354 8.945998
0.06666667 353.326 356.7652 9.019885
0.1 353.3967 356.7649 9.079699
0.1333333 353.4588 356.7607 9.103777
0.1666667 353.474 356.7805 9.051762
0.1666667 353.5903 356.878 8.985022
0.1666667 353.568 356.895 8.929909
0.1666667 353.5772 356.9162 8.97018
0.1666667 353.5915 356.9509 8.978955
0.5333334 353.5978 356.9378 8.990482
0.5333334 353.5988 356.9376 9.009932
0.5666667 353.6217 356.9349 9.017606
0.5666667 353.6312 356.9381 9.011827
0.5666667 353.6284 356.9477 8.991841
0.6 353.6018 356.9563 8.938551
0.6 353.6143 356.9724 8.905193
0.6333333 353.6534 356.9758 8.920856
0.6333333 353.6924 356.9791 8.92526
0.6666667 353.7266 356.9844 8.919612
0.6666667 353.7348 357.002 8.912422
0.6666667 353.7174 357.0077 8.901959
0.7 353.6996 357.0108 8.894835
0.7 353.6994 357.0187 8.882648
0.7333333 353.7195 357.0369 8.883183
0.7333333 353.7473 357.0409 8.889461
0.7666667 353.7707 357.056 8.884754
0.7666667 353.7934 357.0621 8.895317
0.7666667 353.8009 357.0789 8.897381
0.8 353.8011 357.0872 8.896832
0.8 353.8127 357.0981 8.881536
0.8333333 353.8181 357.1029 8.891509
0.8333333 353.8396 357.1004 8.915195
0.8333333 353.8493 357.0984 8.923804
0.8666667 353.8378 357.1101 8.88521
0.8666667 353.8243 357.1429 8.835173
0.9 353.8148 357.1841 8.815973
0.9 353.8361 357.2224 8.805796
0.9333333 353.8712 357.2853 8.803401
0.9333333 353.908 357.3828 8.790733
0.9333333 353.9137 357.5409 8.747079
0.9666666 353.8867 357.7159 8.713712
0.9666666 353.8483 357.8739 8.707911
1 353.8231 358.0211 8.743967
1 353.811 358.1228 8.841923
1 353.7986 358.1449 9.010703
1.033333 353.7719 358.0969 9.246002
1.033333 353.7442 357.9891 9.440896
1.066667 353.7054 357.9062 9.487453
1.066667 353.6168 357.8588 9.438518
1.1 353.5827 357.8836 9.320725
1.1 353.6848 357.994 9.170006
1.133333 353.8143 358.1158 9.02369
1.133333 353.9323 358.2447 8.88102
1.133333 353.9625 358.3477 8.789339
1.166667 353.9304 358.4311 8.809153
1.166667 353.8637 358.5117 8.888522
1.166667 353.845 358.6097 8.943164
1.2 353.8605 358.7614 8.965349
1.2 353.913 358.9515 8.959217
1.233333 353.9708 359.1718 8.933561
1.233333 353.9727 359.3647 8.887802
1.266667 353.9488 359.5965 8.827168
1.266667 353.9131 359.859 8.746105
1.266667 353.9035 0.1022124 8.670515
1.3 353.9004 0.4063167 8.559404
1.3 353.8773 2.717144 8.454483
1.333333 353.8219 5.024967 8.352424
1.333333 353.7141 7.321998 8.263968
1.366667 353.5602 9.602989 8.197707
1.366667 353.4306 11.85243 8.152796
1.4 353.2719 14.58796 7.987597
1.433333 353.3391 16.5086 8.024014
1.433333 353.4459 18.60288 8.026845
1.466667 353.4915 21.08151 7.94471
1.466667 353.5518 22.9408 7.985555
1.5 353.6331 24.96441 7.97799
1.5 353.7479 26.88317 7.911135
1.533333 353.8907 29.01115 7.77166
1.533333 353.8618 30.77677 7.74798
1.566667 353.9137 32.69863 7.606165
1.566667 353.8289 34.60957 7.597488
1.6 353.7292 36.55099 7.567807
1.6 353.6602 38.48606 7.470239
1.633333 353.6147 40.529 7.510381
1.633333 353.5381 42.56214 7.550162
1.666667 353.4877 44.59976 7.617112
1.666667 353.4782 46.67517 7.709378
1.7 353.3846 48.75912 7.801614
1.733333 353.3749 50.74346 7.862029
1.733333 353.3195 52.75333 7.933105
1.766667 353.2327 54.72423 8.018028
1.766667 353.0698 56.71954 8.185924
1.8 353.095 58.70871 8.174798
1.8 353.1094 60.69412 8.212548
1.833333 353.144 62.68406 8.250403
1.833333 353.2312 63.97041 8.239446
1.866667 353.2739 63.96048 8.283547
1.866667 353.3047 63.96142 8.219865
1.866667 353.3303 63.95225 8.189283
1.9 353.3643 63.93562 8.124041
1.9 353.3867 63.91158 8.078472
1.9 353.4053 63.87717 8.013159
1.933333 353.4261 63.84878 7.921989
1.933333 353.4026 63.82455 7.787613
1.966667 353.3874 63.8191 7.733874
1.966667 353.3808 63.78503 7.593047
1.966667 353.3544 63.73751 7.450853
2 353.3153 63.66523 7.320398
2 353.2628 63.58319 7.217518
2.033333 353.1846 63.48526 7.135908
2.033333 353.0781 63.38646 7.113612
2.033333 352.9445 63.26349 7.148688
2.066667 352.8127 63.16093 7.21384
2.066667 352.7223 63.08236 7.278567
2.1 352.6739 63.01873 7.324927
2.1 352.6609 62.97079 7.36816
2.1 352.6586 62.93905 7.405443
2.133333 352.6236 62.89446 7.510748
2.133333 352.5774 62.82874 7.633179
2.166667 352.5449 62.76506 7.773433
2.166667 352.5483 62.70881 7.886185
2.2 352.5819 62.6682 7.981124
2.2 352.6066 62.65052 8.01647
2.2 352.643 62.64469 8.048844
2.233333 352.6447 62.62434 8.072478
2.233333 352.6031 62.58199 8.074808
2.266667 352.5268 62.5154 8.107573
2.266667 352.4506 62.40659 8.151503
2.266667 352.4085 62.31804 8.146617
2.3 352.3506 62.23461 8.088303
2.3 352.2722 62.13634 8.01666
2.333333 352.2084 62.03188 8.004722
2.333333 352.1375 61.8143 8.005732
2.366667 352.0422 61.59961 7.964861
2.366667 351.9439 61.43658 7.872033
2.366667 351.8689 61.32404 7.703031
2.4 351.8934 61.26794 7.650466
2.4 352.0408 61.22783 7.682959
2.433333 352.2679 61.16634 7.742046
2.433333 352.5056 61.10042 7.759532
2.433333 352.6041 61.03748 7.751678
2.466667 352.6028 60.98848 7.708382
2.466667 352.508 60.92943 7.647277
2.5 352.3558 60.85527 7.606493
2.5 352.1979 60.76696 7.551075
2.533333 352.0602 60.69106 7.466281
2.533333 351.9635 60.63688 7.378297
2.533333 351.8941 60.58715 7.301533
2.566667 351.8612 60.56123 7.23031
2.566667 351.8777 60.5115 7.198729
2.6 351.9283 60.49199 7.186618
2.6 352.0048 60.46004 7.167305
2.633333 352.037 60.43209 7.160438
2.633333 352.0253 60.39904 7.154459
2.633333 351.9807 60.34762 7.161777
2.666667 351.8993 60.27863 7.194322
2.666667 351.8349 60.20459 7.227879
2.7 351.7726 60.10115 7.281273
2.7 351.7174 59.98595 7.305445
2.7 351.6889 59.88549 7.3211
2.733333 351.653 59.75729 7.327011
2.733333 351.6026 59.60574 7.310229
2.766667 351.5654 59.48564 7.293187
2.766667 351.5137 59.3401 7.268373
2.8 351.4305 59.2094 7.245141
2.8 351.3187 59.08082 7.221487
2.8 351.2136 58.98099 7.189335
2.833333 351.1016 58.90174 7.139512
2.833333 351.0118 58.83082 7.109088
2.866667 350.9187 58.78476 7.081295
2.866667 350.8302 58.72098 7.060665
2.866667 350.7358 58.69561 7.038259
2.9 350.6627 58.68224 7.040705
2.9 350.5943 58.69455 7.040507
2.933333 350.5625 58.72849 7.0491
2.933333 350.5489 58.77206 7.050975
2.966667 350.5399 58.84249 7.06016
2.966667 350.5289 58.92402 7.056452
2.966667 350.4983 58.9943 7.070208
3 350.4696 59.10403 7.070304
3 350.4402 59.18683 7.083751
3.033333 350.4312 59.28871 7.09141
3.033333 350.4338 59.37743 7.103026
3.033333 350.4407 59.45994 7.133762
3.066667 350.4361 59.52993 7.170325
3.066667 350.4001 59.59568 7.17888
3.1 350.3312 59.66311 7.144178
3.1 350.2715 59.7222 7.131304
3.133333 350.2625 59.77269 7.133834
3.133333 350.2857 59.8212 7.134825
3.133333 350.3253 59.86634 7.140011
3.166667 350.3463 59.90506 7.127296
3.166667 350.3421 59.94002 7.094784
3.2 350.3044 59.98061 7.044626
3.2 350.2941 60.00393 7.021325
3.2 350.3119 60.03233 6.992717
3.233333 350.3403 60.05735 6.984423
3.233333 350.3678 60.09213 6.982809
3.266667 350.4154 60.12803 7.018034
3.266667 350.4428 60.1771 7.061667
3.3 350.4605 60.21402 7.114953
3.3 350.4478 60.27214 7.143199
3.3 350.4374 60.30649 7.169149
3.333333 350.4353 60.33046 7.200166
3.333333 350.4333 60.33199 7.240715
3.366667 350.416 60.33316 7.221663
3.366667 350.385 60.32965 7.195446
3.4 350.3569 60.3164 7.177757
3.4 350.3516 60.2903 7.187068
3.4 350.3603 60.25868 7.197047
3.433333 350.3581 60.2262 7.216612
3.433333 350.3695 60.18908 7.234722
3.466667 350.3888 60.18591 7.237538
3.466667 350.4372 60.1599 7.242214
3.466667 350.4597 60.16467 7.230077
3.5 350.4782 60.17015 7.218065
3.5 350.4875 60.17586 7.198305
3.533333 350.4975 60.20327 7.193694
3.533333 350.5271 60.22906 7.200062
3.566667 350.5803 60.2533 7.222642
3.566667 350.637 60.28969 7.254155
3.566667 350.6721 60.31659 7.278182
3.6 350.6903 60.35073 7.297735
3.6 350.7047 60.36971 7.324048
3.633333 350.7225 60.39228 7.341397
3.633333 350.7448 60.4049 7.35976
3.633333 350.7693 60.41901 7.381643
3.666667 350.7779 60.42538 7.395949
3.666667 350.7788 60.42958 7.405058
3.7 350.7727 60.42251 7.418694
3.7 350.7789 60.40931 7.427786
3.733333 350.7718 60.3864 7.428445
3.733333 350.7688 60.36699 7.429811
3.733333 350.7455 60.34956 7.436693
3.766667 350.7254 60.33468 7.433265
3.766667 350.7015 60.30888 7.428504
3.8 350.6644 60.2886 7.447017
3.8 350.6148 60.2479 7.471807
3.8 350.5871 60.22823 7.487474
3.833333 350.5675 60.20229 7.52535
3.833333 350.5526 60.20118 7.538776
3.866667 350.5309 60.21519 7.520054
3.866667 350.5215 60.22906 7.519776
3.9 350.5258 60.24912 7.527749
3.9 350.5434 60.26577 7.547239
3.9 350.5503 60.26156 7.574482
3.933333 350.5629 60.26981 7.605315
3.933333 350.5908 60.28508 7.6201
3.966667 350.609 60.28722 7.632581
3.966667 350.6214 60.28765 7.653704
4 350.627 60.27715 7.667889
4 350.6287 60.2555 7.684135
4 350.6222 60.24253 7.682961
4.033333 350.6312 60.22915 7.689055
4.033333 350.6371 60.2178 7.688297
4.066667 350.6378 60.21048 7.682638
4.066667 350.6577 60.19083 7.682662
4.066667 350.6448 60.16555 7.680573
4.1 350.6346 60.12462 7.70631
4.1 350.6312 60.07161 7.743615
4.133333 350.5951 60.02327 7.760429
4.133333 350.5721 59.98997 7.731341
4.166667 350.5482 59.97795 7.716267
4.166667 350.5435 59.96879 7.710897
4.166667 350.5348 59.94625 7.714571
4.2 350.5277 59.92854 7.73228
4.2 350.5163 59.91585 7.752031
4.233333 350.4944 59.92062 7.746198
4.233333 350.4894 59.91409 7.762509
4.233333 350.4756 59.91295 7.758556
4.266667 350.4683 59.90767 7.758099
4.266667 350.4652 59.90355 7.769141
4.3 350.4582 59.91759 7.769724
4.3 350.4793 59.92049 7.7602
4.333333 350.502 59.92019 7.758258
4.333333 350.5128 59.91877 7.751155
4.333333 350.5291 59.91798 7.75033
4.366667 350.5314 59.91548 7.733055
4.366667 350.5459 59.9184 7.724382
4.4 350.5627 59.90582 7.721262
4.4 350.5624 59.9101 7.710867
4.4 350.566 59.89877 7.712011
4.433333 350.5587 59.88962 7.717276
4.433333 350.5464 59.8748 7.728446
4.466667 350.5345 59.86809 7.736619
4.466667 350.5143 59.86225 7.751226
4.5 350.4713 59.84476 7.761061
4.5 350.4458 59.82275 7.780163
4.5 350.4037 59.78883 7.81006
4.533333 350.3765 59.7547 7.854872
4.533333 350.3633 59.72721 7.863854
4.566667 350.3554 59.72589 7.842368
4.566667 350.3395 59.69975 7.857135
4.566667 350.3093 59.69297 7.86018
4.6 350.2722 59.65913 7.87207
4.6 350.2638 59.62448 7.900426
4.633333 350.2572 59.61464 7.90728
4.633333 350.235 59.59712 7.894262
4.666667 350.2138 59.59098 7.86824
4.666667 350.2053 59.58979 7.865954
4.666667 350.205 59.56739 7.885128
4.7 350.2014 59.55946 7.897671
4.7 350.2026 59.54987 7.9038
4.733333 350.1987 59.53872 7.917447
4.733333 350.188 59.52921 7.94056
4.766667 350.1693 59.5292 7.939132
4.766667 350.1528 59.51404 7.94793
4.766667 350.1342 59.50041 7.967057
4.8 350.1241 59.49817 7.976112
4.8 350.1256 59.49046 7.994036
4.833333 350.1449 59.48471 8.006701
4.833333 350.154 59.47386 8.02388
4.833333 350.1393 59.47265 8.013107
4.866667 350.1144 59.45778 8.022218
4.866667 350.1133 59.45022 8.047547
4.9 350.1125 59.43077 8.060814
4.9 350.1023 59.42308 8.056906
4.933333 350.0815 59.41978 8.030251
4.933333 350.0717 59.426 8.011562
4.933333 350.078 59.43148 8.002843
4.966667 350.1002 59.43496 8.011168
4.966667 350.1005 59.42311 8.02433
5 350.1096 59.4147 8.026864
5 350.123 59.41524 8.023478
5 350.1469 59.4201 8.010208
5.033333 350.1631 59.42834 7.976636
5.033333 350.1676 59.44065 7.94893
5.066667 350.1573 59.44461 7.930115
5.066667 350.1479 59.45856 7.913055
5.1 350.1516 59.48139 7.88992
5.1 350.1606 59.50344 7.875445
5.1 350.1595 59.51605 7.878787
5.133333 350.1571 59.53274 7.885704
5.133333 350.1519 59.56076 7.892057
5.166667 350.1621 59.56456 7.910428
5.166667 350.1584 59.58971 7.916129
5.166667 350.1565 59.59725 7.923415
5.2 350.1495 59.60345 7.929739
5.2 350.1596 59.60313 7.927084
5.233333 350.1701 59.60648 7.926202
5.233333 350.1788 59.60234 7.924965
5.266667 350.1885 59.60589 7.913053
5.266667 350.1917 59.5976 7.908291
5.266667 350.1889 59.5949 7.89305
5.3 350.1925 59.58718 7.890414
5.3 350.1962 59.55714 7.899041
5.333333 350.2001 59.55259 7.892143
5.333333 350.2085 59.54776 7.855259
5.366667 350.2121 59.54913 7.818661
5.366667 350.213 59.52242 7.817857
5.366667 350.1956 59.5074 7.806461
5.4 350.1789 59.49038 7.802634
5.4 350.1662 59.49263 7.804404
5.433333 350.1292 59.52141 7.775559
5.433333 350.1033 59.54333 7.739548
5.433333 350.1042 59.57235 7.707475
5.466667 350.1285 59.59581 7.714412
5.466667 350.1568 59.62193 7.719598
5.5 350.1697 59.64421 7.730806
5.5 350.1688 59.67336 7.748734
5.533333 350.1627 59.6954 7.764332
5.533333 350.1523 59.69749 7.780303
5.533333 350.1429 59.71489 7.784655
5.566667 350.1496 59.72625 7.789537
5.566667 350.1674 59.73093 7.795685
5.6 350.1845 59.74185 7.797935
5.6 350.2006 59.74039 7.810005
5.6 350.205 59.72391 7.82582
5.633333 350.1923 59.7168 7.830619
5.633333 350.1631 59.7099 7.813362
5.666667 350.1311 59.69247 7.830138
5.666667 350.1247 59.67198 7.846992
5.7 350.1183 59.65156 7.854021
5.7 350.107 59.64194 7.836153
5.7 350.0995 59.65147 7.813455
5.733333 350.0744 59.66957 7.802247
5.733333 350.0482 59.68323 7.803222
5.766667 350.0359 59.69007 7.816751
5.766667 350.0236 59.7147 7.825391
5.766667 350.0277 59.74373 7.836372
5.8 350.0468 59.79145 7.83065
5.8 350.0559 59.83248 7.833636
5.833333 350.0569 59.87501 7.820781
5.833333 350.0628 59.91518 7.805278
5.866667 350.0531 59.98422 7.791083
5.866667 350.0549 60.05145 7.775272
5.866667 350.0677 60.11553 7.771492
5.9 350.0923 60.19746 7.76728
5.9 350.1134 60.27057 7.774581
5.933333 350.1374 60.33886 7.782031
5.933333 350.1439 60.402 7.785197
5.933333 350.1523 60.45424 7.791649
5.966667 350.1465 60.50272 7.793719
5.966667 350.1429 60.54612 7.788399
6 350.1207 60.58822 7.77321
6 350.0987 60.61396 7.765347
6.033333 350.0798 60.64251 7.749926
6.033333 350.063 60.65651 7.743443
6.033333 350.044 60.66473 7.732624
6.066667 350.0247 60.66907 7.717098
6.066667 350.0132 60.67329 7.703389
6.1 350.0048 60.67134 7.706448
6.1 350.0005 60.66383 7.694194
6.1 349.9881 60.64701 7.702953
6.133333 349.9844 60.64075 7.69068
6.133333 349.9773 60.63393 7.694019
6.166667 349.9638 60.60279 7.725645
6.166667 349.9525 60.57608 7.74461
6.2 349.9644 60.56295 7.75072
6.2 349.9742 60.56322 7.744244
6.2 349.9607 60.57909 7.698178
6.233333 349.9401 60.60383 7.644875
6.233333 349.9465 60.62113 7.631499
6.266667 349.9787 60.63389 7.643671
6.266667 350.0005 60.64754 7.651378
6.266667 350.0139 60.66558 7.66071
6.3 350.0094 60.68048 7.668921
6.3 349.9999 60.70236 7.665883
6.333333 349.9894 60.72043 7.663322
6.333333 349.9736 60.7511 7.649672
6.366667 349.9637 60.75359 7.643516
6.366667 349.9715 60.77101 7.639041
6.366667 349.9824 60.78726 7.630689
6.4 349.9906 60.80967 7.632493
6.4 349.9878 60.83349 7.63609
6.433333 349.9875 60.83534 7.640415
6.433333 349.9824 60.86164 7.641608
6.433333 349.9736 60.87341 7.670646
6.466667 350.001 60.89006 7.699622
6.466667 350.0131 60.90495 7.718896
6.5 350.0014 60.92618 7.713784
6.5 349.9675 60.95919 7.692817
6.533333 349.9607 60.98812 7.705257
6.533333 349.9733 61.03247 7.718554
6.533333 349.9953 61.07445 7.735229
6.566667 350.0174 61.10576 7.754687
6.566667 350.0392 61.16042 7.794862
6.6 350.0664 61.21949 7.823597
6.6 350.0833 61.28681 7.840026
6.633333 350.0983 61.34371 7.868332
6.633333 350.0974 61.39085 7.902089
6.633333 350.0881 61.44455 7.926995
6.666667 350.0862 61.50457 7.941984
6.666667 350.0934 61.56031 7.947873
6.7 350.1017 61.62529 7.942808
6.7 350.1141 61.67658 7.941855
6.7 350.1081 61.74117 7.93504
6.733333 350.106 61.76928 7.951818
6.733333 350.0865 61.81061 7.959838
6.766667 350.072 61.82849 7.979666
6.766667 350.0565 61.86017 7.995968
6.8 350.0406 61.86889 8.013502
6.8 350.0196 61.89658 8.030594
6.8 350.004 61.90954 8.048567
6.833333 349.9776 61.92139 8.05069
6.833333 349.9566 61.92622 8.072789
6.866667 349.9299 61.93975 8.078007
6.866667 349.9141 61.93918 8.085164
6.866667 349.8882 61.94619 8.097631
6.9 349.8748 61.94876 8.10215
6.9 349.8596 61.96572 8.107136
6.933333 349.859 61.97654 8.11802
6.933333 349.8671 61.99009 8.123333
6.966667 349.881 61.98421 8.144589
6.966667 349.89 61.98726 8.166507
6.966667 349.904 62.00471 8.178324
7 349.915 62.00675 8.190023
7 349.9348 62.01332 8.219421
7.033333 349.9574 62.02321 8.230568
7.033333 350.0032 62.02013 8.25429
7.033333 350.0555 62.02298 8.260958
7.066667 350.0963 62.03871 8.2479
7.066667 350.101 62.05917 8.207529
7.1 350.1055 62.07561 8.15828
7.1 350.1221 62.10087 8.137253
7.133333 350.156 62.12271 8.128042
7.133333 350.1768 62.13874 8.119532
7.133333 350.1634 62.16243 8.101512
7.166667 350.1364 62.20311 8.087951
7.166667 350.1035 62.22339 8.061338
7.2 350.0556 62.27022 8.027263
7.2 350.0302 62.3106 8.007392
7.2 350.0179 62.36392 7.976554
7.233333 350.0034 62.43131 7.963098
7.233333 349.993 62.48169 7.958244
7.266667 349.9926 62.53585 7.950927
7.266667 349.9966 62.59605 7.954604
7.3 350.0036 62.659 7.939988
7.3 349.9903 62.70995 7.927566
7.3 349.9957 62.75846 7.945762
7.333333 349.9981 62.79427 7.973787
7.333333 349.9933 62.82547 7.988011
7.366667 349.9664 62.8668 7.978982
7.366667 349.9546 62.90499 7.96769
7.4 349.9503 62.93966 7.963537
7.4 349.9581 62.96183 7.977129
7.4 349.9662 62.97195 8.000243
7.433333 349.9595 62.97631 8.013131
7.433333 349.9483 62.96896 8.022227
7.466667 349.9132 62.9598 8.0219
7.466667 349.8785 62.94336 8.006938
7.466667 349.8411 62.92735 7.995912
7.5 349.7972 62.90957 7.98517
7.5 349.7656 62.88531 7.977518
7.533333 349.7378 62.86271 7.985358
7.533333 349.7259 62.839 7.986185
7.533333 349.7169 62.83453 8.001149
7.566667 349.7358 62.81178 8.018273
7.566667 349.7393 62.79547 8.045444
7.6 349.7516 62.79093 8.065046
7.6 349.7542 62.77901 8.093628
7.633333 349.7721 62.73317 8.126264
7.633333 349.7936 62.71667 8.14705
7.633333 349.8091 62.68894 8.165253
7.666667 349.818 62.65212 8.190232
7.666667 349.8084 62.62372 8.201593
7.7 349.802 62.58194 8.220181
7.7 349.8048 62.55095 8.238899
7.733333 349.8185 62.50307 8.26274
7.733333 349.8367 62.46457 8.270687
7.733333 349.8398 62.42883 8.275337
7.766667 349.8483 62.38378 8.279697
7.766667 349.8649 62.3403 8.289651
7.8 349.8761 62.29049 8.303001
7.8 349.8792 62.24087 8.307649
7.8 349.8951 62.20872 8.308415
7.833333 349.8772 62.21354 8.279713
7.833333 349.8596 62.20661 8.304362
7.866667 349.8592 62.17413 8.428768
7.866667 349.8247 62.10512 8.58741
7.9 349.7755 62.07823 8.622436
7.9 349.7098 62.1268 8.386941
7.9 349.6709 62.31477 7.91951
7.933333 349.6922 62.54433 7.492922
7.933333 349.7233 62.80749 7.151281
7.966667 349.7688 62.94838 6.945443
7.966667 349.9373 63.05885 6.809053
7.966667 350.2153 63.1138 6.837895
8 350.4558 63.10726 6.987862
8 350.5659 63.05069 7.211011
8.033334 350.5822 62.904 7.515365
8.033334 350.5562 62.70953 7.822772
8.066667 350.558 62.51448 8.074506
8.066667 350.6253 62.2659 8.308349
8.066667 350.7478 62.02129 8.477492
8.1 350.8874 61.78826 8.562824
8.1 351.0776 61.52502 8.601851
8.133333 351.2375 61.24975 8.596188
8.133333 351.3312 59.02443 8.570031
8.133333 351.3875 56.75028 8.520036
8.166667 351.3862 54.45678 8.457429
8.2 351.364 52.22588 8.397699
8.2 351.3239 49.93037 8.313685
8.233334 351.2628 47.68353 8.2644
8.233334 351.2369 45.49952 8.201962
8.266666 351.3748 42.49828 8.078691
8.266666 351.492 40.81149 8.145054
8.3 351.6328 38.72463 8.166551
8.3 351.6673 36.74488 8.177221
8.333333 351.7255 34.5298 8.12199
8.333333 351.6251 32.7033 8.055259
8.366667 351.5433 30.79666 7.937907
8.366667 351.3847 28.9818 7.815017
8.4 351.2237 27.09739 7.626518
8.4 351.1862 25.15985 7.604975
8.433333 351.1392 23.23663 7.547755
8.466666 351.0895 21.32768 7.470625
8.466666 351.0817 19.3881 7.400754
8.5 350.9573 17.5459 7.146349
8.5 350.9783 15.46023 7.207214
8.533334 350.961 13.30422 7.204036
8.533334 350.8979 11.19663 7.105121
8.566667 350.8283 8.994269 7.074909
8.566667 350.7751 6.862509 7.049055
8.6 350.8187 4.812449 7.144932
8.633333 350.6993 2.669597 7.113709
8.666667 350.4477 0.6671376 7.049235
8.7 350.3694 358.7726 6.829992
8.7 350.7051 356.8333 6.624907
8.733334 350.8765 354.8361 6.470609
8.766666 351.0163 352.7228 6.457889
8.766666 351.3502 350.4574 6.323649
8.8 351.7986 348.0327 6.35716
8.833333 352.1392 345.627 6.353983
8.866667 352.2939 343.2004 6.31413
8.9 352.4403 340.6648 6.512961
8.933333 352.8885 337.9674 6.866902
8.933333 352.8812 335.4034 7.110394
8.966666 352.4283 333.0249 7.094179
9 352.1655 331.9453 7.105035
9.033334 351.9444 332.196 6.972231
9.033334 351.8356 332.113 6.808736
9.066667 351.9541 332.3102 6.767332
9.1 352.0851 332.4685 7.062161
9.133333 352.1169 332.6208 7.447021
9.166667 352.0254 332.883 7.725736
9.2 352.1743 333.5759 7.433165
9.2 351.9176 334.2679 6.895248
9.233334 351.5413 334.7821 6.540089
9.266666 351.2542 335.2012 6.434363
9.3 350.9962 335.5081 6.359698
9.333333 350.8382 335.7409 6.242444
9.366667 350.892 335.9313 6.068156
9.366667 350.9128 336.0522 5.889783
9.4 350.8403 336.1049 5.783146
9.433333 350.8848 336.131 5.77032
9.466666 350.9453 336.0882 5.829431
9.5 350.9097 335.9297 5.984257
9.5 350.8596 335.889 6.047949
9.533334 350.8795 335.8106 6.089837
9.533334 350.8872 335.7313 6.139718
9.533334 350.8958 335.6557 6.168953
9.566667 350.8952 335.5791 6.169129
9.566667 350.8494 335.499 6.15865
9.6 350.7983 335.4359 6.124805
9.6 350.7289 335.3728 6.090807
9.633333 350.6999 335.3255 6.056613
9.633333 350.7007 335.3083 6.008445
9.633333 350.6921 335.2938 5.947634
9.666667 350.6784 335.3282 5.895664
9.666667 350.6772 335.3412 5.872637
9.7 350.6899 335.3605 5.898712
9.7 350.6753 335.3495 5.951457
9.733334 350.659 335.3521 5.998193
9.733334 350.6647 335.4071 6.025144
9.733334 350.7157 335.5058 6.009848
9.766666 350.7579 335.612 5.954556
9.766666 350.836 335.7696 5.85273
9.8 350.905 335.9802 5.732366
9.8 350.9288 336.1052 5.678729
9.833333 350.9568 336.2114 5.73628
9.833333 350.9847 336.2439 5.859611
9.833333 350.984 336.2661 5.935001
9.866667 350.9713 336.364 5.963693
9.866667 350.9533 336.4713 5.977746
9.9 350.9463 336.5721 5.971446
9.9 350.9927 336.7368 5.917255
9.9 351.0129 336.8683 5.913411
9.933333 351.0041 336.9857 5.92359
9.933333 350.971 337.1041 5.945861
9.966666 350.9564 337.2393 5.970188
9.966666 350.9664 337.3432 5.994576
10 350.9856 337.4558 6.000184
10 351.024 337.5706 6.00334
10 351.0471 337.6608 6.012807
10.03333 351.0758 337.8061 5.969647
10.03333 351.0981 337.976 5.876425
10.06667 351.1199 338.116 5.753564
10.06667 351.157 338.2983 5.581024
10.06667 351.2336 338.5057 5.371713
10.1 351.2903 338.663 5.228505
10.1 351.3299 338.8273 5.079254
10.13333 351.3391 338.9389 4.970546
10.13333 351.3318 339.0405 4.876088
10.16667 351.3302 339.1262 4.798887
10.16667 351.3103 339.2175 4.727837
10.16667 351.2806 339.2929 4.666004
10.2 351.2571 339.3744 4.615592
10.2 351.2411 339.4428 4.608375
10.23333 351.235 339.5053 4.602978
10.23333 351.2257 341.5936 4.593419
10.23333 351.2274 343.6926 4.582881
10.26667 351.2255 345.7495 4.595815
10.3 351.2249 347.805 4.635786
10.3 351.2093 349.8208 4.682062
10.33333 351.1702 351.8047 4.765688
10.33333 351.1207 353.736 4.878637
10.36667 351.0037 355.7612 5.082898
10.36667 351.021 357.7 5.063089
10.4 350.998 359.6674 5.111141
10.4 350.9896 1.629378 5.134964
10.43333 350.9577 3.605298 5.249177
10.43333 350.9572 5.594243 5.251801
10.46667 350.9142 7.574401 5.34436
10.46667 350.8292 9.521578 5.555824
10.5 350.8781 11.51221 5.614641
10.53333 350.8716 13.50699 5.675647
10.56667 350.8962 15.50455 5.78237
10.6 350.8283 17.45006 5.843379
10.6 350.5907 19.45829 5.859649
10.63333 350.4144 21.44621 5.89229
10.66667 350.3159 23.42834 5.89601
10.7 350.1329 25.40193 6.065932
10.73333 349.9792 27.34414 6.300205
10.73333 349.7563 29.37864 6.376874
10.76667 349.5224 31.66327 6.295863
10.8 349.3266 34.20794 5.930146
10.83333 349.1175 36.92142 5.474557
10.86667 348.8868 39.44855 5.656393
10.9 348.5954 41.76572 6.293333
10.9 348.3781 43.9038 6.980611
10.93333 348.3568 46.03916 7.379005
10.96667 348.355 48.04008 7.621583
11 348.3893 49.95268 7.584478
11.03333 348.5736 51.90971 7.28806
11.06667 348.9712 54.02042 6.847566
11.06667 349.3887 56.23965 6.562814
11.1 349.621 58.52493 6.328229
11.13333 349.7051 60.72882 6.263398
11.16667 349.6523 62.78505 6.41567
11.2 349.4154 64.76019 6.659243
11.23333 349.2067 66.70322 6.84432
11.23333 349.024 66.33686 6.90733
11.26667 348.8139 66.18443 6.922876
11.3 348.6643 65.96447 6.919394
11.33333 348.5676 65.73393 6.879439
11.36667 348.4768 65.53314 6.786299
11.4 348.6087 65.37991 6.745443
11.4 348.6783 65.21822 6.760875
11.43333 348.7116 65.22684 6.821039
11.46667 348.7101 65.18477 6.863946
11.46667 348.6859 65.00822 6.944182
11.46667 348.6542 65.0377 6.970645
11.5 348.5887 64.99039 7.044644
11.5 348.5174 64.96027 7.126407
11.53333 348.4346 64.94645 7.176146
11.53333 348.3275 64.9195 7.239277
11.56667 348.2205 64.89709 7.300272
11.56667 348.0984 64.86035 7.370019
11.6 348.0079 64.8045 7.478576
11.6 347.9327 64.74182 7.568164
11.6 347.8563 64.6834 7.648027
11.63333 347.7548 64.60857 7.710495
11.63333 347.6638 64.54673 7.753943
11.66667 347.5721 64.49006 7.787964
11.66667 347.475 64.41599 7.815325
11.66667 347.3793 64.35239 7.844667
11.7 347.2787 64.30757 7.862287
11.7 347.126 64.28136 7.850083
11.73333 346.9576 64.23383 7.817403
11.73333 346.8687 64.22057 7.766895
11.76667 346.7927 64.21976 7.705773
11.76667 346.7466 64.23392 7.654439
11.8 346.7141 64.27124 7.599893
11.8 346.6818 64.3062 7.555561
11.8 346.6532 64.36395 7.503883
11.83333 346.6212 64.41523 7.477597
11.83333 346.5983 64.48181 7.43119
11.86667 346.5833 64.56715 7.38881
11.86667 346.5691 64.64961 7.365067
11.86667 346.5751 64.73473 7.354126
11.9 346.5753 64.82903 7.346052
11.9 346.5812 64.90237 7.354723
11.93333 346.5728 64.95769 7.369668
11.93333 346.5824 64.98734 7.392643
11.93333 346.6218 64.99114 7.408844
11.96667 346.6763 64.97788 7.426551
11.96667 346.7322 64.96399 7.436439
12 346.7462 64.91256 7.448842
12 346.7286 64.85525 7.450922
12.03333 346.7024 64.79792 7.463156
12.03333 346.6825 64.72912 7.465265
12.03333 346.6813 64.67682 7.472095
12.06667 346.6581 64.61439 7.466323
12.06667 346.6321 64.56245 7.476571
12.1 346.5761 64.50786 7.492885
12.1 346.5138 64.45112 7.533618
12.1 346.4779 64.40375 7.569551
12.13333 346.448 64.36224 7.604926
12.13333 346.4124 64.33994 7.628455
12.16667 346.3617 64.32508 7.619395
12.16667 346.3242 64.32358 7.604973
12.2 346.3178 64.3366 7.601487
12.2 346.3248 64.33498 7.63152
12.2 346.3319 64.34881 7.640579
12.23333 346.3384 64.35395 7.652835
12.23333 346.3473 64.3718 7.656609
12.26667 346.3777 64.37932 7.653638
12.26667 346.3944 64.38552 7.66057
12.26667 346.4215 64.3679 7.675974
12.3 346.4564 64.36856 7.68193
12.3 346.4835 64.35878 7.688946
12.33333 346.508 64.35231 7.697801
12.33333 346.5295 64.35316 7.699628
12.36667 346.5541 64.34512 7.694958
12.36667 346.5556 64.33803 7.695339
12.36667 346.5308 64.3232 7.678808
12.4 346.5047 64.307 7.689322
12.4 346.4737 64.28582 7.711624
12.43333 346.4088 64.26984 7.706067
12.43333 346.3628 64.25742 7.679602
12.43333 346.3241 64.2604 7.655019
12.46667 346.2931 64.25156 7.651357
12.46667 346.2667 64.25252 7.655862
12.5 346.2349 64.25347 7.668179
12.5 346.1884 64.24329 7.690108
12.53333 346.1551 64.2356 7.706445
12.53333 346.1376 64.23631 7.705213
12.53333 346.1317 64.23567 7.701969
12.56667 346.1225 64.24281 7.689393
12.56667 346.124 64.2401 7.672765
12.6 346.1222 64.2415 7.650747
12.6 346.1228 64.25645 7.626614
12.63333 346.1428 64.26301 7.62074
12.63333 346.1668 64.28345 7.610277
12.63333 346.2158 64.2962 7.61234
12.66667 346.2488 64.31032 7.613865
12.66667 346.2762 64.32964 7.611029
12.7 346.2993 64.33603 7.620109
12.7 346.3234 64.34717 7.60913
12.7 346.3307 64.35536 7.600478
12.73333 346.3493 64.35686 7.597271
12.73333 346.3536 64.35954 7.590307
12.76667 346.3626 64.36952 7.581076
12.76667 346.3452 64.3635 7.581489
12.8 346.3233 64.36774 7.572788
12.8 346.2962 64.35948 7.578576
12.8 346.2733 64.3598 7.574966
12.83333 346.2509 64.36841 7.570048
12.83333 346.2383 64.37929 7.573068
12.86667 346.231 64.38451 7.574785
12.86667 346.2189 64.4019 7.584368
12.86667 346.1955 64.41066 7.597605
12.9 346.173 64.4296 7.606695
12.9 346.1249 64.46051 7.609226
12.93333 346.0516 64.48499 7.613596
12.93333 345.9404 64.51191 7.639351
12.96667 345.7706 64.53086 7.671161
12.96667 345.5044 64.54725 7.714316
12.96667 344.918 64.58424 7.685085
13 344.1336 64.61617 7.493818
13 342.7427 64.6471 7.116252
13.03333 341.1679 64.63823 6.861766
13.03333 340.1076 64.6223 6.769061
13.03333 339.2083 64.63055 6.652027
13.06667 338.7134 64.66125 6.597006
13.06667 338.5034 64.71746 6.652982
13.1 338.3963 64.81236 6.751158
13.1 338.3592 64.9379 6.825978
13.13333 338.3242 65.04671 6.862326
13.13333 338.2266 65.17973 6.920094
13.13333 338.0901 65.29704 6.976771
13.16667 337.9286 65.42097 7.043971
13.16667 337.8596 65.53224 7.145763
13.2 337.7925 65.67229 7.177504
13.2 337.7053 65.79196 7.194381
13.2 337.5849 65.92596 7.27368
13.23333 337.4736 66.04476 7.292414
13.23333 337.3654 66.14641 7.292405
13.26667 337.2019 66.25289 7.359621
13.26667 337.0718 66.36584 7.384027
13.3 336.9714 66.47388 7.370647
13.3 336.8767 66.59022 7.406733
13.3 336.7809 66.69153 7.425431
13.33333 336.6302 66.79677 7.428618
13.33333 336.4718 66.86301 7.471803
13.36667 336.2599 66.9467 7.497604
13.36667 336.0539 67.01173 7.477821
13.4 335.7425 67.06812 7.466217
13.4 335.3569 67.12405 7.460416
13.4 335.0175 67.1823 7.425365
13.43333 334.7159 67.2125 7.423661
13.43333 334.3949 67.26129 7.368487
13.46667 334.0322 67.30139 7.29372
13.46667 333.7327 67.34384 7.262273
13.5 333.4583 67.37675 7.228523
13.5 333.262 67.4168 7.184849
13.5 333.077 67.44453 7.166579
13.53333 332.9157 67.46929 7.163975
13.53333 332.8024 67.4876 7.152402
13.53333 332.6971 67.4933 7.171918
13.56667 332.6461 67.51486 7.179531
13.56667 332.6158 67.52825 7.175074
13.6 332.5838 67.52464 7.182595
13.6 332.5473 67.53534 7.183884
13.63333 332.5323 67.51225 7.191541
13.63333 332.5362 67.49733 7.194141
13.63333 332.5398 67.45707 7.206785
13.66667 332.5436 67.42749 7.203948
13.66667 332.5261 67.37315 7.230312
13.7 332.5013 67.31165 7.247298
13.7 332.482 67.23835 7.277336
13.73333 332.4836 67.17204 7.300303
13.73333 332.5211 67.11059 7.270828
13.73333 332.6081 67.07122 7.16117
13.76667 332.7645 67.05099 6.990988
13.76667 332.9475 67.03571 6.80434
13.8 333.1839 66.99712 6.624475
13.8 333.4407 66.90975 6.523172
13.8 333.6152 66.79221 6.46875
13.83333 333.6592 66.68501 6.434977
13.83333 333.6412 66.56034 6.407512
13.86667 333.5873 66.42426 6.444838
13.86667 333.5809 66.27322 6.496497
13.9 333.5897 66.14292 6.53462
13.9 333.5776 66.01897 6.589693
13.9 333.5373 65.86848 6.668715
13.93333 333.4882 65.75992 6.73903
13.93333 333.4484 65.62883 6.826059
13.96667 333.4368 65.50233 6.921622
13.96667 333.4587 65.39861 7.002696
13.96667 333.5122 65.27459 7.110397
14 333.5664 65.17221 7.205657
14 333.6289 65.08142 7.310587
14.03333 333.6934 64.97946 7.420067
14.03333 333.7688 64.89689 7.531009
14.06667 333.8877 64.7747 7.664191
14.06667 334.026 64.64384 7.830785
14.06667 334.1425 64.53062 7.951995
14.1 334.246 64.41352 8.022164
14.1 334.3372 64.325 8.028229
14.13333 334.3933 64.25275 8.030966
14.13333 334.4363 64.16905 8.038628
14.13333 334.4496 64.04468 8.068674
14.16667 334.4527 63.95105 8.0877
14.16667 334.4405 63.83033 8.108286
14.2 334.4175 63.752 8.101896
14.2 334.3709 63.68053 8.08881
14.23333 334.3275 63.64557 8.063569
14.23333 334.2786 63.6198 8.029531
14.23333 334.222 63.62396 7.978296
14.26667 334.1812 63.67025 7.884014
14.26667 334.1648 63.73042 7.783614
14.3 334.1931 63.79522 7.700711
14.3 334.2648 63.81845 7.680421
14.33333 334.3105 63.77103 7.76478
14.33333 334.2966 63.70269 7.878366
14.33333 334.2303 63.64586 7.912313
14.36667 334.2285 63.6343 7.877424
14.36667 334.3009 63.67136 7.773494
14.4 334.4124 63.72141 7.595005
14.4 334.5013 63.78584 7.438497
14.4 334.5462 63.84264 7.314779
14.43333 334.5082 63.87592 7.19559
14.43333 334.3757 63.96171 6.993742
14.46667 334.2704 64.05168 6.749836
14.46667 334.2149 64.11456 6.607904
14.46667 334.1553 64.11282 6.599713
14.5 334.0486 64.0331 6.735831
14.5 333.9209 63.9167 6.957378
14.53333 333.697 63.70606 7.324971
14.53333 333.5083 63.51159 7.614114
14.56667 333.3901 63.33386 7.875814
14.56667 333.3199 63.15702 8.106894
14.56667 333.2908 62.95226 8.29087
14.6 333.2769 62.82829 8.351816
14.6 333.2744 62.65998 8.396244
14.63333 333.3128 62.47065 8.460136
14.63333 333.4068 62.29197 8.530761
14.63333 333.5589 62.1451 8.542404
14.66667 333.7433 62.02601 8.488479
14.66667 333.929 61.93624 8.370721
14.7 334.1098 61.89589 8.233066
14.7 334.2706 61.84425 8.121589
14.73333 334.4395 61.8038 8.029075
14.73333 334.6242 59.73265 8.015005
14.73333 334.8189 57.65131 8.077066
14.76667 335.0027 55.56329 8.155136
14.8 335.1729 53.52502 8.207435
14.8 335.3908 51.51643 8.240837
14.83333 335.9211 49.43588 8.263158
14.83333 335.8532 47.56013 8.197259
14.86667 336.2232 45.54144 8.207829
14.86667 336.1631 43.56147 8.193091
14.9 336.2592 41.60587 8.074066
14.9 336.3464 39.60895 7.96349
14.93333 336.3278 37.52893 7.909711
14.96667 336.255 35.24743 7.831471
14.96667 336.1564 33.05921 7.76111
15 336.0205 30.98616 7.708042
15 335.899 28.86057 7.621723
15.03333 335.7868 26.73915 7.534319
15.03333 335.6389 24.65851 7.436156
15.06667 335.4303 22.41706 7.273585
15.06667 335.4419 20.4559 7.307387
15.1 335.3982 18.42166 7.292502
15.1 335.3937 16.42435 7.425073
15.13333 335.181 14.19139 7.647603
15.13333 335.2341 12.23011 7.768025
15.16667 335.2509 10.25467 7.895026
15.16667 335.2393 8.311868 7.957211
15.2 335.0916 6.266344 8.245141
15.2 335.0984 4.29237 8.22496
15.23333 335.0903 2.316937 8.204247
15.26667 335.0986 0.3371411 8.129961
15.26667 335.1046 358.333 8.177923
15.3 335.2197 356.3059 8.125838
15.3 335.4026 354.2587 8.097854
15.33333 335.8664 352.1046 8.1384
15.33333 336.2049 349.9728 8.173016
15.36667 336.8012 347.6877 8.212157
15.4 337.3794 345.3179 8.395262
15.43333 337.9541 342.8887 8.576379
15.43333 338.536 340.2739 9.054966
15.46667 339.0138 337.4856 9.824019
15.5 339.564 335.556 10.94625
15.53333 340.1072 334.6198 11.51059
15.56667 340.6293 333.7613 11.85368
15.6 340.7603 333.0574 12.12171
15.6 340.5088 332.4875 11.91468
15.63333 340.7301 332.4116 11.44609
15.66667 341.0095 332.3519 11.09634
15.66667 340.811 333.0114 10.50695
15.7 340.6781 333.3205 9.838183
15.73333 340.707 333.7342 9.771523
15.76667 340.6663 334.1358 9.780621
15.8 340.5923 334.5457 9.702724
15.83333 340.4966 334.9007 9.623469
15.86667 340.2807 335.1961 9.672413
15.86667 340.0034 335.3907 9.714176
15.9 339.8137 335.5229 9.785144
15.93333 339.6777 335.6486 9.815676
15.93333 339.6429 335.4649 9.846084
15.96667 339.428 335.4237 9.827432
16 339.3806 335.243 9.794398
16.03333 339.3593 335.0091 9.773626
16.06667 339.3839 334.7749 9.757943
16.1 339.4871 334.5471 9.777124
16.1 339.5638 334.3894 9.754128
16.13333 339.6414 334.2375 9.875175
16.16667 339.6725 334.0981 10.02738
16.2 339.6224 334.0383 10.05743
16.2 339.5595 333.9761 10.04218
16.23333 339.5571 334.0806 10.03839
16.26667 339.596 334.1016 10.06977
16.3 339.6547 334.2207 10.07594
16.33333 339.6349 334.2786 10.09045
16.33333 339.5912 334.2765 10.10595
16.36667 339.5517 334.2959 10.11017
16.36667 339.527 334.309 10.12451
16.36667 339.5317 334.3168 10.14485
16.4 339.542 334.3269 10.16776
16.4 339.5579 334.3256 10.18097
16.43333 339.5677 334.2957 10.21653
16.43333 339.5897 334.2468 10.29723
16.46667 339.6088 334.2031 10.34276
16.46667 339.6106 334.1423 10.3845
16.46667 339.6304 334.1028 10.36152
16.5 339.689 334.0605 10.40513
16.5 339.7643 334.0145 10.44229
16.53333 339.834 333.9592 10.48546
16.53333 339.8717 333.9104 10.51245
16.56667 339.8974 333.8921 10.51537
16.56667 339.9253 333.8843 10.50352
16.56667 339.9735 333.8966 10.49834
16.6 340.0245 333.9047 10.49455
16.6 340.052 333.9189 10.49555
16.63333 340.0612 333.9515 10.49244
16.63333 340.0594 333.9869 10.46664
16.66667 340.0613 334.0258 10.43304
16.66667 340.0785 334.0756 10.41378
16.66667 340.0915 334.1093 10.4003
16.7 340.129 334.1563 10.39175
16.7 340.1644 334.181 10.39234
16.73333 340.1971 334.1982 10.41091
16.73333 340.2037 334.2208 10.41432
16.73333 340.2047 334.2403 10.40099
16.76667 340.2071 334.2541 10.38258
16.76667 340.2245 334.2775 10.35661
16.8 340.2286 334.2916 10.32648
16.8 340.2272 334.2993 10.31647
16.83333 340.2303 334.3013 10.3007
16.83333 340.2214 334.3184 10.28069
16.83333 340.2167 334.3412 10.26262
16.86667 340.2056 334.3683 10.23847
16.86667 340.1973 334.4189 10.20919
16.9 340.2111 334.489 10.15332
16.9 340.2132 334.5742 10.10565
16.93333 340.2028 334.6627 10.05495
16.93333 340.1739 334.7514 10.01631
16.93333 340.1535 334.8412 9.975953
16.96667 340.0987 334.8992 10.05655
16.96667 340.0511 334.9367 10.17858
17 340.0608 334.991 10.21911
17 340.09 335.0857 10.21006
17 340.1221 335.1893 10.26138
17.03333 340.1676 335.2784 10.35502
17.03333 340.2563 335.3849 10.59602
17.06667 340.3718 335.5056 10.80378
17.06667 340.4951 335.6438 10.93603
17.1 340.6737 335.8777 11.00352
17.1 340.8528 336.1735 11.01831
17.1 341.0192 336.4237 10.99885
17.13333 341.2412 336.7403 10.95737
17.13333 341.4421 337.0257 10.89135
17.16667 341.6012 337.3043 10.79697
17.16667 341.7321 337.5499 10.67467
17.16667 341.8341 337.8179 10.50768
17.2 341.9144 338.0135 10.37723
17.2 341.9816 338.2235 10.23451
17.23333 342.0278 338.4121 10.13489
17.23333 342.0607 338.5676 10.07333
17.26667 342.0648 338.7187 10.07281
17.26667 342.0267 338.825 10.10885
17.26667 341.9599 338.932 10.14021
17.3 341.8742 339.0256 10.19017
17.3 341.7593 339.0972 10.22764
17.33333 341.6472 339.1573 10.26293
17.33333 341.5408 339.2258 10.28918
17.33333 341.4888 339.2965 10.30387
17.36667 341.4885 339.3615 10.32852
17.36667 341.5148 339.4572 10.33485
17.4 341.567 339.5431 10.35445
17.4 341.5917 339.6259 10.35903
17.43333 341.6061 339.6882 10.3708
17.43333 341.5753 339.7269 10.39176
17.43333 341.4997 339.7458 10.45213
17.46667 341.4409 339.7604 10.48714
17.46667 341.3548 339.7765 10.54055
17.5 341.3268 339.808 10.5832
17.5 341.3231 339.8347 10.61239
17.5 341.3452 341.8486 10.65414
17.53333 341.3796 343.8494 10.71434
17.53333 341.4057 345.8476 10.79942
17.56667 341.4059 347.8049 10.89809
17.6 341.4091 349.764 10.97292
17.6 341.4425 351.6965 11.05205
17.63333 341.4862 353.5939 11.10093
17.63333 341.5254 355.4503 11.3147
17.66667 341.4881 357.4691 11.21516
17.66667 341.4385 359.4003 11.20816
17.7 341.38 1.365816 11.1245
17.7 341.3377 3.30674 11.08625
17.73333 341.3601 5.36831 11.04623
17.73333 341.3839 7.395614 11.01747
17.76667 341.4234 9.474786 10.92607
17.76667 341.4339 11.63261 10.82858
17.8 341.4357 13.738 10.8131
17.83333 341.3814 16.05154 10.64333
17.86667 341.4027 18.17581 10.74024
17.9 341.3536 20.30638 10.79735
17.9 341.3294 22.40615 10.87321
17.93333 341.342 24.34799 10.9661
17.96667 341.2975 26.35143 11.39025
18 341.1427 27.97037 12.60386
18.03333 341.0441 29.35758 14.09041
18.06667 340.965 30.7533 14.95644
18.06667 340.9123 32.3125 15.46878
18.1 340.9863 33.97398 15.69806
18.13333 341.1891 35.77276 15.68961
18.16667 341.3655 37.59003 15.8612
18.16667 341.4383 39.3042 16.17249
18.2 341.3235 41.36783 16.05755
18.23333 341.3296 43.1755 16.2752
18.26667 341.3022 45.15631 16.29249
18.3 341.2255 47.24625 16.28376
18.3 341.2511 49.32441 16.27194
18.33333 341.3745 51.61633 16.07162
18.36667 341.4739 53.96408 15.97556
18.4 341.3962 56.5172 15.64633
18.4 341.2145 58.96083 15.47544
18.43333 340.8274 61.18834 15.40769
18.46667 340.3599 63.38351 15.38587
18.5 340.178 65.541 15.45624
18.53333 340.162 67.97686 14.87302
18.56667 340.2229 70.48898 14.42527
18.6 340.4151 72.79044 14.26691
18.6 340.3621 74.78523 14.35721
18.63333 340.0388 76.45101 14.56607
18.66667 339.8717 78.1396 14.55001
18.7 339.7638 79.93755 14.20347
18.73333 339.8628 81.74389 14.01021
18.73333 339.9315 83.57397 13.94198
18.76667 340.0613 84.09386 14.11133
18.76667 340.1775 83.88366 14.06603
18.8 340.235 83.90451 14.09114
18.8 340.3294 83.84628 14.10126
18.83333 340.4233 83.80298 14.08587
18.83333 340.5019 83.77478 14.07385
18.83333 340.5594 83.73631 14.08271
18.86667 340.5921 83.7101 14.09772
18.86667 340.6041 83.68608 14.11257
18.9 340.5835 83.68295 14.11303
18.9 340.5365 83.6634 14.12298
18.93333 340.4671 83.62893 14.18969
18.93333 340.392 83.58902 14.27571
18.93333 340.2834 83.52633 14.34726
18.96667 340.1676 83.47638 14.39967
18.96667 340.0295 83.42739 14.47123
19 339.8973 83.38071 14.5368
19 339.7685 83.34189 14.60488
19.03333 339.651 83.29385 14.6593
19.03333 339.5592 83.23592 14.70887
19.03333 339.4745 83.20398 14.72052
19.06667 339.4382 83.1609 14.72177
19.06667 339.4269 83.13335 14.70361
19.1 339.4189 83.11446 14.67087
19.1 339.4322 83.07945 14.6507
19.1 339.4532 83.05086 14.62041
19.13333 339.4914 83.02415 14.59862
19.13333 339.5386 83.01708 14.57599
19.16667 339.5934 83.00969 14.54388
19.16667 339.6441 83.01071 14.52623
19.2 339.7197 83.03435 14.50868
19.2 339.7811 83.0666 14.50673
19.2 339.8352 83.09908 14.51114
19.23333 339.8774 83.14318 14.50741
19.23333 339.9041 83.19637 14.51274
19.26667 339.9225 83.24749 14.51371
19.26667 339.9496 83.29658 14.50608
19.3 339.966 83.35448 14.50628
19.3 339.9714 83.38892 14.51414
19.3 339.9661 83.4286 14.51592
19.33333 339.9383 83.45628 14.50427
19.33333 339.9031 83.49124 14.49198
19.36667 339.8777 83.50304 14.48118
19.36667 339.8629 83.52266 14.44747
19.36667 339.8716 83.56554 14.37478
19.4 339.8824 83.59174 14.31841
19.4 339.8692 83.60298 14.28771
19.43333 339.8705 83.61181 14.25885
19.43333 339.869 83.62732 14.22041
19.46667 339.8802 83.63 14.1845
19.46667 339.8901 83.64322 14.15001
19.46667 339.8987 83.69305 14.05043
19.5 339.9067 83.73064 13.96544
19.5 339.9265 83.76372 13.91243
19.53333 339.9677 83.80744 13.87627
19.53333 340.0189 83.84763 13.84214
19.53333 340.0508 83.89937 13.80961
19.56667 340.0878 83.94452 13.78732
19.56667 340.1191 83.98325 13.76897
19.6 340.1509 84.02968 13.74168
19.6 340.1702 84.05998 13.73134
19.63333 340.1657 84.10171 13.71213
19.63333 340.1583 84.12871 13.70645
19.63333 340.1642 84.15613 13.70587
19.66667 340.1707 84.14834 13.74888
19.66667 340.1904 84.14568 13.76923
19.7 340.1954 84.15022 13.77918
19.7 340.2008 84.13588 13.78584
19.7 340.204 84.10352 13.82836
19.73333 340.2152 84.07426 13.86618
19.73333 340.22 84.05439 13.87581
19.76667 340.2075 84.04166 13.83972
19.76667 340.1982 84.03488 13.80792
19.8 340.1913 84.02589 13.79355
19.8 340.1865 84.00325 13.79307
19.8 340.1602 83.96413 13.81025
19.83333 340.1307 83.92518 13.83116
19.83333 340.077 83.89678 13.83295
19.86667 340.0261 83.86254 13.82341
19.86667 339.9942 83.85179 13.77399
19.86667 339.9845 83.81977 13.668
19.9 340.016 83.79269 13.56434
19.9 340.0667 83.73143 13.50463
19.93333 340.1458 83.64797 13.44179
19.93333 340.2503 83.55594 13.37969
19.96667 340.3035 83.47793 13.33997
19.96667 340.3532 83.38004 13.32028
19.96667 340.3441 83.29584 13.31377
20 340.313 83.20159 13.31767
20 340.2646 83.11884 13.3467
20.03333 340.2429 83.05984 13.3739
20.03333 340.1949 83.01029 13.42498
20.06667 340.0786 82.96474 13.50186
20.06667 339.8579 82.9453 13.55098
20.06667 339.6222 82.94337 13.54655
20.1 339.3777 82.96129 13.5375
20.1 339.1707 82.97844 13.50222
20.13333 339.0304 83.00498 13.45523
20.13333 338.9473 83.02441 13.41199
20.13333 338.9058 83.01798 13.36896
20.16667 338.8395 82.97318 13.33709
20.16667 338.7294 82.83931 13.36036
20.2 338.6062 82.68299 13.37532
20.2 338.5378 82.54778 13.36332
20.23333 338.5213 82.40882 13.34983
20.23333 338.5519 82.25645 13.36174
20.23333 338.6536 82.1058 13.34834
20.26667 338.7301 81.98837 13.34485
20.26667 338.7998 81.84061 13.31525
20.3 338.8156 81.75053 13.23333
20.3 338.8095 81.63913 13.19273
20.3 338.8148 81.54645 13.17374
20.33333 338.8464 81.45056 13.1612
20.33333 338.9091 81.37166 13.17311
20.36667 338.9737 81.31839 13.16928
20.36667 339.0261 81.26816 13.18429
20.4 339.0399 81.24466 13.18514
20.4 339.0539 81.21696 13.20079
20.4 339.0842 81.19706 13.21805
20.43333 339.1002 81.18934 13.21425
20.43333 339.113 81.19791 13.21977
20.46667 339.0951 81.21469 13.21789
20.46667 339.0616 81.21352 13.24491
20.46667 339.0138 81.24092 13.24595
20.5 338.9486 81.26742 13.24145
20.5 338.8773 81.28916 13.24249
20.53333 338.7633 81.30258 13.269
20.53333 338.5273 81.32254 13.30005
20.56667 338.2759 81.33776 13.30492
20.56667 338.0378 81.39475 13.22431
20.56667 337.9179 81.46156 13.1599
20.6 337.8671 81.55181 13.10435
20.6 337.911 81.6337 13.07512
20.63333 337.992 81.70035 13.07631
20.63333 338.0708 81.75227 13.0799
20.63333 338.1256 81.79253 13.06098
20.66667 338.1811 81.82514 13.02664
20.66667 338.2339 81.83755 13.01584
20.7 338.2983 81.82519 12.99571
20.7 338.3696 81.80624 12.98308
20.73333 338.4602 81.78008 12.96167
20.73333 338.5692 81.72991 12.9472
20.73333 338.6589 81.67256 12.93922
20.76667 338.7094 81.59862 12.9357
20.76667 338.728 81.52173 12.94006
20.8 338.7549 81.45033 12.97591
20.8 338.8223 81.37544 12.9936
20.83333 338.8937 81.31326 12.99713
20.83333 338.9632 81.26928 13.02058
20.83333 339.0143 81.20331 13.04183
20.86667 339.0215 81.15286 13.04767
20.86667 339.0014 81.11155 13.06976
20.9 338.9738 81.07833 13.0793
20.9 338.9394 81.04712 13.07087
20.9 338.8992 81.03748 13.04519
20.93333 338.8333 81.02316 13.00926
20.93333 338.748 81.00375 12.9962
20.96667 338.6734 80.98193 12.98112
20.96667 338.5997 80.98047 12.96339
21 338.5595 80.97642 12.95469
21 338.5504 80.9762 12.93964
21 338.5464 80.99691 12.9059
21.03333 338.5285 81.03006 12.85692
21.03333 338.5198 81.04444 12.8389
21.06667 338.5081 81.04568 12.83386
21.06667 338.5193 81.06663 12.82934
21.06667 338.5586 81.07134 12.81493
21.1 338.577 81.07682 12.81015
21.1 338.5826 81.10773 12.7465
21.13333 338.5895 81.13266 12.68301
21.13333 338.6257 81.15736 12.63237
21.16667 338.6645 81.16335 12.62517
21.16667 338.6492 81.16527 12.60724
21.16667 338.6025 81.14742 12.60989
21.2 338.5449 81.14481 12.59314
21.2 338.5292 81.15348 12.55344
21.23333 338.5391 81.1925 12.50438
21.23333 338.5602 81.21297 12.44516
21.23333 338.5002 81.21567 12.41507
21.26667 338.3847 81.19267 12.38297
21.26667 338.2543 81.15528 12.36518
21.3 338.1783 81.13217 12.31404
21.3 338.1576 81.12955 12.26119
21.33333 338.1344 81.13851 12.20564
21.33333 338.0932 81.13118 12.15801
21.33333 338.0472 81.11111 12.15387
21.36667 338.0171 81.08271 12.19117
21.36667 338.0085 81.05998 12.22826
21.4 337.9914 81.05492 12.24225
21.4 337.9831 81.06673 12.22394
21.4 337.9735 81.07289 12.21552
21.43333 337.9673 81.0781 12.22592
21.43333 337.9596 81.09341 12.22309
21.46667 337.9883 81.10065 12.24771
21.46667 338.0196 81.12396 12.25527
21.5 338.07 81.1423 12.24862
21.5 338.0905 81.16915 12.23993
21.5 338.0878 81.18779 12.22718
21.53333 338.107 81.21848 12.21268
21.53333 338.1385 81.25231 12.18435
21.56667 338.1708 81.27823 12.1695
21.56667 338.2086 81.29437 12.17352
21.56667 338.2404 81.30417 12.17338
21.6 338.2393 81.31149 12.17411
21.6 338.2578 81.328 12.1779
21.63333 338.2729 81.34308 12.18384
21.63333 338.3008 81.34165 12.19366
21.66667 338.311 81.34869 12.20115
21.66667 338.3146 81.35088 12.19366
21.66667 338.3034 81.33875 12.19324
21.7 338.3009 81.32173 12.18879
21.7 338.3106 81.29494 12.19851
21.73333 338.332 81.28159 12.20305
21.73333 338.3615 81.27104 12.19419
21.76667 338.4026 81.26803 12.19731
21.76667 338.4068 81.25994 12.19344
21.76667 338.4188 81.25301 12.17884
21.8 338.4153 81.25927 12.16073
21.8 338.4327 81.26234 12.15708
21.83333 338.4895 81.28855 12.13631
21.83333 338.5431 81.31362 12.11909
21.83333 338.5718 81.3392 12.09924
21.86667 338.6049 81.36623 12.07268
21.86667 338.6373 81.38694 12.06802
21.9 338.6769 81.41544 12.07995
21.9 338.7032 81.43017 12.08587
21.93333 338.7513 81.44325 12.08235
21.93333 338.783 81.47829 12.07069
21.93333 338.8128 81.52415 12.03059
21.96667 338.8109 81.55867 11.97188
21.96667 338.8347 81.5909 11.94618
22 338.8694 81.60047 11.9561
22 338.9164 81.62606 11.94747
22 338.9521 81.64621 11.92667
22.03333 338.9789 81.66254 11.9184
22.03333 339.009 81.68694 11.89452
22.06667 339.0293 81.71564 11.87215
22.06667 339.038 81.7178 11.86804
22.1 339.0502 81.715 11.8615
22.1 339.0489 81.73156 11.8434
22.1 339.0507 81.72351 11.8474
22.13333 339.0518 81.71523 11.84719
22.13333 339.0627 81.72762 11.83216
22.16667 339.0639 81.73532 11.81469
22.16667 339.068 81.73206 11.79876
22.16667 339.0686 81.7355 11.8073
22.2 339.1012 81.72217 11.83155
22.2 339.1199 81.71127 11.85543
22.23333 339.1304 81.71501 11.82406
22.23333 339.1267 81.72166 11.8096
22.26667 339.1299 81.73591 11.80176
22.26667 339.1309 81.73397 11.80998
22.26667 339.1302 81.72443 11.83606
22.3 339.1253 81.7038 11.85863
22.3 339.1277 81.70019 11.86898
22.33333 339.1354 81.71566 11.85233
22.33333 339.1602 81.72053 11.8501
22.33333 339.1617 81.71656 11.84881
22.36667 339.1718 81.72409 11.83841
22.36667 339.161 81.72242 11.82933
22.4 339.1496 81.73826 11.7988
22.4 339.1547 81.74274 11.78208
22.43333 339.1694 81.75004 11.7662
22.43333 339.1871 81.76646 11.75308
22.43333 339.1984 81.77434 11.74934
22.46667 339.2112 81.77261 11.76399
22.46667 339.2081 81.77085 11.77418
22.5 339.2141 81.77446 11.78854
22.5 339.2078 81.77529 11.7859
22.5 339.2147 81.76968 11.79398
22.53333 339.2288 81.76862 11.79193
22.53333 339.2453 81.7756 11.78306
22.56667 339.2634 81.75336 11.79403
22.56667 339.2743 81.76609 11.78495
22.6 339.2846 81.75208 11.78485
22.6 339.2868 81.74731 11.78147
22.6 339.2989 81.74445 11.78114
22.63333 339.3116 81.74572 11.77107
22.63333 339.3284 81.74934 11.76766
22.66667 339.3393 81.75275 11.76731
22.66667 339.3484 81.76524 11.7522
22.66667 339.3561 81.76168 11.75844
22.7 339.366 81.76911 11.74447
22.7 339.3747 81.77211 11.75137
22.73333 339.3896 81.77077 11.77584
22.73333 339.398 81.76652 11.78547
22.76667 339.4136 81.75845 11.79618
22.76667 339.4363 81.77432 11.77562
22.76667 339.4365 81.80647 11.71544
22.8 339.4312 81.82944 11.65645
22.8 339.4495 81.8537 11.63267
22.83333 339.4911 81.8561 11.65819
22.83333 339.5412 81.86146 11.67034
22.86667 339.5876 81.87299 11.66662
22.86667 339.6197 81.88433 11.67245
22.86667 339.6479 81.90752 11.65523
22.9 339.6744 81.91995 11.63998
22.9 339.6936 81.93099 11.61532
22.93333 339.7107 81.93655 11.61518
22.93333 339.7433 81.9417 11.60342
22.93333 339.7717 81.95791 11.60847
22.96667 339.8029 81.97392 11.60469
22.96667 339.828 81.98537 11.5993
23 339.8455 82.00452 11.59044
23 339.8595 82.02414 11.57665
23.03333 339.8644 82.0433 11.56965
23.03333 339.9048 82.05463 11.59418
23.03333 339.9355 82.05993 11.61242
23.06667 339.9543 82.08936 11.59374
23.06667 339.9657 82.12298 11.55254
23.1 339.9745 82.1608 11.52865
23.1 340.005 82.19343 11.52937
23.1 340.0486 82.21965 11.53671
23.13333 340.0924 82.23625 11.54607
23.13333 340.1624 82.26931 11.5577
23.16667 340.245 82.32259 11.55825
23.16667 340.3278 82.38249 11.55455
23.2 340.4016 82.44485 11.55712
23.2 340.4688 82.51147 11.56592
23.2 340.4986 82.56431 11.58336
23.23333 340.5103 82.62817 11.58446
23.23333 340.5327 82.68863 11.58136
23.26667 340.5582 82.75195 11.57368
23.26667 340.5766 82.81696 11.5608
23.26667 340.5867 82.86467 11.55248
23.3 340.5959 82.92431 11.535
23.3 340.6083 82.95959 11.52514
23.33333 340.6179 82.99883 11.51433
23.33333 340.6292 83.02678 11.5135
23.36667 340.6369 83.03082 11.52481
23.36667 340.6426 83.03735 11.52455
23.36667 340.6335 83.02699 11.53983
23.4 340.6266 83.01695 11.55042
23.4 340.6173 83.00259 11.5553
23.43333 340.6093 82.97747 11.57405
23.43333 340.5894 82.95332 11.5848
23.43333 340.5574 82.92168 11.60604
23.46667 340.5127 82.90062 11.61889
23.46667 340.4828 82.88216 11.61907
23.5 340.465 82.87279 11.61482
23.5 340.4615 82.8588 11.63022
23.53333 340.4577 82.86761 11.62656
23.53333 340.4574 82.85535 11.64762
23.53333 340.4604 82.85351 11.6621
23.56667 340.4658 82.8442 11.68098
23.56667 340.4866 82.82877 11.72704
23.6 340.5022 82.82471 11.75002
23.6 340.5333 82.82536 11.77713
23.6 340.5523 82.8336 11.79381
23.63333 340.5609 82.84044 11.77143
23.63333 340.5779 82.88221 11.74515
23.66667 340.6077 82.90315 11.73119
23.66667 340.6421 82.92248 11.74416
23.7 340.674 82.93781 11.75007
23.7 340.7016 82.95248 11.75471
23.7 340.7085 82.97867 11.75063
23.73333 340.7156 82.98495 11.74719
23.73333 340.6933 82.99165 11.72867
23.76667 340.6624 82.98537 11.71397
23.76667 340.6097 82.97967 11.69861
23.8 340.5907 82.96492 11.69717
23.8 340.5854 82.95779 11.68974
23.8 340.5929 82.94279 11.68838
23.83333 340.5926 82.9272 11.70399
23.83333 340.5906 82.90955 11.71138
23.86667 340.5803 82.89219 11.71884
23.86667 340.5696 82.87957 11.73687
23.86667 340.5771 82.84797 11.7733
23.9 340.5683 82.83532 11.79428
23.9 340.5547 82.82998 11.77978
23.93333 340.5276 82.83025 11.75413
23.93333 340.5082 82.83588 11.74228
23.96667 340.5131 82.83385 11.74834
23.96667 340.5305 82.8435 11.74713
23.96667 340.5246 82.84922 11.76058
24 340.5233 82.85665 11.76061
24 340.5237 82.85727 11.76389
24.03333 340.531 82.86991 11.75406
24.03333 340.5325 82.88649 11.73629
24.03333 340.5321 82.89692 11.71396
24.06667 340.5188 82.91057 11.68609
24.06667 340.5045 82.91474 11.66472
24.1 340.4881 82.93344 11.63829
24.1 340.4807 82.9583 11.60259
24.13333 340.4647 82.99085 11.57666
24.13333 340.4456 83.02969 11.55175
24.13333 340.4288 83.08101 11.52546
24.16667 340.4327 83.15893 11.48815
24.16667 340.4432 83.23074 11.45814
24.2 340.4379 83.27663 11.44555
24.2 340.4455 83.29942 11.48276
24.2 340.4514 83.29202 11.53776
24.23333 340.4586 83.25722 11.5909
24.23333 340.4628 83.236 11.58262
24.26667 340.4601 83.20102 11.54282
24.26667 340.4621 83.19867 11.46237
24.3 340.4892 83.17747 11.37397
24.3 340.4813 83.14278 11.28386
24.3 340.4604 83.10555 11.22301
24.33333 340.4149 83.06915 11.16567
24.33333 340.3727 83.06086 11.1047
24.36667 340.3364 83.07882 11.03322
24.36667 340.3175 83.07799 10.97947
24.36667 340.2784 83.0984 10.93373
24.4 340.2629 83.10091 10.94954
24.4 340.2559 83.08768 11.02543
24.43333 340.2315 83.02987 11.18604
24.43333 340.131 82.94137 11.37715
24.46667 339.9712 82.88593 11.45431
24.46667 339.8013 82.84498 11.43553
24.46667 339.6576 82.82671 11.31292
24.5 339.5273 82.78098 11.22805
24.5 339.2778 82.61792 11.15357
24.53333 338.98 82.40334 11.06105
24.53333 338.7545 82.20493 10.95894
24.53333 338.5491 81.98131 10.80682
24.56667 338.3178 81.74047 10.57147
24.56667 338.0861 81.53404 10.30471
24.6 337.8797 81.33984 10.08555
24.6 337.5862 81.12666 9.751734
24.63333 337.3359 80.94572 9.429836
24.63333 337.1671 80.77954 9.126163
24.63333 337.0919 80.62194 8.932774
24.66667 337.086 80.44099 8.779573
24.66667 337.1378 80.32298 8.697837
24.7 337.1945 80.19678 8.626576
24.7 337.2122 80.05312 8.598288
24.7 337.2031 79.90824 8.670877
24.73333 337.1817 79.7729 8.752804
24.73333 337.1961 79.65527 8.826674
24.76667 337.243 79.57062 8.945662
24.76667 337.3373 79.50007 9.043355
24.8 337.4608 79.41969 9.18064
24.8 337.6152 79.31286 9.344944
24.8 337.7591 79.24341 9.441722
24.83333 337.9409 79.10714 9.594756
24.83333 338.1251 78.94505 9.758817
24.86667 338.2979 78.75427 9.910515
24.86667 338.4942 78.46439 10.09682
24.86667 338.6981 78.18916 10.22447
24.9 338.9066 77.87809 10.31275
24.9 339.1216 77.51247 10.37508
24.93333 339.3053 77.14948 10.43457
24.93333 339.4537 76.78314 10.48018
24.96667 339.5814 76.41096 10.52147
24.96667 339.6732 76.05246 10.54711
25 339.7528 75.74348 10.54594
25 339.7784 75.43159 10.56166
25 339.917 74.60503 10.63428
25.03333 339.7572 74.76231 10.57938
25.03333 339.6664 74.64207 10.57368
25.06667 339.5196 74.59505 10.52681
25.06667 339.4088 74.56614 10.51844
25.06667 339.2477 74.58182 10.50264
25.1 339.0791 74.62418 10.4844
25.1 338.8839 74.65607 10.4747
25.13333 338.6906 74.76584 10.46299
25.13333 338.4212 74.78625 10.45561
25.13333 338.1168 74.79618 10.45556
25.16667 337.8492 74.82703 10.43485
25.16667 337.5926 74.83504 10.39308
25.2 337.397 74.84617 10.34044
25.2 337.2224 74.83579 10.31493
25.2 337.0825 74.82864 10.28137
25.23333 336.9728 74.82502 10.21981
25.23333 336.9311 74.79725 10.19771
25.26667 336.9046 74.76719 10.18354
25.26667 336.8635 74.72476 10.0834
25.3 336.8632 74.6737 10.07133
25.3 336.9556 74.62849 10.07131
25.3 337.1291 74.56662 10.07177
25.33333 337.2929 74.50349 10.1012
25.33333 337.5127 74.39724 10.16459
25.36667 337.677 74.29832 10.22758
25.36667 337.8506 74.2019 10.30645
25.36667 338.0034 74.09557 10.36863
25.4 338.1316 73.97929 10.46313
25.4 338.2507 73.84797 10.60055
25.43333 338.3345 73.72036 10.72918
25.43333 338.4081 73.5843 10.86915
25.46667 338.4556 73.43187 11.03283
25.46667 338.4892 73.29659 11.17088
25.46667 338.5516 73.13699 11.29302
25.5 338.6115 72.97491 11.43687
25.5 338.6806 72.82739 11.58336
25.53333 338.7733 72.63139 11.78919
25.53333 338.8495 72.42712 11.94509
25.56667 338.9036 72.24704 12.08659
25.56667 338.9749 69.99873 12.30458
25.56667 339.054 67.71838 12.54509
25.6 339.1437 65.45362 12.7666
25.6 339.2568 63.12003 13.05183
25.63333 339.4039 60.78311 13.32826
25.66667 339.6551 58.24234 13.72181
25.66667 340.479 54.39085 15.10133
25.7 340.4403 52.50759 14.94995
25.7 340.786 49.81062 15.20833
25.73333 341.456 46.372 15.95601
25.73333 341.4595 44.34219 15.86038
25.76667 341.7323 41.86805 15.96705
25.8 342.0464 39.47279 15.92997
25.8 342.7434 36.31476 16.25203
25.83333 342.6895 34.52383 16.05967
25.83333 343.2951 31.59168 16.25381
25.86667 343.2209 29.74634 16.20763
25.86667 343.3184 27.60272 16.23093
25.9 343.3328 25.56347 16.27555
25.9 343.8042 22.8364 16.47883
25.93333 343.5863 21.15987 16.4174
25.96667 343.7122 19.07292 16.45908
26 343.6656 17.22106 16.37822
26 343.5934 15.38032 16.39754
26.03333 343.5971 13.54303 16.45974
26.06667 343.6218 11.71277 16.46194
26.1 343.7164 9.80908 16.55494
26.13333 343.8103 7.879669 16.60268
26.16667 343.8303 5.895344 16.6108
26.16667 343.8215 3.877366 16.61568
26.2 343.7851 1.801235 16.62312
26.23333 343.7464 359.753 16.55237
26.26667 343.7438 357.8022 16.4356
26.3 343.7307 355.8311 16.38179
26.33333 343.661 353.8969 16.28099
26.36667 343.5786 352.0023 16.19643
26.36667 343.5183 350.1131 16.14393
26.4 343.4161 348.2069 16.09758
26.43333 343.3997 346.3017 16.03142
26.46667 343.4446 344.3795 15.97873
26.5 343.4475 342.4376 15.92812
26.5 343.4405 340.4585 15.87072
26.53333 343.4672 338.479 15.83597
26.56667 343.556 336.4642 15.84358
26.6 343.6082 334.4881 15.83857
26.6 343.6266 332.4572 15.87233
26.63333 343.6555 330.4433 15.84353
26.66667 343.6649 328.456 15.84694
26.7 343.7184 326.4646 15.82191
26.73333 343.7758 324.4756 15.81046
26.76667 343.8632 322.5125 15.79528
26.8 343.9109 320.5339 15.77791
26.8 343.9924 318.5466 15.73575
26.83333 344.0901 316.5916 15.67901
26.86667 344.1526 314.6756 15.51838
26.86667 344.1697 312.6805 15.53655
26.9 344.2447 310.7133 15.5079
26.93333 344.299 308.7443 15.45383
26.93333 344.3498 306.7902 15.39563
26.96667 344.3898 304.8287 15.33925
26.96667 344.5003 302.9074 15.20999
27 344.4902 300.9048 15.20681
27 344.4995 298.925 15.13717
27.03333 344.576 296.9949 14.98782
27.03333 344.5617 295.0031 14.97862
27.06667 344.5687 293.0225 14.93647
27.06667 344.5422 291.049 14.87358
27.1 344.5932 289.115 14.74976
27.13333 344.5886 287.1209 14.75635
27.13333 344.5727 285.1805 14.68201
27.16667 344.5555 283.2613 14.54805
27.16667 344.5482 281.2684 14.58885
27.2 344.5546 279.2935 14.59287
27.2 344.5661 277.3108 14.62397
27.23333 344.593 275.4023 14.60275
27.23333 344.5933 273.3939 14.62885
27.26667 344.609 271.405 14.62474
27.26667 344.6016 269.4316 14.59023
27.3 344.5905 267.4902 14.535
27.3 344.5824 265.4818 14.53752
27.33333 344.5783 263.4924 14.51527
27.33333 344.5793 261.5573 14.46117
27.36667 344.583 259.563 14.4589
27.36667 344.5962 259.5085 14.42941
27.4 344.604 259.5227 14.39709
27.4 344.5927 259.6082 14.31149
27.43333 344.597 259.6097 14.30353
27.43333 344.6027 259.6579 14.25146
27.46667 344.6081 259.7115 14.19675
27.46667 344.6172 259.7585 14.12812
27.46667 344.6074 259.8077 14.06766
27.5 344.608 259.8707 14.01642
27.5 344.6078 259.9266 13.959
27.53333 344.6239 259.9953 13.89689
27.53333 344.6451 260.0753 13.85287
27.56667 344.6773 260.1536 13.81945
27.56667 344.6949 260.2107 13.78708
27.56667 344.723 260.2895 13.7467
27.6 344.7574 260.3757 13.68914
27.6 344.7686 260.4341 13.65986
27.63333 344.7761 260.4899 13.64114
27.63333 344.7811 260.5156 13.63144
27.63333 344.7935 260.5479 13.6076
27.66667 344.8105 260.5769 13.59693
27.66667 344.8105 260.6072 13.54584
27.7 344.7961 260.648 13.49004
27.7 344.8112 260.6473 13.49016
27.73333 344.8242 260.6602 13.47587
27.73333 344.848 260.6592 13.46043
27.73333 344.8715 260.6602 13.44018
27.76667 344.8809 260.6644 13.42002
27.76667 344.893 260.6536 13.40682
27.8 344.906 260.6414 13.38885
27.8 344.9112 260.6264 13.39162
27.8 344.9222 260.595 13.41913
27.83333 344.9382 260.5703 13.43401
27.83333 344.9576 260.5645 13.4489
27.86667 344.9796 260.5201 13.48564
27.86667 344.981 260.5027 13.49765
27.9 344.9995 260.4814 13.50661
27.9 345.01 260.4644 13.51051
27.9 345.0366 260.4466 13.54679
27.93333 345.0577 260.4231 13.57536
27.93333 345.0563 260.4089 13.5606
27.96667 345.028 260.4129 13.5336
27.96667 344.9965 260.3828 13.54013
28 344.9794 260.3735 13.55908
28 344.9748 260.3582 13.55157
28 344.9836 260.3706 13.53045
28.03333 344.9952 260.3807 13.51892
28.03333 344.9971 260.3898 13.50343
28.06667 344.9927 260.4083 13.49262
28.06667 344.9763 260.3993 13.50147
28.06667 344.9662 260.3924 13.50873
28.1 344.9564 260.394 13.49456
28.1 344.9392 260.3997 13.48005
28.13333 344.9323 260.3996 13.46093
28.13333 344.9449 260.3914 13.44573
28.16667 344.9492 260.3939 13.42546
28.16667 344.9642 260.3987 13.42251
28.16667 344.9835 260.3992 13.40846
28.2 344.9982 260.3925 13.4255
28.2 345.0076 260.3964 13.43562
28.23333 345.0149 260.3951 13.45539
28.23333 345.028 260.3865 13.47684
28.23333 345.045 260.3869 13.48682
28.26667 345.0436 260.3926 13.49083
28.26667 345.0533 260.4066 13.49882
28.3 345.058 260.4072 13.52458
28.3 345.0678 260.414 13.53307
28.33333 345.0733 260.4295 13.53741
28.33333 345.0859 260.4305 13.54261
28.33333 345.0938 260.4344 13.55811
28.36667 345.1009 260.4245 13.57083
28.36667 345.1065 260.4213 13.59243
28.4 345.1184 260.4189 13.59969
28.4 345.1261 260.4243 13.59525
28.4 345.1135 260.4203 13.59508
28.43333 345.1128 260.4013 13.60574
28.43333 345.1054 260.3814 13.62216
28.46667 345.1064 260.3508 13.64671
28.46667 345.1069 260.3443 13.65233
28.5 345.0967 260.3435 13.61788
28.5 345.0651 260.3519 13.55687
28.5 345.0464 260.3777 13.5097
28.53333 345.0622 260.3889 13.49988
28.53333 345.1064 260.3944 13.51505
28.56667 345.1576 260.3911 13.53904
28.56667 345.2251 260.3937 13.5724
28.56667 345.2839 260.3903 13.61436
28.6 345.3296 260.3856 13.64874
28.6 345.3721 260.3781 13.68712
28.63333 345.4088 260.365 13.75624
28.63333 345.4086 260.3419 13.82025
28.66667 345.3821 260.335 13.86629
28.66667 345.3403 260.3191 13.91839
28.66667 345.2984 260.3222 13.93751
28.7 345.2513 260.3271 13.95098
28.7 345.1665 260.3321 13.94904
28.73333 344.9956 260.3352 13.95255
28.73333 344.8365 260.3455 13.94942
28.76667 344.6096 260.3696 13.88107
28.76667 344.4194 260.4441 13.71682
28.76667 344.2613 260.5526 13.53551
28.8 344.1561 260.6381 13.37054
28.8 344.0345 260.7157 13.23501
28.83333 343.93 260.7542 13.1805
28.83333 343.8564 260.7742 13.16334
28.83333 343.82 260.7935 13.17491
28.86667 343.8019 260.8229 13.17779
28.86667 343.7998 260.8647 13.17283
28.9 343.7948 260.9402 13.11853
28.9 343.8039 261.0144 13.0371
28.93333 343.8335 261.1244 12.89468
28.93333 343.8755 261.2426 12.73891
28.93333 343.9205 261.4057 12.53225
28.96667 343.9514 261.5368 12.39688
28.96667 344.0001 261.7025 12.25292
29 344.0302 261.9003 12.13904
29 344.0482 262.0457 12.1002
29 344.0684 262.1722 12.1696
29.03333 344.1047 262.2442 12.27516
29.03333 344.1328 262.2993 12.36416
29.06667 344.1158 262.3318 12.45131
29.06667 344.113 262.3224 12.53076
29.1 344.0178 262.2702 12.58794
29.1 343.8089 262.1883 12.52591
29.1 343.5464 262.1223 12.31823
29.13333 343.3265 262.1225 11.98389
29.13333 343.2615 262.1448 11.68708
29.16667 343.3564 262.1597 11.46181
29.16667 343.3624 262.1063 11.45943
29.16667 343.226 262.0389 11.51289
29.2 343.0004 262.0146 11.4623
29.2 342.889 262.0982 11.35781
29.23333 342.884 262.2215 11.29402
29.23333 342.947 262.3394 11.25071
29.26667 342.9902 262.4087 11.23754
29.26667 342.9839 262.4273 11.26279
29.26667 343.0089 262.4593 11.20426
29.3 343.0391 262.5066 11.09172
29.3 343.0621 262.5526 10.97548
29.33333 343.0532 262.5885 10.82748
29.33333 343.0473 262.5969 10.70782
29.33333 343.0808 262.6243 10.54742
29.36667 343.1923 262.6588 10.38613
29.36667 343.408 262.7107 10.21961
29.4 343.7256 262.7943 10.01161
29.4 344.019 262.895 9.838281
29.43333 344.2951 263.0016 9.717795
29.43333 344.548 263.0983 9.633039
29.43333 344.7166 263.181 9.588431
29.46667 344.8459 263.2252 9.584714
29.46667 344.9202 263.2483 9.619043
29.5 344.9726 263.257 9.653752
29.5 345.0241 263.3005 9.679111
29.53333 345.0742 263.3582 9.699426
29.53333 345.1095 263.3769 9.745543
29.53333 345.0927 263.3779 9.794385
29.56667 345.0379 263.3444 9.817335
29.56667 344.979 263.3151 9.822167
29.6 344.9146 263.2538 9.836419
29.6 344.8489 263.1713 9.870951
29.6 344.7761 263.121 9.88996
29.63333 344.6385 263.0586 9.882866
29.63333 344.4615 263.0443 9.85994
29.66667 344.3092 263.0558 9.843229
29.66667 344.1415 263.0921 9.821712
29.7 343.998 263.1725 9.792007
29.7 343.9286 263.2823 9.769382
29.7 343.9064 263.385 9.764311
29.73333 343.9339 263.5374 9.787757
29.73333 343.9496 263.6357 9.799127
29.76667 343.9625 263.7669 9.824521
29.76667 344.0025 263.9078 9.843706
29.76667 344.0573 264.0422 9.823707
29.8 344.1471 264.1877 9.796482
29.8 344.1954 264.3114 9.773473
29.83333 344.2083 264.4016 9.750097
29.83333 344.2588 264.5162 9.718495
29.86667 344.346 264.6141 9.708092
29.86667 344.4191 264.6884 9.717904
29.86667 344.4536 264.7433 9.719193
29.9 344.4728 264.7634 9.730216
29.9 344.4869 264.783 9.719717
29.93333 344.522 264.7823 9.712393
29.93333 344.5277 264.7751 9.697025
29.93333 344.5262 264.7489 9.693206
29.96667 344.487 264.7065 9.682516
29.96667 344.4434 264.6622 9.658678
30 344.4022 264.6531 9.63485
30 344.3614 264.6826 9.603045
30.03333 344.315 264.7314 9.599188
30.03333 344.2924 264.8026 9.599924
30.03333 344.2877 264.8825 9.596797
30.06667 344.2979 265.0024 9.587853
30.06667 344.2892 265.118 9.578382
30.1 344.2502 265.2704 9.593609
30.1 344.203 265.4526 9.615335
30.1 344.1955 265.6153 9.64881
30.13333 344.218 265.8282 9.681811
30.13333 344.2419 266.0639 9.711077
30.16667 344.2547 266.2892 9.687511
30.16667 344.2455 266.5405 9.639092
30.2 344.265 266.8163 9.593047
30.2 344.3398 267.0504 9.570891
30.2 344.4451 267.2918 9.583575
30.23333 344.5609 267.5119 9.584529
30.23333 344.6824 267.7227 9.610393
30.26667 344.7758 267.8975 9.625636
30.26667 344.9278 268.0798 9.62133
30.3 345.0954 268.2647 9.600278
30.3 345.2381 268.4179 9.584015
30.3 345.4169 268.6316 9.535676
30.33333 345.562 268.8169 9.483358
30.33333 345.6806 268.9761 9.446283
30.36667 345.8169 269.1471 9.407263
30.36667 345.8859 269.3054 9.343119
30.36667 345.9033 269.4165 9.296988
30.4 345.9335 269.5073 9.28646
30.4 345.9842 269.5867 9.263051
30.43333 346.0184 269.6524 9.219357
30.43333 346.0251 269.7043 9.14738
30.46667 345.9935 269.7631 9.073154
30.46667 345.9523 269.7917 9.016658
30.46667 345.9376 269.8273 8.975516
30.5 345.9583 269.8654 8.925438
30.5 345.976 269.9091 8.890737
30.53333 345.9968 269.9644 8.852505
30.53333 346.0055 270.0588 8.80057
30.56667 346.0206 270.1212 8.766871
30.56667 346.0347 270.2019 8.732682
30.56667 346.0657 270.2974 8.680713
30.6 346.1034 270.3919 8.633732
30.6 346.1361 270.4845 8.58323
30.63333 346.1758 270.5759 8.536607
30.63333 346.2289 270.6588 8.509525
30.63333 346.2921 270.7355 8.502561
30.66667 346.3474 270.7878 8.501385
30.66667 346.4088 270.8505 8.505804
30.7 346.4571 270.8737 8.509731
30.7 346.5025 270.8789 8.529052
30.7 346.5368 270.8848 8.533904
30.73333 346.5468 270.8863 8.526295
30.73333 346.5586 270.8702 8.508898
30.76667 346.5511 270.8479 8.510762
30.76667 346.5458 270.8153 8.497258
30.8 346.5314 270.7794 8.499251
30.8 346.5228 270.7332 8.515499
30.8 346.5118 270.7074 8.51625
30.83333 346.5142 270.6726 8.513222
30.83333 346.4919 270.6563 8.506087
30.86667 346.4438 270.6312 8.52523
30.86667 346.3804 270.6102 8.551547
30.86667 346.3086 270.5898 8.578845
30.9 346.2625 270.5918 8.597658
30.9 346.2395 270.6025 8.609857
30.93333 346.2039 270.623 8.593535
30.93333 346.1497 270.6664 8.557894
30.96667 346.1173 270.7101 8.52586
30.96667 346.1035 270.7486 8.529218
30.96667 346.1088 270.792 8.526189
31 346.1257 270.8253 8.527412
31 346.1415 270.8678 8.515892
31.03333 346.1635 270.8884 8.509625
31.03333 346.1637 270.9257 8.497787
31.03333 346.1708 270.9468 8.488795
31.06667 346.1643 270.9523 8.50045
31.06667 346.1623 270.9454 8.512638
31.1 346.1549 270.942 8.534959
31.1 346.1467 270.9331 8.557444
31.13333 346.1417 270.9187 8.569219
31.13333 346.1213 270.9151 8.570769
31.13333 346.0958 270.8982 8.569203
31.16667 346.0732 270.8818 8.597764
31.16667 346.058 270.833 8.646858
31.2 346.0357 270.7913 8.672674
31.2 345.9822 270.7592 8.663931
31.23333 345.8847 270.7327 8.643594
31.23333 345.7911 270.7106 8.62758
31.23333 345.7191 270.6943 8.632873
31.26667 345.651 270.6765 8.647564
31.26667 345.5982 270.6557 8.657187
31.3 345.5436 270.6544 8.662526
31.3 345.4829 270.663 8.649458
31.3 345.4566 270.6834 8.628281
31.33333 345.4359 270.7053 8.608171
31.33333 345.4206 270.7464 8.574481
31.36667 345.4013 270.7819 8.547352
31.36667 345.3885 270.8312 8.501252
31.4 345.3686 270.8718 8.468147
31.4 345.3766 270.9135 8.458543
31.4 345.3871 270.9725 8.436852
31.43333 345.4043 270.9921 8.448833
31.43333 345.4235 271.0128 8.462858
31.46667 345.4325 271.0186 8.481767
31.46667 345.443 271.0008 8.506986
31.46667 345.4512 270.9729 8.545712
31.5 345.4668 270.9257 8.57492
31.5 345.4829 270.8757 8.608402
31.53333 345.502 270.8183 8.625354
31.53333 345.5207 270.7645 8.628893
31.56667 345.546 270.7052 8.643785
31.56667 345.5543 270.6569 8.657594
31.56667 345.5668 270.6017 8.680211
31.6 345.5826 270.5429 8.705242
31.6 345.5872 270.4944 8.739849
31.63333 345.5856 270.4556 8.76494
31.63333 345.5898 270.4156 8.786722
31.63333 345.5893 270.4011 8.81717
31.66667 345.6048 270.3883 8.843937
31.66667 345.592 270.3571 8.884203
31.7 345.5805 270.3425 8.910162
31.7 345.5847 270.3168 8.939163
31.73333 345.5869 270.314 8.940928
31.73333 345.5808 270.3198 8.911543
31.73333 345.5794 270.3367 8.856318
31.76667 345.589 270.347 8.849882
31.76667 345.6199 270.3506 8.869885
31.8 345.671 270.344 8.902334
31.8 345.7055 270.3365 8.923876
31.8 345.7436 270.3309 8.941413
31.83333 345.7805 270.3324 8.936225
31.83333 345.789 270.3425 8.924747
31.86667 345.793 270.3422 8.919972
31.86667 345.8019 270.3346 8.936846
31.9 345.7918 270.3062 8.973144
31.9 345.7682 270.2706 9.055314
31.9 345.8068 270.2173 9.166355
31.93333 345.865 270.1554 9.262751
31.93333 345.9835 270.0378 9.4396
31.96667 346.0881 269.9009 9.632456
31.96667 346.1953 269.7737 9.832791
31.96667 346.341 269.6246 10.07656
32 346.4256 269.5132 10.20064
32 346.4969 269.4468 10.25919
32.03333 346.5943 269.3566 10.34654
32.03333 346.6913 269.2657 10.50058
32.06667 346.7831 269.1536 10.68926
32.06667 346.9156 268.9698 11.00669
32.06667 346.9866 268.788 11.31099
32.1 346.9963 268.6436 11.55786
32.1 346.9748 268.4785 11.83802
32.13334 346.9399 268.3607 12.03603
32.13334 346.8816 268.218 12.23561
32.13334 346.825 268.081 12.3483
32.16667 346.7435 267.968 12.39235
32.16667 346.6656 267.8658 12.37719
32.2 346.6063 267.7863 12.31598
32.2 346.5807 267.7271 12.2357
32.23333 346.5438 267.6614 12.12247
32.23333 346.4857 267.6209 11.98249
32.23333 346.417 267.6113 11.81766
32.26667 346.303 267.5888 11.67418
32.26667 346.1985 267.5889 11.572
32.3 346.1089 267.6031 11.47724
32.3 345.9716 267.6265 11.381
32.33333 345.8484 267.6478 11.33649
32.33333 345.6751 267.6969 11.26607
32.33333 345.5343 267.7317 11.24057
32.36666 345.4038 267.7738 11.2119
32.36666 345.2996 267.8119 11.18997
32.4 345.2175 267.8401 11.20739
32.4 345.1518 267.86 11.22211
32.4 345.1247 269.8771 11.23994
32.43333 345.1294 271.8714 11.2687
32.43333 345.1714 273.8582 11.29972
32.46667 345.2445 275.8506 11.31923
32.5 345.3451 277.8319 11.32326
32.5 345.4704 279.7874 11.36495
32.53333 345.6751 281.6546 11.52448
32.53333 345.8256 283.52 11.67626
32.56667 345.8508 285.5029 11.71812
32.56667 345.8917 287.4324 11.75195
32.6 345.8652 289.3771 11.71063
32.6 345.9145 291.1913 11.81531
32.63334 345.8622 293.1351 11.83314
32.63334 345.8212 295.0319 11.89136
32.66667 345.7138 296.8771 11.97474
32.66667 345.6438 298.5733 12.14237
32.7 345.6531 300.534 12.15119
32.7 345.6913 302.371 12.21942
32.73333 345.7071 304.0114 12.37525
32.73333 345.7016 305.9916 12.3791
32.76667 345.6706 307.8863 12.39163
32.76667 345.6076 309.7975 12.41533
32.8 345.485 311.7933 12.42731
32.83333 345.2994 313.5743 12.55657
32.83333 345.247 315.6245 12.58142
32.86666 345.1538 317.691 12.66074
32.86666 344.9793 319.6165 12.86364
32.9 345.0249 321.6389 12.96473
32.9 345.0044 323.5988 13.12249
32.93333 344.966 325.5313 13.31067
32.93333 344.9407 327.4157 13.43309
32.96667 344.8702 329.1676 13.75418
32.96667 344.9339 331.1088 13.69778
33 344.9929 332.9663 13.78899
33.03333 344.9042 334.4314 14.31264
33.03333 344.8867 336.4195 14.40653
33.06667 344.8719 338.4199 14.50776
33.1 344.8821 340.4363 14.52592
33.1 344.9618 342.8332 14.09649
33.13334 345.0231 345.5655 13.4712
33.16667 345.0592 348.3586 12.94684
33.2 344.9802 351.1024 12.56593
33.2 344.812 353.698 12.25786
33.23333 344.4894 355.8993 12.20805
33.26667 344.1024 358.8893 11.71194
33.3 343.9584 1.588516 11.35772
33.33333 343.935 4.254699 11.10684
33.33333 343.9693 6.814116 10.9261
33.36666 343.9342 9.355669 10.71976
33.4 343.8946 11.35627 10.66648
33.43333 343.8048 14.05088 10.44928
33.46667 343.8157 16.39941 10.45391
33.46667 343.7329 18.60577 10.60816
33.5 343.5646 20.69075 10.86665
33.53333 343.3798 22.7339 11.12251
33.56667 343.0787 24.73489 11.38438
33.6 342.7592 26.71981 11.70991
33.63334 342.4265 28.72903 12.08262
33.63334 342.1319 30.78853 12.46005
33.66667 342.0916 32.7893 12.61694
33.7 341.8034 34.96067 13.05848
33.7 341.7392 37.08597 13.28807
33.73333 341.5351 39.23165 13.3783
33.76667 341.2277 41.38923 13.44848
33.8 340.9713 43.50536 13.5605
33.83333 340.6593 45.68821 13.62696
33.86666 340.4157 47.89259 13.75028
33.86666 340.2897 50.04892 13.97255
33.9 340.1237 52.15712 14.23309
33.93333 340.0291 54.25047 14.42142
33.96667 339.9035 56.25795 14.58267
34 339.7484 58.18757 14.65262
34.03333 339.7365 60.09463 14.58054
34.03333 339.4833 62.03271 14.75589
34.06667 339.5198 63.96512 14.74466
34.06667 339.5079 65.89763 14.76577
34.1 339.4994 67.81834 14.75843
34.13334 339.3325 69.70602 14.81329
34.13334 339.3213 71.67946 14.81793
34.16667 339.0382 73.57506 14.93269
34.2 338.749 75.54017 15.06293
34.23333 338.026 77.56716 15.28955
34.23333 337.2537 79.88441 15.73193
34.26667 337.0253 81.98872 15.95777
34.3 336.5409 84.13036 16.38963
34.33333 335.8812 86.42537 16.82113
34.33333 335.6386 86.68908 16.84017
34.36666 335.4946 86.68523 16.72777
34.4 335.4366 86.50052 16.58529
34.43333 335.3557 86.18565 16.50982
34.43333 335.3318 85.77481 16.6306
34.46667 335.2416 85.33015 16.61827
34.5 335.0444 84.91131 16.68463
34.53333 334.8728 84.43748 16.85635
34.56667 334.7116 84.10888 16.97746
34.6 334.4022 83.76246 17.09604
34.6 334.0036 83.40472 17.21544
34.63334 333.6829 83.09962 17.32182
34.66667 333.5839 83.11476 17.33607
34.7 332.6344 82.48996 17.44084
34.7 331.7544 82.05537 17.41004
34.73333 331.2411 81.77876 17.40499
34.76667 330.8244 81.6203 17.39762
34.8 330.4996 81.55189 17.34627
34.83333 330.1594 81.59208 17.1767
34.86666 329.7399 81.61731 17.04844
34.86666 329.3643 81.67832 16.95476
34.9 328.9352 81.74061 16.8983
34.93333 328.3668 81.86655 16.63478
34.96667 327.8671 81.96907 16.56497
35 327.3078 82.0317 16.47229
35.03333 326.7795 82.08606 16.09945
35.03333 326.2328 82.1066 16.11874
35.06667 326.0793 82.0811 15.75401
35.1 324.8465 82.26869 14.99931
35.13334 323.3558 82.61915 14.23972
35.13334 322.0771 82.99451 13.53603
35.16667 321.2169 83.37303 13.00149
35.2 320.773 83.77901 12.42527
35.23333 320.6512 84.17004 11.91403
35.26667 320.7952 84.69372 11.54173
35.26667 320.5224 85.23076 10.85734
35.3 320.5715 85.5282 10.54841
35.33333 320.6556 86.50311 9.791568
35.36666 320.7734 87.01539 9.699807
35.4 320.6925 87.40334 9.753395
35.4 320.4881 87.5923 9.877366
35.43333 320.3866 87.8868 9.824043
35.46667 320.417 87.63929 9.950026
35.5 320.418 87.6612 9.912085
35.5 320.2774 87.96743 9.771214
35.5 320.2629 87.90545 9.818233
35.53333 320.2401 87.97723 9.803184
35.53333 320.246 88.04118 9.784245
35.56667 320.2653 88.09569 9.78797
35.56667 320.3074 88.13549 9.775586
35.6 320.3706 88.13397 9.802892
35.6 320.4055 88.13064 9.83013
35.6 320.4076 88.11395 9.849714
35.63334 320.3653 88.08868 9.862505
35.63334 320.2987 88.09852 9.824347
35.66667 320.1992 88.16215 9.694079
35.66667 320.1196 88.2296 9.515759
35.7 320.0748 88.2513 9.447223
35.7 320.0323 88.24982 9.388336
35.7 320.0071 88.25318 9.374413
35.73333 319.9941 88.23596 9.39545
35.73333 319.9847 88.20992 9.440573
35.76667 319.9929 88.16103 9.542461
35.76667 320.0276 88.15127 9.608093
35.76667 320.1039 88.15293 9.645911
35.8 320.1956 88.17378 9.655218
35.8 320.2716 88.23896 9.573573
35.83333 320.2968 88.3007 9.471603
35.83333 320.3171 88.32182 9.419519
35.86666 320.3402 88.34532 9.39502
35.86666 320.353 88.34127 9.394924
35.86666 320.3563 88.33665 9.399487
35.9 320.3343 88.31818 9.427063
35.9 320.3009 88.29339 9.455474
35.93333 320.2767 88.28838 9.475588
35.93333 320.2664 88.27801 9.499836
35.93333 320.2763 88.27702 9.50648
35.96667 320.3003 88.25858 9.522115
35.96667 320.3269 88.24956 9.52455
36 320.3448 88.23574 9.535646
36 320.3685 88.20137 9.553259
36.03333 320.3885 88.17113 9.583961
36.03333 320.4085 88.1272 9.615631
36.03333 320.4189 88.09544 9.65558
36.06667 320.4233 88.07411 9.697543
36.06667 320.4316 88.05688 9.725274
36.1 320.4381 88.06365 9.715281
36.1 320.4305 88.08401 9.706008
36.1 320.4262 88.1011 9.715714
36.13334 320.4168 88.1004 9.754901
36.13334 320.3943 88.11932 9.771752
36.16667 320.385 88.13544 9.807606
36.16667 320.3735 88.15902 9.819268
36.2 320.3569 88.18705 9.826173
36.2 320.3452 88.23212 9.818884
36.2 320.3304 88.26889 9.799979
36.23333 320.316 88.31626 9.770393
36.23333 320.3121 88.35783 9.739297
36.26667 320.3064 88.42679 9.673383
36.26667 320.3166 88.45557 9.635232
36.3 320.3208 88.49366 9.594152
36.3 320.3177 88.50325 9.580507
36.3 320.326 88.5173 9.563702
36.33333 320.3135 88.53941 9.505358
36.33333 320.3167 88.5182 9.503705
36.36666 320.3402 88.53814 9.463664
36.36666 320.3829 88.55545 9.411342
36.36666 320.4109 88.55791 9.379798
36.4 320.4057 88.54631 9.359214
36.4 320.3552 88.52391 9.352988
36.43333 320.3053 88.50308 9.37044
36.43333 320.2831 88.45923 9.40265
36.46667 320.307 88.43676 9.436082
36.46667 320.3648 88.42942 9.461821
36.46667 320.425 88.40919 9.492755
36.5 320.4743 88.38591 9.514189
36.5 320.5111 88.35728 9.535261
36.53333 320.5404 88.30003 9.587825
36.53333 320.5508 88.27019 9.619892
36.53333 320.5517 88.20452 9.683366
36.56667 320.5556 88.15231 9.742855
36.56667 320.5491 88.11045 9.792256
36.6 320.5295 88.05043 9.886513
36.6 320.5155 87.99463 9.952809
36.63334 320.5253 87.95512 10.00133
36.63334 320.5309 87.9549 10.01169
36.63334 320.5506 87.96423 9.963634
36.66667 320.5543 87.9623 9.934448
36.66667 320.5911 87.9478 9.952144
36.7 320.6306 87.92117 9.99311
36.7 320.6638 87.86327 10.07009
36.7 320.718 87.78911 10.18792
36.73333 320.7759 87.68729 10.32619
36.73333 320.8685 87.59463 10.43898
36.76667 321.0113 87.42465 10.67085
36.76667 321.229 87.17795 11.05051
36.8 321.4357 86.96116 11.36176
36.8 321.7533 86.67871 11.65439
36.8 322.0142 86.43589 11.75865
36.83333 322.2511 86.15747 11.84846
36.83333 322.6129 85.68626 12.05721
36.86666 322.9084 85.10758 12.42384
36.86666 323.1321 84.47186 12.85432
36.86666 323.4055 83.6988 13.36213
36.9 323.6913 82.95766 13.83551
36.9 323.9881 82.21488 14.31253
36.93333 324.2481 81.53516 14.73742
36.93333 324.4587 80.84403 15.19649
36.96667 324.6275 80.19017 15.68701
36.96667 324.7816 79.62139 16.20634
36.96667 324.8924 79.14125 16.72818
37 324.9752 78.75828 17.1577
37 325.1001 78.44804 17.53298
37.03333 325.2763 78.19769 17.86117
37.03333 325.4575 78.07991 18.01455
37.06667 325.6763 77.95831 18.0874
37.06667 325.8517 77.81796 18.09517
37.06667 325.997 77.62487 18.10991
37.1 326.1168 77.32388 18.20504
37.1 326.2147 76.94317 18.37103
37.13334 326.2858 76.59653 18.47846
37.13334 326.3442 76.23923 18.58636
37.13334 326.3551 75.99788 18.64538
37.16667 326.3611 75.77788 18.68928
37.16667 326.3692 75.5616 18.74975
37.2 326.3976 75.44944 18.79053
37.2 326.4362 75.33899 18.82759
37.2 326.4689 75.28487 18.85849
37.23333 326.5154 75.26176 18.89453
37.23333 326.5745 75.2415 18.96252
37.26667 326.6383 75.23158 19.03331
37.26667 326.6908 75.23403 19.07405
37.3 326.7504 75.25634 19.12313
37.3 326.8047 75.25784 19.14827
37.3 326.8487 75.25546 19.16882
37.33333 326.8847 75.24902 19.18824
37.33333 326.9057 75.2577 19.19945
37.36666 326.9316 75.23786 19.24551
37.36666 326.9494 75.2017 19.31184
37.4 326.9481 75.20065 19.33362
37.4 326.9458 75.18337 19.3217
37.4 326.9431 75.15521 19.34404
37.43333 326.9269 75.14433 19.33274
37.43333 326.9352 75.13279 19.30849
37.46667 326.981 75.13859 19.28975
37.46667 327.0143 75.17477 19.2343
37.46667 327.0233 75.18848 19.13796
37.5 327.0003 75.21777 18.96156
37.5 326.9761 75.24767 18.82938
37.53333 326.9685 75.30537 18.74778
37.53333 326.9451 75.40166 18.61751
37.56667 326.8937 75.47948 18.54855
37.56667 326.8106 75.52524 18.53355
37.56667 326.7005 75.62915 18.53401
37.6 326.5995 75.72701 18.54902
37.6 326.5477 75.79813 18.57366
37.63334 326.5298 75.85766 18.62706
37.63334 326.5428 75.92442 18.66921
37.63334 326.5851 75.93659 18.76198
37.66667 326.6328 75.89568 18.86713
37.66667 326.703 75.83335 18.95363
37.7 326.7812 75.76515 19.00819
37.7 326.8904 75.65815 19.10385
37.73333 327.001 75.55252 19.20276
37.73333 327.1222 75.4285 19.29696
37.73333 327.23 75.3186 19.36224
37.76667 327.2916 75.23906 19.39766
37.76667 327.3344 75.16263 19.4345
37.8 327.3752 75.08478 19.48061
37.8 327.4255 75.04262 19.49634
37.8 327.4643 74.98232 19.51567
37.83333 327.4663 74.9281 19.53352
37.83333 327.4554 74.86968 19.54202
37.86666 327.4464 74.83237 19.52125
37.86666 327.4661 72.78275 19.51275
37.9 327.4993 70.72552 19.52622
37.9 327.5291 68.65582 19.55128
37.93333 327.5486 66.60116 19.57816
37.93333 327.5664 64.50601 19.62823
37.96667 327.593 62.40331 19.68035
37.96667 327.6398 60.27063 19.76319
38 327.7774 57.84958 20.06593
38 327.8914 55.56126 20.2682
38.03333 327.9864 53.46489 20.34858
38.03333 328.1909 51.28653 20.47827
38.06667 328.5362 48.86307 20.79275
