1.557482 0 270 0
1.792839 0 270 0
1.892839 0 270 0
1.992839 0 270 0
2.092839 0 270 0
2.192839 0 270 0
2.292839 0 270 0
2.392839 0 270 0
2.492839 0 270 0
2.592839 0 270 0
2.692839 0 270 0
2.792839 0 270 0
2.892839 0 270 0
2.992839 0 270 0
3.092839 0 270 0
3.192839 0 270 0
3.292839 0 270 0
3.392839 0 270 0
3.492839 0 270 0
3.592839 0 270 0
3.692839 0 270 0
3.792839 0 270 0
3.892839 0 270 0
3.992839 0 270 0
4.092839 0 270 0
4.192839 0 270 0
4.292839 0 270 0
4.392839 0 270 0
4.492839 0 270 0
4.592839 0 270 0
4.692839 0 270 0
4.792839 0 270 0
4.892839 0 270 0
4.992839 0 270 0
5.092839 0 270 0
5.192839 0 270 0
5.292839 0 270 0
5.392839 0 270 0
5.492839 4.050002 275.175 0
5.592839 6.600005 281.7 -4.297348E-07
5.692839 7.575011 284.25 -4.30645E-07
5.792839 7.575008 284.325 -4.30645E-07
5.892839 7.575008 284.325 -4.30645E-07
5.992839 7.575008 284.325 -4.30645E-07
6.092839 7.575008 284.325 -4.30645E-07
6.192839 7.575008 284.325 -4.30645E-07
6.292839 7.575008 284.325 -4.30645E-07
6.392839 7.575008 284.325 -4.30645E-07
6.492839 7.575008 284.325 -4.30645E-07
6.592839 7.575008 284.325 -4.30645E-07
6.692839 7.575008 284.325 -4.30645E-07
6.792839 7.575008 284.325 -4.30645E-07
6.892839 7.575008 284.325 -4.30645E-07
6.992839 7.575008 284.325 -4.30645E-07
7.092839 8.40001 285.9 0
7.192839 13.50002 295.05 0
7.292839 15.82502 300.975 1.774814E-06
7.392839 15.82502 300.975 3.993332E-06
7.492839 15.90002 301.425 3.550949E-06
7.592839 15.90002 301.425 3.550949E-06
7.692839 15.90002 301.425 3.550949E-06
7.792839 15.90002 301.425 3.550949E-06
7.892839 15.90002 301.425 3.550949E-06
7.992839 15.90002 301.425 3.550949E-06
8.092839 14.02503 312.3 4.840037E-06
8.192839 12.22505 326.925 6.770271E-06
8.292839 12.52506 338.4 8.089936E-06
8.392839 10.27506 353.625 1.003265E-05
8.492839 8.400069 9.450001 1.235215E-05
8.592839 7.650072 27.67501 1.259857E-05
8.692839 6.825074 43.425 1.418781E-05
8.792839 5.40008 52.875 1.436446E-05
8.892839 5.325088 53.475 1.522017E-05
8.992839 8.850095 43.57502 1.533708E-05
9.092839 16.2001 15 1.778152E-05
9.192839 18.22512 359.175 2.196602E-05
9.292839 18.97512 346.2751 3.159917E-05
9.392839 19.12513 345.675 3.546827E-05
9.492839 19.12513 345.675 3.546827E-05
9.592839 19.12513 345.675 3.546827E-05
9.692839 19.12513 345.675 3.546827E-05
9.792839 19.12513 345.675 3.546827E-05
9.892839 16.87513 352.425 3.680291E-05
9.992839 12.90014 28.20006 3.634904E-05
10.09284 12.90015 58.50005 3.634904E-05
10.19284 12.90016 75.22503 3.810079E-05
10.29284 12.90018 78.67503 3.722492E-05
10.39284 14.62519 73.20007 3.661809E-05
10.49284 14.9252 71.85006 3.357615E-05
10.59284 18.30021 58.95007 3.147389E-05
10.69284 23.62523 35.32504 3.168384E-05
10.79284 22.72524 19.35003 2.962024E-05
10.89284 17.02525 13.725 2.366197E-05
10.99284 14.40025 12.30002 2.732549E-05
11.09284 14.32525 12.30002 2.67656E-05
11.19284 14.32525 12.30002 2.67656E-05
11.29284 14.32525 12.30002 2.67656E-05
11.39284 14.32525 12.30002 2.67656E-05
11.49284 14.32525 12.30002 2.808736E-05
11.59284 14.57103 16.29247 3.352157E-05
11.69284 15.43126 30.26599 3.454242E-05
11.79284 16.29148 44.23953 3.913753E-05
11.89284 17.21315 59.21114 3.575228E-05
11.99284 18.13482 74.18277 3.863121E-05
12.09284 18.79417 84.89351 9.018589E-07
12.19284 18.79417 84.89351 9.018589E-07
12.29284 18.79417 84.89351 9.018589E-07
12.39284 18.79417 84.89351 9.018589E-07
12.49284 16.69417 84.89351 -8.91342E-07
12.59284 353.6691 74.2435 -4.295061E-07
12.69284 352.2441 61.41852 2.15414E-07
12.79284 353.3691 61.41852 2.148808E-07
12.89284 353.3691 61.41852 2.148808E-07
12.99284 353.3691 61.41852 2.148808E-07
13.09284 353.3691 61.41852 2.148808E-07
13.19284 353.3691 61.41852 2.148808E-07
13.29284 353.3691 61.41852 2.148808E-07
13.39284 353.3691 61.41852 2.148808E-07
13.49284 353.3691 61.41852 2.148808E-07
13.59284 353.3691 61.41852 2.148808E-07
13.69284 353.3691 61.41852 2.148808E-07
13.79284 353.3691 61.41852 2.148808E-07
13.89284 353.3691 61.41852 2.148808E-07
13.99284 353.3691 61.41852 2.148808E-07
14.09284 353.3691 61.41852 2.148808E-07
14.19284 353.3691 61.41852 2.148808E-07
14.29284 353.3691 61.41852 2.148808E-07
14.39284 353.3691 61.41852 2.148808E-07
14.49284 353.3691 61.41852 2.148808E-07
14.59284 353.3691 61.41852 2.148808E-07
14.69284 353.3691 61.41852 2.148808E-07
14.79284 353.3691 61.41852 2.148808E-07
14.89284 353.3691 61.41852 2.148808E-07
14.99284 353.3691 61.41852 2.148808E-07
15.09284 353.3691 61.41852 2.148808E-07
15.19284 353.3691 61.41852 2.148808E-07
15.29284 353.3691 61.41852 2.148808E-07
15.39284 353.3691 61.41852 2.148808E-07
15.49284 353.3691 61.41852 2.148808E-07
15.59284 353.3691 61.41852 2.148808E-07
15.69284 353.3691 61.41852 2.148808E-07
15.79284 353.3691 61.41852 2.148808E-07
15.89284 353.3691 61.41852 2.148808E-07
15.99284 353.3691 61.41852 2.148808E-07
16.09284 353.3691 61.41852 2.148808E-07
16.19284 353.3691 61.41852 2.148808E-07
16.29284 353.3691 61.41852 2.148808E-07
16.39284 353.3691 61.41852 2.148808E-07
16.49284 353.3691 61.41852 2.148808E-07
16.59284 353.3691 61.41852 2.148808E-07
16.69284 353.3691 61.41852 2.148808E-07
16.79284 353.3691 61.41852 2.148808E-07
16.89284 353.3691 61.41852 2.148808E-07
16.99284 353.3691 61.41852 2.148808E-07
17.09284 353.3691 61.41852 2.148808E-07
17.19284 353.3691 61.41852 2.148808E-07
17.29284 353.3691 61.41852 2.148808E-07
17.39284 353.3691 61.41852 2.148808E-07
17.49284 353.3691 61.41852 2.148808E-07
17.59284 353.3691 61.41852 2.148808E-07
17.69284 353.3691 61.41852 2.148808E-07
17.79284 353.3691 61.41852 2.148808E-07
17.89284 353.3691 61.41852 2.148808E-07
17.99284 353.3691 61.41852 2.148808E-07
18.09284 353.3691 61.41852 2.148808E-07
18.19284 353.3691 61.41852 2.148808E-07
18.29284 353.3691 61.41852 2.148808E-07
18.39284 353.3691 61.41852 2.148808E-07
18.49284 353.3691 61.41852 2.148808E-07
18.59284 353.3691 61.41852 2.148808E-07
18.69284 353.3691 61.41852 2.148808E-07
18.79284 353.3691 61.41852 2.148808E-07
18.89284 353.3691 61.41852 2.148808E-07
18.99284 353.3691 61.41852 2.148808E-07
19.09284 353.3691 61.41852 2.148808E-07
19.19284 353.3691 61.41852 2.148808E-07
19.29284 353.3691 61.41852 2.148808E-07
19.39284 353.3691 61.41852 2.148808E-07
19.49284 353.3691 61.41852 2.148808E-07
19.59284 353.3691 61.41852 2.148808E-07
19.69284 353.3691 61.41852 2.148808E-07
19.79284 353.3691 61.41852 2.148808E-07
19.89284 353.3691 61.41852 2.148808E-07
19.99284 353.3691 61.41852 2.148808E-07
20.09284 353.3691 61.41852 2.148808E-07
20.19284 353.3691 61.41852 2.148808E-07
20.29284 353.3691 61.41852 2.148808E-07
20.39284 353.3691 61.41852 2.148808E-07
20.49284 353.3691 61.41852 2.148808E-07
20.59284 353.3691 61.41852 2.148808E-07
20.69284 353.3691 61.41852 2.148808E-07
20.79284 353.3691 61.41852 2.148808E-07
20.89284 353.3691 61.41852 2.148808E-07
20.99284 353.3691 61.41852 2.148808E-07
21.09284 353.3691 61.41852 2.148808E-07
21.19284 353.3691 61.41852 2.148808E-07
21.29284 353.3691 61.41852 2.148808E-07
21.39284 353.3691 61.41852 2.148808E-07
21.49284 353.3691 61.41852 2.148808E-07
21.59284 353.3691 61.41852 2.148808E-07
21.69284 353.3691 61.41852 2.148808E-07
21.79284 353.3691 61.41852 2.148808E-07
21.89284 353.3691 61.41852 2.148808E-07
21.99284 353.3691 61.41852 2.148808E-07
22.09284 353.3691 61.41852 2.148808E-07
22.19284 353.3691 61.41852 2.148808E-07
22.29284 353.3691 61.41852 2.148808E-07
22.39284 353.3691 61.41852 2.148808E-07
22.49284 353.3691 61.41852 2.148808E-07
22.59284 353.3691 61.41852 2.148808E-07
22.69284 353.3691 61.41852 2.148808E-07
22.79284 353.3691 61.41852 2.148808E-07
22.89284 353.3691 61.41852 2.148808E-07
22.99284 353.3691 61.41852 2.148808E-07
23.09284 353.3691 61.41852 2.148808E-07
23.19284 353.3691 61.41852 2.148808E-07
23.29284 353.3691 61.41852 2.148808E-07
23.39284 353.3691 61.41852 2.148808E-07
23.49284 353.3691 61.41852 2.148808E-07
23.59284 353.3691 61.41852 2.148808E-07
23.69284 353.3691 61.41852 2.148808E-07
23.79284 353.3691 61.41852 2.148808E-07
23.89284 353.3691 61.41852 2.148808E-07
23.99284 353.3691 61.41852 2.148808E-07
24.09284 353.3691 61.41852 2.148808E-07
24.19284 353.3691 61.41852 2.148808E-07
24.29284 353.3691 61.41852 2.148808E-07
24.39284 353.3691 61.41852 2.148808E-07
24.49284 353.3691 61.41852 2.148808E-07
24.59284 353.3691 61.41852 0
24.69284 353.8395 59.47462 1.932149E-06
24.79284 356.8719 46.83331 3.099548E-06
24.89284 0.03451613 33.19532 3.228332E-06
24.99284 2.989098 19.51088 3.045712E-06
25.09284 5.467389 6.749645 2.224596E-06
25.19284 7.928424 351.9535 1.831778E-06
25.29284 9.814693 339.0911 3.682433E-06
25.39284 11.85069 325.2401 5.452294E-06
25.49284 14.18601 311.4367 6.164397E-06
25.59284 17.28345 296.7618 8.047326E-06
25.69284 18.79417 289.1556 0
25.79284 18.79417 289.1556 0
25.89284 18.79417 289.1556 0
25.99284 18.79417 289.1556 0
26.09284 18.79417 289.1556 0
26.19284 18.79417 289.1556 0
26.29284 18.79417 289.1556 0
26.39284 18.79417 289.1556 0
26.49284 18.79417 289.1556 0
26.59284 18.79417 289.1556 0
26.69284 18.79417 289.1556 0
26.79284 18.79417 289.1556 0
26.89284 18.79417 289.1556 0
26.99284 18.79417 289.1556 0
27.09284 18.79417 289.1556 0
27.19284 18.79417 289.1556 0
27.29284 18.79417 289.1556 0
27.39284 18.79417 289.1556 0
27.49284 18.79417 289.1556 0
27.59284 18.79417 289.1556 0
27.69284 18.79417 289.1556 0
27.79284 18.79417 289.1556 0
27.89284 18.79417 289.1556 0
27.99284 18.79417 289.1556 0
28.09284 18.79417 289.1556 0
28.19284 18.79417 289.1556 0
28.29284 18.79417 289.1556 0
28.39284 18.79417 289.1556 0
28.49284 18.79417 289.1556 0
28.59284 18.79417 289.1556 0
28.69284 18.79417 289.1556 0
28.79284 18.79417 289.1556 0
28.89284 18.79417 289.1556 0
28.99284 18.79417 289.1556 0
29.09284 18.79417 289.1556 0
29.19284 18.79417 289.1556 0
29.29284 18.79417 289.1556 0
29.39284 18.79417 289.1556 0
29.49284 18.79417 289.1556 0
29.59284 18.79417 289.1556 0
29.69284 18.79417 289.1556 0
29.79284 18.79417 289.1556 0
29.89284 18.79417 289.1556 0
29.99284 18.79417 289.1556 0
30.09284 18.79417 289.1556 0
30.19284 18.79417 289.1556 0
30.29284 18.79417 289.1556 0
30.39284 18.79417 289.1556 0
30.49284 18.79417 289.1556 0
30.59284 18.79417 289.1556 0
30.69284 18.79417 289.1556 0
30.79284 18.79417 289.1556 0
30.89284 18.79417 289.1556 0
30.99284 18.79417 289.1556 0
31.09284 18.79417 289.1556 0
31.19284 18.79417 289.1556 0
31.29284 18.79417 289.1556 0
31.39284 18.79417 289.1556 0
31.49284 18.79417 289.1556 0
31.59284 18.79417 289.1556 0
31.69284 18.79417 289.1556 0
31.79284 18.79417 289.1556 0
31.89284 18.79417 289.1556 0
31.99284 18.79417 289.1556 0
32.09284 18.79417 289.1556 0
32.19284 18.79417 289.1556 0
32.29284 18.79417 289.1556 0
32.39284 18.79417 289.1556 0
32.49284 18.79417 289.1556 0
32.59284 18.79417 289.1556 0
32.69284 18.79417 289.1556 0
32.79284 18.79417 289.1556 0
32.89284 18.79417 289.1556 0
32.99284 18.79417 289.1556 0
33.09284 18.79417 289.1556 0
33.19284 18.79417 289.1556 0
33.29284 18.79417 289.1556 0
33.39284 18.79417 289.1556 0
33.49284 18.79417 289.1556 0
33.59284 18.79417 289.1556 0
33.69284 18.79417 289.1556 0
33.79284 18.79417 289.1556 0
33.89284 18.79417 289.1556 0
33.99284 18.79417 289.1556 0
34.09284 18.79417 289.1556 0
34.19284 18.79417 289.1556 0
34.29284 18.79417 289.1556 0
34.39284 18.79417 289.1556 0
34.49284 18.79417 289.1556 0
34.59284 18.79417 289.1556 0
34.69284 18.79417 289.1556 0
34.79284 18.79417 289.1556 0
34.89284 18.79417 289.1556 0
34.99284 18.79417 289.1556 0
35.09284 18.79417 289.1556 0
35.19284 18.79417 289.1556 0
35.29284 18.79417 289.1556 0
35.39284 18.79417 289.1556 0
35.49284 18.79417 289.1556 0
35.59284 18.79417 289.1556 0
35.69284 18.79417 289.1556 0
35.79284 18.79417 289.1556 0
35.89284 18.79417 289.1556 0
35.99284 18.79417 289.1556 0
36.09284 18.79417 289.1556 0
36.19284 18.79417 289.1556 0
36.29284 18.79417 289.1556 0
36.39284 18.79417 289.1556 0
36.49284 18.79417 289.1556 0
36.59284 18.79417 289.1556 0
36.69284 18.79417 289.1556 0
36.79284 18.79417 289.1556 0
36.89284 18.79417 289.1556 0
36.99284 18.79417 289.1556 0
37.09284 18.79417 289.1556 0
37.19284 18.79417 289.1556 0
37.29284 18.79417 289.1556 0
37.39284 18.79417 289.1556 0
37.49284 18.79417 289.1556 0
37.59284 18.79417 289.1556 0
37.69284 18.79417 289.1556 0
37.79284 18.79417 289.1556 0
37.89284 18.79417 289.1556 0
37.99284 18.79417 289.1556 0
38.09284 18.79417 289.1556 0
38.19284 18.79417 289.1556 0
38.29284 18.79417 289.1556 0
38.39284 18.79417 289.1556 0
38.49284 18.79417 289.1556 0
38.59284 18.79417 289.1556 0
38.69284 18.79417 289.1556 0
38.79284 18.79417 289.1556 0
38.89284 18.79417 289.1556 0
38.99284 18.79417 289.1556 0
39.09284 18.79417 289.1556 0
39.19284 18.79417 289.1556 0
39.29284 18.79417 289.1556 0
39.39284 18.79417 289.1556 0
39.49284 18.79417 289.1556 0
39.59284 18.79417 289.1556 0
39.69284 18.79417 289.1556 0
39.79284 18.79417 289.1556 0
39.89284 18.79417 289.1556 0
39.99284 18.79417 289.1556 0
40.09284 18.79417 289.1556 0
40.19284 18.79417 289.1556 0
40.29284 18.79417 289.1556 0
40.39284 18.79417 289.1556 0
40.49284 18.79417 289.1556 0
40.59284 18.79417 289.1556 0
40.69284 18.79417 289.1556 0
40.79284 18.79417 289.1556 0
40.89284 18.79417 289.1556 0
40.99284 18.79417 289.1556 0
41.09284 18.79417 289.1556 0
41.19284 18.79417 289.1556 0
41.29284 18.79417 289.1556 0
41.39284 18.79417 289.1556 0
41.49284 18.79417 289.1556 0
41.59284 18.79417 289.1556 0
41.69284 18.79417 289.1556 0
41.79284 18.79417 289.1556 0
41.89284 18.79417 289.1556 0
41.99284 18.79417 289.1556 0
42.09284 18.79417 289.1556 0
42.19284 18.79417 289.1556 0
42.29284 18.79417 289.1556 0
42.39284 18.79417 289.1556 0
42.49284 18.79417 289.1556 0
42.59284 18.79417 289.1556 0
42.69284 18.79417 289.1556 0
42.79284 18.79417 289.1556 0
42.89284 18.79417 289.1556 0
42.99284 18.79417 289.1556 0
43.09284 18.79417 289.1556 0
43.19284 18.79417 289.1556 0
43.29284 18.79417 289.1556 0
43.39284 18.79417 289.1556 0
43.49284 18.79417 289.1556 0
43.59284 18.79417 289.1556 0
43.69284 18.79417 289.1556 0
43.79284 18.79417 289.1556 0
43.89284 18.79417 289.1556 0
43.99284 18.79417 289.1556 0
44.09284 18.79417 289.1556 0
44.19284 18.79417 289.1556 0
44.29284 18.79417 289.1556 0
44.39284 18.79417 289.1556 0
44.49284 18.79417 289.1556 0
44.59284 18.79417 289.1556 0
44.69284 18.79417 289.1556 0
44.79284 18.79417 289.1556 0
44.89284 18.79417 289.1556 0
44.99284 18.79417 289.1556 0
45.09284 18.79417 289.1556 0
45.19284 18.79417 289.1556 0
45.29284 18.79419 289.1556 9.01859E-07
45.39284 18.2285 298.2172 1.797766E-06
45.49284 17.53264 312.1999 3.581469E-06
45.59284 16.86945 327.1852 3.568659E-06
45.69284 16.37196 341.1764 9.343484E-06
45.79284 15.92883 354.1689 1.331797E-05
45.89284 15.64225 2.570743 -1.385328E-07
45.99284 15.64225 2.570743 -1.385328E-07
46.09284 15.64225 2.570743 -1.385328E-07
46.19284 15.64225 2.570743 -1.385328E-07
46.29284 15.64225 3.245732 -8.311969E-08
46.39284 16.46725 15.47072 -2.448302E-06
46.49284 16.91726 26.6457 -5.800542E-06
46.59284 16.91729 30.47071 -6.692932E-06
46.69284 16.09229 41.94572 -8.441622E-06
46.79284 15.34231 63.39572 -1.150922E-05
46.89284 15.34231 71.87071 -1.327987E-05
46.99284 15.34231 71.87071 -1.239454E-05
47.09284 15.34231 71.87071 -1.239454E-05
47.19284 15.34231 71.87071 -1.239454E-05
47.29284 15.34231 71.87071 -1.239454E-05
47.39284 15.34231 71.87071 -1.239454E-05
47.49284 15.34231 71.87071 -1.239454E-05
47.59284 15.34231 71.87071 -1.239454E-05
47.69284 15.34231 71.87071 -1.239454E-05
47.79284 15.34231 71.87071 -1.239454E-05
47.89284 15.34231 71.87071 -1.239454E-05
47.99284 15.26731 72.32069 -1.15051E-05
48.09284 15.11731 73.59565 -1.23813E-05
48.19284 14.89233 76.82069 -1.325172E-05
48.29284 14.89232 78.8457 -1.501862E-05
48.39284 14.89232 79.67068 -1.590207E-05
48.49284 14.89232 79.67068 -1.766896E-05
48.59284 14.89232 79.67068 -1.766896E-05
48.69284 14.89232 79.67068 -1.766896E-05
48.79284 14.89232 79.67068 -1.766896E-05
48.89284 14.89232 79.67068 -1.766896E-05
48.99284 14.89232 79.67068 -1.766896E-05
49.09284 14.89232 79.67068 -1.766896E-05
49.19284 14.59233 80.42064 -1.852687E-05
49.29284 14.06734 83.27063 -1.892364E-05
49.39284 14.06734 87.39565 -1.848356E-05
49.49284 14.06736 89.42062 -1.980381E-05
49.59284 14.06737 90.47062 -1.848356E-05
49.69284 14.06737 90.47062 -1.848356E-05
49.79284 14.06737 90.47062 -1.848356E-05
49.89284 14.06737 90.47062 -1.848356E-05
49.99284 14.06737 90.47062 -1.848356E-05
50.09284 14.06737 90.47062 -1.848356E-05
50.19284 14.06737 90.47062 -1.848356E-05
50.29284 14.06737 90.47062 -1.848356E-05
50.39284 14.06737 90.47062 -1.848356E-05
50.49284 14.06737 90.47062 -1.848356E-05
50.59284 14.06737 90.47062 -1.848356E-05
50.69284 14.06737 90.47062 -1.848356E-05
50.79284 14.06737 90.47062 -1.848356E-05
50.89284 14.06737 90.47062 -1.848356E-05
50.99284 14.06737 90.47062 -1.848356E-05
51.09284 14.06737 90.47062 -1.848356E-05
51.19284 14.06737 90.47062 -1.848356E-05
51.29284 14.06737 90.47062 -1.848356E-05
51.39284 14.06737 90.47062 -1.848356E-05
51.49284 14.06737 90.47062 -1.848356E-05
51.59284 14.06737 90.47062 -1.848356E-05
51.69284 14.06737 90.47062 -1.848356E-05
51.79284 14.06737 90.47062 -1.848356E-05
51.89284 14.06737 90.47062 -1.848356E-05
51.99284 13.64321 76.47709 -1.801056E-05
52.09284 13.26212 63.48266 -1.754334E-05
52.19284 12.82241 48.48905 -2.013901E-05
52.29284 12.44132 35.49462 -1.879755E-05
52.39284 12.03091 21.50062 -1.876837E-05
52.49284 11.6205 7.506605 -2.130069E-05
52.59284 11.21008 353.5125 -2.301066E-05
52.69284 10.79967 339.5185 -2.73788E-05
52.79284 10.38925 325.5245 -2.929515E-05
52.89284 10.00815 312.5301 -2.817641E-05
52.99284 9.59774 298.5361 -2.467797E-05
53.09284 9.274954 286.5409 -2.595251E-05
53.19284 9.29331 278.4177 0
53.29284 9.29331 278.4177 0
53.39284 9.29331 278.4177 0
53.49284 9.29331 278.4177 0
53.59284 9.29331 278.4177 0
53.69284 9.29331 278.4177 0
53.79284 9.29331 278.4177 0
53.89284 9.29331 278.4177 0
53.99284 9.29331 278.4177 0
54.09284 9.29331 278.4177 0
54.19284 9.29331 278.4177 0
54.29284 9.29331 278.4177 0
54.39284 9.29331 278.4177 0
54.49284 9.29331 278.4177 0
54.59284 9.29331 278.4177 0
54.69284 9.29331 278.4177 0
54.79284 9.29331 278.4177 0
54.89284 9.29331 278.4177 0
54.99284 9.29331 278.4177 0
55.09284 9.29331 278.4177 0
55.19284 9.29331 278.4177 0
55.29284 9.29331 278.4177 0
55.39284 9.29331 278.4177 0
55.49284 9.29331 278.4177 0
55.59284 9.29331 278.4177 0
55.69284 9.29331 278.4177 0
55.79284 9.29331 278.4177 0
55.89284 9.29331 278.4177 0
55.99284 9.29331 278.4177 0
56.09284 9.29331 278.4177 0
56.19284 9.29331 278.4177 0
56.29284 9.29331 278.4177 0
56.39284 9.29331 278.4177 0
56.49284 9.29331 278.4177 0
56.59284 9.29331 278.4177 0
56.69284 9.29331 278.4177 0
56.79284 9.29331 278.4177 0
56.89284 9.29331 278.4177 0
56.99284 9.29331 278.4177 0
57.09284 9.29331 278.4177 0
57.19284 9.29331 278.4177 0
57.29284 9.29331 278.4177 0
57.39284 9.29331 278.4177 0
57.49284 9.29331 278.4177 0
57.59284 9.29331 278.4177 0
57.69284 9.29331 278.4177 0
57.79284 9.29331 278.4177 0
57.89284 9.29331 278.4177 0
57.99284 9.29331 278.4177 0
58.09284 9.29331 278.4177 0
58.19284 9.29331 278.4177 0
58.29284 9.29331 278.4177 0
58.39284 9.29331 278.4177 0
58.49284 9.29331 278.4177 0
58.59284 9.29331 278.4177 0
58.69284 9.29331 278.4177 0
58.79284 9.29331 278.4177 0
58.89284 9.29331 278.4177 0
58.99284 9.29331 278.4177 0
59.09284 9.29331 278.4177 0
59.19284 9.29331 278.4177 0
59.29284 9.29331 278.4177 0
59.39284 9.29331 278.4177 0
59.49284 9.29331 278.4177 0
59.59284 9.29331 278.4177 0
59.69284 9.29331 278.4177 0
59.79284 9.29331 278.4177 0
59.89284 9.29331 278.4177 0
59.99284 9.29331 278.4177 0
60.09284 9.29331 278.4177 0
60.19284 9.29331 278.4177 0
60.29284 9.29331 278.4177 0
60.39284 9.29331 278.4177 0
60.49284 9.29331 278.4177 0
60.59284 9.29331 278.4177 0
60.69284 9.29331 278.4177 0
60.79284 9.29331 278.4177 0
60.89284 9.29331 278.4177 0
60.99284 9.29331 278.4177 0
61.09284 9.29331 278.4177 0
61.19284 9.29331 278.4177 0
61.29284 9.29331 278.4177 0
61.39284 9.29331 278.4177 0
61.49284 9.29331 278.4177 0
61.59284 9.29331 278.4177 0
61.69284 9.29331 278.4177 0
61.79284 9.29331 278.4177 0
61.89284 9.29331 278.4177 0
61.99284 9.29331 278.4177 0
62.09284 9.29331 278.4177 0
62.19284 9.29331 278.4177 0
62.29284 9.29331 278.4177 0
62.39284 9.29331 278.4177 0
62.49284 9.29331 278.4177 0
62.59284 9.29331 278.4177 0
62.69284 9.29331 278.4177 0
62.79284 9.29331 278.4177 0
62.89284 9.29331 278.4177 0
62.99284 9.29331 278.4177 0
63.09284 9.29331 278.4177 0
63.19284 9.315154 280.4175 -4.325914E-07
63.29284 9.458351 294.4168 -4.327702E-07
63.39284 9.58576 309.4163 0
63.49284 9.696183 322.4158 -2.165367E-07
63.59284 9.815104 336.4153 -1.732912E-06
63.69284 9.934011 350.4148 -1.787711E-06
63.79284 10.05318 4.414239 -8.941832E-07
63.89284 10.17302 18.4137 -2.92751E-06
63.99284 10.29285 32.41317 -5.423362E-06
64.09284 10.41268 46.41273 -6.510521E-06
64.19284 10.49148 55.61966 -8.682896E-07
64.29284 10.49148 55.61966 -8.682896E-07
64.39284 10.49148 55.61966 -8.682896E-07
64.49284 10.49148 55.61966 -8.682896E-07
64.59284 10.49148 55.61966 -8.682896E-07
64.69284 10.49148 55.61966 -8.682896E-07
64.79284 10.49148 55.61966 -8.682896E-07
64.89284 10.49148 55.61966 -8.682896E-07
64.99284 10.49148 55.61966 -8.682896E-07
65.09284 10.49148 55.61966 -8.682896E-07
65.19284 10.49148 55.61966 -8.682896E-07
65.29284 10.49148 55.61966 -8.682896E-07
65.39284 10.49148 55.61966 -8.682896E-07
65.49284 10.49148 55.61966 -8.682896E-07
65.59284 10.49148 55.61966 -8.682896E-07
65.69284 10.49148 55.61966 -8.682896E-07
65.79284 10.49148 55.61966 -8.682896E-07
65.89284 10.49148 55.61966 -8.682896E-07
65.99284 10.49148 55.61966 -8.682896E-07
66.09284 10.49149 55.61966 -8.682896E-07
66.19284 10.74254 49.62487 -4.345016E-07
66.29284 11.35985 35.63845 -2.177084E-07
66.39284 11.95128 22.65189 -1.963552E-06
66.49284 12.63513 7.667437 -4.921665E-07
66.59284 13.27798 353.6822 -5.482652E-08
66.69284 13.96963 338.6981 2.199486E-07
66.79284 14.78046 324.7216 3.09047E-06
66.89284 15.62827 310.7474 6.205848E-06
66.99284 15.64225 310.5328 0
67.09284 15.64225 310.5328 0
67.19284 15.64225 310.5328 0
67.29284 15.64225 310.5328 0
67.39284 15.64225 310.5328 0
67.49284 15.64225 310.5328 0
67.59284 15.64225 310.5328 0
67.69284 15.64225 310.5328 0
67.79284 15.64225 310.5328 0
67.89284 15.64225 310.5328 0
67.99284 15.64225 310.5328 0
68.09284 15.64225 310.5328 0
68.19284 15.64225 310.5328 0
68.29284 15.64225 310.5328 0
68.39284 15.64225 310.5328 0
68.49284 15.64225 310.5328 0
68.59284 15.64225 310.5328 0
68.69284 15.64225 310.5328 0
68.79284 15.64225 310.5328 0
68.89284 15.64225 310.5328 0
68.99284 15.64225 310.5328 0
69.09284 15.64225 310.5328 0
69.19284 15.64225 310.5328 0
69.29284 15.64225 310.5328 0
69.39284 15.64225 310.5328 0
69.49284 15.64225 310.5328 0
69.59284 15.64225 310.5328 0
69.69284 15.64225 310.5328 0
69.79284 15.64225 310.5328 -4.43305E-07
69.89284 15.64224 310.5328 -4.43305E-07
69.99284 15.25938 321.5262 -1.327461E-06
70.09284 14.70647 336.516 -2.427401E-06
70.19284 14.16431 350.5055 -1.761088E-06
70.29284 13.61856 4.494816 -4.008029E-06
70.39284 13.05697 17.48252 -2.410191E-06
70.49284 12.39847 31.46698 -2.403943E-06
70.59284 11.82688 43.45337 -3.053019E-06
70.69284 11.41336 51.68388 0
70.79284 11.41336 51.68388 0
70.89284 11.41336 51.68388 0
70.99284 11.41336 51.68388 0
71.09284 11.63836 50.63388 0
71.19284 12.53836 36.9839 0
71.29284 12.61336 23.03393 -2.187221E-07
71.39284 12.61336 15.90894 2.296582E-06
71.49284 12.61336 15.53393 1.421693E-06
71.59284 12.61336 15.53393 1.421693E-06
71.69284 12.61336 15.53393 1.421693E-06
71.79284 12.61336 15.53393 1.421693E-06
71.89284 12.61336 15.53393 1.421693E-06
71.99284 12.61336 15.53393 1.421693E-06
72.09284 12.61336 15.53393 1.421693E-06
72.19284 12.61336 15.53393 1.421693E-06
72.29284 12.61336 15.53393 1.421693E-06
72.39284 12.61336 15.53393 1.421693E-06
72.49284 12.61336 15.53393 1.421693E-06
72.59284 12.61336 15.53393 1.421693E-06
72.69284 12.61336 15.53393 1.421693E-06
72.79284 12.61336 15.53393 1.421693E-06
72.89284 12.61336 15.53393 1.421693E-06
72.99284 12.61336 15.53393 1.421693E-06
73.09284 12.61336 15.53393 1.421693E-06
73.19284 12.61336 15.53393 1.421693E-06
73.29284 12.61336 15.53393 1.421693E-06
73.39284 12.61336 15.53393 1.421693E-06
73.49284 12.61336 15.53393 1.421693E-06
73.59284 12.61336 15.53393 1.421693E-06
73.69284 12.61336 15.53393 1.421693E-06
73.79284 12.61336 15.53393 1.421693E-06
73.89284 12.61336 15.53393 1.421693E-06
73.99284 12.61336 15.53393 1.421693E-06
74.09284 12.61336 15.53393 1.421693E-06
74.19284 12.61336 15.53393 1.421693E-06
74.29284 12.61336 15.53393 1.421693E-06
74.39284 12.61336 15.53393 1.421693E-06
74.49284 12.61336 15.53393 1.421693E-06
74.59284 12.61336 15.53393 1.421693E-06
74.69284 12.61336 15.53393 1.421693E-06
74.79284 12.61336 15.53393 1.421693E-06
74.89284 12.61336 15.53393 1.421693E-06
74.99284 12.61336 15.53393 1.421693E-06
75.09284 12.61336 15.53393 1.421693E-06
75.19284 12.61336 15.53393 1.421693E-06
75.29284 12.61336 15.53393 1.421693E-06
75.39284 12.61336 15.53393 1.421693E-06
75.49284 12.61336 15.53393 1.421693E-06
75.59284 12.61336 15.53393 1.421693E-06
75.69284 12.61336 15.53393 1.421693E-06
75.79284 12.61336 15.53393 1.421693E-06
75.89284 12.61336 15.53393 1.421693E-06
75.99284 12.61336 15.53393 1.421693E-06
76.09284 12.61336 15.53393 1.421693E-06
76.19284 12.61336 15.53393 1.421693E-06
76.29284 12.61336 15.53393 1.421693E-06
76.39284 12.61336 15.53393 1.421693E-06
76.49284 12.61336 15.53393 1.421693E-06
76.59284 12.61336 15.53393 1.421693E-06
76.69284 12.61336 15.53393 1.421693E-06
76.79284 12.61336 15.53393 1.421693E-06
76.89284 12.61336 15.53393 1.421693E-06
76.99284 12.61336 15.53393 1.421693E-06
77.09284 12.61336 15.53393 1.421693E-06
77.19284 12.61336 15.53393 1.421693E-06
77.29284 12.61336 15.53393 1.421693E-06
77.39284 12.61336 15.53393 1.421693E-06
77.49284 12.61336 15.53393 1.421693E-06
77.59284 12.61336 15.53393 1.421693E-06
77.69284 12.61336 15.53393 1.421693E-06
77.79284 12.61336 15.53393 1.421693E-06
77.89284 12.61336 15.53393 1.421693E-06
