1.512286 0 270 0
1.770333 0 270 0
1.870333 0 270 0
1.970333 0 270 0
2.070333 0 270 0
2.170333 0 270 0
2.270334 0 270 0
2.370333 0 270 0
2.470334 0 270 0
2.570333 0 270 0
2.670333 0 270 0
2.770334 0 270 0
2.870333 0 270 0
2.970334 0 270 0
3.070333 0 270 0
3.170333 0 270 0
3.270334 0 270 0
3.370333 0 270 0
3.470334 0 270 0
3.570333 0 270 0
3.670333 0 270 0
3.770334 0 270 0
3.870333 0 270 0
3.970334 0 270 0
4.070333 0 270 0
4.170333 0 270 0
4.270333 0 270 0
4.370334 0 270 0
4.470334 0 270 0
4.570333 0 270 0
4.670333 0 270 0
4.770333 0 270 0
4.870334 0 270 0
4.970334 0 270 0
5.070333 0 270 0
5.170333 0 270 0
5.270333 0 270 0
5.370334 0 270 0
5.470334 0 270 0
5.570333 0 270 0
5.670333 0 270 0
5.770333 0 270 0
5.870334 0 270 0
5.970334 0 270 0
6.070333 0 270 0
6.170333 0 270 0
6.270333 0 270 0
6.370334 0 270 0
6.470334 0 270 0
6.570333 0 270 0
6.670333 0 270 0
6.770334 0 270 0
6.870334 0 270 0
6.970334 0 270 0
7.070333 0 270 0
7.170333 0 270 0
7.270334 0 270 0
7.370334 0 270 0
7.470334 0 270 0
7.570333 0 270 0
7.670333 0 270 0
7.770334 0 270 0
7.870334 0 255.3 0
7.970334 0.07499999 216.75 6.670112E-09
8.070333 0.07499999 216.75 6.670112E-09
8.170334 0.07499999 216.75 6.670112E-09
8.270333 0.07499999 216.75 6.670112E-09
8.370334 0.07499999 216.75 6.670112E-09
8.470333 0.07499999 216.75 6.670112E-09
8.570333 0.2250001 211.35 6.670158E-09
8.670334 0.6000004 197.4749 3.335236E-08
8.770333 0.6000004 197.4749 3.335236E-08
8.870334 0.6000004 197.4749 3.335236E-08
8.970333 0.6000004 197.4749 2.001142E-08
9.070333 0.9060769 195.5633 -1.334188E-08
9.170334 2.302315 183.6446 -2.136158E-07
9.270333 3.725113 171.7293 1.069476E-07
9.370334 5.26549 158.8209 -1.07174E-07
9.470333 6.733266 146.9109 6.447775E-07
9.570333 8.392758 134.0173 1.726032E-06
9.670334 10.56915 119.1768 3.474034E-06
9.770333 13.13291 105.415 3.068461E-06
9.870334 16.17988 91.75075 3.555939E-06
9.970334 19.20882 78.08275 3.616437E-06
10.07033 21.88451 64.34108 3.680309E-06
10.17033 24.67616 50.6231 9.395739E-07
10.27033 28.90724 38.36043 0
10.37033 33.94854 31.38583 2.058428E-06
10.47033 33.94854 31.38583 2.058428E-06
10.57033 33.94854 31.38583 2.058428E-06
10.67033 33.94854 31.38583 2.058428E-06
10.77033 33.94854 31.38583 2.058428E-06
10.87033 33.94854 31.38583 2.058428E-06
10.97033 33.94854 31.38583 2.058428E-06
11.07033 33.94854 31.38583 2.058428E-06
11.17033 33.94854 31.38583 2.058428E-06
11.27033 33.94854 31.38583 2.058428E-06
11.37033 33.94854 31.38583 2.058428E-06
11.47033 33.94854 31.38583 2.058428E-06
11.57033 33.94854 31.38583 2.058428E-06
11.67033 33.94854 31.38583 2.058428E-06
11.77033 33.94854 31.38583 2.058428E-06
11.87033 33.94854 31.38583 2.058428E-06
11.97033 33.94854 31.38583 2.058428E-06
12.07033 33.94854 31.38583 2.058428E-06
12.17033 33.94854 31.38583 2.058428E-06
12.27033 33.94854 31.38583 2.058428E-06
12.37033 33.94854 31.38583 2.058428E-06
12.47033 33.94854 31.38583 2.058428E-06
12.57033 33.94854 31.38583 2.058428E-06
12.67033 33.94854 31.38583 2.058428E-06
12.77033 33.94854 31.38583 2.058428E-06
12.87033 33.94854 31.38583 2.058428E-06
12.97033 33.94854 31.38583 2.058428E-06
13.07033 33.94854 31.38583 2.058428E-06
13.17033 33.94854 31.38583 2.058428E-06
13.27033 33.94854 31.38583 2.058428E-06
13.37033 33.94854 31.38583 2.058428E-06
13.47033 33.94854 31.38583 2.058428E-06
13.57033 33.94854 31.38583 2.058428E-06
13.67033 33.94854 31.38583 2.058428E-06
13.77033 33.94854 31.38583 2.058428E-06
13.87033 33.94855 31.38582 1.029214E-06
13.97033 32.70171 25.51682 1.014592E-06
14.07033 30.00022 12.80057 -1.133733E-05
14.17033 27.30546 0.08285007 -2.201478E-05
14.27033 24.78131 348.3514 -2.397938E-05
14.37033 22.25373 336.6207 -2.536831E-05
14.47033 19.51553 323.9123 -2.762725E-05
14.57033 16.98795 312.1815 -2.767453E-05
14.67033 14.46037 300.4507 -2.821458E-05
14.77033 11.72217 287.7424 -2.877464E-05
14.87033 9.589553 277.8447 -8.658731E-07
14.97033 9.589553 277.8447 -8.658731E-07
15.07033 9.589553 277.8447 -8.658731E-07
15.17033 9.589553 277.8447 -8.658731E-07
15.27033 9.589553 277.8447 -8.658731E-07
15.37033 9.589553 277.8447 -8.658731E-07
15.47033 9.589553 277.8447 -8.658731E-07
15.57033 9.589553 277.8447 -8.658731E-07
15.67033 9.589553 277.8447 -8.658731E-07
15.77033 9.589553 277.8447 -8.658731E-07
15.87033 9.589553 277.8447 -8.658731E-07
15.97033 9.589553 277.8447 -8.658731E-07
16.07033 9.589553 277.8447 -8.658731E-07
16.17033 9.589553 277.8447 -8.658731E-07
16.27033 9.589553 277.8447 -8.658731E-07
16.37033 9.589553 277.8447 -8.658731E-07
16.47033 9.589553 277.8447 -8.658731E-07
16.57033 9.589553 277.8447 -8.658731E-07
16.67033 9.589553 277.8447 -8.658731E-07
16.77033 9.589553 277.8447 -8.658731E-07
16.87033 9.589553 277.8447 -8.658731E-07
16.97033 9.589553 277.8447 -8.658731E-07
17.07033 9.589553 277.8447 -8.658731E-07
17.17033 9.589553 277.8447 -8.658731E-07
17.27033 9.589553 277.8447 -8.658731E-07
17.37033 9.589553 277.8447 -8.658731E-07
17.47033 9.589553 277.8447 -8.658731E-07
17.57033 9.589553 277.8447 -8.658731E-07
17.67033 9.589553 277.8447 -8.658731E-07
17.77033 9.589553 277.8447 -8.658731E-07
17.87033 9.589553 277.8447 -8.658731E-07
17.97033 9.589553 277.8447 -8.658731E-07
18.07033 9.589553 277.8447 -8.658731E-07
18.17033 9.589553 277.8447 -8.658731E-07
18.27033 9.589553 277.8447 -8.658731E-07
18.37033 9.589553 277.8447 -8.658731E-07
18.47033 9.589553 277.8447 -8.658731E-07
18.57033 9.589553 277.8447 -8.658731E-07
18.67033 9.589553 277.8447 -8.658731E-07
18.77033 9.589553 277.8447 -8.658731E-07
18.87033 9.589553 277.8447 -8.658731E-07
18.97033 9.589553 277.8447 -8.658731E-07
19.07033 9.589553 277.8447 -8.658731E-07
19.17033 9.589553 277.8447 -8.658731E-07
19.27033 9.589553 277.8447 -8.658731E-07
19.37033 9.589553 277.8447 -8.658731E-07
19.47033 9.589553 277.8447 -8.658731E-07
19.57033 9.589553 277.8447 -8.658731E-07
19.67033 9.589553 277.8447 -8.658731E-07
19.77033 9.589553 277.8447 -8.658731E-07
19.87033 9.589553 277.8447 -8.658731E-07
19.97033 9.589553 277.8447 -8.658731E-07
20.07033 9.589553 277.8447 -8.658731E-07
20.17033 9.589553 277.8447 -8.658731E-07
20.27033 9.589553 277.8447 -8.658731E-07
20.37033 9.589553 277.8447 -8.658731E-07
20.47033 9.589553 277.8447 -8.658731E-07
20.57033 9.589553 277.8447 -8.658731E-07
20.67033 9.589553 277.8447 -8.658731E-07
20.77033 9.589553 277.8447 -8.658731E-07
20.87033 9.589553 277.8447 -8.658731E-07
20.97033 9.589553 277.8447 -8.658731E-07
21.07033 9.589553 277.8447 -8.658731E-07
21.17033 9.589553 277.8447 -8.658731E-07
21.27033 9.589553 277.8447 -8.658731E-07
21.37033 9.589553 277.8447 -8.658731E-07
21.47033 9.589553 277.8447 -8.658731E-07
21.57033 9.589553 277.8447 -8.658731E-07
21.67033 9.589553 277.8447 -8.658731E-07
21.77033 9.589553 277.8447 -8.658731E-07
21.87033 9.589553 277.8447 -8.658731E-07
21.97033 9.589553 277.8447 -8.658731E-07
22.07033 9.589553 277.8447 -8.658731E-07
22.17033 9.589553 277.8447 -8.658731E-07
22.27033 9.589553 277.8447 -8.658731E-07
22.37033 9.589553 277.8447 -8.658731E-07
22.47033 9.589553 277.8447 -8.658731E-07
22.57033 9.589553 277.8447 -8.658731E-07
22.67033 9.589553 277.8447 -8.658731E-07
22.77033 9.589553 277.8447 -8.658731E-07
22.87033 9.589553 277.8447 -8.658731E-07
22.97033 9.589553 277.8447 -8.658731E-07
23.07033 9.589553 277.8447 -8.658731E-07
23.17033 9.589553 277.8447 -8.658731E-07
23.27033 9.589553 277.8447 -8.658731E-07
23.37033 9.589553 277.8447 -8.658731E-07
23.47033 9.589553 277.8447 -8.658731E-07
23.57033 9.589553 277.8447 -8.658731E-07
23.67033 9.589553 277.8447 -8.658731E-07
23.77033 9.589553 277.8447 -8.658731E-07
23.87033 9.589553 277.8447 -8.658731E-07
23.97033 9.589553 277.8447 -8.658731E-07
24.07033 9.589553 277.8447 -8.658731E-07
24.17033 9.589553 277.8447 -8.658731E-07
24.27033 9.589553 277.8447 -8.658731E-07
24.37033 9.589553 277.8447 -8.658731E-07
24.47033 9.589553 277.8447 -8.658731E-07
24.57033 9.589553 277.8447 -8.658731E-07
24.67033 9.589553 277.8447 -8.658731E-07
24.77033 9.589553 277.8447 -8.658731E-07
24.87033 9.589553 277.8447 -8.658731E-07
24.97033 9.589553 277.8447 -8.658731E-07
25.07033 9.589553 277.8447 -8.658731E-07
25.17033 9.589553 277.8447 -8.658731E-07
25.27033 9.589553 277.8447 -8.658731E-07
25.37033 9.589553 277.8447 -8.658731E-07
25.47033 9.589553 277.8447 -8.658731E-07
25.57033 9.589553 277.8447 -8.658731E-07
25.67033 9.589553 277.8447 -8.658731E-07
25.77033 9.589553 277.8447 -8.658731E-07
25.87033 9.589553 277.8447 -8.658731E-07
25.97033 9.589553 277.8447 -8.658731E-07
26.07033 9.589553 277.8447 -8.658731E-07
26.17033 9.589553 277.8447 -8.658731E-07
26.27033 9.589553 277.8447 -8.658731E-07
26.37033 9.589553 277.8447 -8.658731E-07
26.47033 7.864569 284.3697 4.309401E-07
26.57033 5.014574 292.9197 2.142635E-07
26.67033 1.339576 301.3197 5.337544E-07
26.77033 1.339576 301.3197 0
26.87033 1.339577 301.3197 -5.337544E-07
26.97033 0.2895777 301.9947 -5.60296E-07
27.07033 0.2895778 301.9947 -5.736366E-07
27.17033 0.2895779 301.9947 -5.736366E-07
27.27033 0.2895779 301.9947 -5.736366E-07
27.37033 0.2895779 301.9947 -5.736366E-07
27.47033 0.2895779 301.9947 -5.736366E-07
27.57033 0.2895779 301.9947 -5.736366E-07
27.67033 0.2895779 301.9947 -5.736366E-07
27.77033 0.2895779 301.9947 -5.736366E-07
27.87033 0.3645782 304.4697 -5.603002E-07
27.97033 0.3645783 304.4697 -5.202788E-07
28.07033 359.9896 305.6697 -4.814983E-07
28.17033 359.9896 305.6697 -4.819152E-07
28.27033 359.9896 305.6697 -4.819152E-07
28.37033 359.9896 305.6697 -4.819152E-07
28.47033 359.9896 305.6697 -4.819152E-07
28.57033 359.9896 305.6697 -4.819152E-07
28.67033 359.9896 305.6697 -4.819152E-07
28.77033 359.9896 305.6697 -4.819152E-07
28.87033 359.9896 305.6697 -4.819152E-07
28.97033 359.9896 305.6697 -4.819152E-07
29.07033 359.9896 305.6697 -4.819152E-07
29.17033 1.564588 309.5698 -3.736653E-07
29.27033 2.38959 314.8198 -1.602219E-07
29.37033 2.764594 324.5698 5.342302E-08
29.47033 1.789593 330.0448 -8.008033E-08
29.57033 1.789593 330.0448 -8.008033E-08
29.67033 0.7395941 330.9448 1.200719E-07
29.77033 0.7395941 330.9448 1.200719E-07
29.87033 6.814597 329.5948 3.22443E-07
29.97033 19.63961 324.5698 9.065094E-07
30.07033 25.78962 320.6698 0
30.17033 25.86462 320.5948 0
30.27033 25.86462 320.5948 0
30.37033 24.58963 322.3198 -9.389231E-07
30.47033 24.43963 322.5448 0
30.57033 23.46463 323.9698 1.39611E-06
30.67033 22.41463 324.8698 9.23549E-07
30.77033 21.58964 325.3198 -4.590956E-07
30.87033 20.16463 325.3198 4.54761E-07
30.97033 16.11464 324.6448 0
31.07033 12.28965 322.6949 4.368987E-07
31.17033 9.88966 321.6448 6.499887E-07
31.27033 8.614664 321.4199 0
31.37033 8.464667 321.4199 -4.315882E-07
31.47033 8.464667 321.4199 -4.315882E-07
31.57033 8.464667 321.4199 -4.315882E-07
31.67033 8.464667 321.4199 -4.315882E-07
31.77033 8.464667 321.4199 -4.315882E-07
31.87033 8.464667 321.4199 -4.315882E-07
31.97033 8.464667 321.4199 -4.315882E-07
32.07034 8.464667 321.4199 -4.315882E-07
32.17033 8.464667 321.4199 -4.315882E-07
32.27033 8.464667 321.4199 -4.315882E-07
32.37033 8.464667 321.4199 -4.315882E-07
32.47033 8.464667 321.4199 -4.315882E-07
32.57034 8.464667 321.4199 -4.315882E-07
32.67033 8.464667 321.4199 -4.315882E-07
32.77033 8.464667 321.4199 -4.315882E-07
32.87033 8.464667 321.4199 -4.315882E-07
32.97033 8.464667 321.4199 -4.315882E-07
33.07034 8.464667 321.4199 -4.315882E-07
33.17033 8.464667 321.4199 -4.315882E-07
33.27033 8.464667 321.4199 -4.315882E-07
33.37033 8.464667 321.4199 -4.315882E-07
33.47033 8.464667 321.4199 -4.315882E-07
33.57034 8.464667 321.4199 -4.315882E-07
33.67033 8.464667 321.4199 -4.315882E-07
33.77033 8.464667 321.4199 -4.315882E-07
33.87033 8.464667 321.4199 -4.315882E-07
33.97033 8.464667 321.4199 -4.315882E-07
34.07034 8.464667 321.4199 -4.315882E-07
34.17033 8.464667 321.4199 -4.315882E-07
34.27033 8.464667 321.4199 -4.315882E-07
34.37033 8.464667 321.4199 -4.315882E-07
34.47033 8.464667 321.4199 -4.315882E-07
34.57034 8.464667 321.4199 -4.315882E-07
34.67033 8.464667 321.4199 -4.315882E-07
34.77033 8.464667 321.4199 -4.315882E-07
34.87033 8.464667 321.4199 -4.315882E-07
34.97033 8.464667 321.4199 -4.315882E-07
35.07034 8.464667 321.4199 -4.315882E-07
35.17033 8.464667 321.4199 -4.315882E-07
35.27033 8.464667 321.4199 -4.315882E-07
35.37033 8.464667 321.4199 -4.315882E-07
35.47033 8.464667 321.4199 -4.315882E-07
35.57034 8.464667 321.4199 -4.315882E-07
35.67033 8.464667 321.4199 -4.315882E-07
35.77033 8.464667 321.4199 -4.315882E-07
35.87033 8.464667 321.4199 -4.315882E-07
35.97033 8.464667 321.4199 -4.315882E-07
36.07034 8.464667 321.4199 -4.315882E-07
36.17033 8.464667 321.4199 -4.315882E-07
36.27033 8.464667 321.4199 -4.315882E-07
36.37033 8.464667 321.4199 -4.315882E-07
36.47033 8.464667 321.4199 -4.315882E-07
36.57034 8.464667 321.4199 -4.315882E-07
36.67033 8.464667 321.4199 -4.315882E-07
36.77033 8.464667 321.4199 -4.315882E-07
36.87033 8.464667 321.4199 -4.315882E-07
36.97033 8.464667 321.4199 -4.315882E-07
37.07034 8.464667 321.4199 -4.315882E-07
37.17033 8.464667 321.4199 -4.315882E-07
37.27033 8.464667 321.4199 -4.315882E-07
37.37033 8.464667 321.4199 -4.315882E-07
37.47033 8.464667 321.4199 -4.315882E-07
37.57034 8.464667 321.4199 -4.315882E-07
37.67033 8.464667 321.4199 -4.315882E-07
37.77033 8.464667 321.4199 -4.315882E-07
37.87033 8.464667 321.4199 -4.315882E-07
37.97033 8.464667 321.4199 -4.315882E-07
38.07034 8.464667 321.4199 -4.315882E-07
38.17033 8.464667 321.4199 -4.315882E-07
38.27033 8.464667 321.4199 -4.315882E-07
38.37033 8.464667 321.4199 -4.315882E-07
38.47033 8.464667 321.4199 -4.315882E-07
38.57034 8.464667 321.4199 -4.315882E-07
38.67033 8.464667 321.4199 -4.315882E-07
38.77033 8.464667 321.4199 -4.315882E-07
38.87033 8.464667 321.4199 -4.315882E-07
38.97033 8.464667 321.4199 -4.315882E-07
39.07034 8.464667 321.4199 -4.315882E-07
39.17033 8.464667 321.4199 -4.315882E-07
39.27033 8.464667 321.4199 -4.315882E-07
39.37033 8.464667 321.4199 -4.315882E-07
39.47033 8.464667 321.4199 -4.315882E-07
39.57034 8.464667 321.4199 -4.315882E-07
39.67033 8.464667 321.4199 -4.315882E-07
39.77033 8.464667 321.4199 -4.315882E-07
39.87033 8.464667 321.4199 -4.315882E-07
39.97033 8.464667 321.4199 -4.315882E-07
40.07034 8.464667 321.4199 -4.315882E-07
40.17033 8.464667 321.4199 -4.315882E-07
40.27033 8.464667 321.4199 -4.315882E-07
40.37033 8.464667 321.4199 -4.315882E-07
40.47033 8.464667 321.4199 -4.315882E-07
40.57034 8.464667 321.4199 -4.315882E-07
40.67033 8.464667 321.4199 -4.315882E-07
40.77033 8.464667 321.4199 -4.315882E-07
40.87033 8.464667 321.4199 -4.315882E-07
40.97033 8.464667 321.4199 -4.315882E-07
41.07034 8.464667 321.4199 -4.315882E-07
41.17033 8.464667 321.4199 -4.315882E-07
41.27033 8.464667 321.4199 -4.315882E-07
41.37033 8.464667 321.4199 -4.315882E-07
41.47033 8.464667 321.4199 -4.315882E-07
41.57034 8.464667 321.4199 -4.315882E-07
41.67033 8.464667 321.4199 -4.315882E-07
41.77033 8.464667 321.4199 -4.315882E-07
41.87033 8.464667 321.4199 -4.315882E-07
41.97033 8.464667 321.4199 -4.315882E-07
42.07034 8.464667 321.4199 -4.315882E-07
42.17033 8.464667 321.4199 -4.315882E-07
42.27033 8.464667 321.4199 -4.315882E-07
42.37033 8.464667 321.4199 -4.315882E-07
42.47033 8.464667 321.4199 -4.315882E-07
42.57034 8.464667 321.4199 -4.315882E-07
42.67033 8.464667 321.4199 -4.315882E-07
42.77033 8.464667 321.4199 -4.315882E-07
42.87033 8.464667 321.4199 -4.315882E-07
42.97033 8.464667 321.4199 -4.315882E-07
43.07034 8.464667 321.4199 -4.315882E-07
43.17033 8.464667 321.4199 -4.315882E-07
43.27033 8.464667 321.4199 -4.315882E-07
43.37033 8.464667 321.4199 -4.315882E-07
43.47033 8.464667 321.4199 -4.315882E-07
43.57034 8.464667 321.4199 -4.315882E-07
43.67033 8.464667 321.4199 -4.315882E-07
43.77033 8.464667 321.4199 -4.315882E-07
43.87033 8.464667 321.4199 -4.315882E-07
43.97033 8.464667 321.4199 -4.315882E-07
44.07034 8.464667 321.4199 -4.315882E-07
44.17033 8.464667 321.4199 -4.315882E-07
44.27033 8.464667 321.4199 -4.315882E-07
44.37033 8.464667 321.4199 -4.315882E-07
44.47033 8.464667 321.4199 -4.315882E-07
44.57034 8.464667 321.4199 -4.315882E-07
44.67033 8.464667 321.4199 -4.315882E-07
44.77033 8.464672 321.4199 0
44.87033 8.464686 321.4199 0
44.97033 8.766985 327.4122 -2.159667E-07
45.07034 9.420762 340.3958 -8.654459E-07
45.17033 10.12483 354.3781 2.222404E-06
45.27033 10.74384 8.364355 1.466449E-06
45.37033 11.30826 21.35206 1.088346E-06
45.47033 11.91607 35.33879 1.308865E-06
45.57034 12.35536 45.44761 0
45.67033 12.35536 45.44761 0
45.77033 12.35536 45.44761 0
45.87033 12.35536 45.44761 0
45.97033 12.35536 45.44761 0
46.07034 12.35536 45.44761 0
46.17033 12.35536 45.44761 0
46.27033 12.35536 45.44761 0
46.37033 12.35536 45.44761 0
46.47033 12.35536 45.44761 0
46.57034 12.35536 45.44761 0
46.67033 12.35536 45.44761 0
46.77033 12.35536 45.44761 0
46.87033 12.35536 45.44761 0
46.97033 12.35536 45.44761 0
47.07034 12.35536 45.44761 0
47.17033 12.35536 45.44761 0
47.27033 12.35536 45.44761 0
47.37033 12.35536 45.44761 0
47.47033 12.35536 45.44761 0
47.57034 12.35536 45.44761 0
47.67033 12.35536 45.44761 0
47.77033 12.35536 45.44761 0
47.87033 12.35536 45.44761 0
47.97033 12.35536 45.44761 0
48.07034 12.35536 45.44761 0
48.17033 12.35536 45.44761 0
48.27033 12.35536 45.44761 0
48.37033 12.35536 45.44761 0
48.47033 12.35536 45.44761 0
48.57034 12.35537 45.44761 -1.311025E-06
48.67033 12.35537 45.44761 -1.311025E-06
48.77033 12.28286 38.44804 -1.74755E-06
48.87033 12.13748 24.4488 -5.021448E-06
48.97033 11.99192 10.44955 -4.47321E-06
49.07034 11.84592 356.4503 -4.170933E-06
49.17033 11.69953 342.451 -3.269578E-06
49.27033 11.5525 328.4518 -2.614282E-06
49.37033 11.40461 314.4526 -3.483882E-06
49.47033 11.25551 300.4534 -5.2231E-06
49.57034 11.1052 286.4542 -5.655426E-06
49.67033 11.10384 286.3268 0
49.77033 11.10384 286.3268 0
49.87033 11.10384 286.3268 0
49.97033 11.10384 286.3268 0
50.07034 11.10384 286.3268 0
50.17033 11.10384 286.3268 0
50.27033 11.10384 286.3268 0
50.37033 11.10384 286.3268 0
50.47033 11.10384 286.3268 0
50.57034 11.10384 286.3268 0
50.67033 11.10384 286.3268 0
50.77033 11.10384 286.3268 0
50.87033 11.10384 286.3268 0
50.97033 11.10384 286.3268 0
51.07034 11.10384 286.3268 0
51.17033 11.10384 286.3268 0
51.27033 11.10384 286.3268 0
51.37033 11.10384 286.3268 0
51.47033 11.10384 286.3268 0
51.57034 11.10384 286.3268 0
51.67033 11.10384 286.3268 0
51.77033 11.10384 286.3268 0
51.87033 10.80385 286.7019 8.6918E-07
51.97033 10.82343 288.7018 4.346185E-07
52.07034 10.95057 301.7012 0
52.17033 11.09727 316.7004 -4.35021E-07
52.27033 11.23418 330.6997 1.740904E-06
52.37033 11.3711 344.6991 4.136623E-06
52.47033 11.50801 358.6985 4.710408E-06
52.57034 11.64492 12.69783 6.755798E-06
52.67033 11.78154 26.6972 6.541102E-06
52.77033 11.80505 40.69675 7.413885E-06
52.87033 11.72511 53.88065 8.719684E-07
52.97033 11.72511 53.88065 8.719684E-07
53.07034 11.72511 53.88065 8.719684E-07
53.17033 11.72511 53.88065 8.719684E-07
53.27033 11.72511 53.88065 8.719684E-07
53.37033 11.72511 53.88065 8.719684E-07
53.47033 11.72511 53.88065 8.719684E-07
53.57034 11.72511 53.88065 8.719684E-07
53.67033 11.72511 53.88065 8.719684E-07
53.77033 11.72511 53.88065 8.719684E-07
53.87033 11.72511 53.88065 8.719684E-07
53.97033 11.72511 53.88065 8.719684E-07
54.07034 11.72511 53.88065 8.719684E-07
54.17033 11.72511 53.88065 8.719684E-07
54.27033 11.72511 53.88065 8.719684E-07
54.37033 11.72511 53.88065 8.719684E-07
54.47033 11.72513 53.88065 1.743937E-06
54.57034 11.72516 53.88065 8.719684E-07
54.67033 11.88183 45.88223 -8.724669E-07
54.77034 12.17589 30.88514 4.367108E-07
54.87033 12.4552 17.88808 2.185879E-07
54.97033 12.78696 3.891994 1.641536E-06
55.07034 13.1441 348.8962 2.301451E-06
55.17033 13.48049 334.9003 0
55.27034 13.90619 320.907 8.795529E-07
55.37033 14.38945 307.916 4.407124E-07
55.47033 14.63236 301.8094 -4.411963E-07
55.57034 14.63236 301.8094 -4.411963E-07
55.67033 14.63236 301.8094 -4.411963E-07
55.77034 14.63236 301.8094 -4.411963E-07
55.87033 14.63236 301.8094 -4.411963E-07
55.97033 14.63236 301.8094 -4.411963E-07
56.07034 14.63236 301.8094 -4.411963E-07
56.17033 14.63236 301.8094 -4.411963E-07
56.27034 14.63236 301.8094 -4.411963E-07
56.37033 14.63236 301.8094 -4.411963E-07
56.47033 14.63236 301.8094 -4.411963E-07
56.57034 14.63236 301.8094 -4.411963E-07
56.67033 14.63236 301.8094 -4.411963E-07
56.77034 14.63236 301.8094 -4.411963E-07
56.87033 14.63236 301.8094 -4.411963E-07
56.97033 14.63236 301.8094 -4.411963E-07
57.07034 14.63236 301.8094 -4.411963E-07
57.17033 14.63236 301.8094 -4.411963E-07
57.27034 14.63236 301.8094 -4.411963E-07
57.37033 14.63236 301.8094 -4.411963E-07
57.47033 14.63236 301.8094 -4.411963E-07
57.57034 14.63236 301.8094 -4.411963E-07
57.67033 14.63236 301.8094 -4.411963E-07
57.77034 14.63236 301.8094 -4.411963E-07
57.87033 14.63236 301.8094 -4.411963E-07
57.97033 14.63236 301.8094 -4.411963E-07
58.07034 14.63236 301.8094 -4.411963E-07
58.17033 14.63236 301.8094 -4.411963E-07
58.27034 17.85737 307.2844 4.48494E-07
58.37033 28.88239 349.9594 2.437645E-06
58.47033 29.33239 11.33439 -2.693161E-06
58.57034 25.50741 16.35936 -7.331332E-06
58.67033 19.35743 17.78432 -9.501765E-06
58.77034 16.88244 17.5593 -1.092977E-05
58.87033 16.65745 17.5593 -1.336756E-05
58.97033 16.65745 17.5593 -1.336756E-05
59.07034 17.40745 8.559288 -1.610553E-05
59.17033 16.80746 327.5343 -1.739152E-05
59.27034 16.80747 324.5343 -2.006714E-05
59.37033 14.03247 331.2843 -1.914077E-05
59.47033 10.50747 339.9843 -2.008024E-05
59.57034 9.307479 345.0092 -2.260241E-05
59.67033 9.232484 356.7092 -2.454378E-05
59.77034 9.75749 4.884146 -2.8182E-05
59.87033 11.5575 10.95912 -3.529344E-05
59.97033 11.5575 10.95912 -3.572916E-05
60.07034 11.5575 10.95912 -3.572916E-05
60.17033 11.5575 10.95912 -3.572916E-05
60.27034 11.93251 10.7341 -3.675952E-05
60.37033 12.38252 9.909067 -4.130157E-05
60.47033 12.38253 9.609075 -4.141084E-05
60.57034 12.38251 9.609071 -4.501653E-05
60.67033 12.38251 9.609071 -4.501653E-05
60.77034 12.38251 9.609071 -4.501653E-05
60.87033 12.38251 9.609071 -4.501653E-05
60.97033 12.45752 9.159095 -4.349938E-05
61.07034 12.45752 9.009113 -4.349938E-05
61.17033 12.45752 9.009113 -4.349938E-05
61.27034 12.45753 8.709119 -4.317149E-05
61.37033 12.60753 7.134101 -4.642271E-05
61.47033 13.13255 0.5341691 -4.248579E-05
61.57034 13.13256 356.8592 -4.172553E-05
61.67033 13.13256 356.4842 -4.090363E-05
61.77034 13.13256 355.2092 -4.20269E-05
61.87033 13.13258 354.4593 -4.164335E-05
61.97033 13.13258 353.4843 -4.410907E-05
62.07034 13.13258 353.1093 -3.906803E-05
62.17033 13.13258 353.1093 -3.906803E-05
62.27034 13.13258 353.1093 -3.906803E-05
62.37033 13.13258 353.1093 -3.906803E-05
62.47033 13.13258 353.1093 -3.906803E-05
62.57034 13.13258 353.1093 -3.906803E-05
62.67033 13.13258 353.1093 -3.906803E-05
62.77034 13.13258 353.1093 -3.906803E-05
62.87033 13.13258 353.1093 -3.906803E-05
62.97033 13.13258 353.1093 -3.906803E-05
63.07034 13.13258 353.1093 -3.906803E-05
63.17033 13.13258 353.1093 -3.906803E-05
63.27034 13.13258 353.1093 -3.906803E-05
63.37033 13.13258 353.1093 -3.906803E-05
63.47033 13.13258 353.1093 -3.906803E-05
63.57034 13.13258 353.1093 -3.906803E-05
63.67033 13.13258 353.1093 -3.906803E-05
63.77034 13.13258 353.1093 -3.906803E-05
63.87033 13.13258 353.1093 -3.906803E-05
63.97033 13.13258 353.1093 -3.906803E-05
64.07034 13.13258 353.1093 -3.906803E-05
64.17033 13.13258 353.1093 -3.906803E-05
64.27033 13.13258 353.1093 -3.906803E-05
64.37033 13.13258 353.1093 -3.906803E-05
64.47034 13.13258 353.1093 -3.906803E-05
64.57034 13.13258 353.1093 -3.906803E-05
64.67033 13.13258 353.1093 -3.906803E-05
64.77033 13.13258 353.1093 -3.906803E-05
64.87033 13.13258 353.1093 -3.906803E-05
64.97034 13.13258 353.1093 -3.906803E-05
65.07034 13.13258 353.1093 -3.906803E-05
65.17033 13.13258 353.1093 -3.906803E-05
65.27033 13.13258 353.1093 -3.906803E-05
65.37033 13.13258 353.1093 -3.906803E-05
65.47034 13.13258 353.1093 -3.906803E-05
65.57034 13.13258 353.1093 -3.906803E-05
65.67033 13.13258 353.1093 -3.906803E-05
65.77033 13.13258 353.1093 -3.906803E-05
65.87033 13.13258 353.1093 -3.906803E-05
65.97034 13.13258 353.1093 -3.906803E-05
66.07034 13.13258 353.1093 -3.906803E-05
66.17033 13.13258 353.1093 -3.906803E-05
66.27033 13.13258 353.1093 -3.906803E-05
66.37033 13.13258 353.1093 -3.906803E-05
66.47034 13.13258 353.1093 -3.906803E-05
66.57034 13.13258 353.1093 -3.906803E-05
66.67033 13.13258 353.1093 -3.906803E-05
66.77033 13.13258 353.1093 -3.906803E-05
66.87033 13.13258 353.1093 -3.906803E-05
66.97034 13.13258 353.1093 -3.906803E-05
67.07034 13.13258 353.1093 -3.906803E-05
67.17033 13.13258 353.1093 -3.906803E-05
67.27033 13.13258 353.1093 -3.906803E-05
67.37033 13.13258 353.1093 -3.906803E-05
67.47034 13.13258 353.1093 -3.906803E-05
