-0.03333334 2.557719 86.43321 359.0804
0.03333334 2.557748 86.42442 359.0633
0.03333334 2.570729 86.43423 359.0605
0.03333334 2.611742 86.50934 359.0519
0.06666667 2.618887 86.5853 359.0655
0.06666667 2.56366 86.52646 359.0786
0.06666667 2.572129 86.53757 358.9969
0.06666667 2.631614 86.54675 359.0442
0.06666667 2.570915 86.58176 359.0476
0.4666667 2.576991 86.55864 359.0372
0.4666667 2.582891 86.54391 359.0327
0.4666667 2.593156 86.53986 359.0269
0.5 2.599379 86.54257 359.0296
0.5 2.601417 86.54534 359.0237
0.5333334 2.602839 86.53927 359.0318
0.5333334 2.611609 86.54782 359.0283
0.5333334 2.613855 86.55177 359.0326
0.5666667 2.621261 86.53928 359.0372
0.5666667 2.611274 86.53022 359.0461
0.6 2.607382 86.51969 359.0604
0.6 2.6077 86.51569 359.0695
0.6 2.580704 86.51049 359.071
0.6333333 2.567485 86.50538 359.0391
0.6333333 2.570819 86.51057 359.0192
0.6666667 2.590081 86.52102 359.0238
0.6666667 2.603492 86.53247 359.0435
0.7 2.60537 86.53327 359.0624
0.7 2.593974 86.53899 359.0671
0.7 2.575914 86.53739 359.0635
0.7333333 2.572941 86.5256 359.0652
0.7333333 2.583288 86.53433 359.0392
0.7666667 2.595855 86.53842 359.0237
0.7666667 2.600957 86.53009 359.022
0.7666667 2.594474 86.53484 359.021
0.8 2.590724 86.5491 359.0231
0.8 2.586002 86.56161 359.0248
0.8333333 2.581173 86.57113 359.028
0.8333333 2.575296 86.58095 359.0372
0.8333333 2.558043 86.56997 359.047
0.8666667 2.552032 86.57674 359.0594
0.8666667 2.546075 86.55665 359.0622
0.9 2.545785 86.53436 359.051
0.9 2.550225 86.51755 359.0383
0.9333333 2.537002 86.51035 359.0281
0.9333333 2.537109 86.5039 359.0251
0.9333333 2.54605 86.49704 359.0216
0.9666666 2.549408 86.50936 359.0191
0.9666666 2.563112 86.52007 359.0338
1 2.587554 86.54109 359.0395
1 2.584261 86.5444 359.0466
1.033333 2.585089 86.55457 359.0497
1.033333 2.567355 86.57397 359.0429
1.033333 2.549431 86.57323 359.0207
1.066667 2.535568 86.56917 359.0305
1.066667 2.511397 86.54089 359.0412
1.1 2.514656 86.51948 359.0557
1.1 2.527237 86.49947 359.0506
1.1 2.52573 86.50562 359.0262
1.133333 2.531924 86.52164 358.9871
1.133333 2.5298 86.52823 358.9949
1.166667 2.538457 86.53188 359.0203
1.166667 2.539561 86.53564 359.0345
1.2 2.530834 86.53167 359.0464
1.2 2.520395 86.53229 359.0415
1.2 2.517763 86.52032 359.0384
1.233333 2.514517 86.50647 359.0259
1.233333 2.516771 86.5077 359.0248
1.266667 2.515305 86.51337 359.024
1.266667 2.52166 86.49685 359.0319
1.266667 2.530687 86.50169 359.0336
1.3 2.54065 86.49981 359.0435
1.3 2.530156 86.4933 359.0452
1.333333 2.521322 86.49397 359.0475
1.333333 2.519639 86.48668 359.0451
1.366667 2.495915 86.46193 359.041
1.366667 2.476277 86.46387 359.0505
1.366667 2.464935 86.44668 359.0559
1.4 2.432464 86.44758 359.0557
1.4 2.405078 86.45433 359.0399
1.433333 2.405643 86.45085 359.0383
1.433333 2.419758 86.46386 359.0417
1.433333 2.426311 86.46181 359.0508
1.466667 2.43825 86.45091 359.0709
1.466667 2.431793 86.44387 359.067
1.5 2.419821 86.43154 359.0612
1.5 2.410339 86.4305 359.045
1.533333 2.401515 86.41816 359.0381
1.533333 2.399523 86.41582 359.0389
1.533333 2.394151 86.40617 359.0541
1.566667 2.389504 86.40531 359.0596
1.566667 2.403157 86.41367 359.0667
1.6 2.414109 86.41074 359.0706
1.6 2.414313 86.4044 359.074
1.633333 2.393059 86.3973 359.0816
1.633333 2.363268 86.38084 359.0887
1.633333 2.347145 86.37129 359.0832
1.666667 2.334698 86.34506 359.0892
1.666667 2.335495 86.32467 359.0878
1.7 2.337612 86.3099 359.0907
1.7 2.334965 86.28764 359.0885
1.7 2.315958 86.28042 359.0822
1.733333 2.30362 86.27045 359.078
1.733333 2.295324 86.26613 359.0729
1.766667 2.282597 86.25957 359.0753
1.766667 2.282118 86.26247 359.0746
1.8 2.267256 86.27479 359.0698
1.8 2.234733 86.27123 359.0771
1.8 2.201384 86.28545 359.0823
1.833333 2.190232 86.27667 359.0692
1.833333 2.186759 86.2694 359.067
1.866667 2.176663 86.23885 359.0858
1.866667 2.150469 86.21376 359.0862
1.866667 2.177367 86.1744 359.1142
1.9 2.206566 86.17072 359.1129
1.9 2.216826 86.17585 359.0754
1.933333 2.218217 86.16592 359.0678
1.933333 2.228645 86.16422 359.069
1.966667 2.236263 86.16577 359.0894
1.966667 2.236474 86.16885 359.0919
1.966667 2.222547 86.18223 359.0954
2 2.222177 86.18126 359.0978
2 2.231294 86.17597 359.0901
2.033333 2.250903 86.17325 359.0691
2.033333 2.264998 86.17457 359.0614
2.033333 2.267444 86.17665 359.0435
2.066667 2.27352 86.18401 359.0374
2.066667 2.274443 86.18514 359.0392
2.1 2.278676 86.19928 359.0478
2.1 2.288265 86.203 359.0535
2.133333 2.303252 86.20255 359.052
2.133333 2.296764 86.20029 359.051
2.133333 2.288414 86.18008 359.0541
2.166667 2.289849 86.14321 359.0706
2.166667 2.284051 86.1306 359.0526
2.2 2.279971 86.11134 359.02
2.2 2.270786 86.09464 359.0018
2.2 2.278028 86.07431 359.0103
2.233333 2.260866 86.05209 359.0301
2.233333 2.248636 86.0349 359.0559
2.266667 2.230093 86.01555 359.0594
2.266667 2.219871 85.98433 359.0594
2.3 2.206553 85.96002 359.0499
2.3 2.193372 85.92348 359.0585
2.3 2.169703 85.88172 359.0685
2.333333 2.144429 85.83391 359.0921
2.333333 2.11454 85.74946 359.0934
2.366667 2.08581 85.67682 359.0929
2.366667 2.063325 85.57684 359.0707
2.366667 2.034848 85.46766 359.0516
2.4 2.00529 85.3373 359.0456
2.4 1.979489 85.18587 359.0599
2.433333 1.95015 85.05926 359.0662
2.433333 1.901785 84.87424 359.0771
2.466667 1.836213 84.65001 359.0719
2.466667 1.795128 84.46306 359.0628
2.466667 1.773377 84.29797 359.0529
2.5 1.753458 84.11506 359.0464
2.5 1.730845 83.98402 359.0484
2.533333 1.694636 83.83624 359.0598
2.533333 1.641128 83.70744 359.074
2.566667 1.587745 83.58706 359.0918
2.566667 1.535938 83.46625 359.0989
2.566667 1.49372 83.34392 359.1021
2.6 1.459683 83.24384 359.116
2.6 1.411863 83.1115 359.1453
2.633333 1.388912 83.00123 359.1591
2.633333 1.404506 82.92455 359.1626
2.633333 1.406708 82.83765 359.1411
2.666667 1.413853 82.79092 359.104
2.666667 1.423833 82.73808 359.0662
2.7 1.418308 82.70251 359.061
2.7 1.414712 82.66959 359.0447
2.733333 1.411303 82.65102 359.048
2.733333 1.430168 82.64758 359.0553
2.733333 1.458308 82.66122 359.0644
2.766667 1.500819 82.67874 359.0765
2.766667 1.516821 82.70419 359.0867
2.8 1.548101 82.72344 359.1005
2.8 1.580457 82.76772 359.1196
2.8 1.637691 82.81998 359.1041
2.833333 1.682297 82.85146 359.1036
2.833333 1.722935 82.88231 359.1067
2.866667 1.744916 82.90667 359.1102
2.866667 1.75808 82.90518 359.1125
2.9 1.739165 82.89907 359.1175
2.9 1.748445 82.87402 359.1285
2.9 1.744266 82.85773 359.124
2.933333 1.754198 82.85761 359.1133
2.933333 1.757247 82.84423 359.0949
2.966667 1.771464 82.84992 359.0953
2.966667 1.769594 82.84018 359.0964
2.966667 1.757131 82.83372 359.111
3 1.740757 82.8353 359.1167
3 1.732281 82.83331 359.123
3.033333 1.742011 82.8307 359.1222
3.033333 1.755095 82.82403 359.1208
3.066667 1.767605 82.82429 359.1313
3.066667 1.769104 82.82494 359.1265
3.066667 1.764908 82.82185 359.1245
3.1 1.761939 82.8245 359.1299
3.1 1.776624 82.85285 359.1192
3.133333 1.79826 82.8568 359.1353
3.133333 1.821968 82.86501 359.1371
3.133333 1.837374 82.86687 359.1443
3.166667 1.836662 82.8635 359.1478
3.166667 1.855333 82.86988 359.1304
3.2 1.863981 82.8478 359.1249
3.2 1.876266 82.85935 359.1061
3.233333 1.87786 82.83929 359.1057
3.233333 1.870021 82.84626 359.1022
3.233333 1.862821 82.85033 359.1066
3.266667 1.853959 82.87112 359.096
3.266667 1.859871 82.88299 359.0964
3.3 1.880504 82.90643 359.0936
3.3 1.890696 82.9191 359.1208
3.3 1.887793 82.9241 359.1265
3.333333 1.871282 82.93076 359.1337
3.333333 1.85375 82.92873 359.1283
3.366667 1.846382 82.91418 359.1247
3.366667 1.853896 82.90818 359.1311
3.4 1.854771 82.88653 359.145
3.4 1.883636 82.86896 359.1541
3.4 1.897822 82.87033 359.1482
3.433333 1.896689 82.87668 359.1358
3.433333 1.893152 82.87827 359.1305
3.466667 1.913281 82.87222 359.1371
3.466667 1.942248 82.88952 359.1439
3.5 1.957196 82.88916 359.1508
3.5 1.964881 82.89006 359.1502
3.5 1.951301 82.89648 359.1521
3.533333 1.928813 82.89809 359.1484
3.533333 1.933524 82.89117 359.157
3.566667 1.929652 82.88916 359.1634
3.566667 1.930057 82.9022 359.1666
3.566667 1.938368 82.91019 359.1743
3.6 1.927805 82.92673 359.1695
3.6 1.927349 82.94508 359.1683
3.633333 1.918341 82.9584 359.162
3.633333 1.915818 82.973 359.1671
3.666667 1.913187 82.9728 359.1719
3.666667 1.90586 82.97318 359.1685
3.666667 1.918842 82.97933 359.1786
3.7 1.91518 82.96941 359.185
3.7 1.911026 82.97314 359.1629
3.733333 1.906142 82.96881 359.1354
3.733333 1.904402 82.97536 359.1417
3.733333 1.915702 82.97842 359.1457
3.766667 1.933473 82.98089 359.157
3.766667 1.928181 82.97849 359.1782
3.8 1.92091 82.97968 359.1735
3.8 1.911944 82.97282 359.162
3.833333 1.919196 82.96943 359.1611
3.833333 1.923512 82.97324 359.152
3.833333 1.9157 82.96851 359.1535
3.866667 1.919166 82.96419 359.1563
3.866667 1.922605 82.9836 359.1557
3.9 1.919229 82.99452 359.1466
3.9 1.919473 83.00305 359.1493
3.9 1.915187 83.02613 359.1567
3.933333 1.905637 83.03384 359.162
3.933333 1.89462 83.03683 359.1721
3.966667 1.877715 83.03211 359.1705
3.966667 1.870489 83.0253 359.176
4 1.870483 83.01995 359.1829
4 1.869725 83.01212 359.1686
4 1.868968 83.00239 359.1517
4.033333 1.865907 83.00431 359.1316
4.033333 1.858614 83.01045 359.1219
4.066667 1.838217 83.00972 359.1241
4.066667 1.826472 83.01005 359.1281
4.066667 1.823321 83.03235 359.1337
4.1 1.837085 83.04576 359.137
4.1 1.834439 83.06534 359.1407
4.133333 1.827948 83.0767 359.1407
4.133333 1.810627 83.09444 359.1283
4.166667 1.79524 83.09841 359.1028
4.166667 1.782454 83.09566 359.0994
4.166667 1.75904 83.10302 359.0963
4.2 1.7514 83.09158 359.1039
4.2 1.755986 83.09465 359.1105
4.233333 1.75731 83.11568 359.081
4.233333 1.731301 83.14425 359.053
4.233333 1.716798 83.15529 359.0412
4.266667 1.704526 83.16649 359.0597
4.266667 1.68866 83.17406 359.0533
4.3 1.665654 83.18703 359.045
4.3 1.633631 83.19428 359.0257
4.333333 1.615799 83.20496 358.9998
4.333333 1.610686 83.21566 358.9666
4.333333 1.611757 83.24738 358.9339
4.366667 1.600709 83.26032 358.9162
4.366667 1.581923 83.29588 358.9051
4.4 1.55626 83.3325 358.8988
4.4 1.52511 83.36172 358.8931
4.4 1.479328 83.39725 358.8861
4.433333 1.434301 83.42881 358.8655
4.433333 1.384609 83.46405 358.8571
4.466667 1.331099 83.46798 358.8383
4.466667 1.268909 83.50159 358.7937
4.5 1.200221 83.52106 358.7587
4.5 1.085884 83.54894 358.7157
4.5 0.9503377 83.61211 358.6478
4.533333 0.8003428 83.66658 358.5863
4.533333 0.6261924 83.72386 358.5436
4.566667 0.3728437 83.81036 358.4925
4.566667 0.09558817 83.90173 358.4628
4.566667 359.8057 83.98769 358.4132
4.6 359.4359 84.08699 358.3466
4.6 359.1415 84.15955 358.2944
4.633333 358.7946 84.25777 358.2342
4.633333 358.4946 84.3191 358.1858
4.666667 358.2119 84.36872 358.1235
4.666667 358.0276 84.39706 358.0715
4.666667 357.8384 84.44551 358.0145
4.7 357.6375 84.48621 357.9733
4.7 357.4965 84.51351 357.948
4.733333 357.3516 84.52068 357.9359
4.733333 357.2196 84.51389 357.916
4.733333 357.083 84.5099 357.8895
4.766667 356.909 84.50193 357.8636
4.766667 356.7428 84.48952 357.8428
4.8 356.6192 84.46154 357.8249
4.8 356.5186 84.44968 357.8254
4.833333 356.4323 84.43985 357.8181
4.833333 356.359 84.43649 357.8272
4.833333 356.254 84.43267 357.8513
4.866667 356.1583 84.43195 357.8752
4.866667 356.0885 84.43716 357.8753
4.9 356.0356 84.42199 357.8959
4.9 355.9976 84.43047 357.8843
4.933333 355.9637 84.42968 357.8819
4.933333 355.9036 84.42453 357.8876
4.933333 355.8219 84.40083 357.908
4.966667 355.7844 84.39039 357.9256
4.966667 355.7885 84.38379 357.927
5 355.8018 84.40167 357.9022
5 355.7744 84.42104 357.8705
5 355.7602 84.41734 357.8721
5.033333 355.7614 84.41274 357.8896
5.033333 355.7844 84.40138 357.9082
5.066667 355.7841 84.38584 357.9261
5.066667 355.7935 84.36865 357.926
5.1 355.8197 84.36064 357.9317
5.1 355.8558 84.34654 357.9252
5.1 355.9054 84.32648 357.9218
5.133333 355.9235 84.3251 357.9137
5.133333 355.9236 84.3208 357.9087
5.166667 355.8958 84.31205 357.9235
5.166667 355.8733 84.3015 357.95
5.166667 355.8797 84.29673 357.9655
5.2 355.9141 84.29661 357.9872
5.2 355.9446 84.27847 358.0024
5.233333 355.9327 84.2664 358.0201
5.233333 355.9444 84.24901 358.0432
5.266667 355.9602 84.22999 358.058
5.266667 356.0007 84.22658 358.0329
5.266667 356.0204 84.2211 358.0055
5.3 356.0374 84.22024 357.9961
5.3 356.0492 84.2086 357.9986
5.333333 356.0704 84.18136 358.0246
5.333333 356.0883 84.15836 358.0458
5.333333 356.1149 84.1294 358.0473
5.366667 356.1474 84.11489 358.0411
5.366667 356.1552 84.10377 358.0267
5.4 356.1665 84.07599 358.0218
5.4 356.1782 84.06335 358.0287
5.433333 356.1914 84.03254 358.0385
5.433333 356.2094 84.00472 358.0586
5.433333 356.2429 83.98142 358.0578
5.466667 356.2692 83.97314 358.0664
5.466667 356.2858 83.95793 358.0714
5.5 356.2997 83.94331 358.0771
5.5 356.305 83.92827 358.0953
5.5 356.3053 83.9157 358.1157
5.533333 356.3017 83.89957 358.1349
5.533333 356.2861 83.88796 358.142
5.566667 356.2787 83.88541 358.1472
5.566667 356.2764 83.86309 358.1538
5.6 356.2818 83.85475 358.1583
5.6 356.3042 83.83625 358.1633
5.6 356.3187 83.82989 358.1708
5.633333 356.3307 83.8055 358.1867
5.633333 356.3279 83.79118 358.187
5.666667 356.3134 83.7816 358.1774
5.666667 356.3076 83.78499 358.1763
5.666667 356.3083 83.78218 358.1656
5.7 356.2992 83.77538 358.175
5.7 356.2801 83.75164 358.2031
5.733333 356.2651 83.74712 358.2314
5.733333 356.2501 83.73557 358.2396
5.766667 356.2277 83.7404 358.2304
5.766667 356.1957 83.76762 358.2046
5.766667 356.188 83.79192 358.2064
5.8 356.2076 83.79045 358.2213
5.8 356.2213 83.79029 358.2308
5.833333 356.2233 83.793 358.235
5.833333 356.2126 83.79148 358.2232
5.833333 356.1863 83.76354 358.2302
5.866667 356.1729 83.72568 358.2474
5.866667 356.18 83.68697 358.2628
5.9 356.1946 83.6581 358.2836
5.9 356.2475 83.6265 358.3175
5.933333 356.3006 83.60868 358.3403
5.933333 356.3615 83.58984 358.3584
5.933333 356.4359 83.56722 358.3725
5.966667 356.477 83.55 358.3891
5.966667 356.5049 83.53394 358.3983
6 356.5167 83.50969 358.4074
6 356.542 83.49006 358.4124
6.033333 356.6193 83.45506 358.4316
6.033333 356.7012 83.4253 358.4361
6.033333 356.766 83.40846 358.4185
6.066667 356.826 83.3924 358.4098
6.066667 356.8746 83.3574 358.4165
6.1 356.9353 83.31437 358.4474
6.1 356.9833 83.25082 358.4667
6.1 357.0511 83.17786 358.4805
6.133333 357.1145 83.10766 358.4896
6.133333 357.1957 83.02485 358.4906
6.166667 357.2758 82.92808 358.5011
6.166667 357.3734 82.79398 358.4966
6.2 357.478 82.62713 358.4959
6.2 357.5703 82.47198 358.4786
6.2 357.6781 82.32452 358.4556
6.233333 357.779 82.191 358.4528
6.233333 357.8196 82.05854 358.477
6.266667 357.8304 81.91447 358.4982
6.266667 357.8276 81.76566 358.5247
6.266667 357.817 81.63144 358.5402
6.3 357.8293 81.46117 358.5483
6.3 357.8303 81.2662 358.5357
6.333333 357.871 81.10806 358.5327
6.333333 357.9137 80.94154 358.5199
6.333333 357.9553 80.80351 358.4899
6.366667 357.9701 80.6607 358.4535
6.366667 357.9709 80.51247 358.4198
6.4 357.9586 80.35341 358.4017
6.4 357.965 80.20334 358.3645
6.433333 357.9853 80.07478 358.3051
6.433333 358.0119 79.92886 358.2871
6.433333 358.017 79.79888 358.261
6.466667 358.0049 79.65236 358.2312
6.466667 357.9884 79.53483 358.2274
6.5 358.0074 79.39666 358.2134
6.5 358.0639 79.24063 358.1983
6.533333 358.086 79.07585 358.1832
6.533333 358.0547 78.88197 358.1511
6.533333 358.0705 78.70546 358.1086
6.566667 358.0914 78.52509 357.9932
6.566667 358.0937 78.39456 357.9091
6.6 358.0717 78.22836 357.829
6.6 358.0259 78.03495 357.7536
6.6 358.0067 77.79753 357.703
6.633333 358.0341 77.50911 357.6205
6.633333 358.0553 77.30283 357.5597
6.666667 358.0905 77.06802 357.4927
6.666667 358.0749 76.82073 357.415
6.7 358.0445 76.61739 357.3583
6.7 358.0454 76.40997 357.2914
6.7 358.0863 76.26705 357.2625
6.733333 358.1403 76.10136 357.237
6.733333 358.1716 75.9447 357.2187
6.766667 358.1831 75.80481 357.2025
6.766667 358.1829 75.68127 357.2159
6.766667 358.1774 75.5395 357.2052
6.8 358.1638 75.41624 357.1843
6.8 358.2758 75.26804 357.1566
6.833333 358.338 75.10442 357.1393
6.833333 358.2902 74.91469 357.1577
6.833333 358.2044 74.69918 357.1276
6.866667 358.0888 74.46207 357.0454
6.866667 358.0264 74.26997 356.9926
6.9 358.0335 74.05786 356.9294
6.9 357.9659 73.8119 356.9025
6.933333 358.0112 73.56049 356.8747
6.933333 357.9663 73.30205 356.8313
6.933333 357.9402 73.09521 356.7567
6.966667 357.9019 72.97189 356.6959
6.966667 357.8751 72.82065 356.6418
7 357.8832 72.68112 356.584
7 357.8909 72.59448 356.5385
7.033333 357.8936 72.50937 356.4719
7.033333 357.9259 72.4718 356.4014
7.033333 357.9756 72.48201 356.3625
7.066667 358.0442 72.51719 356.3333
7.066667 358.0968 72.55866 356.3243
7.1 358.124 72.60184 356.3218
7.1 358.1158 72.63291 356.3259
7.1 358.0777 72.68499 356.322
7.133333 358.0154 72.71954 356.3388
7.133333 357.9706 72.76527 356.3696
7.166667 357.9405 72.80483 356.3885
7.166667 357.9343 72.82982 356.401
7.2 357.9229 72.83836 356.4169
7.2 357.9036 72.83969 356.4107
7.2 357.8784 72.82061 356.4059
7.233333 357.8606 72.80668 356.3988
7.233333 357.8618 72.77161 356.3995
7.266667 357.8683 72.75035 356.4089
7.266667 357.8855 72.72761 356.413
7.266667 357.8947 72.7232 356.4032
7.3 357.8935 72.71401 356.4118
7.3 357.8697 72.69509 356.4342
7.333333 357.8276 72.6719 356.4614
7.333333 357.8187 72.65601 356.4832
7.366667 357.8603 72.64951 356.5068
7.366667 357.8857 72.64718 356.4893
7.366667 357.903 72.64178 356.4595
7.4 357.9034 72.64512 356.438
7.4 357.913 72.6372 356.4417
7.433333 357.9157 72.64798 356.4339
7.433333 357.906 72.65661 356.4411
7.433333 357.8861 72.65752 356.4346
7.466667 357.8766 72.68374 356.4275
7.466667 357.874 72.70481 356.4325
7.5 357.855 72.7315 356.4304
7.5 357.8465 72.7541 356.4328
7.533333 357.8311 72.78137 356.4387
7.533333 357.8272 72.8277 356.4344
7.533333 357.8378 72.85605 356.4391
7.566667 357.8571 72.91166 356.4354
7.566667 357.8501 72.95618 356.4477
7.6 357.8258 73.00152 356.4572
7.6 357.8 73.05823 356.4561
7.6 357.79 73.09325 356.4542
7.633333 357.8046 73.10612 356.4648
7.633333 357.8282 73.12157 356.449
7.666667 357.8387 73.09759 356.4259
7.666667 357.8482 73.01249 356.3921
7.7 357.8871 72.8763 356.3244
7.7 357.9149 72.70328 356.2176
7.7 357.9533 72.50333 356.083
7.733333 358.0034 72.33598 355.9349
7.733333 358.0064 72.2451 355.8564
7.766667 357.9764 72.17533 355.8599
7.766667 357.9052 72.19089 355.9526
7.766667 357.8542 72.22565 356.0887
7.8 357.8247 72.31479 356.2643
7.8 357.8507 72.40341 356.3511
7.833333 357.8882 72.44696 356.3886
7.833333 357.9255 72.46473 356.3898
7.866667 357.9347 72.44813 356.3681
7.866667 357.9189 72.40034 356.3451
7.866667 357.8926 72.32571 356.3007
7.9 357.8736 72.26183 356.2668
7.9 357.8782 72.21062 356.2418
7.933333 357.8689 72.15954 356.2348
7.933333 357.8401 72.12969 356.2437
7.966667 357.823 72.11722 356.2636
7.966667 357.8203 72.11903 356.2958
7.966667 357.8218 72.14452 356.3091
8 357.8311 72.18321 356.3105
8 357.8269 72.23576 356.3114
8.033334 357.8056 72.28677 356.3056
8.033334 357.7795 72.31485 356.2992
8.033334 357.7607 72.36279 356.2733
8.066667 357.7269 72.39051 356.2605
8.066667 357.7221 72.37065 356.2518
8.1 357.7112 72.34354 356.2476
8.1 357.7176 72.31133 356.2483
8.1 357.7502 72.25581 356.2559
8.133333 357.7952 72.21561 356.2261
8.133333 357.8296 72.17049 356.1639
8.166667 357.8448 72.1293 356.1093
8.166667 357.8526 72.06317 356.0783
8.2 357.8547 71.99959 356.0652
8.2 357.8765 71.94498 356.0623
8.2 357.8953 71.93041 356.0661
8.233334 357.8878 71.95689 356.0824
8.233334 357.8642 72.00164 356.108
8.266666 357.8507 72.01051 356.1267
8.266666 357.8494 71.9955 356.1306
8.266666 357.8554 71.96137 356.114
8.3 357.8896 71.94281 356.0882
8.3 357.902 71.91076 356.0656
8.333333 357.8165 71.86201 356.0558
8.333333 357.8008 71.80881 356.0435
8.366667 357.8284 71.71725 356.0191
8.366667 357.85 71.63491 356.0163
8.366667 357.9162 71.58772 355.9779
8.4 357.8955 71.56458 355.9436
8.4 357.8555 71.56571 355.932
8.433333 357.8277 71.60844 355.9392
8.433333 357.8338 71.66504 355.9481
8.466666 357.8308 71.73596 355.9688
8.466666 357.8127 71.78163 356.0149
8.466666 357.775 71.83511 356.028
8.5 357.7511 71.8501 356.0417
8.5 357.7628 71.84048 356.0212
8.533334 357.7731 71.82076 355.9896
8.533334 357.7672 71.77876 355.9758
8.533334 357.7589 71.74362 355.9752
8.566667 357.7715 71.71395 355.9631
8.566667 357.7883 71.68127 355.9661
8.6 357.8141 71.65733 355.9745
8.6 357.8026 71.63469 355.9894
8.6 357.7585 71.61201 356.0193
8.633333 357.7293 71.5785 356.0427
8.633333 357.716 71.5718 356.0392
8.666667 357.7096 71.55949 356.051
8.666667 357.709 71.5613 356.0756
8.7 357.715 71.53514 356.0938
8.7 357.7165 71.49632 356.1024
8.7 357.6994 71.41251 356.1197
8.733334 357.6817 71.33389 356.1264
8.733334 357.6531 71.25348 356.118
8.766666 357.6307 71.20264 356.1119
8.766666 357.6202 71.19419 356.135
8.8 357.6328 71.21076 356.1936
8.8 357.6569 71.25075 356.2514
8.8 357.6975 71.30434 356.2666
8.833333 357.7301 71.35223 356.2419
8.833333 357.7401 71.40556 356.2013
8.866667 357.6966 71.44958 356.1685
8.866667 357.6159 71.46873 356.163
8.866667 357.5766 71.47506 356.1666
8.9 357.5811 71.4921 356.1492
8.9 357.5934 71.51468 356.1327
8.933333 357.6144 71.55036 356.1063
8.933333 357.6167 71.54211 356.1266
8.966666 357.607 71.52562 356.1474
8.966666 357.609 71.51253 356.1612
8.966666 357.6122 71.495 356.1698
9 357.612 71.51632 356.1648
9 357.6289 71.54022 356.1752
9.033334 357.6482 71.56272 356.1744
9.033334 357.6559 71.60403 356.1683
9.033334 357.6687 71.6529 356.1513
9.066667 357.6925 71.78259 356.1362
9.066667 357.7148 71.96389 356.1422
9.1 357.7644 72.21863 356.1653
9.1 357.8503 72.55933 356.1906
9.133333 357.9669 72.94966 356.2261
9.133333 358.1022 73.28366 356.263
9.133333 358.2528 73.76296 356.3465
9.166667 358.352 74.12563 356.3959
9.166667 358.4571 74.56548 356.451
9.2 358.5787 75.08414 356.4667
9.2 358.7271 75.54619 356.4782
9.233334 358.8753 76.09157 356.5234
9.233334 359.0271 76.59275 356.6006
9.233334 359.1915 77.08048 356.6918
9.266666 359.3499 77.59307 356.7766
9.266666 359.4606 78.0837 356.8848
9.3 359.5217 78.56765 356.9703
9.3 359.5691 78.94082 357.0062
9.3 359.6331 79.39544 357.0163
9.333333 359.6956 79.70176 357.018
9.333333 359.7774 80.00867 357.0271
9.366667 359.8753 80.29483 357.0666
9.366667 359.9913 80.54655 357.0941
9.366667 0.1023297 80.72568 357.1013
9.4 0.2182993 80.8911 357.1043
9.4 0.3020404 81.05378 357.0955
9.433333 0.3320792 81.13043 357.1025
9.433333 0.3457771 81.19373 357.0924
9.466666 0.3487689 81.24309 357.0976
9.466666 0.359597 81.25701 357.0891
9.466666 0.386045 81.27762 357.0819
9.5 0.4102618 81.28963 357.0804
9.5 0.4412304 81.30741 357.0865
9.533334 0.4839571 81.32256 357.1018
9.533334 0.5351979 81.32578 357.1248
9.533334 0.5663899 81.32253 357.1545
9.566667 0.6148738 81.30588 357.165
9.566667 0.6551375 81.29847 357.157
9.6 0.699266 81.30698 357.149
9.6 0.737693 81.33418 357.1574
9.633333 0.7653489 81.36922 357.1879
9.633333 0.8007774 81.39861 357.231
9.633333 0.8747302 81.44048 357.2722
9.666667 0.9536173 81.48783 357.3121
9.666667 0.9981593 81.54377 357.327
9.7 1.017693 81.58511 357.3391
9.7 1.042962 81.63079 357.368
9.7 1.058084 81.64371 357.3913
9.733334 1.072061 81.65755 357.4095
9.733334 1.066372 81.6531 357.4232
9.766666 1.084848 81.65143 357.422
9.766666 1.114133 81.64422 357.4087
9.8 1.143967 81.61893 357.4016
9.8 1.176339 81.58646 357.3908
9.8 1.215417 81.56677 357.3734
9.833333 1.240544 81.53898 357.3806
9.833333 1.279863 81.52233 357.3892
9.866667 1.309195 81.50763 357.403
9.866667 1.353575 81.48118 357.4284
9.866667 1.380125 81.4658 357.4464
9.9 1.389867 81.44994 357.4677
9.9 1.428102 81.4317 357.4911
9.933333 1.445912 81.41765 357.5083
9.933333 1.459377 81.41927 357.5041
9.966666 1.474046 81.41649 357.5061
9.966666 1.486299 81.4061 357.5121
9.966666 1.509197 81.39658 357.5287
10 1.521874 81.39494 357.5345
10.03333 1.538119 81.3952 357.5231
10.03333 1.559673 81.40968 357.5052
10.06667 1.591538 81.43372 357.4933
10.06667 1.691273 81.46951 357.4764
10.06667 1.654427 81.47969 357.4843
10.1 1.630702 81.48602 357.4877
10.13333 1.619244 81.50236 357.4824
