1.455421 0 270 0
1.70374 0 270 0
1.80374 0 270 0
1.90374 0 270 0
2.00374 0 270 0
2.10374 0 270 0
2.20374 0 270 0
2.30374 0 270 0
2.40374 0 270 0
2.50374 0 270 0
2.60374 0 270 0
2.70374 0 270 0
2.80374 0 270 0
2.90374 0 270 0
3.00374 0 270 0
3.10374 0 270 0
3.20374 0 270 0
3.30374 0 270 0
3.40374 0 270 0
3.50374 0 270 0
3.60374 0 270 0
3.70374 0 270 0
3.80374 0 270 0
3.90374 0 270 0
4.00374 0 270 0
4.10374 0 270 0
4.20374 0 270 0
4.30374 0 270 0
4.40374 0 270 0
4.50374 0 270 0
4.60374 0 270 0
4.70374 0 270 0
4.80374 0 270 0
4.90374 0 270 0
5.00374 0 270 0
5.10374 0 270 0
5.20374 0 270 0
5.30374 0 270 0
5.40374 0 270 0
5.50374 0 270 0
5.60374 0 270 0
5.70374 0 270 0
5.80374 0 270 0
5.90374 0 270 0
6.00374 0 270 0
6.10374 0 270 0
6.20374 0 270 0
6.30374 0 270 0
6.40374 0 270 0
6.50374 0 270 0
6.60374 0 270 0
6.70374 0 270 0
6.80374 0 270 0
6.90374 0 270 0
7.00374 0 270 0
7.10374 0 270 0
7.20374 0 270 0
7.30374 0 270 0
7.40374 0 270 0
7.50374 0 270 0
7.60374 0.6000002 271.95 2.668189E-08
7.70374 3.075001 279.675 0
7.80374 4.725006 285.375 -2.141713E-07
7.90374 4.72501 285.375 8.566851E-07
8.003739 4.725017 285.375 1.927541E-06
8.10374 4.875022 285.45 2.356402E-06
8.20374 7.350027 288.45 2.797753E-06
8.30374 7.425042 288.5251 5.381208E-06
8.40374 7.425055 288.5251 6.672698E-06
8.503739 7.425061 288.5251 7.964189E-06
8.60374 7.800064 288.1501 8.61747E-06
8.70374 9.525068 291.0751 9.955654E-06
8.80374 10.50007 294.9001 9.551453E-06
8.90374 10.72507 295.5751 9.124008E-06
9.003739 10.72507 295.5751 9.124008E-06
9.10374 10.72507 295.5751 9.124008E-06
9.20374 10.72507 295.5751 9.124008E-06
9.30374 10.72507 295.5751 9.124008E-06
9.40374 10.72507 295.6501 8.689531E-06
9.503739 13.27508 303.2251 9.649353E-06
9.60374 16.57509 312.1501 1.024407E-05
9.70374 18.4501 319.3502 1.215048E-05
9.80374 19.05013 321.6751 9.03241E-06
9.90374 19.05013 321.6751 9.03241E-06
10.00374 19.05013 321.6751 9.03241E-06
10.10374 19.05013 321.6751 9.03241E-06
10.20374 19.05013 321.6751 9.03241E-06
10.30374 19.05013 321.6751 9.03241E-06
10.40374 19.05013 321.6751 9.03241E-06
10.50374 19.05013 321.6751 9.03241E-06
10.60374 19.05013 320.6252 7.67755E-06
10.70374 19.72515 315.0752 1.224442E-05
10.80374 20.17517 310.8002 1.273417E-05
10.90374 20.17516 309.3752 1.000542E-05
11.00374 20.17516 309.3752 9.095835E-06
11.10374 20.17516 309.2252 1.000541E-05
11.20374 20.40018 305.5502 1.001995E-05
11.30374 20.77521 303.7502 1.187091E-05
11.40374 20.77522 303.7502 1.187091E-05
11.50374 20.77522 303.7502 1.187091E-05
11.60374 20.77522 303.7502 1.187091E-05
11.70374 20.77522 303.7502 1.187091E-05
11.80374 20.77522 303.7502 1.187091E-05
11.90374 20.77522 303.7502 1.187091E-05
12.00374 20.77522 303.7502 1.187091E-05
12.10374 20.77522 303.7502 1.187091E-05
12.20374 20.77522 303.7502 1.187091E-05
12.30374 20.77522 303.7502 1.187091E-05
12.40374 20.77522 303.7502 1.187091E-05
12.50374 20.77522 303.7502 1.187091E-05
12.60374 20.77522 303.7502 1.187091E-05
12.70374 20.77522 303.7502 1.187091E-05
12.80374 20.77522 303.7502 1.187091E-05
12.90374 20.77522 303.7502 1.187091E-05
13.00374 20.77522 303.7502 1.187091E-05
13.10374 20.77522 303.7502 1.187091E-05
13.20374 20.77522 303.7502 1.187091E-05
13.30374 20.77522 303.7502 1.187091E-05
13.40374 20.77522 303.7502 1.187091E-05
13.50374 20.77522 303.7502 1.187091E-05
13.60374 20.77522 303.7502 1.187091E-05
13.70374 20.77522 303.7502 1.187091E-05
13.80374 20.77522 303.7502 1.187091E-05
13.90374 20.77522 303.7502 1.187091E-05
14.00374 20.77522 303.7502 1.187091E-05
14.10374 20.77522 303.7502 1.187091E-05
14.20374 20.77522 303.7502 1.187091E-05
14.30374 20.77522 303.7502 1.187091E-05
14.40374 20.77522 303.7502 1.187091E-05
14.50374 21.00022 305.1752 1.005969E-05
14.60374 21.00024 305.7002 9.145167E-06
14.70374 21.37524 307.9501 1.100208E-05
14.80374 22.05027 311.7002 9.211515E-06
14.90374 22.05028 312.1502 9.211512E-06
15.00374 22.05028 312.1502 9.211512E-06
15.10374 22.05028 312.1502 9.211512E-06
15.20374 22.05028 312.1502 9.211512E-06
15.30374 22.05028 312.1502 9.211512E-06
15.40374 22.05028 312.1502 9.211512E-06
15.50374 22.05028 312.1502 9.211512E-06
15.60374 22.05028 312.1502 9.211512E-06
15.70374 22.05028 312.1502 9.211512E-06
15.80374 22.05028 312.1502 9.211512E-06
15.90374 22.05028 312.1502 9.211512E-06
16.00374 22.05028 312.1502 9.211512E-06
16.10374 22.05028 312.1502 9.211512E-06
16.20374 22.05028 312.1502 9.211512E-06
16.30374 22.05028 312.1502 9.211512E-06
16.40374 22.05028 312.1502 9.211512E-06
16.50374 22.05028 312.1502 9.211512E-06
16.60374 22.05028 312.1502 9.211512E-06
16.70374 22.05028 312.1502 9.211512E-06
16.80374 22.05028 312.1502 9.211512E-06
16.90374 22.05028 312.1502 9.211512E-06
17.00374 22.05028 312.1502 9.211512E-06
17.10374 22.05028 312.1502 9.211512E-06
17.20374 22.05028 312.1502 9.211512E-06
17.30374 22.05028 312.1502 9.211512E-06
17.40374 22.05028 312.1502 9.211512E-06
17.50374 22.05028 312.1502 9.211512E-06
17.60374 22.05028 312.1502 9.211512E-06
17.70374 22.05028 312.1502 9.211512E-06
17.80374 22.05028 312.1502 9.211512E-06
17.90374 22.05028 312.1502 9.211512E-06
18.00374 22.05028 312.1502 9.211512E-06
18.10374 22.05028 312.1502 9.211512E-06
18.20374 22.05028 312.1502 9.211512E-06
18.30374 22.05028 312.1502 9.211512E-06
18.40374 22.05028 312.1502 9.211512E-06
18.50374 22.05028 312.1502 9.211512E-06
18.60374 22.05028 312.1502 9.211512E-06
18.70374 22.05028 312.1502 9.211512E-06
18.80374 22.05028 312.1502 9.211512E-06
18.90374 22.05028 312.1502 9.211512E-06
19.00374 22.05028 312.1502 9.211512E-06
19.10374 22.05028 312.1502 9.211512E-06
19.20374 22.05028 312.1502 9.211512E-06
19.30374 22.05028 312.1502 9.211512E-06
19.40374 22.05028 312.1502 9.211512E-06
19.50374 22.05028 312.1502 9.211512E-06
19.60374 22.05028 312.1502 9.211512E-06
19.70374 22.05028 312.1502 9.211512E-06
19.80374 22.05028 312.1502 9.211512E-06
19.90374 22.05028 312.1502 9.211512E-06
20.00374 22.05028 312.1502 9.211512E-06
20.10374 22.05028 312.1502 9.211512E-06
20.20374 22.05028 312.1502 9.211512E-06
20.30374 22.05028 312.1502 9.211512E-06
20.40374 22.05028 312.1502 9.211512E-06
20.50374 22.05028 312.1502 9.211512E-06
20.60374 22.05028 312.1502 9.211512E-06
20.70374 22.05028 312.1502 9.211512E-06
20.80374 22.05028 312.1502 9.211512E-06
20.90374 22.05028 312.1502 9.211512E-06
21.00374 22.05028 312.1502 9.211512E-06
21.10374 22.05028 312.1502 9.211512E-06
21.20374 22.05028 312.1502 9.211512E-06
21.30374 22.05028 312.1502 9.211512E-06
21.40374 22.05028 312.1502 9.211512E-06
21.50374 22.05028 312.1502 9.211512E-06
21.60374 22.05028 312.1502 9.211512E-06
21.70374 22.05028 312.1502 9.211512E-06
21.80374 22.05028 312.1502 9.211512E-06
21.90374 22.05028 312.1502 9.211512E-06
22.00374 22.05028 312.1502 9.211512E-06
22.10374 22.05028 312.1502 9.211512E-06
22.20374 22.05028 312.1502 9.211512E-06
22.30374 22.05028 312.1502 9.211512E-06
22.40374 22.05028 312.1502 9.211512E-06
22.50374 22.05028 312.1502 9.211512E-06
22.60374 22.05028 312.1502 9.211512E-06
22.70374 22.05028 312.1502 9.211512E-06
22.80374 22.05028 312.1502 9.211512E-06
22.90374 22.05028 312.1502 9.211512E-06
23.00374 22.05028 312.1502 9.211512E-06
23.10374 22.05028 312.1502 9.211512E-06
23.20374 22.05028 312.1502 9.211512E-06
23.30374 22.05028 312.1502 9.211512E-06
23.40374 22.05028 312.1502 9.211512E-06
23.50374 22.05028 312.1502 9.211512E-06
23.60374 22.05028 312.1502 9.211512E-06
23.70374 22.05028 312.1502 9.211512E-06
23.80374 22.05028 312.1502 9.211512E-06
23.90374 22.05028 312.1502 9.211512E-06
24.00374 22.05028 312.1502 9.211512E-06
24.10374 22.05028 312.1502 9.211512E-06
24.20374 22.05028 312.1502 9.211512E-06
24.30374 22.05028 312.1502 9.211512E-06
24.40374 22.05028 312.1502 9.211512E-06
24.50374 22.05028 312.1502 9.211512E-06
24.60374 22.05028 312.1502 9.211512E-06
24.70374 22.05028 312.1502 9.211512E-06
24.80374 22.05028 312.1502 9.211512E-06
24.90374 22.05028 312.1502 9.211512E-06
25.00374 22.05028 312.1502 9.211512E-06
25.10374 22.05028 312.1502 9.211512E-06
25.20374 22.05028 312.1502 9.211512E-06
25.30374 22.05028 312.1502 9.211512E-06
25.40374 22.05028 312.1502 9.211512E-06
25.50374 22.05028 312.1502 9.211512E-06
25.60374 22.05028 312.1502 9.211512E-06
25.70374 22.05028 312.1502 9.211512E-06
25.80374 22.05028 312.1502 9.211512E-06
25.90374 22.05028 312.1502 9.211512E-06
26.00374 22.05028 312.1502 9.211512E-06
26.10374 22.05028 312.1502 9.211512E-06
26.20374 22.05028 312.1502 9.211512E-06
26.30374 22.05028 312.1502 9.211512E-06
26.40374 22.05028 312.1502 9.211512E-06
26.50374 22.05028 312.1502 9.211512E-06
26.60374 22.05028 312.1502 9.211512E-06
26.70374 22.05028 312.1502 9.211512E-06
26.80374 22.05028 312.1502 9.211512E-06
26.90374 22.05028 312.1502 9.211512E-06
27.00374 22.05028 312.1502 9.211512E-06
27.10374 22.05028 312.1502 9.211512E-06
27.20374 22.05028 312.1502 9.211512E-06
27.30374 22.05028 312.1502 9.211512E-06
27.40374 22.05028 312.1502 9.211512E-06
27.50374 22.05028 312.1502 9.211512E-06
27.60374 22.05028 312.1502 9.211512E-06
27.70374 22.05028 312.1502 9.211512E-06
27.80374 22.05028 312.1502 9.211512E-06
27.90374 22.05028 312.1502 9.211512E-06
28.00374 22.05028 312.1502 9.211512E-06
28.10374 22.05028 312.1502 9.211512E-06
28.20374 22.05028 312.1502 9.211512E-06
28.30374 22.05028 312.1502 9.211512E-06
28.40374 22.05028 312.1502 9.211512E-06
28.50374 22.05028 312.1502 9.211512E-06
28.60374 22.05028 312.1502 9.211512E-06
28.70374 22.05028 312.1502 9.211512E-06
28.80374 22.05028 312.1502 9.211512E-06
28.90374 22.05028 312.1502 9.211512E-06
29.00374 22.05028 312.1502 9.211512E-06
29.10374 22.05028 312.1502 9.211512E-06
29.20374 22.05028 312.1502 9.211512E-06
29.30374 22.05028 312.1502 9.211512E-06
29.40374 22.05028 312.1502 9.211512E-06
29.50374 22.05028 312.1502 9.211512E-06
29.60374 22.05028 312.1502 9.211512E-06
29.70374 22.05028 312.1502 9.211512E-06
29.80374 22.05028 312.1502 9.211512E-06
29.90374 22.05028 312.1502 9.211512E-06
30.00374 22.05028 312.1502 9.211512E-06
30.10374 22.05028 312.1502 9.211512E-06
30.20374 22.05028 312.1502 9.211512E-06
30.30374 22.05028 312.1502 9.211512E-06
30.40374 22.05028 312.1502 9.211512E-06
30.50374 22.05028 312.1502 9.211512E-06
30.60374 22.05028 312.1502 9.211512E-06
30.70374 22.05028 312.1502 9.211512E-06
30.80374 22.05028 312.1502 9.211512E-06
30.90374 22.05028 312.1502 9.211512E-06
31.00374 22.05028 312.1502 9.211512E-06
31.10374 22.05028 312.1502 9.211512E-06
31.20374 22.05028 312.1502 9.211512E-06
31.30374 22.05028 312.1502 9.211512E-06
31.40374 22.05028 312.1502 9.211512E-06
31.50374 22.05028 312.1502 9.211512E-06
31.60374 22.05028 312.1502 9.211512E-06
31.70374 22.05028 312.1502 9.211512E-06
31.80374 22.05028 312.1502 9.211512E-06
31.90374 22.05028 312.1502 9.211512E-06
32.00374 22.05028 312.1502 9.211512E-06
32.10374 22.05028 312.1502 9.211512E-06
32.20374 22.05028 312.1502 9.211512E-06
32.30374 22.05028 312.1502 9.211512E-06
32.40374 22.05028 312.1502 9.211512E-06
32.50374 22.05028 312.1502 9.211512E-06
32.60374 22.05028 312.1502 9.211512E-06
32.70374 22.05028 312.1502 9.211512E-06
32.80374 22.05028 312.1502 9.211512E-06
32.90374 22.05028 312.1502 9.211512E-06
33.00374 22.05028 312.1502 9.211512E-06
33.10374 22.05028 312.1502 9.211512E-06
33.20374 22.05028 312.1502 9.211512E-06
33.30374 22.05028 312.1502 9.211512E-06
33.40374 22.05028 312.1502 9.211512E-06
33.50374 22.05028 312.1502 9.211512E-06
33.60374 22.05028 312.1502 9.211512E-06
33.70374 22.05028 312.1502 9.211512E-06
33.80374 22.05028 312.1502 9.211512E-06
33.90374 22.05028 312.1502 9.211512E-06
34.00374 22.05028 312.1502 9.211512E-06
34.10374 22.05028 312.1502 9.211512E-06
34.20374 22.05028 312.1502 9.211512E-06
34.30374 22.05028 312.1502 9.211512E-06
34.40374 22.05028 312.1502 9.211512E-06
34.50374 22.05028 312.1502 9.211512E-06
34.60374 22.05028 312.1502 9.211512E-06
34.70374 22.05028 312.1502 9.211512E-06
34.80374 22.05028 312.1502 9.211512E-06
34.90374 22.05028 312.1502 9.211512E-06
35.00374 22.05028 312.1502 9.211512E-06
35.10374 22.05028 312.1502 9.211512E-06
35.20374 22.05028 312.1502 9.211512E-06
35.30374 22.05028 312.1502 9.211512E-06
35.40374 22.05028 312.1502 9.211512E-06
35.50374 22.05028 312.1502 9.211512E-06
35.60374 22.05028 312.1502 9.211512E-06
35.70374 22.05028 312.1502 9.211512E-06
35.80374 22.05028 312.1502 9.211512E-06
35.90374 22.05028 312.1502 9.211512E-06
36.00374 21.82527 312.1501 1.011665E-05
36.10374 20.85029 312.1502 9.136022E-06
36.20374 18.75031 312.1502 1.127031E-05
36.30374 14.92532 312.1501 1.369555E-05
36.40374 12.60033 312.1501 1.39975E-05
36.50374 12.22533 312.1502 1.528773E-05
36.60374 12.15033 312.1502 1.39734E-05
36.70374 12.07534 312.1502 1.396947E-05
36.80374 10.87534 312.1502 1.695306E-05
36.90374 10.80035 312.1502 1.781799E-05
37.00374 10.80035 312.1502 1.781799E-05
37.10374 10.80035 312.1502 1.781799E-05
37.20374 10.80035 312.1502 1.781799E-05
37.30374 10.80035 312.1502 1.781799E-05
37.40374 10.80035 312.1502 1.781799E-05
37.50374 10.80035 312.1502 1.781799E-05
37.60374 10.80035 312.1502 1.781799E-05
37.70374 10.80035 312.1502 1.781799E-05
37.80374 10.80035 312.1502 1.781799E-05
37.90374 10.80035 312.1502 1.781799E-05
38.00374 10.80035 312.1502 1.781799E-05
38.10374 10.80035 312.1502 1.781799E-05
38.20374 10.80035 312.1502 1.781799E-05
38.30374 10.80035 312.1502 1.781799E-05
38.40374 10.80035 312.1502 1.781799E-05
38.50374 10.80035 312.1502 1.781799E-05
38.60374 10.80035 312.1502 1.781799E-05
38.70374 10.80035 312.1502 1.781799E-05
38.80374 10.80035 312.1502 1.781799E-05
38.90374 10.80035 312.1502 1.781799E-05
39.00374 10.80035 312.1502 1.781799E-05
39.10374 10.80035 312.1502 1.781799E-05
39.20374 10.80035 312.1502 1.781799E-05
39.30374 10.80035 312.1502 1.781799E-05
39.40374 10.80035 312.1502 1.781799E-05
39.50374 10.80035 312.1502 1.781799E-05
39.60374 10.80035 312.1502 1.781799E-05
39.70374 10.80035 312.1502 1.781799E-05
39.80374 10.80035 312.1502 1.781799E-05
39.90374 10.80035 312.1502 1.781799E-05
40.00374 10.80035 312.1502 1.781799E-05
40.10374 10.80035 312.1502 1.781799E-05
40.20374 10.80035 312.1502 1.781799E-05
40.30374 10.80035 312.1502 1.781799E-05
40.40374 10.80035 312.1502 1.781799E-05
40.50374 10.80035 312.1502 1.781799E-05
40.60374 10.80035 312.1502 1.781799E-05
40.70374 10.80035 312.1502 1.781799E-05
40.80374 10.80035 312.1502 1.781799E-05
40.90374 10.80035 312.1502 1.781799E-05
41.00374 10.80035 312.1502 1.781799E-05
41.10374 10.80035 312.1502 1.781799E-05
41.20374 10.80035 312.1502 1.781799E-05
41.30374 10.80035 312.1502 1.781799E-05
41.40374 10.80035 312.1502 1.781799E-05
41.50374 10.80035 312.1502 1.781799E-05
41.60374 10.80035 312.1502 1.781799E-05
41.70374 10.80035 312.1502 1.781799E-05
41.80374 10.80035 312.1502 1.781799E-05
41.90374 10.80035 312.1502 1.781799E-05
42.00374 10.80035 312.1502 1.781799E-05
42.10374 10.80035 312.1502 1.781799E-05
42.20374 10.80035 312.1502 1.781799E-05
42.30374 10.80035 312.1502 1.781799E-05
42.40374 10.80035 312.1502 1.781799E-05
42.50374 10.80035 312.1502 1.781799E-05
42.60374 10.80035 312.1502 1.781799E-05
42.70374 10.80035 312.1502 1.781799E-05
42.80374 10.80035 312.1502 1.781799E-05
42.90374 10.80035 312.1502 1.781799E-05
43.00374 10.80035 312.1502 1.781799E-05
43.10374 10.80035 312.1502 1.781799E-05
43.20374 10.80035 312.1502 1.781799E-05
43.30374 10.80035 312.1502 1.781799E-05
43.40374 10.80035 312.1502 1.781799E-05
43.50374 10.80035 312.1502 1.781799E-05
43.60374 10.80035 312.1502 1.781799E-05
43.70374 10.80035 312.1502 1.781799E-05
43.80374 10.80035 312.1502 1.781799E-05
43.90374 10.80035 312.1502 1.781799E-05
44.00374 10.80035 312.1502 1.781799E-05
44.10374 10.80035 312.1502 1.781799E-05
44.20374 10.80035 312.1502 1.781799E-05
44.30374 10.80035 312.1502 1.781799E-05
44.40374 10.80035 312.1502 1.781799E-05
44.50374 10.80035 312.1502 1.781799E-05
44.60374 10.80035 312.1502 1.781799E-05
44.70374 10.80035 312.1502 1.781799E-05
44.80374 10.80035 312.1502 1.781799E-05
44.90374 10.80035 312.1502 1.781799E-05
45.00374 10.80035 312.1502 1.781799E-05
45.10374 10.80035 312.1502 1.781799E-05
45.20374 10.80035 312.1502 1.781799E-05
45.30374 10.80035 312.1502 1.781799E-05
45.40374 10.80035 312.1502 1.781799E-05
45.50374 10.80035 312.1502 1.781799E-05
45.60374 10.80035 312.1502 1.781799E-05
45.70374 10.80035 312.1502 1.781799E-05
45.80374 10.80035 312.1502 1.781799E-05
45.90374 10.80035 312.1502 1.781799E-05
46.00374 10.80035 312.1502 1.781799E-05
46.10374 10.80035 312.1502 1.781799E-05
46.20374 10.80035 312.1502 1.781799E-05
46.30374 10.80035 312.1502 1.781799E-05
46.40374 10.80035 312.1502 1.781799E-05
46.50374 10.80035 312.1502 1.781799E-05
46.60374 10.80035 312.1502 1.781799E-05
46.70374 10.80035 312.1502 1.781799E-05
46.80374 10.80035 312.1502 1.781799E-05
46.90374 10.80035 312.1502 1.781799E-05
47.00374 10.80035 312.1502 1.781799E-05
47.10374 10.80035 312.1502 1.781799E-05
47.20374 10.80035 312.1502 1.781799E-05
47.30374 10.80035 312.1502 1.781799E-05
47.40374 10.80035 312.1502 1.781799E-05
47.50374 10.80035 312.1502 1.781799E-05
47.60374 10.80035 312.1502 1.781799E-05
47.70374 10.80035 312.1502 1.781799E-05
47.80374 10.80035 312.1502 1.781799E-05
47.90374 10.80035 312.1502 1.781799E-05
48.00374 10.80035 312.1502 1.781799E-05
48.10374 10.80035 312.1502 1.781799E-05
48.20374 10.80035 312.1502 1.781799E-05
48.30374 10.80035 312.1502 1.781799E-05
48.40374 10.80035 312.1502 1.781799E-05
48.50374 10.80035 312.1502 1.781799E-05
48.60374 10.80035 312.1502 1.781799E-05
48.70374 10.80035 312.1502 1.781799E-05
48.80374 10.80035 312.1502 1.781799E-05
48.90374 10.80035 312.1502 1.781799E-05
49.00374 10.80035 312.1502 1.781799E-05
49.10374 10.80035 312.1502 1.781799E-05
49.20374 10.80035 312.1502 1.781799E-05
49.30374 10.80035 312.1502 1.781799E-05
49.40374 10.80035 312.1502 1.781799E-05
49.50374 10.80035 312.1502 1.781799E-05
49.60374 10.80035 312.1502 1.781799E-05
49.70374 10.80035 312.1502 1.781799E-05
49.80374 10.80035 312.1502 1.781799E-05
49.90374 10.80035 312.1502 1.781799E-05
50.00374 10.80035 312.1502 1.781799E-05
50.10374 10.80035 312.1502 1.781799E-05
50.20374 10.80035 312.1502 1.781799E-05
50.30374 10.80035 312.1502 1.781799E-05
50.40374 10.80035 312.1502 1.781799E-05
50.50374 10.80035 312.1502 1.781799E-05
50.60374 10.80035 312.1502 1.781799E-05
50.70374 10.80035 312.1502 1.781799E-05
50.80374 10.80035 312.1502 1.781799E-05
50.90374 10.80035 312.1502 1.781799E-05
51.00374 10.80035 312.1502 1.781799E-05
51.10374 10.80035 312.1502 1.781799E-05
51.20374 10.80035 312.1502 1.781799E-05
51.30374 10.80035 312.1502 1.781799E-05
51.40374 10.80035 312.1502 1.781799E-05
51.50374 10.80035 312.1502 1.781799E-05
51.60374 10.80035 312.1502 1.781799E-05
51.70374 10.80035 312.1502 1.781799E-05
51.80374 10.80035 312.1502 1.781799E-05
51.90374 10.80035 312.1502 1.781799E-05
52.00374 10.80035 312.1502 1.781799E-05
52.10374 10.80035 312.1502 1.781799E-05
52.20374 10.80035 312.1502 1.781799E-05
52.30374 10.80035 312.1502 1.781799E-05
52.40374 10.80035 312.1502 1.781799E-05
52.50374 10.80035 312.1502 1.781799E-05
52.60374 10.80035 312.1502 1.781799E-05
52.70374 10.80035 312.1502 1.781799E-05
52.80374 10.80035 312.1502 1.781799E-05
52.90374 10.80035 312.1502 1.781799E-05
53.00374 10.80035 312.1502 1.781799E-05
53.10374 10.80035 312.1502 1.781799E-05
53.20374 10.80035 312.1502 1.781799E-05
53.30374 10.80035 312.1502 1.781799E-05
53.40374 10.80035 312.1502 1.781799E-05
53.50374 10.80035 312.1502 1.781799E-05
53.60374 10.80035 312.1502 1.781799E-05
53.70374 10.80035 312.1502 1.781799E-05
53.80374 10.80035 312.1502 1.781799E-05
53.90374 10.80035 312.1502 1.781799E-05
54.00374 10.80035 312.1502 1.781799E-05
54.10374 10.80035 312.1502 1.781799E-05
54.20374 10.80035 312.1502 1.781799E-05
54.30374 10.80035 312.1502 1.781799E-05
54.40374 10.80035 312.1502 1.781799E-05
54.50374 10.80035 312.1502 1.781799E-05
54.60374 10.80035 312.1502 1.781799E-05
54.70374 10.80035 312.1502 1.781799E-05
54.80374 10.80035 312.1502 1.781799E-05
54.90374 10.80035 312.1502 1.781799E-05
55.00374 10.80035 307.8002 1.912174E-05
55.10374 10.20036 303.3752 2.038589E-05
55.20374 10.20036 303.3752 1.995215E-05
55.30374 10.20036 303.3752 1.995215E-05
55.40374 10.20036 303.3752 1.995215E-05
55.50374 10.20036 303.3752 1.995215E-05
55.60374 10.20036 303.3752 1.995215E-05
55.70374 10.20036 303.3752 1.995215E-05
55.80374 10.20036 303.3752 1.995215E-05
55.90374 10.20036 303.3752 1.995215E-05
56.00374 10.20036 303.3752 1.995215E-05
56.10374 10.20036 303.3752 1.995215E-05
56.20374 10.20036 303.3752 1.995215E-05
56.30374 10.20036 303.3752 1.995215E-05
56.40374 10.20036 303.3752 1.995215E-05
56.50374 10.20036 303.3752 1.995215E-05
56.60374 10.20036 303.3752 1.995215E-05
56.70374 10.20036 303.3752 1.995215E-05
56.80374 10.20036 303.3752 1.995215E-05
56.90374 10.20036 303.3752 1.995215E-05
57.00374 10.20036 303.3752 1.995215E-05
57.10374 10.20036 303.3752 1.995215E-05
57.20374 10.20036 303.3752 1.995215E-05
57.30374 10.20036 303.3752 1.995215E-05
57.40374 10.20036 303.3752 1.995215E-05
57.50374 10.20036 303.3752 1.995215E-05
57.60374 10.20036 303.3752 1.995215E-05
57.70374 10.20036 303.3752 1.995215E-05
57.80374 10.20036 303.3752 1.995215E-05
57.90374 10.20036 303.3752 1.995215E-05
58.00374 10.20036 303.3752 1.995215E-05
58.10374 10.20036 303.3752 1.995215E-05
58.20374 10.20036 303.3752 1.995215E-05
58.30374 10.20036 303.3752 1.995215E-05
58.40374 10.20036 303.3752 1.995215E-05
58.50374 10.20036 303.3752 1.995215E-05
58.60374 10.20036 303.3752 1.995215E-05
58.70374 10.20036 303.3752 1.995215E-05
58.80374 10.20036 303.3752 1.995215E-05
58.90374 10.20036 303.3752 1.995215E-05
59.00374 10.20036 303.3752 1.995215E-05
59.10374 10.20036 303.3752 1.995215E-05
59.20374 10.20036 303.3752 1.995215E-05
59.30374 10.20036 303.3752 1.995215E-05
59.40374 10.20036 303.3752 1.995215E-05
59.50374 10.20036 303.3752 1.995215E-05
59.60374 10.20036 303.3752 1.995215E-05
59.70374 10.20036 303.3752 1.995215E-05
59.80374 10.20036 303.3752 1.995215E-05
59.90374 10.20036 303.3752 1.995215E-05
60.00374 10.20036 303.3752 1.995215E-05
60.10374 10.20036 303.3752 1.995215E-05
60.20374 10.20036 303.3752 1.995215E-05
60.30374 10.20036 303.3752 1.995215E-05
60.40374 10.20036 303.3752 1.995215E-05
60.50374 10.20036 303.3752 1.995215E-05
60.60374 10.20036 303.3752 1.995215E-05
60.70374 10.20036 303.3752 1.995215E-05
60.80374 10.20036 303.3752 1.995215E-05
60.90374 10.20036 303.3752 1.995215E-05
61.00374 10.20036 303.3752 1.995215E-05
61.10374 10.20036 303.3752 1.995215E-05
61.20374 10.20036 303.3752 1.995215E-05
61.30374 10.20036 303.3752 1.995215E-05
61.40374 10.20036 303.3752 1.995215E-05
61.50374 10.20036 303.3752 1.995215E-05
61.60374 10.20036 303.3752 1.995215E-05
61.70374 10.20036 303.3752 1.995215E-05
61.80374 10.20036 303.3752 1.995215E-05
61.90374 10.20036 303.3752 1.995215E-05
62.00374 10.20036 303.3752 1.995215E-05
62.10374 10.20036 303.3752 1.995215E-05
62.20374 10.20036 303.3752 1.995215E-05
62.30374 10.20036 303.3752 1.995215E-05
62.40374 10.20036 303.3752 1.995215E-05
62.50374 10.20036 303.3752 1.995215E-05
62.60374 10.20036 303.3752 1.995215E-05
62.70374 10.20036 303.3752 1.995215E-05
62.80374 10.20036 303.3752 1.995215E-05
62.90374 10.20036 303.3752 1.995215E-05
63.00374 10.20036 303.3752 1.995215E-05
63.10374 10.20036 303.3752 1.995215E-05
63.20374 10.20036 303.3752 1.995215E-05
63.30374 10.20036 303.3752 1.995215E-05
63.40374 10.20036 303.3752 1.995215E-05
63.50374 10.20036 303.3752 1.995215E-05
63.60374 10.20036 303.3752 1.995215E-05
63.70374 10.20036 303.3752 1.995215E-05
63.80374 10.20036 303.3752 1.995215E-05
63.90374 10.20036 303.3752 1.995215E-05
64.00374 10.20036 303.3752 1.995215E-05
64.10374 10.20036 303.3752 1.995215E-05
64.20374 10.20036 303.3752 1.995215E-05
64.30374 10.20036 303.3752 1.995215E-05
64.40374 10.20036 303.3752 1.995215E-05
64.50374 10.20036 303.3752 1.995215E-05
64.60374 10.20036 303.3752 1.995215E-05
64.70374 10.20036 303.3752 1.995215E-05
64.80374 10.20036 303.3752 1.995215E-05
64.90374 10.20036 303.3752 1.995215E-05
65.00374 10.20036 303.3752 1.995215E-05
65.10374 10.20036 303.3752 1.995215E-05
65.20374 10.20036 303.3752 1.995215E-05
65.30374 10.20036 303.3752 1.995215E-05
65.40374 10.20036 303.3752 1.995215E-05
65.50374 10.20036 303.3752 1.995215E-05
65.60374 10.20036 303.3752 1.995215E-05
65.70374 10.20036 303.3752 1.995215E-05
65.80374 10.20036 303.3752 1.995215E-05
65.90374 10.20036 303.3752 1.995215E-05
66.00374 10.20036 303.3752 1.995215E-05
66.10374 10.20036 303.3752 1.995215E-05
66.20374 10.20036 303.3752 1.995215E-05
66.30374 10.20036 303.3752 1.995215E-05
66.40374 10.20036 303.3752 1.995215E-05
66.50374 10.20036 303.3752 1.995215E-05
66.60374 10.20036 303.3752 1.995215E-05
66.70374 10.20036 303.3752 1.995215E-05
66.80374 10.20036 303.3752 1.995215E-05
66.90374 10.20036 303.3752 1.995215E-05
67.00374 10.20036 303.3752 1.995215E-05
67.10374 10.20036 303.3752 1.995215E-05
67.20374 10.20036 303.3752 1.995215E-05
67.30374 10.20036 303.3752 1.995215E-05
67.40374 10.20036 303.3752 1.995215E-05
67.50374 10.20036 303.3752 1.995215E-05
67.60374 10.20036 303.3752 1.995215E-05
67.70374 10.20036 303.3752 1.995215E-05
67.80374 10.20036 303.3752 1.995215E-05
67.90374 10.20036 303.3752 1.995215E-05
68.00374 10.20036 303.3752 1.995215E-05
68.10374 10.20036 303.3752 1.995215E-05
68.20374 10.20036 303.3752 1.995215E-05
68.30374 10.20036 303.3752 1.995215E-05
68.40374 10.20036 303.3752 1.995215E-05
68.50374 10.20036 303.3752 1.995215E-05
68.60374 10.20036 303.3752 1.995215E-05
68.70374 10.20036 303.3752 1.995215E-05
68.80374 10.20036 303.3752 1.995215E-05
68.90374 10.20036 303.3752 1.995215E-05
69.00374 10.20036 303.3752 1.995215E-05
69.10374 10.20036 303.3752 1.995215E-05
69.20374 10.20036 303.3752 1.995215E-05
69.30374 10.20036 303.3752 1.995215E-05
69.40374 10.20036 303.3752 1.995215E-05
69.50374 10.20036 303.3752 1.995215E-05
69.60374 10.20036 303.3752 1.995215E-05
69.70374 10.20036 303.3752 1.995215E-05
69.80374 10.20036 303.3752 1.995215E-05
69.90374 10.20036 303.3752 1.995215E-05
70.00374 10.20036 303.3752 1.995215E-05
70.10374 10.20036 303.3752 1.995215E-05
70.20374 10.20036 303.3752 1.995215E-05
70.30374 10.20036 303.3752 1.995215E-05
70.40374 10.20036 303.3752 1.995215E-05
70.50374 10.20036 303.3752 1.995215E-05
70.60374 10.20036 303.3752 1.995215E-05
70.70374 10.20036 303.3752 1.995215E-05
70.80374 10.20036 303.3752 1.995215E-05
70.90374 10.20036 303.3752 1.995215E-05
71.00374 10.20036 303.3752 1.995215E-05
71.10374 10.20036 303.3752 1.995215E-05
71.20374 10.20036 303.3752 1.995215E-05
71.30374 10.20036 303.3752 1.995215E-05
71.40374 10.20036 303.3752 1.995215E-05
71.50374 10.20036 303.3752 1.995215E-05
71.60374 10.20036 303.3752 1.995215E-05
71.70374 10.20036 303.3752 1.995215E-05
71.80374 10.20036 303.3752 1.995215E-05
71.90374 10.20036 303.3752 1.995215E-05
72.00374 10.20036 303.3752 1.995215E-05
72.10374 10.20036 303.3752 1.995215E-05
72.20374 10.20036 303.3752 1.995215E-05
72.30374 10.20036 303.3752 1.995215E-05
72.40374 10.20036 303.3752 1.995215E-05
72.50374 10.20036 303.3752 1.995215E-05
72.60374 10.20036 303.3752 1.995215E-05
72.70374 10.20036 303.3752 1.995215E-05
72.80374 10.20036 303.3752 1.995215E-05
72.90374 10.20036 303.3752 1.995215E-05
73.00374 10.20036 303.3752 1.995215E-05
73.10374 10.20036 303.3752 1.995215E-05
73.20374 10.20036 303.3752 1.995215E-05
73.30374 10.20036 303.3752 1.995215E-05
73.40374 10.20036 303.3752 1.995215E-05
73.50374 10.20036 303.3752 1.995215E-05
73.60374 10.20036 303.3752 1.995215E-05
73.70374 10.20035 304.1252 2.038589E-05
73.80374 10.35036 306.7502 1.996162E-05
73.90374 10.50036 307.7252 1.866876E-05
74.00374 10.50036 307.7252 1.866876E-05
74.10374 10.50036 307.7252 1.866876E-05
74.20374 10.50036 307.7252 1.866876E-05
74.30374 10.50036 307.7252 1.866876E-05
74.40374 10.50036 307.7252 1.866876E-05
74.50374 10.50036 307.7252 1.866876E-05
74.60374 10.50036 307.7252 1.866876E-05
74.70374 10.50036 307.7252 1.866876E-05
74.80374 10.50036 307.7252 1.866876E-05
74.90374 10.50036 307.7252 1.866876E-05
75.00374 10.50036 307.7252 1.866876E-05
75.10374 10.50036 307.7252 1.866876E-05
75.20374 10.50036 307.7252 1.866876E-05
75.30374 10.50036 307.7252 1.866876E-05
75.40374 10.50036 307.7252 1.866876E-05
75.50374 10.50036 307.7252 1.866876E-05
75.60374 10.50036 307.7252 1.866876E-05
75.70374 10.50036 307.7252 1.866876E-05
75.80374 10.50036 307.7252 1.866876E-05
75.90374 10.50036 307.7252 1.866876E-05
76.00374 10.50036 307.7252 1.866876E-05
76.10374 10.50036 307.7252 1.866876E-05
76.20374 10.50036 307.7252 1.866876E-05
76.30374 10.50036 307.7252 1.866876E-05
76.40374 10.50036 307.7252 1.866876E-05
76.50374 10.50036 307.7252 1.866876E-05
76.60374 10.50036 307.7252 1.866876E-05
76.70374 10.50036 307.7252 1.866876E-05
76.80374 10.50036 307.7252 1.866876E-05
76.90374 10.50036 307.7252 1.866876E-05
77.00374 10.50036 307.7252 1.866876E-05
77.10374 10.50036 307.7252 1.866876E-05
77.20374 10.50036 307.7252 1.866876E-05
77.30374 10.50036 307.7252 1.866876E-05
77.40374 10.50036 307.7252 1.866876E-05
77.50374 10.50036 307.7252 1.866876E-05
77.60374 10.50036 307.7252 1.866876E-05
77.70374 10.50036 307.7252 1.866876E-05
77.80374 10.50036 307.7252 1.866876E-05
77.90374 10.50036 307.7252 1.866876E-05
78.00374 10.50036 307.7252 1.866876E-05
78.10374 10.50036 307.7252 1.866876E-05
78.20374 10.50036 307.7252 1.866876E-05
78.30374 10.50036 307.7252 1.866876E-05
78.40374 10.50036 307.7252 1.866876E-05
78.50374 10.50036 307.7252 1.866876E-05
78.60374 10.50036 307.7252 1.866876E-05
78.70374 10.50036 307.7252 1.866876E-05
78.80374 10.50036 307.7252 1.866876E-05
78.90374 10.50036 307.7252 1.866876E-05
79.00374 10.50036 307.7252 1.866876E-05
79.10374 10.50036 307.7252 1.866876E-05
79.20374 10.50036 307.7252 1.866876E-05
79.30374 10.50036 307.7252 1.866876E-05
79.40374 10.50036 307.7252 1.866876E-05
79.50374 10.50036 307.7252 1.866876E-05
79.60374 10.50036 307.7252 1.866876E-05
79.70374 10.50036 307.7252 1.866876E-05
79.80374 10.50036 307.7252 1.866876E-05
79.90374 10.50036 307.7252 1.866876E-05
80.00374 10.50036 307.7252 1.866876E-05
80.10374 10.50036 307.7252 1.866876E-05
80.20374 10.50036 307.7252 1.866876E-05
80.30374 10.50036 307.7252 1.866876E-05
80.40374 10.50036 307.7252 1.866876E-05
80.50374 10.50036 307.7252 1.866876E-05
80.60374 10.50036 307.7252 1.866876E-05
80.70374 10.50036 307.7252 1.866876E-05
80.80374 10.50036 307.7252 1.866876E-05
