7.12759 0 270 0
7.199571 0 270 0
7.271634 0 270 0
7.291634 0 270 0
7.311634 0 270 0
7.331634 0 270 0
7.351634 0 270 0
7.371634 0 270 0
7.391634 0 270 0
7.411634 0 270 0
7.431634 0 270 0
7.451634 0 270 0
7.471634 0 270 0
7.491634 0 270 0
7.511634 0 270 0
7.531634 0 270 0
7.551634 0 270 0
7.571634 0 270 0
7.591634 0 270 0
7.611634 0 270 0
7.631634 0 270 0
7.651634 0 270 0
7.671634 0 270 0
7.691634 0 270 0
7.711634 0 270 0
7.731634 0 270 0
7.751634 0 270 0
7.771634 0 270 0
7.791634 0 270 0
7.811634 0 270 0
7.831634 0 270 0
7.851634 0 270 0
7.871634 0 270 0
7.891634 0 270 0
7.911634 0 270 0
7.931634 0 270 0
7.951634 0 270 0
7.971634 0 270 0
7.991634 0 270 0
8.011634 0 270 0
8.031633 0 270 0
8.051634 0 270 0
8.071634 0 270 0
8.091634 0 270 0
8.111634 0 270 0
8.131634 0 270 0
8.151634 0 270 0
8.171634 0 270 0
8.191634 0 270 0
8.211634 0 270 0
8.231634 0 270 0
8.251634 0 270 0
8.271634 0 270 0
8.291634 0 270 0
8.311634 0 270 0
8.331634 0 270 0
8.351634 0 270 0
8.371634 0 270 0
8.391634 0 270 0
8.411633 0 270 0
8.431634 0 270 0
8.451633 0 270 0
8.471634 0 270 0
8.491633 0 270 0
8.511634 0 270 0
8.531633 0 270 0
8.551634 0 270 0
8.571634 0 270 0
8.591634 0 270 0
8.611634 0 270 0
8.631634 0 270 0
8.651634 0 270 0
8.671634 0 270 0
8.691634 0 270 0
8.711634 0 270 0
8.731634 0 270 0
8.751634 0 270 0
8.771634 0 270 0
8.791634 0 270 0
8.811634 0 270 0
8.831634 0 270 0
8.851634 0 270 0
8.871634 0 270 0
8.891634 0 270 0
8.911633 0 270 0
8.931634 0 270 0
8.951633 0 270 0
8.971634 0 270 0
8.991633 0 270 0
9.011634 0 270 0
9.031633 0 270 0
9.051634 0 270 0
9.071634 0 270 0
9.091634 0 270 0
9.111634 0 270 0
9.131634 0 270 0
9.151634 0 270 0
9.171634 0 270 0
9.191634 0 270 0
9.211634 0 270 0
9.231634 0 270 0
9.251634 0 270 0
9.271634 0 270 0
9.291634 0 270 0
9.311634 0 270 0
9.331634 0 270 0
9.351634 0 270 0
9.371634 0 270 0
9.391634 0 270 0
9.411633 0 270 0
9.431634 0 270 0
9.451633 0 270 0
9.471634 0 270 0
9.491633 0 270 0
9.511634 0 270 0
9.531633 0 270 0
9.551634 0 270 0
9.571633 0 270 0
9.591634 0 270 0
9.611634 0 270 0
9.631634 0 270 0
9.651634 0 270 0
9.671634 0 270 0
9.691634 0 270 0
9.711634 0 270 0
9.731634 0 270 0
9.751634 0 270 0
9.771634 0 270 0
9.791634 0 270 0
9.811634 0 270 0
9.831634 0 270 0
9.851634 0 270 0
9.871634 0 270 0
9.891634 0 270 0
9.911633 0 270 0
9.931634 0 270 0
9.951633 0 270 0
9.971634 0 270 0
9.991633 0 270 0
10.01163 0 270 0
10.03163 0 270 0
10.05163 0 270 0
10.07163 0 270 0
10.09163 0 270 0
10.11163 0 270 0
10.13163 0 270 0
10.15163 0 270 0
10.17163 0 270 0
10.19163 0 270 0
10.21163 0 270 0
10.23163 0 270 0
10.25163 0 270 0
10.27163 0 270 0
10.29163 0 270 0
10.31163 0 270 0
10.33163 0 270 0
10.35163 0 270 0
10.37163 0 270 0
10.39163 0 270 0
10.41163 0 270 0
10.43163 0 270 0
10.45163 0 270 0
10.47163 0 270 0
10.49163 0 270 0
10.51163 0 270 0
10.53163 0 270 0
10.55163 0 270 0
10.57163 0 270 0
10.59163 0 270 0
10.61163 0 270 0
10.63163 0 270 0
10.65163 0 270 0
10.67163 0 270 0
10.69163 0 270 0
10.71163 0 270 0
10.73163 0 270 0
10.75163 0 270 0
10.77163 0 270 0
10.79163 0 270 0
10.81163 0 270 0
10.83163 0 270 0
10.85163 0 270 0
10.87163 0 270 0
10.89163 0 270 0
10.91163 0 270 0
10.93163 0 270 0
10.95163 0 270 0
10.97163 0 270 0
10.99163 0 270 0
11.01163 0 270 0
11.03163 0 270 0
11.05163 0 270 0
11.07163 0 270 0
11.09163 0 270 0
11.11163 0 270 0
11.13163 0 270 0
11.15163 0 270 0
11.17163 0 270 0
11.19163 0 270 0
11.21163 0 270 0
11.23163 0 270 0
11.25163 0 270 0
11.27163 0 270 0
11.29163 0 270 0
11.31163 0 270 0
11.33163 0 270 0
11.35163 0 270 0
11.37163 0 270 0
11.39163 0 270 0
11.41163 0 270 0
11.43163 0 270 0
11.45163 0 270 0
11.47163 0 270 0
11.49163 0 270 0
11.51163 0 270 0
11.53163 0 270 0
11.55163 0 270 0
11.57163 0 270 0
11.59163 0 270 0
11.61163 0 270 0
11.63163 0 270 0
11.65163 0 270 0
11.67163 0 270 0
11.69163 0 270 0
11.71163 0 270 0
11.73163 0 270 0
11.75163 0 270 0
11.77163 0 270 0
11.79163 0 270 0
11.81163 0 270 0
11.83163 0 270 0
11.85163 0 270 0
11.87163 0 270 0
11.89163 0 270 0
11.91163 0 270 0
11.93163 0 270 0
11.95163 0 270 0
11.97163 0 270 0
11.99163 0 270 0
12.01163 0 270 0
12.03163 0 270 0
12.05163 0 270 0
12.07163 0 270 0
12.09163 0 270 0
12.11163 0 270 0
12.13163 0 270 0
12.15163 0 270 0
12.17163 0 270 0
12.19163 0 270 0
12.21163 0 270 0
12.23163 0 270 0
12.25163 0 270 0
12.27163 0 270 0
12.29163 0 270 0
12.31163 0 270 0
12.33163 0 270 0
12.35163 0 270 0
12.37163 0 270 0
12.39163 0 270 0
12.41163 0 270 0
12.43163 0 270 0
12.45163 0 270 0
12.47163 0 270 0
12.49163 0 270 0
12.51163 0 270 0
12.53163 0 270 0
12.55163 0 270 0
12.57163 0 270 0
12.59163 0 270 0
12.61163 0 270 0
12.63163 0 270 0
12.65163 0 270 0
12.67163 0 270 0
12.69163 0 270 0
12.71163 0 270 0
12.73163 0 270 0
12.75163 0 270 0
12.77163 0 270 0
12.79163 0 270 0
12.81163 0 270 0
12.83163 0 270 0
12.85163 0 270 0
12.87163 0 270 0
12.89163 0 270 0
12.91163 0 270 0
12.93163 0 270 0
12.95163 0 270 0
12.97163 0 270 0
12.99163 0 270 0
13.01163 0 270 0
13.03163 0 270 0
13.05163 0 270 0
13.07163 0 270 0
13.09163 0 270 0
13.11163 0 270 0
13.13163 0 270 0
13.15163 0 270 0
13.17163 0 270 0
13.19163 0 270 0
13.21163 0 270 0
13.23163 0 270 0
13.25163 0 270 0
13.27163 0 270 0
13.29163 0 270 0
13.31163 0 270 0
13.33163 0 270 0
13.35163 0 270 0
13.37163 0 270 0
13.39163 0 270 0
13.41163 0 270 0
13.43163 0 270 0
13.45163 0 270 0
13.47163 0 270 0
13.49163 0 270 0
13.51163 0 270 0
13.53163 0 270 0
13.55163 0 270 0
13.57163 0 270 0
13.59163 0 270 0
13.61163 0 270 0
13.63163 0 270 0
13.65163 0 270 0
13.67163 0 270 0
13.69163 0 270 0
13.71163 0 270 0
13.73163 0 270 0
13.75163 0 270 0
13.77163 0 270 0
13.79163 0 270 0
13.81163 0 270 0
13.83163 0 270 0
13.85163 0 270 0
13.87163 0 270 0
13.89163 0 270 0
13.91163 0 270 0
13.93163 0 270 0
13.95163 0 270 0
13.97163 0 270 0
13.99163 0 270 0
14.01163 0 270 0
14.03163 0 270 0
14.05163 0 270 0
14.07163 0 270 0
14.09163 0 270 0
14.11163 0 270 0
14.13163 0 270 0
14.15163 0 270 0
14.17163 0 270 0
14.19163 0 270 0
14.21163 0 270 0
14.23163 0 270 0
14.25163 0 270 0
14.27163 0 270 0
14.29163 0 270 0
14.31163 0 270 0
14.33163 0 270 0
14.35163 0 270 0
14.37163 0 270 0
14.39163 0 270 0
14.41163 0 270 0
14.43163 0 270 0
14.45163 0 270 0
14.47163 0 270 0
14.49163 0 270 0
14.51163 0 270 0
14.53163 0 270 0
14.55163 0 270 0
14.57163 0 270 0
14.59163 0 270 0
14.61163 0 270 0
14.63163 0 270 0
14.65163 0 270 0
14.67163 0 270 0
14.69163 0 270 0
14.71163 0 270 0
14.73163 0 270 0
14.75163 0 270 0
14.77163 0 270 0
14.79163 0 270 0
14.81163 0 270 0
14.83163 0 270 0
14.85163 0 270 0
14.87163 0 270 0
14.89163 0 270 0
14.91163 0 270 0
14.93163 0 270 0
14.95163 0 270 0
14.97163 0 270 0
14.99163 0 270 0
15.01163 0 270 0
15.03163 0 270 0
15.05163 0 270 0
15.07163 0 270 0
15.09163 0 270 0
15.11163 0 270 0
15.13163 0 270 0
15.15163 0 270 0
15.17163 0 270 0
15.19163 0 270 0
15.21163 0 270 0
15.23163 0 270 0
15.25163 0 270 0
15.27163 0 270 0
15.29163 0 270 0
15.31163 0 270 0
15.33163 0 270 0
15.35163 0 270 0
15.37163 0 270 0
15.39163 0 270 0
15.41163 0 270 0
15.43163 0 270 0
15.45163 0 270 0
15.47163 0 270 0
15.49163 0 270 0
15.51163 0 270 0
15.53163 0 270 0
15.55163 0 270 0
15.57163 0 270 0
15.59163 0 270 0
15.61163 0 270 0
15.63163 0 270 0
15.65163 0 270 0
15.67163 0 270 0
15.69163 0 270 0
15.71163 0 270 0
15.73163 0 270 0
15.75163 0 270 0
15.77163 0 270 0
15.79163 0 270 0
15.81163 0 270 0
15.83163 0 270 0
15.85163 0 270 0
15.87163 0 270 0
15.89163 0 270 0
15.91163 0 270 0
15.93163 0 270 0
15.95163 0 270 0
15.97163 0 270 0
15.99163 0 270 0
16.01163 0 270 0
16.03163 0 270 0
16.05163 0 270 0
16.07163 0 270 0
16.09163 0 270 0
16.11163 0 270 0
16.13163 0 270 0
16.15163 0 270 0
16.17163 0 270 0
16.19163 0 270 0
16.21163 0 270 0
16.23163 0 270 0
16.25163 0 270 0
16.27163 0 270 0
16.29163 0 270 0
16.31163 0 270 0
16.33163 0 270 0
16.35163 0 270 0
16.37163 0 270 0
16.39163 0 270 0
16.41163 0 270 0
16.43163 0 270 0
16.45163 0 270 0
16.47163 0 270 0
16.49163 0 270 0
16.51163 0 270 0
16.53163 0 270 0
16.55163 0 270 0
16.57163 0 270 0
16.59163 0 270 0
16.61163 0 270 0
16.63163 0 270 0
16.65163 0 270 0
16.67163 0 270 0
16.69163 0 270 0
16.71163 0 270 0
16.73163 0 270 0
16.75163 0 270 0
16.77163 0 270 0
16.79163 0 270 0
16.81163 0 270 0
16.83163 0 270 0
16.85163 0 270 0
16.87163 0 270 0
16.89163 0 270 0
16.91163 0 270 0
16.93163 0 270 0
16.95163 0 270 0
16.97163 0 270 0
16.99163 0 270 0
17.01163 0 270 0
17.03163 0 270 0
17.05163 0 270 0
17.07163 0 270 0
17.09163 0 270 0
17.11163 0 270 0
17.13163 0 270 0
17.15163 0 270 0
17.17163 0 270 0
17.19163 0 270 0
17.21163 0 270 0
17.23163 0 270 0
17.25163 0 270 0
17.27163 0 270 0
17.29163 0 270 0
17.31163 0 270 0
17.33163 0 270 0
17.35163 0 270 0
17.37163 0 270 0
17.39163 0 270 0
17.41163 0 270 0
17.43163 0 270 0
17.45163 0 270 0
17.47163 0 270 0
17.49163 0 270 0
17.51163 0 270 0
17.53163 0 270 0
17.55163 0 270 0
17.57163 0 270 0
17.59163 0 270 0
17.61163 0 270 0
17.63163 0 270 0
17.65163 0 270 0
17.67163 0 270 0
17.69163 0 270 0
17.71163 0 270 0
17.73163 0 270 0
17.75163 0 270 0
17.77163 0 270 0
17.79163 0 270 0
17.81163 0 270 0
17.83163 0 270 0
17.85163 0 270 0
17.87163 0 270 0
17.89163 0 270 0
17.91163 0 270 0
17.93163 0 270 0
17.95163 0 270 0
17.97163 0 270 0
17.99163 0 270 0
18.01163 0 270 0
18.03163 0 270 0
18.05163 0 270 0
18.07163 0 270 0
18.09163 0 270 0
18.11163 0 270 0
18.13163 0 270 0
18.15163 0 270 0
18.17163 0 270 0
18.19163 0 270 0
18.21163 0 270 0
18.23163 0 270 0
18.25163 0 270 0
18.27163 0 270 0
18.29163 0 270 0
18.31163 0 270 0
18.33163 0 270 0
18.35163 0 270 0
18.37163 0 270 0
18.39163 0 270 0
18.41163 0 270 0
18.43163 0 270 0
18.45163 0 270 0
18.47163 0 270 0
18.49163 0 270 0
18.51163 0 270 0
18.53163 0 270 0
18.55163 0 270 0
18.57163 0 270 0
18.59163 0 270 0
18.61163 0 270 0
18.63163 0 270 0
18.65163 0 270 0
18.67163 0 270 0
18.69163 0 270 0
18.71163 0 270 0
18.73163 0 270 0
18.75163 0 270 0
18.77163 0 270 0
18.79163 0 270 0
18.81163 0 270 0
18.83163 0 270 0
18.85163 0 270 0
18.87163 0 270 0
18.89163 0 270 0
18.91163 0 270 0
18.93163 0 270 0
18.95163 0 270 0
18.97163 0 270 0
18.99163 0 270 0
19.01163 0 270 0
19.03163 0 270 0
19.05163 0 270 0
19.07163 0 270 0
19.09163 0 270 0
19.11163 0 270 0
19.13163 0 270 0
19.15163 0 270 0
19.17163 0 270 0
19.19163 0 270 0
19.21163 0 270 0
19.23163 0 270 0
19.25163 0 270 0
19.27163 0 270 0
19.29163 0 270 0
19.31163 0 270 0
19.33163 0 270 0
19.35163 0 270 0
19.37163 0 270 0
19.39163 0 270 0
19.41163 0 270 0
19.43163 0 270 0
19.45163 0 270 0
19.47163 0 270 0
19.49163 0 270 0
19.51163 0 270 0
19.53163 0 270 0
19.55163 0 270 0
19.57163 0 270 0
19.59163 0 270 0
19.61163 0 270 0
19.63163 0 270 0
19.65163 0 270 0
19.67163 0 270 0
19.69163 0 270 0
19.71163 0 270 0
19.73163 0 270 0
19.75163 0 270 0
19.77163 0 270 0
19.79163 0 270 0
19.81163 0 270 0
19.83163 0 270 0
19.85163 0 270 0
19.87163 0 270 0
19.89163 0 270 0
19.91163 0 270 0
19.93163 0 270 0
19.95163 0 270 0
19.97163 0 270 0
19.99163 0 270 0
20.01163 0 270 0
20.03163 0 270 0
20.05163 0 270 0
20.07163 0 270 0
20.09163 0 270 0
20.11163 0 270 0
20.13163 0 270 0
20.15163 0 270 0
20.17163 0 270 0
20.19163 0 270 0
20.21163 0 270 0
20.23163 0 270 0
20.25163 0 270 0
20.27163 0 270 0
20.29163 0 270 0
20.31163 0 270 0
20.33163 0 270 0
20.35163 0 270 0
20.37163 0 270 0
20.39163 0 270 0
20.41163 0 270 0
20.43163 0 270 0
20.45163 0 270 0
20.47163 0 270 0
20.49163 0 270 0
20.51163 0 270 0
20.53163 0 270 0
20.55163 0 270 0
20.57163 0 270 0
20.59163 0 270 0
20.61163 0 270 0
20.63163 0 270 0
20.65163 0 270 0
20.67163 0 270 0
20.69163 0 270 0
20.71163 0 270 0
20.73163 0 270 0
20.75163 0 270 0
20.77163 0 270 0
20.79163 0 270 0
20.81163 0 270 0
20.83163 0 270 0
20.85163 0 270 0
20.87163 0 270 0
20.89163 0 270 0
20.91163 0 270 0
20.93163 0 270 0
20.95163 0 270 0
20.97163 0 270 0
20.99163 0 270 0
21.01163 0 270 0
21.03163 0 270 0
21.05163 0 270 0
21.07163 0 270 0
21.09163 0 270 0
21.11163 0 270 0
21.13163 0 270 0
21.15163 0 270 0
21.17163 0 270 0
21.19163 0 270 0
21.21163 0 270 0
21.23163 0 270 0
21.25163 0 270 0
21.27163 0 270 0
21.29163 0 270 0
21.31163 0 270 0
21.33163 0 270 0
21.35163 0 270 0
21.37163 0 270 0
21.39163 0 270 0
21.41163 0 270 0
21.43163 0 270 0
21.45163 0 270 0
21.47163 0 270 0
21.49163 0 270 0
21.51163 0 270 0
21.53163 0 270 0
21.55163 0 270 0
21.57163 0 270 0
21.59163 0 270 0
21.61163 0 270 0
21.63163 0 270 0
21.65163 0 270 0
21.67163 0 270 0
21.69163 0 270 0
21.71163 0 270 0
21.73163 0 270 0
21.75163 0 270 0
21.77163 0 270 0
21.79163 0 270 0
21.81163 0 270 0
21.83163 0 270 0
21.85163 0 270 0
21.87163 0 270 0
21.89163 0 270 0
21.91163 0 270 0
21.93163 0 270 0
21.95163 0 270 0
21.97163 0 270 0
21.99163 0 270 0
22.01163 0 270 0
22.03163 0 270 0
22.05163 0 270 0
22.07163 0 270 0
22.09163 0 270 0
22.11163 0 270 0
22.13163 0 270 0
22.15163 0 270 0
22.17163 0 270 0
22.19163 0 270 0
22.21163 0 270 0
22.23163 0 270 0
22.25163 0 270 0
22.27163 0 270 0
22.29163 0 270 0
22.31163 0 270 0
22.33163 0 270 0
22.35163 0 270 0
22.37163 0 270 0
22.39163 0 270 0
22.41163 0 270 0
22.43163 0 270 0
22.45163 0 270 0
22.47163 0 270 0
22.49163 0 270 0
22.51163 0 270 0
22.53163 0 270 0
22.55163 0 270 0
22.57163 0 270 0
22.59163 0 270 0
22.61163 0 270 0
22.63163 0 270 0
22.65163 0 270 0
22.67163 0 270 0
22.69163 0 270 0
22.71163 0 270 0
22.73163 0 270 0
22.75163 0 270 0
22.77163 0 270 0
22.79163 0 270 0
22.81163 0 270 0
22.83163 0 270 0
22.85163 0 270 0
22.87163 0 270 0
22.89163 0 270 0
22.91163 0 270 0
22.93163 0 270 0
22.95163 0 270 0
22.97163 0 270 0
22.99163 0 270 0
23.01163 0 270 0
23.03163 0 270 0
23.05163 0 270 0
23.07163 0 270 0
23.09163 0 270 0
23.11163 0 270 0
23.13163 0 270 0
23.15163 0 270 0
23.17163 0 270 0
23.19163 0 270 0
23.21163 0 270 0
23.23163 0 270 0
23.25163 0 270 0
23.27163 0 270 0
23.29163 0 270 0
23.31163 0 270 0
23.33163 0 270 0
23.35163 0 270 0
23.37163 0 270 0
23.39163 0 270 0
23.41163 0 270 0
23.43163 0 270 0
23.45163 0 270 0
23.47163 0 270 0
23.49163 0 270 0
23.51163 0 270 0
23.53163 0 270 0
23.55163 0 270 0
23.57163 0 270 0
23.59163 0 270 0
23.61163 0 270 0
23.63163 0 270 0
23.65163 0 270 0
23.67163 0 270 0
23.69163 0 270 0
23.71163 0 270 0
23.73163 0 270 0
23.75163 0 270 0
23.77163 0 270 0
23.79163 0 270 0
23.81163 0 270 0
23.83163 0 270 0
23.85163 0 270 0
23.87163 0 270 0
23.89163 0 270 0
23.91163 0 270 0
23.93163 0 270 0
23.95163 0 270 0
23.97163 0 270 0
23.99163 0 270 0
27.02386 0 270 0
27.04386 0 270 0
27.06386 0 270 0
27.08386 0 270 0
27.10386 0 270 0
27.12386 0 270 0
27.14386 0 270 0
27.16386 0 270 0
27.18386 0 270 0
27.20386 0 270 0
27.22386 0 270 0
27.24386 0 270 0
27.26386 0 270 0
27.28386 0 270 0
27.30386 0 270 0
27.32386 0 270 0
27.34386 0 270 0
27.36386 0 270 0
27.38386 0 270 0
27.40386 0 270 0
27.42386 0 270 0
27.44386 0 270 0
27.46386 0 270 0
27.48386 0 270 0
27.50386 0 270 0
27.52386 0 270 0
27.54386 0 270 0
27.56386 0 270 0
27.58386 0 270 0
27.60386 0 270 0
27.62386 0 270 0
27.64386 0 270 0
27.66386 0 270 0
27.68386 0 270 0
27.70386 0 270 0
27.72386 0 270 0
27.74386 0 270 0
27.76386 0 270 0
27.78386 0 270 0
27.80386 0 270 0
27.82386 0 270 0
27.84386 0 270 0
27.86386 0 270 0
27.88386 0 270 0
27.90386 0 270 0
27.92386 0 270 0
28.09014 0 270 0
28.11014 0 270 0
28.13014 0 270 0
28.15014 0 270 0
28.17014 0 270 0
28.19014 0 270 0
28.21014 0 270 0
28.23014 0 270 0
28.25014 0 270 0
28.27014 0 270 0
28.29014 0 270 0
28.31014 0 270 0
28.33014 0 270 0
28.35014 0 270 0
28.37014 0 270 0
28.39014 0 270 0
28.41014 0 270 0
28.43014 0 270 0
28.45014 0 270 0
28.47014 0 270 0
28.49014 0 270 0
28.51014 0 270 0
28.53014 0 270 0
28.55014 0 270 0
28.57014 0 270 0
28.59014 0 270 0
28.61014 0 270 0
28.63014 0 270 0
28.65014 0 270 0
28.67014 0 270 0
28.69014 0 270 0
28.71014 0 270 0
28.73014 0 270 0
28.75014 0 270 0
28.77014 0 270 0
28.79014 0 270 0
28.81014 0 270 0
28.83014 0 270 0
28.85014 0 270 0
28.87014 0 270 0
28.89014 0 270 0
28.91014 0 270 0
28.93014 0 270 0
28.95014 0 270 0
28.97014 0 270 0
28.99014 0 270 0
29.01014 0 270 0
29.03014 0 270 0
29.05014 0 270 0
29.07014 0 270 0
29.09014 0 270 0
29.11014 0 270 0
29.13014 0 270 0
29.15014 0 270 0
29.17014 0 270 0
29.19014 0 270 0
29.21014 0 270 0
29.23014 0 270 0
29.25014 0 270 0
29.27014 0 270 0
29.29014 0 270 0
29.31014 0 270 0
29.33014 0 270 0
29.35014 0 270 0
29.37014 0 270 0
29.39014 0 270 0
29.41014 0 270 0
29.43014 0 270 0
29.45014 0 270 0
29.47014 0 270 0
29.49014 0 270 0
29.51014 0 270 0
29.53014 0 270 0
29.55014 0 270 0
29.57014 0 270 0
29.59014 0 270 0
29.61014 0 270 0
29.63014 0 270 0
29.65014 0 270 0
29.67014 0 270 0
29.69014 0 270 0
29.71014 0 270 0
29.73014 0 270 0
29.75014 0 270 0
29.77014 0 270 0
