-0.03333334 29.34103 235.1824 358.9176
0.03333334 29.357 235.2032 358.9158
0.03333334 29.3723 235.2351 358.9225
0.06666667 29.40433 235.2809 358.9835
0.06666667 29.39771 235.2733 359.0018
0.1 29.38114 235.2539 358.9926
0.1333333 29.39827 235.2495 359.0139
0.1666667 29.42288 235.2338 358.9646
0.1666667 29.4488 235.1219 358.8609
0.1666667 29.39703 234.9054 358.7929
0.1666667 29.50862 234.8281 358.7893
0.1666667 29.45623 234.6879 358.8103
0.5666667 29.44439 234.8182 358.8706
0.6 29.4502 234.9012 358.8122
0.6333333 29.36816 234.9833 358.8373
0.6333333 29.2511 235.119 358.9186
0.6666667 29.21498 235.1812 358.9691
0.6666667 29.14629 235.2571 359.0276
0.6666667 29.18142 235.3268 359.0574
0.7 29.13492 235.4927 359.1447
0.7 29.03431 235.6839 359.2818
0.7 28.98938 235.8918 359.3904
0.7333333 28.99621 236.0537 359.4428
0.7333333 29.01608 236.1751 359.4919
0.7666667 29.04624 236.3205 359.5216
0.7666667 29.04839 236.4359 359.5526
0.8 29.06888 236.5634 359.5952
0.8 29.15595 236.6522 359.5885
0.8 29.23771 236.7036 359.5299
0.8333333 29.31673 236.7316 359.4733
0.8333333 29.44219 236.7258 359.374
0.8666667 29.45164 236.6994 359.3114
0.8666667 29.37437 236.6771 359.2954
0.8666667 29.32432 236.6647 359.3181
0.9 29.34428 236.6405 359.3222
0.9 29.38031 236.6638 359.2895
0.9333333 29.34851 236.6926 359.251
0.9333333 29.16315 236.7481 359.2615
0.9666666 28.75755 236.8893 359.3381
0.9666666 28.27668 237.1135 359.422
0.9666666 27.89257 237.3846 359.4996
1 27.41452 237.7549 359.5993
1 26.75062 238.2037 359.7107
1.033333 25.99475 238.6795 359.8116
1.033333 25.34001 239.114 359.9235
1.033333 24.54845 239.7042 0.07063829
1.066667 23.83484 240.2864 0.2068761
1.066667 23.0369 241.0084 0.3986069
1.1 22.47166 241.5907 0.5964261
1.1 21.73153 242.3671 0.9119616
1.133333 21.00093 243.1946 1.225776
1.133333 20.39745 243.8936 1.425859
1.133333 19.71242 244.7327 1.570317
1.166667 19.10249 245.4863 1.716359
1.166667 18.44265 246.3642 1.965129
1.2 17.84367 247.1769 2.224651
1.2 17.15513 248.0948 2.471369
1.2 16.50469 248.8276 2.650262
1.233333 15.88809 249.4914 2.761586
1.266667 15.29329 250.099 2.831418
1.266667 14.74947 250.6818 2.903897
1.266667 14.29559 251.1704 2.986134
1.3 13.59753 251.7546 3.067261
1.3 12.98392 252.1312 3.060398
1.333333 12.30787 252.4561 2.964457
1.333333 11.80442 252.6621 2.87076
1.333333 11.05355 252.886 2.753708
1.366667 10.2491 253.1024 2.607401
1.366667 9.531645 253.3297 2.451314
1.4 8.747837 253.576 2.214638
1.4 8.017602 253.842 1.920542
1.433333 7.16814 254.1685 1.674937
1.433333 6.345304 254.5022 1.550373
1.433333 5.625795 254.8732 1.499473
1.466667 4.994055 255.3517 1.558574
1.466667 4.413841 255.8545 1.6275
1.5 3.890418 256.436 1.606302
1.5 3.45126 257.0187 1.550522
1.5 2.964067 257.7866 1.497749
1.533333 2.456604 258.6624 1.469771
1.533333 2.023124 259.5643 1.469569
1.566667 1.585877 260.6534 1.522264
1.566667 1.186175 261.7841 1.623432
1.566667 0.7929801 262.9077 1.782609
1.6 0.4172154 264.0038 1.918998
1.6 0.07606111 265.1086 2.08764
1.633333 359.7883 266.0932 2.24825
1.633333 359.5315 267.014 2.355836
1.633333 359.3235 267.8787 2.44139
1.666667 359.0654 268.6917 2.522254
1.666667 358.858 269.2927 2.567922
1.7 358.6487 269.8815 2.59121
1.7 358.545 270.3029 2.604069
1.733333 358.4661 270.7142 2.575803
1.733333 358.3762 271.1258 2.475497
1.733333 358.2893 271.4665 2.304874
1.766667 358.2458 271.8144 2.128081
1.766667 358.2518 272.0525 2.037128
1.8 358.2847 272.3079 1.962964
1.8 358.236 272.5246 1.967432
1.8 358.1086 272.675 1.960798
1.833333 357.9613 272.7656 1.95417
1.833333 357.7801 272.8393 1.957366
1.866667 357.5491 272.8521 1.996531
1.866667 357.2484 272.8645 2.053721
1.9 356.882 272.888 2.169556
1.9 356.6679 272.938 2.267291
1.9 356.4659 272.9682 2.318701
1.933333 356.292 272.9658 2.294027
1.933333 356.1354 272.9381 2.282019
1.966667 356.0466 272.9641 2.314508
1.966667 355.9882 273.0271 2.404979
2 355.8931 273.1312 2.54472
2 355.7493 273.3096 2.639876
2.033333 355.6544 273.3648 2.53734
2.033333 355.612 273.4251 2.542238
2.033333 355.5063 273.5537 2.671045
2.066667 355.4746 273.6476 2.758196
2.066667 355.4246 273.697 2.831514
2.066667 355.4475 273.713 2.911315
2.1 355.4461 273.7069 3.026004
2.1 355.3962 273.6766 3.114249
2.133333 355.4326 273.5962 3.1916
2.133333 355.5382 273.4786 3.254523
2.166667 355.5822 273.3332 3.318981
2.166667 355.6206 273.2079 3.397712
2.166667 355.5769 273.0871 3.461427
2.2 355.5297 272.9706 3.432706
2.2 355.5211 272.8757 3.440379
2.233333 355.527 272.7984 3.496576
2.233333 355.5371 272.7596 3.504601
2.233333 355.5123 272.7136 3.530434
2.266667 355.4587 272.6826 3.561944
2.266667 355.4109 272.6696 3.591569
2.3 355.3935 272.681 3.611995
2.3 355.3896 272.709 3.655461
2.333333 355.3679 272.7539 3.725408
2.333333 355.3947 272.8115 3.814346
2.333333 355.4073 272.8627 3.902677
2.366667 355.4029 272.9316 4.000255
2.366667 355.4316 272.976 4.047394
2.4 355.4543 272.9974 4.094903
2.4 355.5172 273.0464 4.172304
2.4 355.5711 273.0608 4.234786
2.433333 355.6613 273.0569 4.300622
2.433333 355.7805 272.9984 4.363575
2.466667 355.8712 272.9435 4.461048
2.466667 355.9562 272.8816 4.58655
2.5 355.9952 272.7881 4.724371
2.5 356.0643 272.6841 4.874417
2.5 356.0972 272.5996 5.000097
2.533333 356.1549 272.5192 5.145483
2.533333 356.187 272.4272 5.252106
2.566667 356.2422 272.3654 5.326871
2.566667 356.3375 272.3287 5.407926
2.6 356.4062 272.3199 5.472683
2.6 356.4632 272.3272 5.537097
2.6 356.5219 272.3583 5.599576
2.633333 356.5775 272.3866 5.625098
2.633333 356.6353 272.437 5.637922
2.666667 356.6817 272.4962 5.636313
2.666667 356.7156 272.554 5.616742
2.666667 356.7418 272.6049 5.639321
2.7 356.8037 272.663 5.667485
2.7 356.8628 272.721 5.670303
2.733333 356.9184 272.779 5.668145
2.733333 356.9895 272.8315 5.690957
2.766667 357.0449 272.8942 5.698335
2.766667 357.1351 272.959 5.716161
2.766667 357.2236 273.0468 5.742234
2.8 357.3814 273.1585 5.782281
2.8 357.5092 273.2816 5.829557
2.833333 357.6375 273.369 5.862777
2.833333 357.809 273.5035 5.903187
2.833333 358.0722 273.6549 5.923917
2.866667 358.4759 273.8329 5.909645
2.866667 358.8701 274.004 5.898878
2.9 359.3776 274.2343 5.862914
2.9 359.7201 274.4157 5.845082
2.933333 0.1174612 274.6347 5.794517
2.933333 0.5791805 274.8479 5.689102
2.933333 1.036178 275.0584 5.60277
2.966667 1.480605 275.2182 5.556889
2.966667 2.016981 275.3663 5.494667
3 2.455948 275.4329 5.441291
3 3.048664 275.5016 5.394383
3 3.471537 275.4839 5.347302
3.033333 3.970672 275.4027 5.280424
3.033333 4.436056 275.3156 5.265587
3.066667 4.883785 275.2415 5.260614
3.066667 5.219585 275.1677 5.26708
3.1 5.590689 275.1251 5.214203
3.1 6.008769 275.0739 5.099469
3.1 6.45535 275.0573 5.008315
3.133333 6.940613 275.0428 4.922365
3.166667 7.31452 275.0377 4.856441
3.166667 7.751879 275.0382 4.758515
3.166667 8.140206 275.0926 4.724158
3.166667 8.476464 275.164 4.706975
3.2 8.752905 275.1964 4.616275
3.2 9.151765 275.2168 4.460633
3.233333 9.457977 275.1955 4.289402
3.233333 9.708821 275.154 4.138771
3.266667 9.885164 275.0851 4.010166
3.266667 9.98393 275.0248 3.92206
3.266667 10.02029 274.925 3.848305
3.3 9.991206 274.7983 3.772962
3.3 9.97794 274.6869 3.707807
3.333333 10.01613 274.5873 3.656552
3.333333 9.993052 274.481 3.636194
3.366667 10.02266 274.3826 3.608032
3.366667 10.04934 274.3229 3.577561
3.366667 10.08632 274.2922 3.528754
3.4 10.14383 274.2706 3.472307
3.4 10.17422 274.2429 3.408482
3.433333 10.20821 274.2086 3.357085
3.433333 10.236 274.1686 3.315762
3.433333 10.25859 274.1382 3.279429
3.466667 10.3306 274.1 3.276983
3.466667 10.40381 274.0735 3.273534
3.5 10.42815 274.052 3.265706
3.5 10.46153 274.0163 3.264466
3.533333 10.47285 273.9618 3.26115
3.533333 10.48782 273.9403 3.264086
3.533333 10.52063 273.9191 3.223628
3.566667 10.56527 273.9091 3.189114
3.566667 10.6276 273.9139 3.159265
3.6 10.64002 273.9227 3.109411
3.6 10.6239 273.9146 3.064954
3.6 10.61472 273.9155 3.02436
3.633333 10.60563 273.9242 3.00299
3.633333 10.5948 273.9467 2.966374
3.666667 10.61207 273.9679 2.943959
3.666667 10.61703 273.993 2.93557
3.7 10.61371 274.0037 2.931505
3.7 10.59735 274.0139 2.910315
3.7 10.58075 274.0286 2.904301
3.733333 10.55653 274.0534 2.907103
3.733333 10.51886 274.0905 2.905698
3.766667 10.46917 274.1019 2.887662
3.766667 10.46412 274.1184 2.871694
3.766667 10.44962 274.1292 2.875058
3.8 10.43653 274.1465 2.885186
3.8 10.40352 274.16 2.895251
3.833333 10.36314 274.1635 2.920235
3.833333 10.31302 274.1651 2.951651
3.866667 10.30582 274.1765 2.97295
3.866667 10.29619 274.1747 2.98121
3.866667 10.30225 274.1854 2.974789
3.9 10.31385 274.1834 2.94537
3.9 10.31398 274.1859 2.922977
3.933333 10.27983 274.1817 2.906174
3.933333 10.26611 274.1546 2.905967
3.966667 10.27005 274.1355 2.924471
3.966667 10.26994 274.1173 2.94007
3.966667 10.25705 274.1053 2.942075
4 10.24386 274.0975 2.935037
4 10.23219 274.0942 2.931975
4.033333 10.22198 274.1011 2.921919
4.033333 10.2128 274.119 2.907382
4.033333 10.21554 274.1183 2.891136
4.066667 10.21766 274.1089 2.886492
4.066667 10.22361 274.116 2.874326
4.1 10.23882 274.0939 2.872723
4.1 10.24445 274.0816 2.862591
4.133333 10.24225 274.0714 2.849407
4.133333 10.24377 274.0526 2.843443
4.133333 10.24971 274.025 2.84902
4.166667 10.23757 274.0154 2.870692
4.166667 10.2237 273.9969 2.896271
4.2 10.19293 273.991 2.902138
4.2 10.17902 273.992 2.905324
4.2 10.19077 274.005 2.919585
4.233333 10.17882 274.0032 2.918387
4.233333 10.19848 274.0052 2.901683
4.266667 10.19586 274.0107 2.894472
4.266667 10.21162 274.0107 2.907383
4.3 10.20494 274.001 2.911809
4.3 10.21725 273.9862 2.908208
4.3 10.25562 273.951 2.895436
4.333333 10.30418 273.9079 2.892177
4.333333 10.32889 273.8492 2.900359
4.366667 10.33513 273.8028 2.877318
4.366667 10.32529 273.7402 2.780257
4.366667 10.31837 273.6982 2.667829
4.4 10.371 273.6351 2.548462
4.4 10.42643 273.562 2.502532
4.433333 10.49285 273.4774 2.516113
4.433333 10.51085 273.3818 2.564376
4.466667 10.48719 273.2814 2.587054
4.466667 10.40233 273.172 2.580424
4.466667 10.34397 273.0438 2.596174
4.5 10.37165 272.9191 2.639275
4.5 10.43213 272.8146 2.684201
4.533333 10.51616 272.6993 2.727602
4.533333 10.58418 272.5391 2.794809
4.533333 10.6019 272.3696 2.870324
4.566667 10.62702 272.1516 2.970794
4.566667 10.64179 271.9315 3.064958
4.6 10.67065 271.7487 3.132614
4.6 10.69062 271.4983 3.21905
4.633333 10.71968 271.2047 3.363962
4.633333 10.79682 270.9273 3.478837
4.633333 10.86933 270.6257 3.554654
4.666667 10.89332 270.3453 3.497267
4.666667 10.8724 270.08 3.345126
4.7 10.85318 269.8564 3.224414
4.7 10.8724 269.5907 3.156906
4.7 10.88676 269.3455 3.162894
4.733333 10.90276 269.1075 3.198993
4.733333 10.89658 268.8786 3.24959
4.766667 10.84733 268.6623 3.340187
4.766667 10.82339 268.4467 3.463176
4.8 10.77846 268.2478 3.604956
4.8 10.76675 268.0308 3.803124
4.8 10.79448 267.8566 3.994027
4.833333 10.79453 267.6611 4.223425
4.833333 10.81112 267.5069 4.456957
4.866667 10.85829 267.3477 4.742166
4.866667 10.8891 267.1686 5.004685
4.866667 10.8953 267.0054 5.217161
4.9 10.88666 266.8316 5.496837
4.9 10.9384 266.7156 5.77777
4.933333 10.98488 266.6347 5.975909
4.933333 11.01149 266.5604 6.134785
4.966667 11.00703 266.4714 6.318417
4.966667 10.98419 266.3802 6.474956
4.966667 10.99806 266.2868 6.609088
5 11.01292 266.245 6.706567
5 11.02881 266.221 6.780058
5.033333 11.04037 266.1954 6.773987
5.033333 11.07596 268.1725 6.724378
5.066667 11.10641 270.1471 6.670177
5.066667 11.14268 272.1056 6.571322
5.1 11.1624 274.0784 6.461465
5.1 11.17313 276.0833 6.319314
5.133333 11.18917 278.0976 6.164331
5.133333 11.21373 280.1273 6.029535
5.166667 11.25377 282.1897 5.838009
5.166667 11.39893 284.2405 5.292089
5.2 11.38199 286.242 5.358123
5.2 11.36977 288.2671 5.349874
5.233333 11.39716 290.2917 5.306527
5.233333 11.47538 292.3883 5.105764
5.266667 11.43382 294.4211 5.110137
5.266667 11.28826 296.5517 4.914489
5.3 11.20819 298.7286 4.567745
5.3 11.15826 300.7679 4.606084
5.333333 11.1571 302.8639 4.66539
5.333333 11.12047 305.1049 4.570762
5.366667 11.12473 307.1237 4.636459
5.366667 11.09116 309.2685 4.674483
5.4 11.02626 311.3594 4.731271
5.4 10.93427 313.4449 4.866974
5.433333 10.77195 315.5729 5.134352
5.433333 10.5609 317.9604 5.2748
5.466667 10.56447 320.1186 5.134131
5.466667 10.55024 322.4199 5.002071
5.5 10.46148 324.6921 5.149743
5.5 10.21922 327.2462 5.370247
5.533333 10.2159 329.3471 5.325264
5.566667 10.19826 331.7346 5.052286
5.566667 10.18272 334.0826 4.845035
5.6 10.01996 336.4074 4.908135
5.6 9.827625 339.1838 4.823309
5.633333 10.00104 341.4149 4.189116
5.633333 9.91474 344.425 3.676742
5.666667 9.894838 346.3554 3.865666
5.7 9.814103 348.4361 4.170357
5.7 9.707602 351.2044 3.889324
5.733333 9.875235 353.4099 3.345415
5.733333 9.839121 356.2769 3.041513
5.766667 9.845824 358.0427 3.616268
5.8 9.770805 0.9382241 3.878471
5.8 9.676016 3.290556 3.441177
5.833333 9.586626 5.708669 3.11936
5.866667 9.458614 7.890047 3.561746
5.9 9.438843 9.878618 3.927652
5.933333 9.447756 11.69263 4.049727
5.966667 9.455319 13.50077 3.979218
5.966667 9.400516 15.28139 4.00104
6 9.317215 17.06697 4.111188
6.033333 9.270928 18.7721 4.151178
6.066667 9.421241 20.55314 4.180059
6.1 9.484529 22.30364 4.313556
6.133333 9.304103 24.03391 4.459366
6.133333 9.023892 25.82107 4.443049
6.166667 8.915949 27.83708 4.415654
6.2 9.045102 29.97057 4.418536
6.233333 9.148335 32.145 4.377573
6.266667 9.037776 34.2872 4.544047
6.3 8.817418 36.29125 4.777828
6.3 8.843643 38.36108 4.988182
6.333333 8.953281 40.36947 4.997243
6.366667 9.003555 42.3035 4.893465
6.4 9.130883 44.13005 4.809698
6.433333 9.289889 45.97815 4.652156
6.466667 9.337256 47.77126 4.352997
6.466667 9.361088 49.67056 4.235561
6.5 9.318518 51.69907 4.243644
6.533333 9.40431 53.62886 4.171833
6.566667 9.398831 55.68318 4.221134
6.566667 9.447378 57.77048 4.283849
6.6 9.466035 59.86238 4.352138
6.633333 9.391203 59.45675 4.45946
6.666667 9.371624 59.54545 4.586017
6.7 9.425328 59.50029 4.52423
6.7 9.463223 59.53208 4.490777
6.733333 9.533119 59.50302 4.422192
6.766667 9.655316 59.48423 4.357336
6.766667 9.643003 59.44516 4.331067
6.766667 9.66834 59.42489 4.300478
6.8 9.697746 59.38567 4.277256
6.8 9.811453 59.3284 4.170739
6.833333 9.811421 59.29318 4.156264
6.833333 9.847504 59.27785 4.118417
6.866667 9.867486 59.23941 4.071894
6.866667 9.869589 59.19812 4.055098
6.9 9.912673 59.17335 4.047828
6.9 9.94593 59.14421 4.063781
6.9 9.96167 59.12975 4.08287
6.933333 9.995493 59.12869 4.078883
6.933333 10.01534 59.11765 4.083695
6.966667 10.01894 59.12703 4.102827
6.966667 10.03811 59.13376 4.143983
7 10.02402 59.12474 4.168165
7 10.01837 59.11989 4.18968
7 10.02263 59.10807 4.238851
7.033333 10.04175 59.09105 4.252146
7.033333 10.07693 59.06119 4.265258
7.066667 10.09049 59.02363 4.283041
7.066667 10.12454 58.95718 4.2987
7.066667 10.13712 58.87831 4.32023
7.1 10.1598 58.76465 4.333696
7.1 10.2076 58.63418 4.345391
7.133333 10.23456 58.45016 4.36042
7.133333 10.27085 58.25454 4.383032
7.166667 10.34047 58.03598 4.420118
7.166667 10.44185 57.80726 4.489555
7.166667 10.53155 57.51945 4.611428
7.2 10.68042 57.21093 4.702185
7.2 10.86533 56.86665 4.766761
7.233333 11.00877 56.56795 4.812537
7.233333 11.1034 56.33429 4.799479
7.233333 11.25351 56.08817 4.699764
7.266667 11.36731 55.89548 4.600873
7.266667 11.44388 55.72967 4.523175
7.3 11.47744 55.59604 4.466176
7.3 11.52442 55.49426 4.425797
7.333333 11.54793 55.44429 4.397774
7.333333 11.52081 55.3954 4.373247
7.333333 11.53748 55.35096 4.387335
7.366667 11.5619 55.30792 4.419929
7.366667 11.64771 55.29087 4.462851
7.4 11.775 55.27126 4.476081
7.4 11.95321 55.23344 4.440152
7.4 12.09945 55.18688 4.425182
7.433333 12.40408 55.14219 4.420784
7.433333 12.69045 55.08995 4.422539
7.466667 12.94237 55.00706 4.426652
7.5 13.08989 54.85754 4.398054
7.5 13.22186 54.67582 4.386343
7.5 13.42511 54.415 4.438754
7.5 13.62624 54.17193 4.491244
7.533333 13.8971 53.83956 4.588117
7.533333 14.20023 53.51058 4.702491
7.566667 14.36386 53.17987 4.777142
7.566667 14.46136 52.86672 4.81829
7.566667 14.64019 52.47029 4.882635
7.6 15.07041 52.17023 4.949997
7.6 15.4645 51.80481 4.946328
7.633333 15.6551 51.41851 4.897483
7.633333 15.837 51.08871 4.813196
7.666667 15.92844 50.76447 4.720515
7.666667 16.00189 50.46858 4.680968
7.666667 16.05933 50.18852 4.68775
7.7 16.07836 49.96708 4.679248
7.7 16.11478 49.77799 4.651857
7.733333 16.15099 49.55163 4.643157
7.733333 16.21061 49.38844 4.685358
7.733333 16.3063 49.2726 4.749159
7.766667 16.4789 49.15871 4.791856
7.8 16.66696 49.06107 4.805773
7.8 16.86717 48.98298 4.82328
7.8 17.13993 48.87244 4.822317
7.833333 17.41032 48.74382 4.818521
7.833333 17.68778 48.59227 4.820763
7.833333 18.08539 48.36087 4.779327
7.866667 18.52008 48.18746 4.732672
7.866667 19.13271 47.95736 4.670609
7.9 19.87813 47.72979 4.610639
7.9 20.73575 47.50354 4.588909
7.933333 21.48573 47.34207 4.683127
7.933333 21.87498 47.19451 4.751528
7.966667 21.81333 47.05386 4.686586
7.966667 21.63783 46.83668 4.53131
7.966667 21.49171 46.5712 4.322295
8 21.47876 46.39185 4.189851
8 21.49001 46.19995 4.112049
8 21.51098 46.06201 4.097932
8.033334 21.48311 45.90376 4.112379
8.033334 21.47539 45.75239 4.132241
8.066667 21.46787 45.62529 4.105969
8.066667 21.46313 45.51731 4.075437
8.1 21.45343 45.47547 4.043215
8.1 21.44423 45.50869 3.998471
8.1 21.44904 45.57156 3.959895
8.133333 21.42811 45.64206 3.960959
8.133333 21.41202 45.68824 4.003157
8.166667 21.40537 45.73158 4.065179
8.166667 21.41879 45.76827 4.100488
8.166667 21.44487 45.82564 4.112644
8.2 21.46131 45.8545 4.07825
8.2 21.48119 45.87383 4.034986
8.233334 21.50269 45.86627 3.999169
8.233334 21.5078 45.84166 3.979445
8.266666 21.4804 45.81516 3.938064
8.266666 21.41624 45.78775 3.8632
8.266666 21.38762 45.76598 3.804135
8.3 21.39297 45.73922 3.713237
8.3 21.39987 45.73534 3.647123
8.333333 21.39906 45.7384 3.596316
8.333333 21.36372 45.73702 3.511712
8.333333 21.30601 45.75071 3.454253
8.366667 21.26793 45.75593 3.426279
8.366667 21.2188 45.76109 3.419954
8.4 21.17098 45.7494 3.423334
8.4 21.144 45.74684 3.43642
8.433333 21.09268 45.72011 3.44404
8.433333 21.05052 45.71227 3.438498
8.433333 21.01565 45.67933 3.457337
8.466666 20.98934 45.6487 3.468128
8.466666 21.0038 45.60303 3.487767
8.5 20.98005 45.56778 3.535404
8.5 20.94408 45.5154 3.555555
8.533334 20.94255 45.45275 3.570752
8.533334 20.95234 45.38455 3.568207
8.533334 20.94727 45.34433 3.553
8.566667 20.93175 45.25172 3.504233
8.566667 20.90795 45.17618 3.45189
8.6 20.87164 45.05997 3.419747
8.6 20.86664 44.93856 3.3971
8.6 20.88449 44.82646 3.374626
8.633333 20.91232 44.6778 3.323964
8.633333 20.96247 44.51226 3.257254
8.666667 20.99233 44.28906 3.162456
8.666667 21.03362 43.99219 3.074515
8.7 21.11324 43.62222 3.007064
8.7 21.1867 43.11806 2.973175
8.7 21.2999 42.46291 2.891026
8.733334 21.43991 41.69321 2.75231
8.733334 21.55997 40.79578 2.552008
8.766666 21.64076 39.97334 2.379351
8.766666 21.68371 39.09953 2.224751
8.766666 21.72407 38.14277 2.014172
8.8 21.76199 37.32898 1.805007
8.833333 21.83958 36.49013 1.587477
8.833333 21.92853 35.63956 1.375226
8.833333 22.03114 34.97915 1.232504
8.866667 22.16899 34.36419 1.117296
8.866667 22.27763 33.80609 1.015392
8.866667 22.34669 33.25179 0.865737
8.9 22.39272 32.79264 0.693201
8.9 22.44979 32.49885 0.5876457
8.933333 22.52284 32.25022 0.5301424
8.933333 22.60345 32.1115 0.563233
8.933333 22.65772 32.06088 0.5928357
8.966666 22.63604 32.09921 0.5661032
8.966666 22.63128 32.26614 0.5714937
9 22.6194 32.53089 0.627418
9 22.60378 33.01579 0.810728
9.033334 22.53206 33.4776 1.028382
9.033334 22.45544 33.8331 1.188195
9.033334 22.38552 34.22426 1.342298
9.066667 22.33602 34.47053 1.418267
9.066667 22.28083 34.67597 1.446223
9.1 22.22318 34.86357 1.415845
9.1 22.21183 35.00235 1.361679
9.1 22.20372 35.08252 1.328496
9.133333 22.20096 35.14597 1.306245
9.133333 22.18842 35.15963 1.266268
9.166667 22.18297 35.12566 1.210079
9.166667 22.18111 35.08239 1.189657
9.2 22.16332 35.04827 1.175278
9.2 22.19066 34.99545 1.146628
9.2 22.25897 34.93729 1.141445
9.233334 22.3221 34.87671 1.136822
9.233334 22.35103 34.79248 1.074861
9.266666 22.37403 34.68765 1.000801
9.266666 22.37754 34.60032 0.9863307
9.266666 22.398 34.55947 1.03099
9.3 22.4401 34.50389 1.065407
9.3 22.47442 34.46717 1.093426
9.333333 22.48122 34.41844 1.081048
9.333333 22.51122 34.37358 1.037619
9.366667 22.53938 34.33521 1.013388
9.366667 22.56513 34.29689 0.989276
9.366667 22.58305 34.26587 0.9786099
9.4 22.57127 34.24732 0.9808738
9.4 22.54751 34.2485 0.971232
9.433333 22.51612 34.25701 0.9488667
9.433333 22.54125 34.26254 0.946686
9.466666 22.57192 34.28295 0.9716531
9.466666 22.59058 34.31627 0.9680421
9.466666 22.59219 34.33932 0.9395775
9.5 22.56827 34.36207 0.8923521
9.5 22.54637 34.37885 0.86955
9.533334 22.53738 34.3787 0.8672683
9.533334 22.53927 34.36849 0.8851017
9.533334 22.55403 34.35797 0.9027963
9.566667 22.58951 34.3403 0.915812
9.566667 22.62825 34.32919 0.9050735
9.6 22.68142 34.31713 0.8826686
9.6 22.72012 34.29856 0.8669728
9.633333 22.75059 34.28506 0.8521973
9.633333 22.74017 34.26583 0.8346785
9.633333 22.71636 34.23673 0.8370354
9.666667 22.70079 34.21332 0.824545
9.666667 22.70182 34.19432 0.8237219
9.7 22.70698 34.16548 0.8105658
9.7 22.71506 34.14999 0.8028786
9.7 22.72913 34.13918 0.8150644
9.733334 22.74435 34.14258 0.8317932
9.733334 22.74403 34.13916 0.8433849
9.766666 22.75531 34.11691 0.8419152
9.766666 22.75714 34.09623 0.8518363
9.8 22.77283 34.09624 0.8694293
9.8 22.76883 34.09921 0.8857946
9.8 22.75672 34.10358 0.8946942
9.833333 22.7368 34.07225 0.9018713
9.833333 22.72582 34.04322 0.9115615
9.866667 22.74353 34.02509 0.9121031
9.866667 22.76271 34.00079 0.9115415
9.866667 22.76753 34.00232 0.9226696
9.9 22.78858 33.99371 0.9177284
9.9 22.79656 33.97974 0.9272608
9.933333 22.80743 33.99314 0.9279754
9.933333 22.82608 33.99072 0.8959008
9.966666 22.81585 33.98769 0.8720904
9.966666 22.79095 34.00333 0.8853011
9.966666 22.77704 34.00524 0.9095837
10 22.75613 34.01773 0.9344938
10 22.77196 34.0256 0.9399006
10.03333 22.792 34.04313 0.930777
10.03333 22.79859 34.06885 0.9247027
10.03333 22.80627 34.08919 0.9213474
10.06667 22.80169 34.09462 0.9197934
10.06667 22.80474 34.09502 0.9293654
10.1 22.76457 34.07499 0.9110815
10.1 22.72664 34.0536 0.8946552
10.13333 22.70728 34.03868 0.9024682
10.13333 22.7316 34.04016 0.9245694
10.13333 22.77742 34.03802 0.9590124
10.16667 22.76376 34.03918 0.9677946
10.16667 22.73479 34.00622 0.8988966
10.2 22.75214 33.97111 0.8506047
10.2 22.76022 33.96416 0.8562531
10.23333 22.7477 33.96019 0.8838931
10.23333 22.73236 33.94001 0.8988688
10.23333 22.71838 33.91703 0.8866065
10.26667 22.7218 33.89502 0.8857945
10.26667 22.73043 33.86507 0.8700311
10.3 22.7604 33.8207 0.8518965
10.3 22.77027 33.77993 0.8251979
10.3 22.77732 33.74301 0.8099571
10.33333 22.77058 33.7282 0.8118577
10.33333 22.7525 33.70284 0.789646
10.36667 22.755 33.68567 0.7827132
10.36667 22.77069 33.67095 0.7850673
10.4 22.76863 33.68232 0.7901002
10.4 22.75781 33.69634 0.7823365
10.4 22.74823 33.71341 0.7947395
10.43333 22.75333 33.72739 0.8082884
10.43333 22.75099 33.74485 0.8329438
10.46667 22.74531 33.77141 0.8520201
10.46667 22.75628 33.78338 0.8684725
10.46667 22.75709 33.76273 0.8667865
10.5 22.77863 33.73666 0.8576589
10.5 22.80756 33.67556 0.8451836
10.53333 22.84925 33.61794 0.8607278
10.53333 22.93365 33.58816 0.8503911
10.56667 23.0765 33.57496 0.7802679
10.56667 23.21614 33.53656 0.6458976
10.56667 23.28217 33.47954 0.5355538
10.6 23.24864 33.41347 0.4981208
10.6 23.18794 33.35975 0.4720176
10.63333 23.11797 33.3174 0.4672073
10.63333 23.10239 33.32994 0.4489596
10.63333 23.12179 33.35474 0.4020757
10.66667 23.16346 33.36474 0.364424
10.66667 23.2407 31.34309 0.3479729
10.7 23.30209 29.28776 0.3818729
10.7 23.36003 27.22367 0.4345163
10.73333 23.38925 25.17821 0.4942415
10.73333 23.40753 23.13787 0.5106275
10.76667 23.40152 21.11611 0.5164896
10.76667 23.35887 19.05273 0.5223433
10.8 23.33517 17.02038 0.5726396
10.8 23.35621 14.92465 0.6678797
10.83333 23.36232 12.95712 0.6630825
10.86667 23.29163 11.02415 0.6872491
10.86667 23.25055 9.029408 0.7311942
10.9 23.22619 7.061905 0.6857985
10.9 23.18728 5.11997 0.6485447
10.9 23.16896 3.201943 0.5835685
10.93333 23.12443 1.288419 0.5354135
10.93333 23.13729 359.2917 0.5545279
10.96667 23.10488 357.2932 0.5351743
11 23.07698 355.306 0.5097147
11 23.0323 353.3474 0.4885039
11.03333 22.89998 351.4254 0.4151672
11.03333 22.692 349.6784 0.3847168
11.06667 22.63635 347.8544 0.4376781
11.06667 22.46956 346.1454 0.4548745
11.06667 22.22283 344.5015 0.511786
11.1 21.964 342.8841 0.5965328
11.1 21.63564 341.3962 0.6708992
11.13333 20.86889 340.8672 0.8190322
11.13333 20.46469 340.0295 0.866585
11.16667 20.61176 338.2675 0.7947562
11.2 20.76451 336.3105 0.7316642
11.2 20.77953 334.9375 0.7115822
11.23333 20.21241 335.3367 0.7915145
11.23333 20.2842 334.7672 0.7812558
11.26667 20.33235 334.8696 0.7416379
11.26667 20.37619 335.6117 0.7844077
11.26667 20.15741 338.2352 0.8495985
11.3 20.21414 338.0577 0.8256337
11.3 20.18798 338.0229 0.8418142
11.3 20.06553 338.7092 0.9084661
11.33333 19.97078 339.2335 0.9761415
11.33333 19.93481 339.8503 1.016169
11.36667 19.98449 340.3252 1.01472
11.36667 19.99615 340.7924 0.973067
11.36667 19.967 341.2354 0.9703683
11.4 19.93189 341.5679 1.026831
11.4 19.83598 341.8296 1.130995
11.43333 19.72211 341.944 1.196389
11.43333 19.68844 341.985 1.233033
11.46667 19.68022 341.9677 1.243085
11.46667 19.71155 341.8972 1.216141
11.46667 19.75563 341.7704 1.193829
11.5 19.76176 341.5955 1.215013
11.5 19.74128 341.3098 1.264611
11.53333 19.72056 341.0421 1.274139
11.53333 19.71743 340.7018 1.250022
11.53333 19.72568 340.3978 1.199894
11.56667 19.74728 340.131 1.18271
11.56667 19.76657 339.915 1.197778
11.6 19.81407 339.7172 1.244907
11.6 19.84194 339.5634 1.294825
11.63333 19.83009 339.4298 1.33268
11.63333 19.82153 339.2924 1.406102
11.63333 19.80208 339.1906 1.450768
11.66667 19.78213 339.1364 1.474506
11.66667 19.75389 339.1406 1.461154
11.7 19.70321 339.151 1.423522
11.7 19.64213 339.1708 1.386949
11.7 19.61583 339.1827 1.352566
11.73333 19.57329 339.2223 1.314215
11.73333 19.53948 339.2808 1.288651
11.76667 19.5191 339.3467 1.267563
11.76667 19.50896 339.4323 1.269107
11.8 19.48769 339.5 1.274134
11.8 19.46906 339.5611 1.276504
11.8 19.47124 339.6081 1.305014
11.83333 19.45062 339.6451 1.348984
11.83333 19.4234 339.6467 1.373586
11.86667 19.41974 339.6334 1.39375
11.86667 19.39481 339.6017 1.421469
11.86667 19.40383 339.5703 1.442304
11.9 19.38697 339.5251 1.453308
11.9 19.36298 339.4776 1.464761
11.93333 19.34677 339.4481 1.489242
11.93333 19.33178 339.4165 1.496784
11.96667 19.35275 339.386 1.49022
11.96667 19.34464 339.3777 1.484923
11.96667 19.30375 339.366 1.4865
12 19.30585 339.349 1.471508
12 19.33443 339.3466 1.47393
12.03333 19.36624 339.377 1.478516
12.03333 19.36832 339.3964 1.475696
12.06667 19.35306 339.4132 1.468992
12.06667 19.34233 339.4194 1.50174
12.06667 19.32664 339.412 1.539366
12.1 19.31623 339.376 1.562764
12.1 19.32892 339.3567 1.583437
12.13333 19.34938 339.3388 1.579161
12.13333 19.3963 339.3107 1.566941
12.13333 19.44939 339.2931 1.559317
12.16667 19.48346 339.2729 1.55126
12.16667 19.51025 339.258 1.539498
12.2 19.51741 339.2408 1.519244
12.2 19.50821 339.2256 1.514987
12.23333 19.52054 339.2283 1.526191
12.23333 19.5452 339.2318 1.552614
12.23333 19.57573 339.2272 1.564752
12.26667 19.61604 339.2386 1.555676
12.26667 19.62675 339.2477 1.518526
12.3 19.6298 339.2607 1.500289
12.3 19.63483 339.2764 1.498311
12.3 19.64468 339.289 1.521522
12.33333 19.63955 339.2942 1.519967
12.33333 19.63066 339.3005 1.524165
12.36667 19.61804 339.3398 1.536056
12.36667 19.62056 339.3554 1.530994
12.4 19.64124 339.3631 1.507852
12.4 19.66146 339.3558 1.479241
12.4 19.68853 339.3585 1.478851
12.43333 19.72057 339.3673 1.457359
12.43333 19.7235 339.3705 1.427714
12.46667 19.7291 339.3615 1.403689
12.46667 19.75575 339.3641 1.391308
12.46667 19.77373 339.3724 1.396932
12.5 19.78506 339.3826 1.373735
12.5 19.79871 339.3865 1.357142
12.53333 19.79566 339.3705 1.348182
12.53333 19.77594 339.3795 1.350347
12.56667 19.77248 339.3878 1.347374
12.56667 19.78465 339.389 1.338184
12.56667 19.80748 339.3981 1.349602
12.6 19.81011 339.4107 1.366368
12.6 19.83151 339.4171 1.348027
12.63333 19.85555 339.415 1.32655
12.63333 19.85081 339.4192 1.335914
12.66667 19.84163 339.4418 1.360301
12.66667 19.84813 339.4297 1.342506
12.66667 19.8583 339.4054 1.313441
12.7 19.86995 339.4038 1.283653
12.7 19.88682 339.4166 1.253225
12.73333 19.88634 339.4323 1.229964
12.73333 19.8811 339.4502 1.243054
12.73333 19.88024 339.4551 1.251252
12.76667 19.87469 339.4457 1.273663
12.76667 19.88691 339.4453 1.275568
12.8 19.86896 339.4579 1.259434
12.8 19.84985 339.4773 1.242032
12.83333 19.87335 339.4897 1.22651
12.83333 19.89277 339.5097 1.231545
12.83333 19.92882 339.5411 1.229038
12.86667 19.96139 339.5705 1.21696
12.86667 19.92233 339.6213 1.224217
12.9 19.90809 339.6599 1.23452
12.9 19.89996 339.676 1.272318
12.9 19.88916 339.7133 1.332217
12.93333 19.89499 339.7318 1.361073
12.93333 19.89971 339.7468 1.349001
12.96667 19.90953 339.7595 1.330661
12.96667 19.91187 339.7775 1.335199
13 19.92718 339.7892 1.355861
13 19.93038 339.8117 1.388512
13 19.9303 339.831 1.411651
13.03333 19.92498 339.8502 1.417624
13.03333 19.91387 339.8592 1.42269
13.06667 19.91885 339.86 1.434873
13.06667 19.92456 339.8507 1.434305
13.06667 19.92669 339.8312 1.438319
13.1 19.92515 339.8123 1.456465
13.1 19.93595 339.7983 1.457647
13.13333 19.94689 339.7859 1.464933
13.13333 19.96064 339.7618 1.472694
13.16667 19.97589 339.7437 1.480344
13.16667 19.98771 339.7276 1.490008
13.16667 20.00005 339.7225 1.499356
13.2 20.01401 339.741 1.509527
13.2 20.01554 339.7586 1.518383
13.23333 20.00951 339.7715 1.536
13.23333 20.00143 339.7772 1.556691
13.23333 20.004 339.785 1.580714
13.26667 19.98891 339.7925 1.591037
13.26667 20.00191 339.7979 1.612287
13.3 20.01808 339.7981 1.617455
13.3 20.03203 339.7789 1.617251
13.33333 20.03973 339.7556 1.62418
13.33333 20.02947 339.7487 1.652795
13.33333 20.03179 339.7342 1.662905
13.36667 20.05174 339.7422 1.676481
13.36667 20.0752 339.7536 1.672334
13.4 20.07673 339.7616 1.649702
13.4 20.07285 339.7715 1.642672
13.4 20.05677 339.7822 1.6675
13.43333 20.05735 339.791 1.71456
13.43333 20.0574 339.8049 1.753243
13.46667 20.05413 339.8031 1.751531
13.46667 20.05545 339.8035 1.746775
13.5 20.05796 339.7752 1.71926
13.5 20.05908 339.778 1.728692
13.5 20.05908 339.7897 1.734872
13.53333 20.07229 339.7862 1.748726
13.53333 20.07546 339.7867 1.754898
13.56667 20.07064 339.7776 1.744183
13.56667 20.04262 339.7596 1.722489
13.56667 20.0431 339.749 1.723566
13.6 20.03975 339.7287 1.740594
13.6 20.041 339.7116 1.731911
13.63333 20.05228 339.7083 1.685926
13.63333 20.05241 339.7179 1.626084
13.66667 20.06085 339.713 1.61752
13.66667 20.06174 339.7318 1.641159
13.66667 20.0497 339.7587 1.658628
13.7 20.03072 339.7631 1.667313
13.7 20.01761 339.7673 1.657659
13.73333 20.01088 339.7687 1.649271
13.73333 20.03022 339.7657 1.629698
13.76667 20.04253 339.783 1.635928
13.76667 20.04462 339.7916 1.624757
13.76667 20.03807 339.7921 1.616392
13.8 20.0256 339.7883 1.600999
13.8 20.0146 339.7944 1.59524
13.83333 20.01797 339.7785 1.603054
13.83333 20.01995 339.7823 1.605034
13.83333 20.04083 339.778 1.609919
13.86667 20.04334 339.7739 1.619849
13.86667 20.04146 339.7782 1.629827
13.9 20.04357 339.7737 1.638209
13.9 20.04498 339.7592 1.637353
13.93333 20.0435 339.7426 1.636898
13.93333 20.03935 339.7455 1.633623
13.93333 20.0347 339.7318 1.631063
13.96667 20.02785 339.7495 1.643619
13.96667 20.01617 339.7569 1.644673
14 20.01321 339.7618 1.648595
14 20.0277 339.7673 1.660714
14 19.99786 339.7676 1.68041
14.03333 19.95523 339.7767 1.707843
14.03333 19.96081 339.7678 1.705329
14.06667 19.9688 339.7804 1.691659
14.06667 19.98077 339.7837 1.670092
14.1 19.99188 339.7875 1.634423
14.1 19.97396 339.7941 1.637523
14.1 19.93976 339.7827 1.666733
14.13333 19.90801 339.7545 1.715923
14.13333 19.8862 339.726 1.745625
14.16667 19.88297 339.6996 1.747285
14.16667 19.87878 339.696 1.726884
14.16667 19.86668 339.6895 1.707987
14.2 19.87021 339.6676 1.709135
14.2 19.87393 339.6495 1.753127
14.23333 19.87668 339.6407 1.786715
14.23333 19.8502 339.6288 1.783827
14.26667 19.82388 339.6157 1.784771
14.26667 19.80157 339.6125 1.786885
14.26667 19.8089 339.6215 1.818127
14.3 19.81012 339.6483 1.821488
14.3 19.82078 339.6392 1.782054
14.33333 19.84878 339.6375 1.748579
14.33333 19.86733 339.641 1.719666
14.33333 19.88955 339.6501 1.716219
14.36667 19.93201 339.6659 1.752347
14.36667 20.02155 339.7049 1.766493
14.4 20.11947 339.7558 1.763228
14.4 20.25563 339.8656 1.76268
14.43333 20.37741 339.9822 1.736325
14.43333 20.47414 340.081 1.720302
14.43333 20.53116 340.1835 1.720267
14.46667 20.53473 340.2686 1.709419
14.46667 20.51112 340.3617 1.717018
14.5 20.47374 340.4272 1.727777
14.5 20.42349 340.4751 1.736265
14.53333 20.37569 340.4982 1.741994
14.53333 20.34287 340.4938 1.75245
14.53333 20.33402 340.476 1.7642
14.56667 20.35168 340.4371 1.748021
14.56667 20.36461 340.3842 1.726769
14.6 20.3945 340.3215 1.717625
14.6 20.40111 340.2747 1.713218
14.6 20.40113 340.2103 1.70039
14.63333 20.40282 340.1554 1.713335
14.63333 20.41255 340.0901 1.712036
14.66667 20.42632 340.0491 1.704306
14.66667 20.42107 340.0086 1.708816
14.7 20.43395 339.9854 1.712084
14.7 20.4654 339.9748 1.72069
14.7 20.44069 339.9686 1.766017
14.73333 20.42613 339.9605 1.781217
14.73333 20.42788 339.9426 1.788989
14.76667 20.4384 339.963 1.7919
14.76667 20.44598 339.9563 1.783607
14.76667 20.4542 339.9687 1.788123
14.8 20.43951 339.9709 1.804768
14.8 20.43524 339.956 1.840796
14.83333 20.44817 339.9371 1.852815
14.83333 20.45501 339.9232 1.834208
14.86667 20.46787 339.8933 1.80124
14.86667 20.49157 339.8837 1.780627
14.86667 20.51856 339.861 1.767751
14.9 20.5394 339.85 1.76693
14.9 20.55205 339.8359 1.780248
14.93333 20.56186 339.8113 1.810521
14.93333 20.56875 339.7924 1.829705
14.93333 20.57364 339.8004 1.84892
14.96667 20.58561 339.8036 1.874683
14.96667 20.60726 339.8029 1.92668
15 20.61165 339.8142 1.941543
15 20.6102 339.8112 1.907735
15.03333 20.61515 339.8128 1.892455
15.03333 20.60913 339.8046 1.88966
15.03333 20.61411 339.7993 1.905031
15.06667 20.62815 339.7895 1.926115
15.06667 20.61786 339.7975 1.909225
15.1 20.64222 339.8014 1.893949
15.1 20.64909 339.8098 1.884014
15.1 20.65645 339.8156 1.870334
15.13333 20.66393 339.8077 1.854299
15.13333 20.67236 339.8161 1.849689
15.16667 20.67954 339.8126 1.838079
15.16667 20.67998 339.8143 1.829567
15.2 20.69009 339.8397 1.829375
15.2 20.68381 339.8484 1.841461
15.2 20.68373 339.8543 1.834344
15.23333 20.67832 339.8599 1.848842
15.23333 20.69206 339.8614 1.869629
15.26667 20.70374 339.8938 1.883867
15.26667 20.72114 339.9067 1.881958
15.3 20.73216 339.9054 1.858899
15.3 20.73567 339.9086 1.856508
15.3 20.74804 339.9246 1.863438
15.33333 20.74319 339.9232 1.856987
15.33333 20.74368 339.9304 1.842724
15.36667 20.75225 339.934 1.824281
15.36667 20.76705 339.923 1.807294
15.36667 20.77933 339.9177 1.785914
15.4 20.76981 339.9234 1.794501
15.4 20.76576 339.9506 1.781715
15.43333 20.78631 339.9575 1.754143
15.43333 20.80668 339.9642 1.72479
15.46667 20.82535 339.9715 1.687906
15.46667 20.84947 339.9937 1.656598
15.46667 20.83285 340.0132 1.661019
15.5 20.82238 340.0273 1.711124
15.5 20.81011 340.0015 1.738162
15.53333 20.81257 339.978 1.726856
15.53333 20.82744 339.9445 1.703311
15.53333 20.83607 339.9061 1.664619
15.56667 20.84594 339.8791 1.634428
15.56667 20.8569 339.8535 1.624332
15.6 20.86302 339.8412 1.651304
15.6 20.86463 339.8388 1.649086
15.63333 20.87755 339.8353 1.634508
15.63333 20.87213 339.837 1.632151
15.63333 20.85828 339.8657 1.64273
15.66667 20.85825 339.9092 1.664829
15.66667 20.84127 339.938 1.693239
15.7 20.83363 339.9488 1.6742
15.7 20.8345 339.9642 1.651538
15.7 20.8406 339.9872 1.620476
15.73333 20.8485 339.9793 1.606524
15.73333 20.85012 339.9759 1.622915
15.76667 20.83899 339.9732 1.620705
15.76667 20.82502 339.968 1.604743
15.8 20.81272 339.9379 1.578597
15.8 20.81541 339.9205 1.562658
15.8 20.82743 339.9138 1.545355
15.83333 20.83488 339.9224 1.526365
15.83333 20.83157 339.9278 1.510155
15.86667 20.82382 339.9307 1.50705
15.86667 20.80498 339.9336 1.508088
15.86667 20.79749 339.9247 1.499813
15.9 20.8095 339.9368 1.522921
15.9 20.81157 339.9295 1.512782
15.93333 20.81844 339.9392 1.504809
15.93333 20.81807 339.9218 1.488855
15.96667 20.80509 339.9013 1.488116
15.96667 20.82397 339.8813 1.502934
15.96667 20.82242 339.8525 1.502153
16 20.81547 339.8364 1.502825
16 20.82427 339.807 1.500975
16.03333 20.81704 339.7867 1.498405
16.03333 20.81311 339.7718 1.506863
16.06667 20.80681 339.7657 1.518561
16.06667 20.80818 339.7477 1.524294
16.06667 20.81079 339.7516 1.516632
16.1 20.81414 339.7449 1.519223
16.1 20.80497 339.7428 1.523374
16.13333 20.79021 339.7433 1.533257
16.13333 20.81005 339.7505 1.54382
16.13333 20.84057 339.7613 1.545486
16.16667 20.86109 339.7895 1.521546
16.16667 20.8658 339.7939 1.472664
16.2 20.84394 339.8113 1.443539
16.2 20.81034 339.8116 1.480535
16.23333 20.80455 339.8273 1.546139
16.23333 20.81301 339.8344 1.568515
16.23333 20.84611 339.8481 1.567924
16.26667 20.87267 339.8658 1.568949
16.26667 20.89997 339.8862 1.541717
16.3 20.91291 339.903 1.517709
16.3 20.90606 339.9005 1.525728
16.3 20.8708 339.9129 1.550194
16.33333 20.84436 339.9139 1.549053
16.33333 20.84398 339.9 1.547439
16.36667 20.83173 339.8981 1.555187
16.36667 20.83095 339.8766 1.567166
16.4 20.83652 339.8458 1.58011
16.4 20.83411 339.8157 1.574178
16.4 20.84482 339.8048 1.543896
16.43333 20.85308 339.8037 1.486843
16.43333 20.84142 339.7993 1.45289
16.46667 20.8219 339.8211 1.471766
16.46667 20.8167 339.8257 1.482414
16.46667 20.807 339.8474 1.49281
16.5 20.79337 339.8734 1.486062
16.5 20.79303 339.9009 1.480427
16.53333 20.80447 339.904 1.468688
16.53333 20.81526 339.9149 1.459496
16.53333 20.82414 339.93 1.455123
16.56667 20.80939 339.9264 1.439478
16.56667 20.78707 339.9253 1.436568
16.6 20.76932 339.9121 1.436753
16.6 20.77406 339.8902 1.444603
16.63333 20.79095 339.8801 1.457272
16.63333 20.8122 339.8916 1.467696
16.63333 20.80716 339.8819 1.457086
16.66667 20.80016 339.8746 1.44538
16.66667 20.80447 339.8479 1.44308
16.7 20.79731 339.8264 1.444622
16.7 20.7969 339.8006 1.452209
16.73333 20.79632 339.7753 1.438542
16.73333 20.795 339.7488 1.418669
16.73333 20.80199 339.736 1.415098
16.76667 20.81562 339.7232 1.416154
16.76667 20.81981 339.7114 1.426709
16.8 20.81404 339.698 1.421496
16.8 20.80126 339.6854 1.421293
16.8 20.81335 339.6668 1.414172
16.83333 20.82744 339.6569 1.417262
16.83333 20.83239 339.6506 1.418255
16.86667 20.82268 339.643 1.436058
16.86667 20.84302 339.6185 1.434531
16.9 20.85347 339.625 1.43017
16.9 20.87358 339.621 1.398561
16.9 20.87851 339.6215 1.343699
16.93333 20.86396 339.631 1.340997
16.93333 20.84093 339.612 1.38306
16.96667 20.83372 339.6177 1.44681
16.96667 20.8408 339.6085 1.483122
17 20.84064 339.6084 1.470986
17 20.84073 339.5814 1.429922
17 20.83196 339.5563 1.410492
17.03333 20.82245 339.5248 1.389989
17.03333 20.81935 339.5083 1.395249
17.06667 20.8054 339.4911 1.433535
17.06667 20.79946 339.4999 1.445691
17.06667 20.78572 339.4787 1.42543
17.1 20.77007 339.4625 1.423629
17.1 20.75941 339.434 1.436649
17.13333 20.79397 339.4149 1.439652
17.13333 20.86784 339.3792 1.422363
17.13333 20.94137 339.3665 1.359781
17.16667 20.87871 339.3398 1.299841
17.16667 20.84952 339.3283 1.272268
17.2 20.84979 339.312 1.307315
17.2 20.82199 339.3093 1.370757
17.23333 20.77573 339.2887 1.403822
17.23333 20.70448 339.2753 1.399939
17.23333 20.70077 339.2683 1.406373
17.26667 20.73332 339.2788 1.409411
17.26667 20.72742 339.2862 1.425258
17.3 20.75238 339.2909 1.431447
17.3 20.76845 339.2893 1.431674
17.3 20.7571 339.2971 1.423861
17.33333 20.74327 339.2913 1.429447
17.33333 20.73521 339.2837 1.431785
17.36667 20.7175 339.266 1.433545
17.36667 20.69201 339.2568 1.440708
17.4 20.67229 339.2445 1.464618
17.4 20.63983 339.2313 1.466644
17.4 20.63087 339.216 1.469473
17.43333 20.60216 339.2046 1.475221
17.43333 20.60777 339.1907 1.467399
17.46667 20.62766 339.1988 1.487631
17.46667 20.62563 339.2053 1.498291
17.46667 20.61596 339.1963 1.503649
17.5 20.60392 339.1714 1.518152
17.5 20.59164 339.1381 1.517692
17.53333 20.57318 339.1213 1.538453
17.53333 20.56426 339.1055 1.540467
17.56667 20.53676 339.1058 1.526789
17.56667 20.54147 339.0854 1.495925
17.6 20.51642 339.0725 1.509452
17.6 20.48765 339.0606 1.545177
17.6 20.47264 339.0527 1.557285
17.63333 20.50665 339.0626 1.555792
17.63333 20.49398 339.0515 1.529578
17.63333 20.47788 339.0524 1.506942
17.66667 20.45071 339.0443 1.49671
17.66667 20.40248 339.0189 1.501205
17.7 20.36346 338.9894 1.533841
17.7 20.36374 338.9791 1.583503
17.73333 20.36164 338.9611 1.575017
17.73333 20.37505 338.9521 1.549399
17.76667 20.3763 338.9632 1.523939
17.76667 20.38151 338.9641 1.531603
17.76667 20.38472 338.9712 1.561002
17.8 20.36205 338.9887 1.599374
17.8 20.35059 339.0012 1.624254
17.83333 20.33348 338.9999 1.623919
17.83333 20.29678 339.0056 1.640315
17.83333 20.28426 339.0215 1.675497
17.86667 20.27591 339.0339 1.697267
17.86667 20.27014 339.0595 1.706183
17.9 20.28099 339.0898 1.689919
17.9 20.28186 339.134 1.661744
17.9 20.30199 339.1648 1.662071
17.93333 20.31274 339.2134 1.676682
17.93333 20.32189 339.2659 1.7166
17.96667 20.34516 339.358 1.745927
17.96667 20.36333 339.4344 1.7295
18 20.40271 339.527 1.714425
18 20.48294 339.6449 1.71785
18 20.61386 339.8014 1.755898
18.03333 20.75623 339.9862 1.776535
18.03333 20.94098 340.1612 1.792198
18.06667 21.07913 340.3604 1.80739
18.06667 21.16518 340.551 1.838117
18.06667 21.2153 340.669 1.847076
18.1 21.228 340.8091 1.841227
18.1 21.26624 340.9102 1.808508
18.13333 21.25454 340.9603 1.769471
18.13333 21.22542 341.0068 1.76174
18.16667 21.17676 341.0461 1.748365
18.16667 21.16097 341.0515 1.724932
18.16667 21.1922 341.0501 1.728203
18.2 21.23625 341.0233 1.733394
18.2 21.27604 340.9756 1.723681
18.23333 21.30265 340.8892 1.685422
18.23333 21.35275 340.7615 1.676221
18.23333 21.39365 340.6364 1.684162
18.26667 21.41877 340.4997 1.689882
18.26667 21.44308 340.3532 1.701288
18.3 21.46076 340.204 1.689541
18.3 21.51704 340.0416 1.669383
18.33333 21.58791 339.8904 1.651811
18.33333 21.64369 339.7698 1.638248
18.36667 21.73352 339.6425 1.632001
18.36667 21.78157 339.5028 1.625402
18.36667 21.81895 339.3751 1.617555
18.4 21.89261 339.2847 1.619452
18.4 21.98975 339.1603 1.595644
18.4 22.08672 339.074 1.545792
18.43333 22.22138 338.9651 1.46997
18.43333 22.37984 338.8813 1.428788
18.46667 22.54198 338.8504 1.42979
18.46667 22.71569 338.8094 1.432996
18.5 22.88591 338.7503 1.408404
18.5 23.14477 338.5993 1.382336
18.5 23.36031 338.461 1.378577
18.53333 23.57941 338.2645 1.357784
18.53333 23.79189 338.0215 1.328843
18.56667 23.98341 337.7575 1.319531
18.56667 24.19791 337.5099 1.298166
18.56667 24.41027 337.2273 1.288342
18.6 24.60369 336.9636 1.28369
18.6 24.76891 336.6793 1.226891
18.63333 24.8907 336.424 1.14974
18.63333 24.98149 336.1492 1.015944
18.66667 25.01047 335.9091 0.9110953
18.66667 25.0185 335.7392 0.867308
18.66667 25.04773 335.5953 0.8910023
18.7 25.04387 335.5401 0.9253093
18.7 25.01999 335.4945 0.9520977
18.73333 24.99121 335.4869 0.9793112
18.73333 24.94991 335.4839 0.9772975
18.76667 24.93235 335.5022 0.9764774
18.76667 24.95502 335.5943 1.025908
18.76667 24.95065 335.7238 1.075139
18.8 24.94747 335.8152 1.084718
18.8 24.94684 335.9184 1.106398
18.83333 24.94004 335.991 1.143549
18.83333 24.95119 336.0671 1.170272
18.83333 24.94891 336.1293 1.172221
18.86667 24.94923 336.1549 1.157777
18.86667 24.95704 336.1873 1.159694
18.9 24.96744 336.1836 1.140518
18.9 24.9644 336.1587 1.11041
18.93333 24.96503 336.1136 1.078979
18.93333 24.96968 336.0645 1.076152
18.93333 24.9703 336.0143 1.052563
18.96667 24.98376 335.9816 1.024646
18.96667 25.00641 335.9307 1.026017
19 24.95962 335.8851 1.004763
19 24.92602 335.8234 0.9940271
19 24.95181 335.7902 1.021569
19.03333 24.96601 335.7945 1.041147
19.03333 24.97572 335.8006 1.039773
19.06667 25.0177 335.8244 1.029556
19.06667 25.01148 335.8319 1.034656
19.1 24.97476 335.8333 1.061761
19.1 24.95486 335.8125 1.100147
19.1 24.93313 335.7865 1.114079
19.13333 24.91135 335.7639 1.087525
19.13333 24.93116 335.7305 1.058731
19.16667 24.93582 335.7153 1.02771
19.16667 24.9457 335.7039 1.010395
19.16667 24.95859 335.6705 1.024879
19.2 24.95587 335.6458 1.030421
19.2 24.96126 335.617 1.019215
19.23333 24.96109 335.6025 1.00496
19.23333 24.9362 335.5989 0.9919221
19.26667 24.91772 335.6027 0.9922044
19.26667 24.92026 335.605 1.019133
19.26667 24.91537 335.6103 1.034699
19.3 24.90578 335.5981 1.006208
19.3 24.90515 335.5959 0.975875
19.33333 24.89982 335.5692 0.9753631
19.33333 24.89489 335.5464 1.002295
19.33333 24.89709 335.546 1.043104
19.36667 24.90696 335.543 1.068337
19.36667 24.90225 335.5404 1.062716
19.4 24.90066 335.5179 1.065928
19.4 24.89903 335.506 1.078245
19.43333 24.90217 335.4869 1.068725
19.43333 24.9055 335.463 1.065236
19.43333 24.90539 335.4416 1.074211
19.46667 24.89649 335.404 1.084734
19.46667 24.89048 335.3897 1.100947
19.5 24.90023 335.3744 1.132276
19.5 24.90852 335.3711 1.148766
19.5 24.91832 335.3649 1.157429
19.53333 24.91603 335.3573 1.175583
19.53333 24.9054 335.3494 1.192597
19.56667 24.90488 335.3369 1.198315
19.56667 24.90016 335.3153 1.210816
19.6 24.89577 335.3077 1.21603
19.6 24.89442 335.276 1.224394
19.6 24.90166 335.2633 1.264927
19.63333 24.89794 335.2581 1.283538
19.63333 24.88349 335.2477 1.284784
19.66667 24.87588 335.2415 1.289855
19.66667 24.88453 335.2296 1.294092
19.66667 24.89146 335.2266 1.296751
19.7 24.89692 335.2075 1.296529
19.7 24.89006 335.1804 1.301661
19.73333 24.86625 335.1835 1.321364
19.73333 24.87712 335.1721 1.316024
19.76667 24.87201 335.1584 1.30809
19.76667 24.89226 335.1564 1.286104
19.76667 24.87789 335.1383 1.258124
19.8 24.8761 335.117 1.241202
19.8 24.84811 335.0881 1.277262
19.83333 24.82834 335.0706 1.315405
19.83333 24.8323 335.0382 1.309999
19.86667 24.83474 335.009 1.281132
19.86667 24.84331 334.9868 1.256045
19.86667 24.85325 334.9734 1.243788
19.9 24.83176 334.9749 1.240829
19.9 24.81935 334.9735 1.239847
19.93333 24.80871 334.9633 1.239808
19.93333 24.79342 334.9597 1.247542
19.93333 24.78023 334.9629 1.225848
19.96667 24.7448 334.9686 1.22114
19.96667 24.73561 334.9777 1.239209
20 24.72129 334.9851 1.277779
20 24.72362 334.9909 1.271482
20.03333 24.72731 334.9873 1.239256
20.03333 24.73532 334.9647 1.214669
20.03333 24.70567 334.9412 1.202448
20.06667 24.68431 334.9247 1.213053
20.06667 24.65326 334.89 1.215528
20.1 24.65113 334.8845 1.22458
20.1 24.64217 334.8719 1.241843
20.1 24.64775 334.8647 1.238356
20.13333 24.63929 334.8319 1.236457
20.13333 24.63499 334.8018 1.248363
20.16667 24.63547 334.7799 1.262035
20.16667 24.62812 334.7635 1.256503
20.16667 24.63143 334.7423 1.23548
20.2 24.63897 334.706 1.236071
20.2 24.62013 334.6624 1.243925
20.23333 24.61604 334.635 1.263996
20.23333 24.60316 334.5709 1.289442
20.26667 24.59487 334.493 1.298116
20.26667 24.62218 334.4467 1.29485
20.26667 24.67375 334.4164 1.262462
20.3 24.73325 334.3747 1.179336
20.3 24.74697 334.3438 1.118579
20.33333 24.716 334.3138 1.062782
20.33333 24.68056 334.3073 1.02652
20.36667 24.63641 334.2848 1.009677
20.36667 24.60506 334.2322 1.028824
20.36667 24.56997 334.17 1.079406
20.4 24.58933 334.1045 1.092456
20.4 24.62162 334.0582 1.072954
20.43333 24.6839 334.0008 1.101012
20.43333 24.70905 331.911 1.119358
20.43333 24.72432 329.7664 1.154835
20.46667 24.73886 327.6141 1.219161
20.5 24.74235 325.502 1.291895
20.5 24.6992 323.3804 1.336931
20.53333 24.67485 321.244 1.328658
20.53333 24.6724 319.122 1.32097
20.56667 24.63468 317.0349 1.33191
20.56667 24.55871 314.5494 1.437187
20.6 24.53443 312.6667 1.428028
20.6 24.49541 310.6059 1.47187
20.63333 24.49274 308.5754 1.518785
20.63333 24.50355 306.5435 1.555093
20.66667 24.49952 304.5479 1.564985
20.66667 24.44994 302.424 1.621036
20.7 24.41189 300.4748 1.585421
20.7 24.40517 298.4887 1.598229
20.73333 24.36051 296.5634 1.668909
20.73333 24.23722 294.5655 1.725689
20.76667 24.19979 292.6037 1.656395
20.76667 24.14766 290.634 1.614969
20.8 24.13341 288.6982 1.601956
20.8 24.10443 286.7668 1.617132
20.83333 23.97961 284.8567 1.587663
20.86667 23.71018 283.0264 1.467899
20.86667 23.66652 281.0819 1.377634
20.86667 23.66369 279.1975 1.168636
20.9 23.36856 277.282 0.9319704
20.9 22.8367 275.5841 0.6402926
20.93333 22.78586 273.6251 0.6445831
20.93333 22.60025 271.7126 0.4696133
20.96667 22.38319 269.8 0.2599737
21 22.1855 269.0906 0.007148541
21 22.22436 269.0991 359.7291
21 22.28269 269.2708 359.2472
21.03333 22.1798 269.3068 359.0219
21.03333 22.12448 269.2308 359.0939
21.06667 21.9846 269.1988 359.0377
21.06667 21.82519 269.1656 358.9277
21.1 21.70248 269.1918 358.8546
21.1 21.51709 269.2363 358.8055
21.1 21.31439 269.3184 358.7595
21.13333 21.16601 269.3872 358.7383
21.13333 21.06837 269.5134 358.7493
21.16667 20.98214 269.6285 358.7698
21.16667 21.03496 269.7777 358.81
21.16667 21.16915 269.9213 358.8625
21.2 21.30137 270.0567 358.9304
21.2 21.41172 270.1811 359.0085
21.23333 21.493 270.2416 359.0815
21.23333 21.52689 270.2836 359.2093
21.26667 21.57642 270.2873 359.3703
21.26667 21.59631 270.2475 359.5151
21.26667 21.64238 270.1316 359.6589
21.3 21.77102 270.0314 359.7883
21.3 21.90096 269.9404 359.8975
21.33333 21.99414 269.792 359.936
21.33333 22.0202 269.6525 359.9649
21.36667 21.96159 269.466 359.9547
21.36667 21.92736 269.3132 359.9259
21.36667 21.97892 269.1447 359.884
21.4 21.98343 269.038 359.8594
21.4 21.93857 268.9565 359.8438
21.43333 21.88939 268.8546 359.8088
21.43333 21.76119 268.7625 359.7625
21.46667 21.611 268.6869 359.6815
21.46667 21.40716 268.5798 359.5027
21.46667 21.17507 268.3937 359.2852
21.5 20.89645 268.1884 359.1491
21.5 20.65425 267.9851 359.0444
21.53333 20.41512 267.7401 358.9307
21.53333 20.26732 267.5735 358.8872
21.53333 20.10821 267.43 358.8922
21.56667 19.98582 267.3419 358.9094
21.56667 19.94921 267.2681 358.9204
21.6 19.94558 267.2225 358.9632
21.6 19.94023 267.1964 359.0145
21.63333 19.95346 267.1812 359.0344
21.63333 19.94188 267.1574 359.0553
21.63333 20.02798 267.1997 359.179
21.66667 20.06019 267.2511 359.2795
21.66667 20.11028 267.299 359.3302
21.7 20.17819 267.3794 359.3775
21.7 20.20023 267.4819 359.4052
21.7 20.15073 267.5696 359.3408
21.73333 20.1543 267.618 359.2794
21.73333 20.13563 267.6786 359.2632
21.76667 20.13239 267.736 359.2588
21.76667 20.14361 267.8009 359.2262
21.76667 20.14332 267.8534 359.1749
21.8 20.16049 267.8725 359.1517
21.8 20.17766 267.9165 359.0981
21.83333 20.17335 267.9111 359.0435
21.83333 20.21172 267.9366 359.032
21.86667 20.29599 267.9794 359.0309
21.86667 20.31003 268.0028 358.9905
21.86667 20.31956 268.0088 358.9553
21.9 20.39499 268.0081 358.9571
21.9 20.43419 267.9839 358.9594
21.93333 20.46683 267.9747 358.9393
21.93333 20.51326 267.95 358.9231
21.93333 20.53753 267.9139 358.9467
21.96667 20.50713 267.877 359.0013
21.96667 20.47331 267.8163 359.0922
22 20.49538 267.7505 359.1929
22 20.55889 267.6667 359.23
22.03333 20.59912 267.5968 359.2369
22.03333 20.64543 267.5411 359.2538
22.06667 20.70736 267.4864 359.2677
22.06667 20.73404 267.4508 359.2902
22.06667 20.74478 267.4197 359.3091
22.1 20.71486 267.3951 359.3137
22.1 20.69984 267.3542 359.2898
22.13333 20.69341 267.3429 359.3051
22.13333 20.70278 267.3412 359.3332
22.13333 20.69834 267.3524 359.3438
22.16667 20.7058 267.3854 359.3367
22.16667 20.74059 267.446 359.3069
22.2 20.76184 267.5058 359.2553
22.2 20.7934 267.5814 359.2254
22.23333 20.82061 267.6361 359.2227
22.23333 20.85815 267.72 359.2313
22.23333 20.86567 267.7983 359.2491
22.26667 20.85177 267.8528 359.2383
22.26667 20.82568 267.9261 359.2366
22.3 20.80814 267.976 359.2288
22.3 20.81683 267.9978 359.1995
22.3 20.85984 268.0263 359.1913
22.33333 20.90664 268.0547 359.2315
22.33333 20.89961 268.0978 359.2629
22.36667 20.91322 268.1187 359.2983
22.36667 20.94907 268.164 359.3587
22.36667 20.99716 268.1987 359.4015
22.4 21.0334 268.2457 359.4442
22.4 21.06223 268.3508 359.4981
22.43333 21.06285 268.4263 359.5127
22.43333 21.05708 268.5074 359.5422
22.46667 21.0845 268.576 359.5836
22.46667 21.14092 268.6479 359.6301
22.46667 21.12305 268.7208 359.6627
22.5 21.08299 268.7684 359.662
22.5 21.00237 268.7972 359.6588
22.53333 21.05606 268.818 359.6554
22.53333 21.12353 268.8261 359.6497
22.53333 21.14635 268.8249 359.6074
22.56667 21.15194 268.8209 359.57
22.56667 21.16702 268.8165 359.5336
22.6 21.16382 268.7962 359.489
22.6 21.15574 268.7752 359.4388
22.63333 21.15781 268.7803 359.4398
22.63333 21.18212 268.8137 359.474
22.63333 21.18297 268.8712 359.4875
22.66667 21.15726 268.8882 359.4461
22.66667 21.1399 268.9268 359.4528
22.7 21.1715 268.9643 359.5041
22.7 21.21418 269.0573 359.5466
22.73333 21.25794 269.1997 359.5738
22.73333 21.3414 269.3291 359.601
22.73333 21.47478 269.5421 359.6528
22.76667 21.60535 269.7881 359.6752
22.76667 21.75774 270.0519 359.6826
22.8 21.9506 270.4084 359.7452
22.8 22.09818 270.7535 359.8214
22.83333 22.2922 271.1627 359.9071
22.83333 22.54019 271.6226 359.9813
22.83333 22.79151 272.1069 0.06424229
22.86667 22.8014 272.398 -0.001818956
22.86667 22.77484 272.6307 359.7993
22.9 22.85805 272.7781 359.6552
22.9 22.96394 272.8673 359.5999
22.9 23.05137 272.949 359.5397
22.93333 22.99964 273.0045 359.5305
22.93333 22.92291 272.8989 359.4059
22.96667 22.86168 272.678 359.2135
22.96667 22.89289 272.4523 359.1396
23 22.92693 272.3048 359.1143
23 22.91962 272.1306 359.0334
23 22.91432 271.9043 358.8908
23.03333 22.98661 271.7083 358.8109
23.03333 23.06907 271.5046 358.7803
23.06667 23.10549 271.3348 358.782
23.06667 23.10443 271.2188 358.8141
23.06667 23.06079 271.0898 358.8415
23.1 23.03765 270.9975 358.8688
23.1 23.03602 270.9247 358.9373
23.13333 23.05689 270.8971 359.0128
23.13333 23.05665 270.9083 359.056
23.16667 23.06336 270.9156 359.0691
23.16667 23.07747 270.9688 359.1082
23.16667 23.07228 271.0647 359.1844
23.2 23.04927 271.1502 359.2185
23.2 22.98518 271.2249 359.2221
23.23333 22.93229 271.2904 359.2306
23.23333 22.89658 271.3477 359.2102
23.23333 22.84091 271.4094 359.1826
23.26667 22.85599 271.4483 359.1594
23.26667 22.83747 271.477 359.1439
23.3 22.82918 271.4997 359.1136
23.3 22.85544 271.4962 359.0703
23.3 22.85953 271.487 359.0138
23.33333 22.86499 271.481 358.975
23.33333 22.86166 271.4543 358.9171
23.36667 22.84002 271.4502 358.9058
23.36667 22.82764 271.4093 358.9721
23.4 22.87495 271.3698 359.0386
23.4 22.89383 271.3275 359.0573
23.4 22.89055 271.271 359.0596
23.43333 22.90775 271.2312 359.0559
23.43333 22.92411 271.2052 359.063
23.46667 22.94423 271.2059 359.0767
23.46667 22.9387 271.2161 359.0663
23.46667 22.9287 271.2249 359.0913
23.5 22.95141 271.2463 359.1125
23.5 22.93373 271.2839 359.1395
23.53333 22.93685 271.3119 359.1575
23.53333 22.92591 271.3405 359.1866
23.56667 22.93507 271.3905 359.2235
23.56667 22.94688 271.429 359.2059
23.56667 22.95206 271.465 359.1241
23.6 22.93023 271.5225 359.0707
23.6 22.92555 271.603 359.0549
23.63333 22.95892 271.6736 359.0547
23.63333 22.98339 271.7612 359.0495
23.63333 23.01006 271.8361 359.0186
23.66667 23.0117 271.9039 358.9963
23.66667 23.00944 271.9558 358.964
23.7 23.01599 271.9974 358.9612
23.7 23.01807 272.0202 358.9599
23.73333 23.01966 272.0435 358.9761
23.73333 23.03217 272.0255 358.9752
23.76667 23.05047 271.9942 358.9752
23.76667 23.06164 271.9334 358.9775
23.76667 23.05126 271.8567 359.0066
23.8 23.07703 271.781 359.0514
23.8 23.09428 271.7225 359.0835
23.8 23.1224 271.647 359.0901
23.83333 23.14961 271.6022 359.1318
23.83333 23.15342 271.5411 359.1703
23.86667 23.184 271.4968 359.223
23.86667 23.20469 271.4604 359.2725
23.9 23.24408 271.417 359.3536
23.9 23.2622 271.3908 359.4373
23.9 23.2777 271.363 359.4816
23.93333 23.29592 271.3353 359.5173
23.93333 23.3045 271.3365 359.5681
23.96667 23.33002 271.3591 359.5847
23.96667 23.32245 271.3893 359.5862
24 23.3337 271.4334 359.5665
24 23.35844 271.469 359.5574
24 23.3815 271.5231 359.5276
24.03333 23.38925 271.5763 359.4889
24.03333 23.38534 271.6177 359.4347
24.06667 23.38401 271.649 359.4074
24.06667 23.37127 271.6764 359.4323
24.06667 23.38039 271.7072 359.4519
24.1 23.38335 271.7427 359.4388
24.1 23.38201 271.7682 359.41
24.13333 23.41209 271.8426 359.4048
24.13333 23.42986 271.8978 359.4084
24.16667 23.43341 271.9685 359.4458
24.16667 23.4418 272.0129 359.4701
24.16667 23.42283 272.0387 359.4955
24.2 23.39037 272.0375 359.523
24.2 23.39098 272.0275 359.5541
24.23333 23.36505 272.0166 359.5916
24.23333 23.38039 271.9995 359.6153
24.23333 23.39057 271.9357 359.6089
24.26667 23.38168 271.8807 359.5867
24.26667 23.39314 271.8183 359.5649
24.3 23.39913 271.7872 359.5469
24.3 23.41375 271.7711 359.5447
24.33333 23.41845 271.7753 359.5505
24.33333 23.39747 271.7622 359.5471
24.33333 23.38396 271.7714 359.5425
24.36667 23.37566 271.788 359.5485
24.36667 23.35001 271.8264 359.5441
24.4 23.34145 271.8391 359.5246
24.4 23.33851 271.8527 359.5113
24.4 23.32637 271.8398 359.5094
24.43333 23.29659 271.8329 359.4955
24.43333 23.27333 271.8156 359.4772
24.46667 23.25703 271.8177 359.4638
24.46667 23.23343 271.8013 359.4525
24.5 23.21604 271.763 359.4338
24.5 23.17988 271.7269 359.42
24.5 23.1484 271.6937 359.4096
24.53333 23.0899 271.6888 359.3934
24.53333 23.03558 271.6824 359.3717
24.56667 22.97796 271.6818 359.3499
24.56667 22.9373 271.6573 359.2825
24.56667 22.89967 271.665 359.2403
24.6 22.86905 271.6888 359.2361
24.6 22.89842 271.7129 359.2044
24.63333 22.91722 271.705 359.1578
24.63333 22.91397 271.6954 359.1684
24.66667 22.92242 271.6882 359.1899
24.66667 22.97713 271.6659 359.183
24.66667 23.00425 271.639 359.1747
24.7 22.99742 271.6302 359.194
24.7 23.01794 271.614 359.2048
24.73333 23.0264 271.5982 359.1841
24.73333 23.04639 271.5931 359.1511
24.76667 23.04964 271.6089 359.1054
24.76667 23.04989 271.6165 359.0845
24.76667 23.03611 271.632 359.1118
24.8 23.00423 271.6382 359.1522
24.8 22.97078 271.6349 359.1771
24.83333 22.94255 271.6067 359.1805
24.83333 22.91159 271.5638 359.1569
24.83333 22.93772 271.5321 359.1479
24.86667 22.9605 271.5071 359.1421
24.86667 22.99636 271.4517 359.1423
24.9 23.03204 271.3438 359.1035
24.9 23.03189 271.1796 359.0634
24.93333 23.07161 271.0175 359.0222
24.93333 23.04156 270.7801 359.0037
24.93333 22.95327 270.5969 359.0188
24.96667 22.89474 270.3889 359.0236
24.96667 22.78659 270.1889 359.0121
25 22.64625 269.9874 358.9447
25 22.55316 269.7414 358.8428
25 22.50108 269.5265 358.7718
25.03333 22.42877 269.3508 358.7312
25.03333 22.36841 269.1674 358.6909
25.06667 22.22314 268.9724 358.6223
25.06667 22.03096 268.7114 358.4925
25.1 21.99502 268.4186 358.3555
25.1 22.04145 268.0951 358.2809
25.1 21.98107 267.8522 358.2247
25.13333 21.8483 267.5894 358.1402
25.13333 21.73688 267.3805 358.0999
25.16667 21.72613 267.1585 358.0469
25.16667 21.70399 266.8367 357.9449
25.16667 21.68161 266.5128 357.7795
25.2 21.70068 266.1069 357.5469
25.2 21.79543 265.7718 357.3904
25.23333 21.90598 265.5043 357.3159
25.23333 21.92465 265.2737 357.2469
25.26667 21.97489 264.9797 357.1422
25.26667 21.991 264.7537 357.0458
25.26667 21.99386 264.5631 356.9465
25.3 22.05364 264.4326 356.9081
25.3 22.09036 264.3698 356.9353
25.33333 22.08645 264.299 356.9414
25.33333 22.07442 264.2269 356.9348
25.33333 22.05027 264.2044 356.9691
25.36667 22.00751 264.2078 356.9871
25.36667 21.94195 264.2463 356.9725
25.4 21.92405 264.3361 356.993
25.4 21.89851 264.4224 357.0466
25.43333 21.87319 264.4802 357.0941
25.43333 21.85542 264.4964 357.1064
25.43333 21.88494 264.5323 357.1052
25.46667 21.89971 264.5811 357.1098
25.46667 21.90739 264.6177 357.0738
25.5 21.86691 264.6412 357.0245
25.5 21.82969 264.6464 357.0097
25.5 21.7524 264.6355 357.017
25.53333 21.69589 264.6075 357.0246
25.53333 21.64151 264.5718 357.0086
25.56667 21.62713 264.54 356.9911
25.56667 21.60967 264.5071 356.9518
25.6 21.58477 264.478 356.9097
25.6 21.55044 264.458 356.8942
25.6 21.5303 264.4114 356.8837
25.63333 21.54611 264.3983 356.9145
25.63333 21.48805 264.3785 356.9375
25.66667 21.44192 264.3617 356.9439
25.66667 21.44193 264.338 356.974
25.66667 21.45874 264.331 357.0096
25.7 21.45083 264.3303 357.0166
25.7 21.45378 264.3391 356.967
25.73333 21.4369 264.3449 356.9365
25.73333 21.42553 264.3285 356.9309
25.76667 21.39128 264.3241 356.9393
25.76667 21.37645 264.3326 356.9857
25.76667 21.39412 264.3503 356.9918
25.8 21.39025 264.3599 356.9622
25.8 21.37231 264.3581 356.9327
25.83333 21.36646 264.3587 356.9225
25.83333 21.34721 264.3541 356.9086
25.83333 21.3278 264.3353 356.8848
25.86667 21.27762 264.3231 356.873
25.86667 21.26129 264.3259 356.8959
25.9 21.23015 264.3135 356.9007
25.9 21.22415 264.3083 356.9101
25.93333 21.24071 264.3083 356.9471
25.93333 21.23485 264.3093 356.9649
25.93333 21.242 264.3104 356.9841
25.96667 21.25634 264.3022 356.9977
25.96667 21.23104 264.2765 357.0189
26 21.18625 264.2567 357.045
26 21.15947 264.2091 357.0356
26.03333 21.1469 264.16 357.0084
26.03333 21.14499 264.1499 357.047
26.03333 21.17266 264.1892 357.1029
26.06667 21.198 264.1981 357.1207
26.06667 21.26854 264.2139 357.1176
26.1 21.30626 264.2109 357.1363
26.1 21.29272 264.2191 357.157
26.1 21.29824 264.2198 357.177
26.13333 21.33883 264.2283 357.1776
26.13333 21.40042 264.258 357.1685
26.16667 21.42396 264.2747 357.1346
26.16667 21.44124 264.2589 357.1174
26.2 21.44807 264.245 357.1367
26.2 21.45609 264.2503 357.1924
26.2 21.44521 264.2625 357.2544
26.23333 21.47383 264.2748 357.2922
26.23333 21.51318 264.2846 357.3005
26.26667 21.58338 264.3033 357.3508
26.26667 21.62267 264.3011 357.3842
26.26667 21.656 264.3137 357.4561
26.3 21.63424 264.319 357.5386
26.3 21.64168 264.3091 357.5869
26.33333 21.63045 264.3047 357.6387
26.33333 21.64737 264.2889 357.6915
26.36667 21.68732 264.3099 357.7354
26.36667 21.71315 264.3162 357.7761
26.36667 21.71456 264.3112 357.7971
26.4 21.74813 264.3268 357.8085
26.4 21.75957 264.3564 357.8252
26.43333 21.75872 264.3896 357.8197
26.43333 21.77423 264.4037 357.7962
26.43333 21.81567 264.4191 357.7902
26.46667 21.8373 264.4579 357.8052
26.46667 21.8409 264.5194 357.8281
26.5 21.88577 264.5634 357.8221
26.5 21.8959 264.6045 357.8239
26.53333 21.88994 264.6487 357.8676
26.53333 21.88593 264.7078 357.897
26.53333 21.94319 264.7605 357.8993
26.56667 22.03212 264.8135 357.9404
26.56667 22.07775 264.8545 358.0509
26.6 22.14236 264.9003 358.2112
26.6 22.17546 264.94 358.3942
26.6 22.21837 265.0366 358.6218
26.63333 22.33028 265.1794 358.8271
26.63333 22.38131 265.2758 358.9262
26.66667 22.4268 265.3908 359.0024
26.66667 22.60028 265.5098 359.0317
26.7 22.67581 265.6215 359.0416
26.7 22.77227 265.765 359.0469
26.7 22.93742 265.9152 359.079
26.73333 23.00542 266.1047 359.0616
26.73333 23.02757 266.2492 358.9551
26.76667 23.12129 266.4092 358.8633
26.76667 23.32292 266.6248 358.7727
26.8 23.54153 266.9474 358.6703
26.8 23.80513 267.4258 358.6165
26.8 24.17445 268.1932 358.614
26.83333 24.46072 269.1573 358.6973
26.83333 24.45077 270.0446 358.7965
26.86667 24.178 271.1454 358.8582
26.86667 24.04632 271.9935 358.9843
26.86667 23.9957 272.8622 359.2754
26.9 23.95686 273.6562 359.6292
26.9 23.83291 274.3906 359.9674
26.93333 23.6655 275.0244 0.2279587
26.93333 23.58365 275.3842 0.3359249
26.96667 23.56962 275.7337 0.4141538
26.96667 23.63492 276.011 0.4711201
26.96667 23.69698 276.2318 0.5165048
27 23.65226 276.3278 0.500541
27 23.58004 276.2252 0.365508
27.03333 23.53515 276.0212 0.2574436
27.03333 23.56842 275.7618 0.2240425
27.03333 23.58916 275.5562 0.2417592
27.06667 23.60262 275.3514 0.2431742
27.06667 23.59302 275.0271 0.1543753
27.1 23.57134 274.6429 0.0303863
27.1 23.6001 274.3719 359.985
27.13333 23.61599 274.1258 359.9811
27.13333 23.67293 273.9106 359.9581
27.13333 23.73399 273.7295 359.9033
27.16667 23.71308 273.5812 359.8702
27.16667 23.71634 273.5159 359.8494
27.2 23.71676 273.5335 359.8129
27.2 23.70625 273.6317 359.7852
27.2 23.72656 273.7911 359.7417
27.23333 23.72913 273.988 359.6358
27.23333 23.71864 274.1549 359.4203
27.26667 23.6694 274.2579 359.1768
27.26667 23.60487 274.2812 358.9537
27.3 23.57648 274.2513 358.8004
27.3 23.60565 274.2198 358.7549
27.3 23.66333 274.2484 358.809
27.33333 23.69729 274.2782 358.8413
27.33333 23.68895 274.2625 358.8375
27.36667 23.65475 274.22 358.8579
27.36667 23.61388 274.1348 358.8905
27.36667 23.62319 274.07 358.9302
27.4 23.66398 274.0563 359.0297
27.4 23.68411 274.0763 359.095
27.43333 23.69565 274.1331 359.1185
27.43333 23.68784 274.2163 359.1164
27.46667 23.72295 274.4164 359.1387
27.46667 23.80179 274.7508 359.1951
27.46667 23.94628 275.3533 359.3226
27.5 24.14949 276.1542 359.5402
27.5 24.35007 277.0479 359.796
27.53333 24.62815 278.311 0.1354392
27.53333 24.90063 279.4925 0.4500696
27.56667 25.1042 280.4818 0.6647822
27.56667 25.32508 281.6333 0.9375522
27.56667 25.6102 282.9581 1.244467
27.6 25.8646 283.8676 1.44417
27.6 26.2419 284.9578 1.725645
27.63333 26.486 285.9903 1.975153
27.63333 26.60113 286.8694 2.041255
27.66667 26.76361 287.7733 2.071608
27.66667 26.90711 288.3877 2.125099
27.66667 27.09545 289.1469 2.18223
27.7 27.18217 289.9394 2.360749
27.7 27.23092 290.5417 2.474533
27.73333 27.39506 291.2416 2.544549
27.73333 27.55226 291.8689 2.594296
27.76667 27.60383 292.5407 2.560085
27.76667 27.60094 293.0475 2.457407
27.76667 27.56803 293.4795 2.390307
27.8 27.54933 293.8114 2.320832
27.8 27.51563 294.072 2.219073
27.8 27.50248 294.2603 2.104532
27.83333 27.54281 294.3461 2.009569
27.83333 27.55901 294.4078 1.9439
27.86667 27.54434 294.3753 1.858762
27.86667 27.50073 294.231 1.686486
27.9 27.44587 293.9956 1.49123
27.9 27.43738 293.7264 1.298016
27.9 27.50227 293.455 1.150665
27.93333 27.55232 293.2533 1.067133
27.93333 27.59973 292.9664 0.874966
27.96667 27.61221 292.6789 0.6331691
27.96667 27.57545 292.3598 0.3595939
27.96667 27.55978 292.1115 0.1874874
28 27.58671 291.9435 0.1399747
28 27.62333 291.8574 0.1073155
28.03333 27.73669 291.8051 0.02619403
28.03333 27.8196 291.7864 359.9481
28.06667 27.8835 291.7662 359.8639
28.06667 27.85785 291.7589 359.7981
28.06667 27.86003 291.8438 359.8534
28.1 27.87618 291.991 359.954
28.1 27.99664 292.2635 0.09552676
28.13333 28.13457 292.5001 0.1634051
28.13333 28.24623 292.7025 0.1866929
28.13333 28.34352 292.8834 0.1697322
28.16667 28.46376 293.0251 0.161297
28.16667 28.72182 293.2665 0.2121765
28.2 28.93928 293.5052 0.2664823
28.2 29.21639 293.8312 0.3402241
28.23333 29.44132 294.0784 0.3328763
28.23333 29.6392 294.2869 0.2864323
28.23333 29.83384 294.4591 0.2108889
28.26667 29.91426 294.6081 0.1280357
28.26667 29.96204 294.7552 0.09479003
28.3 29.9948 294.8767 0.09786348
28.3 30.05116 294.9976 0.1098847
28.3 30.07584 295.0478 0.04215578
28.33333 30.11232 295.0492 359.9591
28.33333 30.12509 295.0359 359.9392
28.36667 30.11394 295.0094 359.9079
28.36667 30.11129 294.9408 359.8387
28.4 30.08036 294.8205 359.7751
28.4 30.06343 294.6879 359.7324
28.4 30.06543 294.5771 359.6867
28.43333 30.01702 294.4325 359.6292
28.43333 29.95805 294.3031 359.5907
28.46667 29.8958 294.1975 359.577
28.46667 29.85183 294.0782 359.5249
28.46667 29.8621 293.9925 359.4621
28.5 29.85462 293.9569 359.4501
28.5 29.84234 293.919 359.434
28.53333 29.82774 293.8554 359.42
28.53333 29.8218 293.8201 359.4237
28.56667 29.82968 293.8165 359.4593
28.56667 29.84406 293.8736 359.5027
28.56667 29.88047 293.9613 359.5327
28.6 29.90741 294.0057 359.5163
28.6 29.8565 294.0219 359.4484
28.63333 29.83424 294.0182 359.3895
28.63333 29.81782 294.0274 359.3752
28.66667 29.83684 294.0579 359.3607
28.66667 29.87731 294.1203 359.4214
28.66667 29.90541 294.1705 359.4482
28.7 29.90664 294.1831 359.3954
28.7 29.87146 294.1144 359.2876
28.73333 29.81852 294.0536 359.2612
28.73333 29.77172 294.0134 359.2958
28.73333 29.72294 293.9846 359.3086
28.76667 29.71627 293.9301 359.2879
28.76667 29.72416 293.8482 359.2692
28.8 29.7007 293.7522 359.2656
28.8 29.68564 293.6744 359.2564
28.83333 29.68585 293.6304 359.2657
28.83333 29.70701 293.6069 359.2847
28.83333 29.72323 293.6031 359.3406
28.86667 29.68272 293.6014 359.3846
28.86667 29.59337 293.5887 359.4058
28.9 29.45137 293.5864 359.4289
28.9 29.25986 293.565 359.4204
28.9 29.16861 293.5356 359.4062
28.93333 29.13964 293.5047 359.4215
28.93333 29.14473 293.4949 359.4355
28.96667 29.18797 293.4666 359.4392
28.96667 29.2453 293.4192 359.4476
28.96667 29.27462 293.3888 359.4881
29 29.23635 293.3466 359.4655
29 29.17386 293.2973 359.408
29.03333 29.13348 293.2151 359.3469
29.03333 29.13351 293.1564 359.3461
29.06667 29.15135 293.1075 359.3615
29.06667 29.16475 293.0762 359.3847
29.06667 29.13686 293.0396 359.3796
29.1 29.10014 292.9781 359.356
29.1 29.10016 292.9289 359.3564
29.13333 29.11985 292.8981 359.3834
29.13333 29.14402 292.8616 359.3929
29.13333 29.15242 292.8457 359.3958
29.16667 29.15878 292.8145 359.367
29.16667 29.13982 292.8011 359.3549
29.2 29.10745 292.8039 359.3815
29.2 29.07452 292.8109 359.3943
29.23333 29.07902 292.7944 359.3806
29.23333 29.09578 292.7784 359.3794
29.23333 29.13667 292.7802 359.3985
29.26667 29.19536 292.7769 359.3917
29.26667 29.21032 292.7656 359.3593
29.3 29.20987 292.7321 359.303
29.3 29.19997 292.6908 359.2789
29.33333 29.17295 292.6574 359.2694
29.33333 29.16495 292.5979 359.2177
29.33333 29.1718 292.5523 359.2041
29.36667 29.20209 292.52 359.2058
29.36667 29.26231 292.4932 359.1764
29.4 29.30425 292.4753 359.1632
29.4 29.31104 292.4461 359.1385
29.43333 29.30918 292.3804 359.0685
29.43333 29.30972 292.3182 359.0448
29.43333 29.31472 292.2974 359.0616
29.46667 29.32143 292.2508 359.066
29.46667 29.3503 292.188 359.0338
29.5 29.34434 292.1357 359.0016
29.5 29.35042 292.0789 358.9872
29.5 29.35004 292.033 358.9854
29.53333 29.35333 292.011 359.0047
29.53333 29.36479 291.9935 359.0222
29.56667 29.33225 291.973 359.0159
29.56667 29.33117 291.9467 358.9848
29.6 29.32259 291.9045 358.9438
29.6 29.32895 291.8633 358.9348
29.6 29.32868 291.8237 358.9138
29.63333 29.31925 291.7899 358.9598
29.63333 29.3209 291.7496 358.9903
29.66667 29.33102 291.6663 358.9947
29.66667 29.33943 291.5581 359.0162
29.66667 29.32327 291.4369 359.0399
29.7 29.30301 291.3169 359.0468
29.7 29.29011 291.1012 359.0746
29.73333 29.22823 290.833 359.1358
29.73333 29.08005 290.461 359.1314
29.73333 28.95418 290.1295 359.1151
29.76667 28.85488 289.6984 359.1583
29.76667 28.89728 289.4222 359.3437
29.8 29.00281 289.2361 359.5417
29.8 29.14629 289.0745 359.6082
29.83333 29.26384 288.9543 359.5956
29.83333 29.36264 288.8323 359.5525
29.83333 29.44137 288.7442 359.5634
29.86667 29.49526 288.7064 359.6387
29.86667 29.52977 288.7113 359.7325
29.9 29.60412 288.7226 359.8181
29.9 29.65211 288.7341 359.8638
29.9 29.71925 288.7265 359.9036
29.93333 29.84779 288.7562 0.01021949
29.93333 30.02164 288.7973 0.08113468
29.96667 30.21569 288.8082 0.04748166
29.96667 30.42799 288.7926 359.9631
30 30.66913 288.7581 359.8959
30 30.89325 288.7072 359.8683
30 30.96929 288.6463 359.8811
30.03333 30.84309 288.5486 359.8017
30.03333 30.58806 288.3514 359.6289
30.06667 30.39687 288.1352 359.4783
30.06667 30.30494 287.9053 359.4227
30.06667 30.33899 287.7661 359.5106
30.1 30.38193 287.7069 359.5901
30.1 30.40681 287.6235 359.5838
30.13333 30.368 287.4768 359.5241
30.13333 30.33087 287.3627 359.5079
30.16667 30.31055 287.2889 359.5451
30.16667 30.31841 287.24 359.5874
30.2 30.34913 287.2041 359.623
30.2 30.3614 287.1797 359.6345
30.2 30.36219 287.1571 359.6317
30.23333 30.36451 287.1333 359.619
30.23333 30.36732 287.1421 359.5904
30.23333 30.37397 287.193 359.6117
30.26667 30.3854 287.2243 359.6026
30.26667 30.42196 287.2462 359.5509
30.3 30.45082 287.2454 359.4856
30.3 30.4831 287.251 359.4259
30.33333 30.4836 287.2526 359.3883
30.33333 30.47132 287.2202 359.3388
30.33333 30.4884 287.1401 359.2656
30.36667 30.54487 287.037 359.2139
30.36667 30.63001 286.942 359.1641
30.4 30.74537 286.8469 359.019
30.4 30.78224 286.7704 358.823
30.43333 30.79858 286.6552 358.5636
30.43333 30.78851 286.494 358.3836
30.43333 30.75671 286.3098 358.3069
30.46667 30.7595 286.1073 358.3172
30.46667 30.73522 285.9803 358.3579
30.5 30.73235 285.8577 358.3829
30.5 30.78574 285.7664 358.378
30.5 30.82322 285.6178 358.4211
30.53333 30.82156 285.4335 358.4743
30.53333 30.83489 285.2672 358.5708
30.56667 30.85809 285.0886 358.683
30.56667 30.87912 284.9425 358.77
30.6 30.91842 284.7447 358.904
30.6 30.94223 284.5527 359.0439
30.6 30.92992 284.3343 359.1651
30.63333 30.87547 284.0712 359.2578
30.63333 30.81701 283.8522 359.3333
30.66667 30.7383 283.6401 359.4032
30.66667 30.64633 283.4454 359.4713
30.7 30.55672 283.2332 359.5826
30.7 30.48457 283.0738 359.6877
30.7 30.44381 282.8981 359.7966
30.73333 30.4159 282.7366 359.9113
30.73333 30.38193 282.5984 -0.001785389
30.76667 30.36926 282.4869 0.04001268
30.76667 30.36753 282.3752 0.1309734
30.76667 30.34078 282.2309 0.2448237
30.8 30.29186 282.0566 0.3190551
30.8 30.21676 281.8841 0.3783751
30.83333 30.16115 281.6845 0.4606848
30.83333 30.07005 281.5007 0.5182358
30.83333 29.99014 281.2893 0.5832654
30.86667 29.90406 281.0305 0.671096
30.86667 29.81842 280.7755 0.7718143
30.9 29.75484 280.5673 0.829752
30.9 29.66749 280.3322 0.8074133
30.93333 29.60026 280.0886 0.7641206
30.93333 29.54629 279.8281 0.7102718
30.96667 29.41957 279.5136 0.6260453
30.96667 29.28176 279.19 0.511991
30.96667 29.22707 278.8748 0.4225236
31 29.21832 280.6433 0.407164
31 29.19609 282.489 0.4010627
31.03333 29.10211 284.3215 0.3076575
31.03333 28.97709 286.176 0.2035308
31.06667 28.86657 288.0096 0.121116
31.06667 28.75581 289.8893 0.09850444
31.1 28.68231 291.8121 0.08983906
31.13333 28.47994 293.6656 359.8922
31.13333 28.33959 295.5981 359.7296
31.16667 28.30834 297.7179 359.6037
31.16667 28.11292 299.5771 359.3939
31.2 28.25056 301.6852 359.5508
31.2 28.24867 303.778 359.6256
31.23333 28.19286 305.7773 359.6573
31.23333 28.02068 307.6827 359.6683
31.26667 27.91606 309.5775 359.7351
31.3 27.88361 311.5846 359.7635
31.3 27.70026 313.5019 359.8926
31.33333 27.42821 315.4311 0.06278434
31.36667 27.0885 317.3264 0.05088094
31.4 26.83689 319.3199 359.7962
31.43333 26.67973 321.3997 359.7015
31.43333 26.45558 323.3533 359.6802
31.46667 25.96975 325.2681 359.5273
31.5 25.56528 327.2352 359.4559
31.53333 25.32069 329.2162 359.3593
31.53333 25.11606 331.2026 359.4101
31.56667 24.98571 333.1597 359.6252
31.6 24.38746 334.926 359.737
31.63333 24.32776 336.5232 359.7768
31.66667 24.35353 337.9178 0.2748446
31.7 24.29197 338.947 0.6604952
31.7 23.79317 339.3249 0.6572886
31.73333 23.40435 339.2039 0.704987
31.76667 23.37331 339.3138 0.8672029
31.8 23.45496 339.5046 0.812213
31.83333 23.79407 340.0133 0.4116025
31.86667 24.26883 341.1069 0.04491029
31.86667 24.98549 342.1597 359.9197
31.9 25.53073 343.4063 0.003985472
31.93333 25.7226 344.5592 359.5459
31.96667 26.18458 346.0099 359.0044
32 26.52254 347.4728 358.7653
32 26.14034 349.9259 358.8298
32.03333 26.079 351.4906 358.4668
32.06667 25.98605 353.7273 358.4934
32.1 25.9591 355.97 358.3904
32.13334 26.19572 358.4796 358.5261
32.13334 26.09824 0.8226002 358.7351
32.16667 25.84351 3.039239 359.1917
32.2 25.8856 5.340773 359.5093
32.2 26.04804 7.49624 359.5867
32.23333 26.121 9.336023 359.5469
32.26667 26.1732 11.1481 359.4646
32.26667 26.24916 13.01103 359.4821
32.3 26.2778 14.8888 359.4937
32.33333 26.25944 16.756 359.4849
32.33333 26.20167 18.64852 359.4813
32.36666 26.24751 20.53286 359.467
32.36666 26.38668 22.31684 359.4512
32.4 26.38461 24.36917 359.4039
32.4 26.38923 26.1982 359.3559
32.43333 26.33025 28.19831 359.3342
32.43333 26.30286 30.1162 359.3386
32.46667 26.2974 32.00703 359.3622
32.46667 26.32409 33.78707 359.3702
32.5 26.3472 35.72507 359.3603
32.5 26.37694 37.55123 359.3412
32.53333 26.42545 39.33152 359.3263
32.53333 26.46632 41.01786 359.3178
32.56667 26.49693 42.38933 359.2757
32.56667 26.49651 44.30865 359.3084
32.6 26.54436 46.05719 359.3533
32.6 26.55843 47.7826 359.3785
32.63334 26.65838 49.09718 359.3461
32.63334 26.69849 51.05606 359.3213
32.66667 26.76221 52.77642 359.3039
32.66667 26.81444 54.43377 359.2514
32.7 26.79782 56.09419 359.0768
32.7 26.83845 57.27944 358.8512
32.73333 26.84031 59.42679 358.87
32.73333 26.92187 61.35355 358.9312
32.76667 27.03713 63.42626 359.1771
32.76667 27.10897 65.06433 359.2406
32.8 27.03913 67.1471 359.1841
32.8 26.97991 69.16131 359.135
32.83333 26.95807 71.188 359.0834
32.83333 26.96585 72.97949 359.0605
32.86666 26.97201 73.02733 359.0858
32.86666 26.91772 73.03342 359.1748
32.86666 26.87129 72.8929 359.185
32.9 26.77497 72.80953 359.1531
32.9 26.71862 72.72078 359.1424
32.9 26.75081 72.63706 359.1724
32.93333 26.85168 72.62138 359.2763
32.93333 26.91881 72.66641 359.3806
32.96667 26.93192 72.70253 359.4304
32.96667 26.93333 72.72782 359.4814
32.96667 26.88989 72.76144 359.5058
33 26.8631 72.77898 359.6124
33 26.82347 72.81835 359.7355
33.03333 26.77327 72.85631 359.838
33.03333 26.7187 72.88038 359.9388
33.03333 26.65949 72.86739 0.008414605
33.06667 26.59526 72.82165 0.007589703
33.06667 26.53706 72.74416 359.988
33.1 26.52047 72.64862 359.9916
33.1 26.53433 72.55531 0.009118261
33.1 26.58335 72.44561 0.07025357
33.13334 26.63312 72.35146 0.1023465
33.13334 26.64617 72.27189 0.06309836
33.16667 26.67501 72.15451 359.9825
33.16667 26.706 72.03012 359.9101
33.2 26.69855 71.90302 359.8536
33.2 26.70531 71.77216 359.8335
33.2 26.71127 71.64643 359.8479
33.23333 26.70848 71.52821 359.8708
33.23333 26.73515 71.38588 359.8861
33.26667 26.78092 71.24815 359.8784
33.26667 26.79882 71.07626 359.849
33.26667 26.80968 70.92272 359.8073
33.3 26.81204 70.76802 359.8015
33.3 26.79629 70.67934 359.8126
33.33333 26.73273 70.57865 359.7893
33.33333 26.53446 70.46664 359.7624
33.36666 26.31489 70.382 359.7631
33.36666 26.14292 70.2977 359.839
33.36666 26.17547 70.2587 359.9515
33.4 26.26459 70.24155 0.01546534
33.4 26.38047 70.22312 0.02741642
33.43333 26.408 70.16476 0.05571814
33.43333 26.36497 70.11138 0.1007491
33.43333 26.27808 70.01955 0.1120844
33.46667 26.23674 69.88446 0.09015895
33.46667 26.20913 69.74126 0.1104859
33.5 26.18412 69.67875 0.2043511
33.53333 26.23335 69.64446 0.3777671
33.53333 26.36246 69.67233 0.5406785
33.53333 26.4391 69.71093 0.6563079
33.53333 26.4866 69.72906 0.7446941
33.56667 26.60991 69.71717 0.8037443
33.56667 26.62197 69.65235 0.9057356
33.6 26.62729 69.60464 1.024879
33.6 26.63557 69.57215 1.207177
33.63334 26.67119 69.56866 1.376932
33.63334 26.74467 69.59846 1.517539
33.63334 26.82665 69.61996 1.606854
33.66667 26.98476 69.68922 1.709462
33.66667 27.15698 69.80333 1.76236
33.7 27.20335 69.97449 1.81228
33.7 27.17638 70.19125 1.874746
33.7 27.05653 70.54976 2.030904
33.73333 26.93141 70.89214 2.19341
33.73333 26.78281 71.33872 2.351361
33.76667 26.70334 71.7981 2.472147
33.76667 26.78642 72.35326 2.598586
33.8 26.90471 72.86753 2.65882
33.8 26.98398 73.51759 2.68343
33.8 27.07668 74.33245 2.764605
33.83333 27.23668 74.99987 2.909899
33.83333 27.30672 75.79594 3.116814
33.86666 27.32798 76.48253 3.282433
33.86666 27.26556 76.92489 3.279399
33.86666 27.15949 77.05333 3.190293
33.9 27.12038 77.03827 3.136972
33.9 27.13251 76.91533 3.080766
33.93333 27.23734 76.73289 2.984246
33.93333 27.36765 76.37136 2.809766
33.96667 27.34348 75.82741 2.586974
33.96667 27.31147 75.28168 2.418157
33.96667 27.44522 74.43893 2.123325
34 27.70833 73.61456 1.868382
34 27.98461 72.65472 1.590403
34.03333 28.23458 71.57279 1.302531
34.03333 28.4408 70.61333 1.082083
34.03333 28.71765 69.52068 0.8113922
34.06667 28.97139 68.44984 0.4977501
34.06667 29.28707 67.52938 0.2360655
34.1 29.51365 66.72279 0.01855517
34.1 29.80013 65.8613 359.8767
34.13334 30.10678 64.95128 359.7124
34.13334 30.39978 63.89785 359.4058
34.16667 30.64576 62.68794 358.9778
34.16667 30.97862 61.36404 358.5091
34.16667 31.4155 59.84613 357.9219
34.2 31.83397 58.50978 357.2942
34.2 32.11247 57.4348 356.7969
34.2 32.5668 56.21992 356.3302
34.23333 33.05301 55.14215 355.927
34.26667 33.39613 54.39131 355.7003
34.26667 33.77015 53.72683 355.5267
34.26667 33.95984 55.38677 355.4667
34.26667 34.08691 57.11993 355.441
34.3 34.15613 59.06702 355.5844
34.33333 34.18305 61.14185 355.7791
34.33333 34.11897 63.18301 355.9016
34.36666 34.09484 65.24371 356.0315
34.36666 34.15963 67.2678 356.1288
34.4 34.11119 69.3445 356.2249
34.4 34.11802 71.42607 356.358
34.43333 34.27538 73.48793 356.3196
34.43333 34.74585 75.16566 356.3154
34.46667 34.6464 77.52879 356.3873
34.46667 34.96687 79.61377 356.5221
34.5 34.93596 81.70058 356.4908
34.5 34.9894 83.71535 356.4361
34.53333 35.02966 85.68858 356.3364
34.53333 34.99394 86.93771 356.2875
34.56667 34.91281 86.9377 356.349
34.6 34.86287 86.93773 356.4823
34.6 34.96716 86.93772 356.4017
34.63334 34.91671 86.9377 356.3299
34.66667 34.81866 86.93771 356.3882
34.66667 34.91189 86.93771 356.4449
34.7 34.91413 86.93771 356.4686
34.73333 34.89521 86.93772 356.5204
34.73333 34.75404 86.9377 356.498
34.76667 34.57108 86.93773 356.5538
34.8 34.43923 86.9377 356.6891
34.83333 34.44567 86.93773 356.7204
34.86666 34.30908 86.93772 356.6786
34.9 34.20686 86.93772 356.7222
34.9 34.24387 86.93771 356.6983
34.93333 34.29081 86.93771 356.5439
34.96667 34.19263 86.93771 356.5119
35 34.14702 86.93552 356.4582
35 34.2854 86.93771 356.4935
35.03333 34.35168 86.93771 356.4879
35.06667 34.33856 86.93771 356.4626
35.1 34.28211 86.93771 356.4479
35.13334 34.4009 86.93772 356.3937
35.16667 34.42349 86.93772 356.3579
35.2 34.52673 86.93772 356.2954
35.2 34.63168 86.93772 356.1535
35.23333 34.63088 86.93773 356.0626
35.26667 34.56277 86.93772 356.1171
35.3 34.56505 86.9377 356.0057
35.33333 34.62158 86.93774 356.0775
35.36666 34.62572 86.93771 356.0556
35.36666 34.5854 86.93772 356.0965
35.4 34.47485 86.93771 356.1898
35.43333 34.48493 86.9377 356.2108
35.46667 34.49581 86.93771 356.0913
35.5 34.36055 86.93769 356.1671
35.53333 34.25482 86.91418 356.1522
35.53333 34.32889 86.92065 356.1572
35.53333 34.34697 86.94787 356.1584
35.56667 34.36182 86.97147 356.1566
35.56667 34.37681 87.0086 356.1564
35.6 34.38159 87.0162 356.1431
35.6 34.35453 87.03452 356.122
35.6 34.32032 87.04098 356.1243
35.63334 34.29086 87.03912 356.1432
35.63334 34.2594 87.04199 356.1565
35.66667 34.25709 87.04652 356.1723
35.66667 34.28726 87.06315 356.195
35.66667 34.32024 87.08196 356.1964
35.7 34.33538 87.0956 356.1839
35.7 34.34354 87.09693 356.1803
35.73333 34.35282 87.11668 356.1868
35.73333 34.35484 87.12873 356.1807
35.73333 34.32811 87.11081 356.1565
35.76667 34.27173 87.06889 356.1066
35.76667 34.22254 87.03694 356.0602
35.8 34.24312 87.01511 356.0186
35.8 34.28231 86.98459 355.9114
35.83333 34.31686 86.90881 355.7727
35.83333 34.34803 86.86701 355.7029
35.83333 34.34002 86.8568 355.6739
35.86666 34.32571 86.8584 355.6398
35.86666 34.29141 86.86652 355.5767
35.9 34.23928 86.87051 355.5465
35.9 34.19727 86.87367 355.5476
35.9 34.21629 86.89324 355.5435
35.93333 34.23268 86.9138 355.5215
35.93333 34.24764 86.91276 355.4809
35.96667 34.23229 86.91508 355.4708
35.96667 34.23265 86.93225 355.5175
36 34.22973 86.95211 355.5674
36 34.23221 87.00018 355.6375
36 34.22107 87.02042 355.6577
36.03333 34.21904 87.01176 355.644
36.03333 34.22379 87.0055 355.6323
36.06667 34.2107 86.98225 355.6358
36.06667 34.21317 86.96667 355.6747
36.06667 34.20552 86.94461 355.6917
36.1 34.19793 86.94518 355.7173
36.1 34.17728 86.95232 355.7155
36.13334 34.15604 86.95131 355.6736
36.13334 34.17226 86.96242 355.6684
36.16667 34.18121 86.96096 355.6631
36.16667 34.15227 86.96494 355.6479
36.16667 34.14605 86.98747 355.6216
36.2 34.11396 86.999 355.5935
36.2 34.09935 87.01444 355.5878
36.23333 34.06256 87.00855 355.5888
36.23333 34.04368 87.0192 355.6162
36.23333 34.04647 87.04162 355.6378
36.26667 34.0644 87.07117 355.6302
36.26667 34.07129 87.07097 355.607
36.3 34.08794 87.07653 355.6092
36.3 34.0857 87.07154 355.6166
36.33333 34.07399 87.07427 355.639
36.33333 34.07948 87.06799 355.6443
36.33333 34.07699 87.04982 355.6409
36.36666 34.06993 87.02908 355.6145
36.36666 34.08767 86.98656 355.5813
36.4 34.11833 86.95026 355.571
36.4 34.13158 86.94337 355.5853
36.4 34.16496 86.93776 355.6002
36.43333 34.19469 86.9171 355.5994
36.43333 34.21938 86.90353 355.5801
36.46667 34.24119 86.89153 355.5374
36.46667 34.25607 86.86874 355.5175
36.5 34.25739 86.86107 355.5215
36.5 34.25661 86.87003 355.5237
36.5 34.2494 86.85735 355.5099
36.53333 34.2261 86.84377 355.4764
36.53333 34.24105 86.84383 355.4955
36.56667 34.23698 86.85718 355.528
36.56667 34.24162 86.87525 355.524
36.6 34.25528 86.88515 355.5157
36.6 34.26079 86.88651 355.5008
36.6 34.2533 86.8948 355.5042
36.63334 34.26059 86.90881 355.5154
36.63334 34.27815 86.92842 355.5493
36.66667 34.30891 86.97731 355.6191
36.66667 34.36028 87.03458 355.6566
36.66667 34.36837 87.08528 355.6219
36.7 34.33701 87.0934 355.5413
36.7 34.27415 87.10621 355.494
36.73333 34.20728 87.13034 355.5147
36.73333 34.17426 87.14764 355.5688
36.76667 34.17719 87.13194 355.5882
36.76667 34.19162 87.10608 355.5822
36.76667 34.21249 87.05759 355.5343
36.8 34.24891 87.01173 355.5046
36.8 34.28197 86.96834 355.4856
36.83333 34.26405 86.92532 355.4699
36.83333 34.2191 86.89874 355.4777
36.83333 34.21118 86.89933 355.5127
36.86666 34.21529 86.91454 355.5284
36.86666 34.23471 86.91569 355.5128
36.9 34.25797 86.90997 355.493
36.9 34.25238 86.88858 355.4987
36.93333 34.22709 86.91052 355.52
36.93333 34.19328 86.92307 355.5244
36.93333 34.18187 86.91751 355.4807
36.96667 34.1767 86.9211 355.4512
36.96667 34.19337 86.92796 355.4607
37 34.20026 86.94794 355.4835
37 34.20424 86.96718 355.4911
37 34.19377 86.9536 355.4532
37.03333 34.17453 86.94833 355.4118
37.03333 34.14943 86.93155 355.3587
37.06667 34.13371 86.96148 355.3766
37.06667 34.11488 86.9764 355.3996
37.1 34.06818 86.99317 355.3987
37.1 34.03115 87.00343 355.3823
37.1 33.975 87.0164 355.3617
37.13334 33.93308 87.03591 355.3737
37.13334 33.91508 87.04424 355.3699
37.16667 33.86501 87.05708 355.3874
37.16667 33.77438 87.10138 355.4048
37.16667 33.65137 87.10899 355.3933
37.2 33.51715 87.15425 355.4012
37.2 33.54178 87.1852 355.4319
37.23333 33.61939 87.19952 355.4197
37.23333 33.66135 87.21024 355.359
37.26667 33.6736 87.20662 355.2977
37.26667 33.6586 87.23347 355.3042
37.26667 33.6508 87.2738 355.3196
37.3 33.62866 87.28723 355.3219
37.3 33.62355 87.25515 355.2928
37.33333 33.63335 87.22033 355.2598
37.33333 33.64135 87.17743 355.206
37.33333 33.62061 87.11469 355.1564
37.36666 33.61489 87.07056 355.1312
37.36666 33.62748 87.02628 355.1112
37.4 33.67936 86.95964 355.0553
37.4 33.68766 86.90676 355.0302
37.43333 33.64626 86.87743 355.0356
37.43333 33.62427 86.83755 355.0663
37.43333 33.65863 86.79925 355.0622
37.46667 33.69281 86.76564 355.0287
37.46667 33.7208 86.72644 354.9669
37.5 33.72007 86.71801 354.9356
37.5 33.68797 86.72574 354.9663
37.53333 33.66239 86.74366 355.0097
37.53333 33.65054 86.79503 355.0524
37.53333 33.6289 86.85553 355.102
37.56667 33.60569 86.90576 355.1092
37.56667 33.58857 86.9417 355.0836
37.6 33.57812 86.99739 355.1058
37.6 33.54977 87.03957 355.1318
37.6 33.50819 87.08683 355.1794
37.63334 33.47623 87.11388 355.1946
37.63334 33.46484 87.13298 355.2008
37.66667 33.44997 87.15743 355.1872
37.66667 33.44034 87.14484 355.1715
37.7 33.40401 87.12074 355.1722
37.7 33.3917 87.07447 355.1447
37.7 33.39548 87.03152 355.0883
37.73333 33.41393 86.99457 355.0483
37.73333 33.43885 86.95638 355.0311
37.76667 33.45642 86.91293 355.0332
37.76667 33.4486 86.9043 355.0627
37.76667 33.44281 86.87823 355.0753
37.8 33.3998 86.85976 355.0628
37.8 33.37657 86.83781 355.0578
37.83333 33.40559 86.85254 355.0985
37.83333 33.45188 86.86949 355.1243
37.86666 33.48119 86.86537 355.1094
37.86666 33.49333 86.85303 355.1024
37.86666 33.46024 86.84992 355.089
37.9 33.41739 86.84859 355.0859
37.9 33.38588 86.83967 355.0909
37.93333 33.39811 86.86818 355.1277
37.93333 33.40153 86.88818 355.1689
37.93333 33.40358 86.90205 355.166
37.96667 33.43 86.89004 355.1273
37.96667 33.44476 86.87083 355.0936
38 33.42789 86.87228 355.0902
38 33.38485 86.87598 355.1093
38.03333 33.37801 86.8857 355.1227
38.03333 33.3689 86.84593 355.0665
38.03333 33.40546 86.79265 355.0444
38.06667 33.4547 86.78727 355.0968
38.06667 33.47174 86.80397 355.1508
38.1 33.42754 86.86395 355.2238
38.1 33.39549 86.96145 355.3104
38.1 33.34502 87.06989 355.3989
38.13334 33.22864 87.21743 355.4999
38.13334 33.05949 87.42757 355.5729
38.16667 32.94048 85.65915 355.5166
38.16667 32.91813 83.87811 355.4086
38.2 32.97017 82.02133 355.2792
38.2 33.09803 80.13583 355.114
38.23333 33.22636 78.1374 354.961
38.23333 33.29055 76.07428 354.8898
38.26667 33.32698 74.0166 354.8417
38.26667 33.36438 74.01658 354.8366
38.3 33.43512 74.01659 354.8665
38.3 33.53788 73.8067 354.8555
38.3 33.81857 74.01657 354.6909
38.33333 33.94599 74.01659 354.5964
38.36666 33.85057 74.01657 354.6201
38.36666 33.75081 73.9548 354.5907
38.36666 33.60328 72.07643 354.6178
38.36666 33.53305 70.12338 354.6504
38.4 33.51519 68.22488 354.6849
38.43333 33.5349 66.31911 354.7418
38.43333 33.51764 64.48545 354.8446
38.46667 33.50056 62.65666 354.8805
38.46667 33.49542 60.77556 354.8654
38.5 33.46386 58.8782 354.8406
38.5 33.40123 56.96597 354.8466
38.53333 33.36928 54.93179 354.8604
38.53333 33.30587 53.02682 354.8611
38.53333 33.40376 50.88243 354.8019
38.56667 33.48008 48.81052 354.727
38.56667 33.56993 46.71388 354.6559
38.6 33.61808 44.68124 354.6513
38.6 33.67133 42.658 354.6818
38.63334 33.55272 40.71951 354.795
38.66667 33.54724 38.74322 354.8905
38.66667 33.55223 36.74823 354.8972
38.66667 33.56725 34.72969 354.9316
38.7 33.61606 32.71132 354.998
38.7 33.64402 30.6455 355.0132
38.73333 33.69414 28.48197 355.0083
38.73333 33.7184 26.34109 354.8526
38.76667 33.86432 24.06383 354.4965
38.8 34.04955 21.51155 354.1244
38.8 34.06194 19.24238 354.0914
38.83333 34.04461 17.22527 354.2558
38.86666 34.13073 15.06031 354.0697
38.9 33.97285 13.26863 354.1505
