-0.03333334 0 270 0
0 0 270 0
0.03333334 0 270 0
0.06666667 0 270 0
0.1 0 270 0
0.1 0 270 0
0.1333333 0 270 0
0.1666667 0 270 0
0.2 0 270 0
0.2 0 270 0
0.2333333 0 270 0
0.2666667 0 270 0
0.3 0 270 0
0.3 0 270 0
0.3333333 0 270 0
0.3666667 0 270 0
0.4 0 270 0
0.4333333 0 270 0
0.4333333 0 270 0
0.4666667 0 270 0
0.5 0 270 0
0.5333334 0 270 0
0.5333334 0 270 0
0.5666667 0 270 0
0.6 0 270 0
0.6333333 0 270 0
0.6333333 0 270 0
0.6666667 0 270 0
0.7 0 270 0
0.7 0 270 0
0.7333333 0 270 0
0.7666667 0 270 0
0.8 0 270 0
0.8333333 0 270 0
0.8333333 0 270 0
0.8666667 0 270 0
0.8666667 0 270 0
0.9 0 270 0
0.9333333 0 270 0
0.9333333 0 270 0
0.9666666 0 270 0
1 0 270 0
1.033333 0 270 0
1.066667 0 270 0
1.066667 0 270 0
1.1 0 270 0
1.133333 0 270 0
1.166667 0 270 0
1.2 0 270 0
1.2 0 270 0
1.233333 0 270 0
1.266667 0 270 0
1.3 0 270 0
1.333333 0 270 0
1.366667 0 270 0
1.366667 0 270 0
1.4 0 270 0
1.433333 0 270 0
1.466667 0 270 0
1.466667 0 270 0
1.5 0 270 0
1.533333 0 270 0
1.533333 0 270 0
1.566667 0 270 0
1.6 0 270 0
1.633333 0 270 0
1.666667 0 270 0
1.7 0 270 0
1.7 0 270 0
1.733333 0 270 0
1.766667 0 270 0
1.8 0 270 0
1.833333 0 270 0
1.866667 0 270 0
1.9 0 270 0
1.9 0 270 0
1.933333 0 270 0
1.966667 0 270 0
2 0 270 0
2.033333 0 270 0
2.033333 0 270 0
2.066667 0 270 0
2.1 0 270 0
2.133333 0 270 0
2.133333 0 270 0
2.166667 0 270 0
2.2 0 270 0
2.233333 0 270 0
2.233333 0 270 0
2.266667 0 270 0
2.3 0 270 0
2.333333 0 270 0
2.333333 0 270 0
2.366667 0 270 0
2.4 0 270 0
2.433333 0 270 0
2.466667 0 270 0
2.466667 0 270 0
2.5 0 270 0
2.533333 0 270 0
2.566667 0 270 0
2.566667 0 270 0
2.6 0 270 0
2.633333 0 270 0
2.633333 0 270 0
2.666667 0 270 0
2.7 0 270 0
2.733333 0 270 0
2.766667 0 270 0
2.8 0 270 0
2.8 0 270 0
2.833333 0 270 0
2.866667 0 270 0
2.9 0 270 0
2.9 0 270 0
2.933333 0 270 0
2.966667 0 270 0
3 0 270 0
3.033333 0 270 0
3.033333 0 270 0
3.066667 0 270 0
3.1 0 270 0
3.133333 0 270 0
3.133333 0 270 0
3.166667 0 270 0
3.2 0 270 0
3.233333 0 270 0
3.233333 0 270 0
3.266667 0 270 0
3.3 0 270 0
3.333333 0 270 0
3.333333 0 270 0
3.366667 0 270 0
3.4 0 270 0
3.4 0 270 0
3.433333 0 270 0
3.466667 0 270 0
3.5 0 270 0
3.533333 0 270 0
3.566667 0 270 0
3.566667 0 270 0
3.6 0 270 0
3.633333 0 270 0
3.666667 0 270 0
3.7 0 270 0
3.7 0 270 0
3.733333 0 270 0
3.766667 0 270 0
3.8 0 270 0
3.833333 0 270 0
3.833333 0 270 0
3.866667 0 270 0
3.9 0 270 0
3.933333 0 270 0
3.966667 0 270 0
4 0 270 0
4 0 270 0
4.033333 0 270 0
4.066667 0 270 0
4.1 0 270 0
4.1 0 270 0
4.133333 0 270 0
4.166667 0 270 0
4.2 0 270 0
4.233333 0 270 0
4.233333 0 270 0
4.266667 0 270 0
4.3 0 270 0
4.3 0 270 0
4.333333 0 270 0
4.333333 0 270 0
4.366667 0 270 0
4.4 0 270 0
4.433333 0 270 0
4.433333 0 270 0
4.466667 0 270 0
4.5 0 270 0
4.533333 0 270 0
4.566667 0 270 0
4.6 0 270 0
4.6 0 270 0
4.633333 0 270 0
4.666667 0 270 0
4.7 0 270 0
4.733333 0 270 0
4.766667 0 270 0
4.766667 0 270 0
4.8 0 270 0
4.833333 0 270 0
4.866667 0 270 0
4.9 0 270 0
4.9 0 270 0
4.933333 0 270 0
4.966667 0 270 0
5 0 270 0
5 0 270 0
5.033333 0 270 0
5.066667 0 270 0
5.1 0 270 0
5.1 0 270 0
5.133333 0 270 0
5.166667 0 270 0
5.2 0 270 0
5.233333 0 270 0
5.266667 0 270 0
5.266667 0 270 0
5.3 0 270 0
5.333333 0 270 0
5.366667 0 270 0
5.4 0 270 0
5.433333 0 270 0
5.433333 0 270 0
5.466667 0 270 0
5.466667 0 270 0
5.5 0 270 0
5.533333 0 270 0
5.533333 0 270 0
5.566667 0 270 0
5.6 0 270 0
5.633333 0 270 0
5.633333 0 270 0
5.666667 0 270 0
5.7 0 270 0
5.7 0 270 0
5.733333 0 270 0
5.766667 0 270 0
5.8 0 270 0
5.833333 0 270 0
5.833333 0 270 0
5.866667 0 270 0
5.9 0 270 0
5.933333 0 270 0
5.933333 0 270 0
5.966667 0 270 0
6 0 270 0
6.033333 0 270 0
6.066667 0 270 0
6.066667 0 270 0
6.1 0 270 0
6.133333 0 270 0
6.166667 0 270 0
6.2 0 270 0
6.2 0 270 0
6.233333 0 270 0
6.266667 0 270 0
6.266667 0 270 0
6.3 0 270 0
6.333333 0 270 0
6.366667 0 270 0
6.4 0 270 0
6.433333 0 270 0
6.433333 0 270 0
6.466667 0 270 0
6.5 0 270 0
6.533333 0 270 0
6.566667 0 270 0
6.6 0 270 0
6.6 0 270 0
6.633333 0 270 0
6.666667 0 270 0
6.7 0 270 0
6.733333 0 270 0
6.766667 0 270 0
6.766667 0 270 0
6.8 0 270 0
6.833333 0 270 0
6.866667 0 270 0
6.866667 0 270 0
6.9 0 270 0
6.933333 0 270 0
6.966667 343.0742 275.6731 352.5826
7 342.7642 275.3008 352.2431
7.033333 342.6828 275.0586 352.2222
7.066667 343.4034 274.711 352.1375
7.066667 342.9343 273.772 352.6548
7.1 342.74 273.7947 352.9179
7.133333 342.7283 273.7157 353.0993
7.166667 343.1472 273.5338 353.4732
7.2 343.9241 273.4698 353.7942
7.2 344.7719 273.8138 354.0311
7.233333 345.5602 274.0865 354.125
7.266667 346.199 274.2528 354.2889
7.266667 347.1222 274.3937 354.5604
7.266667 347.1222 274.3937 354.5604
7.266667 1.494607 271.3826 357.4398
7.266667 4.616951 271.6506 357.988
7.266667 5.607579 271.6024 357.918
7.266667 6.326062 271.4384 358.0087
7.8 6.198092 271.2135 358.1615
7.833333 7.435999 270.8555 358.3745
7.866667 8.546575 270.324 358.4182
7.866667 9.629018 269.8881 358.2764
7.9 9.741167 269.4344 358.1992
7.933333 11.33268 268.5132 358.5648
7.966667 12.39528 268.0564 358.8674
8 12.97373 267.7491 359.0926
8 13.04747 267.3826 359.3363
8.033334 13.18048 267.2119 359.2521
8.066667 13.12305 267.162 359.1627
8.1 13.21111 267.0193 359.146
8.133333 13.61077 266.8937 359.314
8.166667 13.74776 267.0509 359.6221
8.166667 13.89502 267.1217 359.7964
8.2 13.77733 267.2604 359.8403
8.233334 14.01374 267.3882 359.9908
8.233334 14.13369 267.321 359.8311
8.266666 14.29466 266.8113 359.6643
8.3 14.24821 265.5932 359.7325
8.333333 14.34312 264.1498 359.9599
8.366667 15.39504 262.035 359.9584
8.4 16.12341 259.9915 0.2553795
8.433333 16.90272 258.2769 1.079778
8.433333 17.42149 256.6989 1.49888
8.466666 18.05319 256.5405 0.9970224
8.5 16.33935 254.0136 359.2806
8.533334 17.46751 252.4296 357.4734
8.533334 17.99398 250.7489 357.3635
8.566667 18.0831 248.8725 356.2771
8.6 18.10754 247.3055 355.8405
8.633333 18.13014 245.6575 355.6719
8.666667 18.5785 243.8869 355.5645
8.7 18.911 242.4739 355.1809
8.7 18.82057 241.7086 355.394
8.733334 18.7401 241.441 355.7693
8.766666 18.05328 241.8589 356.4291
8.8 17.5722 243.6464 357.2248
8.833333 17.82864 246.1748 357.6095
8.866667 18.62244 248.7527 358.25
8.866667 19.23157 251.3536 358.4029
8.9 19.84935 254.1832 357.9312
8.933333 20.50652 257.382 357.9486
8.966666 20.80836 260.0163 358.2578
9 20.6807 262.1008 358.4319
9.033334 20.46021 263.9735 358.8921
9.033334 19.47653 266.513 359.6807
9.066667 18.52759 269.0284 359.7581
9.1 17.11576 270.8205 359.8575
9.133333 16.40801 271.4136 0.2333283
9.166667 15.00628 271.5143 0.3549923
9.2 14.1491 271.561 0.191228
9.2 13.02456 271.4645 359.7698
9.233334 12.06159 271.4912 359.8405
9.266666 10.90466 271.5756 359.9148
9.3 9.845798 271.556 359.8334
9.333333 8.910206 271.4355 359.886
9.366667 8.320668 271.1396 0.0002243427
9.4 8.115086 270.7755 0.04129475
9.4 8.713794 270.4176 359.8049
9.433333 9.750967 270.4752 359.895
9.466666 12.00114 271.0321 0.05298032
9.5 14.38533 271.8301 0.1853623
9.533334 17.28934 273.0809 0.493204
9.566667 20.31737 274.8027 1.059399
9.566667 23.48686 276.944 1.83486
9.6 25.7122 278.4613 1.955542
9.633333 27.6958 279.6528 2.124724
9.666667 29.68106 281.1739 2.635011
9.7 32.21489 282.3553 2.923673
9.733334 34.13615 282.5168 2.541196
9.733334 35.32673 282.45 2.191226
9.766666 35.90103 282.7422 2.184945
9.8 35.75717 282.3672 1.690787
9.833333 35.16475 281.6096 1.398708
9.866667 35.03662 280.5793 1.001666
9.9 35.29719 279.6693 0.6298147
9.9 35.4702 278.7517 0.06294349
9.933333 35.46645 278.1682 359.9788
9.966666 35.57459 277.6608 0.1983937
10 35.78297 277.3043 0.2128951
10.03333 35.92916 276.9569 0.4157799
10.06667 35.96301 277.0082 0.7348152
10.06667 36.18738 276.8179 0.7857617
10.1 36.42923 276.4919 0.7718875
10.13333 36.63385 276.486 0.9136003
10.16667 36.73426 276.429 0.7622566
10.2 36.75653 276.3695 0.6776143
10.23333 36.94651 276.3402 0.692012
10.23333 36.89716 276.1042 0.6323342
10.26667 36.61296 276.0968 0.8524852
10.3 36.49144 275.6179 0.6316141
10.33333 36.16471 275.1572 0.7317794
10.36667 36.02831 274.9519 0.7741503
10.4 35.92432 274.6771 0.7260392
10.4 35.72549 274.5271 0.8433002
10.43333 35.70242 274.3463 0.7489389
10.46667 35.58611 274.0714 0.7770795
10.5 35.39806 274.0493 0.9277393
10.53333 35.2103 274.0489 0.8507292
10.56667 35.19853 273.8335 0.7207032
10.56667 35.154 273.8246 1.04975
10.6 35.03304 273.8203 1.218769
10.63333 34.98933 273.8595 1.217478
10.66667 34.95728 273.8899 1.180181
10.66667 34.81619 273.935 1.267679
10.66667 34.82996 274.0132 1.292588
10.7 34.76115 274.0681 1.316659
10.7 34.69433 274.1371 1.319768
10.73333 34.64074 274.1894 1.333349
10.73333 34.56815 274.2347 1.312622
10.76667 34.37928 274.2507 1.301844
10.76667 34.15155 274.3091 1.3431
10.76667 33.75459 274.3707 1.360606
10.8 33.30791 274.3715 1.279114
10.8 32.78413 274.3028 1.181461
10.83333 32.38701 274.224 1.171369
10.83333 31.85963 274.1627 1.257131
10.86667 31.34166 274.1977 1.385981
10.86667 30.70616 274.3856 1.613461
10.86667 30.06185 274.619 1.842657
10.9 29.31258 274.9457 2.059704
10.9 28.63764 275.2726 2.182402
10.93333 27.97052 275.6546 2.258743
10.93333 27.4652 276.01 2.379502
10.96667 26.93517 276.5196 2.660628
10.96667 26.26683 277.332 3.102206
10.96667 25.69666 278.0416 3.318099
11 24.94329 278.762 3.353908
11 23.90531 279.4095 3.299245
11.03333 22.53522 279.9818 3.252364
11.03333 21.29254 280.4099 3.121709
11.06667 20.02246 280.7278 2.808712
11.06667 18.91673 280.9414 2.54003
11.1 17.91142 281.1026 2.418861
11.1 16.92655 281.1512 2.356405
11.1 15.9561 281.1893 2.308089
11.13333 13.4909 281.5872 2.041299
11.13333 13.81384 281.2775 1.910865
11.13333 13.30105 281.0026 1.637593
11.16667 13.53988 280.5781 1.595732
11.16667 12.89406 280.0143 1.485896
11.2 12.21972 279.2526 1.404159
11.2 11.66342 278.4233 1.298964
11.23333 10.94035 277.1526 1.134288
11.23333 10.19208 275.6635 0.9307181
11.23333 9.504421 274.2704 0.7846824
11.26667 8.696025 272.5 0.6760394
11.26667 8.056927 271.0269 0.622049
11.3 7.301738 269.0488 0.5715653
11.3 6.729239 267.3038 0.6271442
11.3 6.27737 265.8354 0.7021118
11.33333 5.777645 264.1605 0.7374402
11.33333 5.342938 262.5381 0.7207059
11.36667 4.884957 260.7449 0.6849498
11.36667 4.479185 259.1091 0.6768745
11.36667 4.057817 256.8578 0.6769168
11.4 3.805891 255.2239 0.6814604
11.4 3.492769 253.2999 0.7220731
11.43333 3.108359 251.2911 0.835198
11.43333 2.783386 249.3174 0.8840405
11.46667 2.543353 247.4119 0.8742453
11.46667 2.317583 245.3203 0.9219723
11.46667 2.101324 243.1976 1.110535
11.5 1.869516 241.3363 1.321627
11.5 1.599322 239.1591 1.51683
11.53333 1.349275 236.6244 1.601843
11.53333 1.265369 234.6334 1.587128
11.53333 1.221137 232.1092 1.477227
11.56667 1.31911 230.0281 1.125032
11.56667 0.8301478 227.569 1.247029
11.6 0.6994886 225.4781 1.532935
11.6 0.5813404 223.4109 1.590025
11.6 0.447892 221.578 1.466864
11.63333 0.3094202 219.8727 1.420664
11.63333 0.2324756 218.2925 1.438907
11.66667 0.2643735 216.67 1.54265
11.66667 0.2388679 215.225 1.58669
11.7 0.0633176 213.914 1.516047
11.7 359.834 212.1929 1.349694
11.7 359.6304 210.8248 1.278069
11.73333 359.6786 209.103 1.276955
11.73333 359.7023 207.5386 1.108099
11.76667 359.6147 205.9292 0.9573854
11.76667 359.6713 204.6084 0.8730316
11.76667 359.8503 203.5122 0.8389311
11.8 0.04213923 202.335 0.6671999
11.8 0.197648 201.3133 0.4775237
11.83333 0.3833083 200.3641 0.3639242
11.83333 0.6333262 199.5341 0.3441414
11.86667 0.8028526 198.7909 0.3886123
11.86667 0.9379609 198.3357 0.4585845
11.86667 1.298669 197.9023 0.493095
11.9 1.639113 197.4952 0.4064636
11.9 1.891323 197.099 0.3413846
11.93333 2.140647 196.8762 0.3754022
11.93333 2.449147 196.7663 0.4174947
11.93333 2.850782 196.7003 0.3349142
11.96667 3.211079 196.6028 0.1864207
11.96667 3.53011 196.4332 0.05017415
12 3.745782 196.2427 0.04716963
12 3.936433 196.0999 0.09499297
12.03333 4.14432 195.9725 0.08436444
12.03333 4.448253 195.8501 359.9868
12.03333 4.791389 195.7096 359.9524
12.06667 5.053227 195.5604 359.9903
12.06667 5.224763 195.3935 0.008247248
12.1 5.324992 195.2372 359.9696
12.1 5.425263 194.992 359.875
12.1 5.567096 194.7834 359.8803
12.13333 5.77881 194.5576 359.9262
12.13333 5.959422 194.4255 0.0284927
12.16667 6.089214 194.3945 0.04831107
12.16667 6.183579 194.421 359.9829
12.2 6.207579 194.4374 359.9653
12.2 6.208893 194.4536 0.04985282
12.2 6.238436 194.5245 0.1608521
12.23333 6.23899 194.6603 0.2130287
12.23333 6.19833 194.8869 0.2570617
12.26667 6.173904 195.235 0.3531371
12.26667 6.144602 195.6133 0.4811565
12.26667 6.180005 196.0499 0.6100178
12.3 6.267848 196.4792 0.63829
12.3 6.445252 196.91 0.6021148
12.33333 6.65518 197.331 0.5449676
12.33333 6.859655 197.7321 0.5917166
12.36667 7.007904 198.1927 0.7287455
12.36667 7.175611 198.628 0.8589773
12.36667 7.351214 199.0995 0.9149648
12.4 7.547875 199.5637 0.9505609
12.4 7.716497 199.9303 0.9419953
12.43333 7.908837 200.3625 0.894289
12.43333 8.040847 200.7329 0.8151385
12.43333 8.087243 201.0611 0.7136552
12.46667 8.066571 201.3051 0.6661869
12.46667 8.040543 201.6039 0.6558321
12.5 8.05918 201.9723 0.6656032
12.5 8.101794 202.2705 0.5865607
12.53333 8.171797 202.5259 0.4819728
12.53333 8.254292 202.7755 0.3583916
12.53333 8.332626 203.0574 0.2880221
12.56667 8.403144 203.3413 0.2602141
12.56667 8.464603 203.6107 0.2182599
12.6 8.587584 203.9207 0.1824172
12.6 8.724209 204.2145 0.1643918
12.63333 8.809072 204.4968 0.1547345
12.63333 8.886347 204.7767 0.1349496
12.63333 8.948255 205.0426 0.119665
12.66667 8.996984 205.4145 0.117006
12.66667 9.051499 205.7914 0.0696752
12.7 9.116986 206.1509 359.968
12.7 9.182835 206.4966 359.8026
12.7 9.226103 206.8115 359.6153
12.73333 9.211641 207.0901 359.416
12.73333 9.220326 207.2919 359.2904
12.76667 9.23063 207.4975 359.1931
12.76667 9.213037 207.6709 359.1434
12.8 9.196492 207.7837 359.097
12.8 9.193752 207.8666 359.102
12.8 9.209391 207.9261 359.1534
12.83333 9.16863 207.9736 359.1816
12.83333 9.156101 207.9764 359.174
12.86667 9.150331 207.9676 359.1594
12.86667 9.130662 207.9621 359.1768
12.86667 9.101636 207.961 359.2266
12.9 9.105526 208.0259 359.2982
12.9 9.104997 208.0751 359.297
12.93333 9.059407 208.1563 359.3061
12.93333 9.037167 208.2297 359.3241
12.96667 9.03626 208.305 359.3031
12.96667 9.048737 208.3831 359.256
12.96667 9.072044 208.4936 359.2209
13 9.110572 208.5925 359.2101
13 9.162783 208.7227 359.2331
13.03333 9.216938 208.8391 359.2631
13.03333 9.240862 208.9099 359.2641
13.03333 9.237154 208.9638 359.2729
13.06667 9.187325 208.9867 359.3008
13.06667 9.114951 209.0254 359.3467
13.1 9.074443 211.0845 359.3867
13.1 9.040336 213.1852 359.4168
13.13333 9.02013 215.2739 359.4146
13.13333 9.011191 217.3513 359.3871
13.16667 9.012844 219.3794 359.3805
13.16667 9.029209 221.4554 359.3602
13.16667 9.036534 223.5438 359.3256
13.2 9.032918 225.6878 359.2442
13.2 8.994184 227.807 359.1736
13.23333 9.015145 229.9109 359.0737
13.23333 9.092348 231.9842 358.9651
13.26667 9.198233 234.0493 358.8671
13.26667 9.274022 236.1216 358.815
13.26667 9.279858 238.1923 358.8075
13.3 9.318559 240.3664 358.7095
13.3 9.288879 242.2686 358.7405
13.33333 9.275577 244.2036 358.6951
13.33333 9.2248 246.1411 358.6463
13.36667 9.1653 248.0903 358.5769
13.36667 9.167749 250.0598 358.5094
13.4 9.177463 252.0274 358.4541
13.4 9.194109 254.0027 358.4437
13.4 9.210688 255.9606 358.4495
13.43333 9.194036 257.9322 358.4607
13.43333 9.165153 259.9318 358.4533
13.46667 9.155035 261.9554 358.4124
13.46667 9.172095 264.0106 358.4065
13.46667 9.15619 266.101 358.4724
13.5 9.086579 268.186 358.5754
13.5 9.004957 270.2516 358.6378
13.53333 8.930079 271.6103 358.6409
13.53333 8.910035 271.591 358.6382
13.56667 8.885949 271.5272 358.6574
13.56667 8.807518 271.4768 358.7047
13.56667 8.675092 271.4539 358.7356
13.6 8.485796 271.4825 358.7151
13.6 8.341744 271.5347 358.6824
13.6 8.215149 271.6066 358.6104
13.63333 8.115232 271.6714 358.5764
13.63333 8.01844 271.7098 358.5953
13.66667 7.938118 271.7451 358.6995
13.66667 7.856911 271.7831 358.9494
13.7 7.844865 271.876 359.1283
13.7 7.844043 272.0236 359.1364
13.7 7.808784 272.2234 359.1617
13.73333 7.715838 272.4254 359.2935
13.73333 7.586751 272.6568 359.5386
13.76667 7.449377 272.9514 359.7434
13.76667 7.337646 273.2962 359.7995
13.8 7.301678 273.7765 359.7725
13.8 7.343833 274.2713 359.7751
13.8 7.366498 274.6849 359.8457
13.83333 7.322535 275.1652 359.9271
13.83333 7.215155 275.8 359.9319
13.86667 7.119686 276.3146 359.8788
13.86667 6.994483 276.6761 359.8877
13.9 6.684482 276.9979 359.9499
13.9 6.352209 277.1935 0.03021679
13.9 5.963513 277.3649 0.1165646
13.93333 5.654777 277.5323 0.1030011
13.93333 5.286984 277.7685 359.9475
13.96667 4.997025 278.0417 359.6987
13.96667 4.805639 278.3417 359.3563
13.96667 4.693425 278.6324 359.0375
14 4.642925 278.951 358.6962
14 4.551984 279.3336 358.4379
14.03333 4.496477 279.6463 358.3728
14.03333 4.430245 280.0432 358.3431
14.06667 4.387874 280.3825 358.3472
14.06667 4.335621 280.7075 358.3854
14.06667 4.217904 280.9998 358.4824
14.1 4.096549 281.2804 358.6579
14.1 3.969763 281.5171 358.8342
14.13333 3.849796 281.7139 358.9855
14.13333 3.78653 281.918 359.1833
14.13333 3.818521 282.1171 359.3227
14.16667 3.928642 282.3854 359.307
14.16667 4.466086 282.5764 359.1132
14.2 4.578457 282.8993 358.9938
14.2 4.652411 283.333 358.9244
14.23333 4.767526 283.8389 358.7019
14.23333 4.814149 284.3085 358.4459
14.23333 4.900616 284.9072 358.1298
14.26667 4.974746 285.4575 357.8641
14.26667 5.117696 286.0706 357.5114
14.3 5.779636 286.5764 357.1886
14.3 6.487591 287.0337 356.8596
14.3 6.652259 287.6433 356.6454
14.33333 6.296972 288.3401 356.0033
14.33333 5.922528 289.0365 355.095
14.36667 5.852695 289.7873 353.8156
14.36667 5.977916 290.2536 352.5347
14.4 6.074073 290.6931 351.2162
14.4 6.463638 290.8778 349.5197
14.4 6.819442 290.7611 347.9591
14.43333 7.637685 290.4323 347.0057
14.43333 8.941895 289.9475 346.4371
14.46667 10.56345 289.4591 346.0832
14.46667 12.0796 289.1419 345.6556
14.46667 13.97174 288.8428 345.0479
14.5 15.65106 288.6059 344.4008
14.5 17.10538 288.4279 343.6982
14.53333 18.46356 288.2752 342.8936
14.53333 19.36964 288.0139 341.5791
14.56667 19.77126 287.6723 340.2564
14.56667 19.61953 287.5385 339.0564
14.6 18.45253 287.5721 338.0402
14.6 17.8369 287.6418 337.2479
14.6 18.15243 287.0483 336.3806
14.63333 19.04156 286.6147 335.8426
14.63333 19.77659 286.1824 335.3614
14.63333 20.66714 286.193 334.9524
14.66667 21.46517 286.3982 334.9034
14.66667 22.58863 286.4693 335.0886
14.7 24.00436 286.6636 335.3878
14.7 24.8785 286.7655 335.3568
14.73333 25.61859 287.1007 335.1418
14.73333 26.19095 287.3675 334.9486
14.76667 26.96082 287.2559 334.5922
14.76667 27.93011 286.6665 334.2573
14.76667 28.65574 286.0199 334.2736
14.8 29.46546 285.2005 334.6435
14.8 30.12029 284.4669 335.1601
14.8 30.78438 283.8455 335.5386
14.83333 31.46119 283.4279 335.6657
14.83333 32.253 283.1255 335.5449
14.86667 33.45139 282.814 335.2166
14.86667 34.72394 282.5668 334.8147
14.9 35.77632 282.3576 334.4155
14.9 36.69729 282.1075 334.1535
14.93333 37.46963 282.1511 334.0692
14.93333 38.3773 282.3051 334.0396
14.93333 39.70169 282.0428 333.9254
14.96667 41.07 281.7305 334.0798
14.96667 42.39454 281.8 334.5192
14.96667 43.34982 281.8584 334.7501
15 44.23858 281.8994 334.9087
15.03333 44.81133 282.0818 335.201
15.03333 45.26706 282.1218 335.3466
15.03333 45.75531 282.0677 335.4189
15.06667 46.55289 281.8166 335.3141
15.06667 47.59951 281.4096 335.0463
15.06667 48.9142 280.7372 334.609
15.1 50.22314 279.8649 334.0599
15.1 51.52975 279.0306 333.5109
15.13333 52.74945 278.0778 332.7934
15.13333 54.08371 276.9062 331.8157
15.16667 54.69935 276.3499 331.314
15.16667 54.67918 276.3645 331.3252
15.16667 54.71876 276.3357 331.3032
15.2 54.71743 276.3367 331.3039
15.2 54.66572 276.3743 331.3327
15.23333 54.64645 276.3883 331.3434
15.23333 54.60147 276.4209 331.3683
15.23333 54.57602 276.4393 331.3823
15.26667 55.6906 275.6097 330.7432
15.26667 56.79606 274.7359 330.0581
15.3 57.2058 274.398 329.7901
15.3 57.2058 274.398 329.7901
15.33333 57.2058 274.398 329.7901
15.33333 57.2058 274.398 329.7901
15.33333 57.2058 274.398 329.7901
15.36667 57.2058 274.398 329.7901
15.36667 57.2058 274.398 329.7901
15.4 57.2058 274.398 329.7901
15.4 57.2058 274.398 329.7901
15.4 57.2058 274.398 329.7901
15.43333 57.2058 274.398 329.7901
15.43333 57.2058 274.398 329.7901
15.46667 57.2058 274.398 329.7901
15.46667 57.2058 274.398 329.7901
15.5 57.2058 274.398 329.7901
15.5 57.2058 274.398 329.7901
15.5 57.2058 274.398 329.7901
15.53333 57.2058 274.398 329.7901
15.53333 57.2058 274.398 329.7901
15.56667 57.2058 274.398 329.7901
15.56667 57.2058 274.398 329.7901
15.56667 57.2058 274.398 329.7901
15.6 57.2058 274.398 329.7901
15.6 57.2058 274.398 329.7901
15.63333 57.2058 274.398 329.7901
15.63333 57.2058 274.398 329.7901
15.66667 57.2058 274.398 329.7901
15.66667 57.2058 274.398 329.7901
15.66667 57.2058 274.398 329.7901
15.7 57.2058 274.398 329.7901
15.7 57.2058 274.398 329.7901
15.73333 57.2058 274.398 329.7901
15.73333 57.2058 274.398 329.7901
15.73333 57.2058 274.398 329.7901
15.76667 57.2058 274.398 329.7901
15.76667 57.2058 274.398 329.7901
15.8 57.2058 274.398 329.7901
15.8 57.2058 274.398 329.7901
15.83333 57.2058 274.398 329.7901
15.83333 57.2058 274.398 329.7901
15.83333 57.2058 274.398 329.7901
15.86667 57.2058 274.398 329.7901
15.86667 57.2058 274.398 329.7901
15.9 57.2058 274.398 329.7901
15.9 57.2058 274.398 329.7901
15.9 57.2058 274.398 329.7901
15.93333 57.2058 274.398 329.7901
15.93333 57.2058 274.398 329.7901
15.96667 57.2058 274.398 329.7901
15.96667 57.2058 274.398 329.7901
16 57.2058 274.398 329.7901
16 57.2058 274.398 329.7901
16 57.2058 274.398 329.7901
16.03333 57.2058 274.398 329.7901
16.03333 57.2058 274.398 329.7901
16.06667 57.2058 274.398 329.7901
16.06667 57.2058 274.398 329.7901
16.06667 57.2058 274.398 329.7901
16.1 57.2058 274.398 329.7901
16.1 57.2058 274.398 329.7901
16.13333 57.2058 274.398 329.7901
16.13333 57.2058 274.398 329.7901
16.16667 57.2058 274.398 329.7901
16.16667 57.2058 274.398 329.7901
16.16667 57.2058 274.398 329.7901
16.2 57.2058 274.398 329.7901
16.2 57.2058 274.398 329.7901
16.23333 57.2058 274.398 329.7901
16.23333 57.2058 274.398 329.7901
16.26667 57.2058 274.398 329.7901
16.26667 57.2058 274.398 329.7901
16.26667 57.2058 274.398 329.7901
16.3 57.2058 274.398 329.7901
16.3 57.2058 274.398 329.7901
16.33333 57.2058 274.398 329.7901
16.33333 57.2058 274.398 329.7901
16.33333 57.2058 274.398 329.7901
16.36667 57.2058 274.398 329.7901
16.36667 57.2058 274.398 329.7901
16.4 57.2058 274.398 329.7901
16.4 57.2058 274.398 329.7901
16.43333 57.2058 274.398 329.7901
16.43333 57.2058 274.398 329.7901
16.43333 57.2058 274.398 329.7901
16.46667 57.2058 274.398 329.7901
16.46667 57.2058 274.398 329.7901
16.5 57.2058 274.398 329.7901
16.5 57.2058 274.398 329.7901
16.5 57.2058 274.398 329.7901
16.53333 57.2058 274.398 329.7901
16.53333 57.2058 274.398 329.7901
16.56667 57.2058 274.398 329.7901
16.56667 57.2058 274.398 329.7901
16.6 57.2058 274.398 329.7901
16.6 57.2058 274.398 329.7901
16.6 57.2058 274.398 329.7901
16.63333 57.2058 274.398 329.7901
16.63333 57.2058 274.398 329.7901
16.66667 57.2058 274.398 329.7901
16.66667 57.2058 274.398 329.7901
16.66667 57.2058 274.398 329.7901
16.7 57.2058 274.398 329.7901
16.7 57.2058 274.398 329.7901
16.73333 57.2058 274.398 329.7901
16.73333 57.2058 274.398 329.7901
16.76667 57.2058 274.398 329.7901
16.76667 57.2058 274.398 329.7901
16.76667 57.2058 274.398 329.7901
16.8 57.2058 274.398 329.7901
16.8 57.2058 274.398 329.7901
16.83333 57.2058 274.398 329.7901
16.83333 57.2058 274.398 329.7901
16.83333 57.2058 274.398 329.7901
16.86667 57.2058 274.398 329.7901
16.86667 57.2058 274.398 329.7901
16.9 57.2058 274.398 329.7901
16.9 57.2058 274.398 329.7901
16.93333 57.2058 274.398 329.7901
16.93333 57.2058 274.398 329.7901
16.93333 57.2058 274.398 329.7901
16.96667 57.2058 274.398 329.7901
16.96667 57.2058 274.398 329.7901
17 57.2058 274.398 329.7901
17 57.2058 274.398 329.7901
17 57.2058 274.398 329.7901
17.03333 57.2058 274.398 329.7901
17.03333 57.2058 274.398 329.7901
17.06667 57.2058 274.398 329.7901
17.06667 57.2058 274.398 329.7901
17.1 57.2058 274.398 329.7901
17.1 57.2058 274.398 329.7901
17.1 57.2058 274.398 329.7901
17.13333 57.2058 274.398 329.7901
17.13333 57.2058 274.398 329.7901
17.16667 57.2058 274.398 329.7901
17.16667 57.2058 274.398 329.7901
17.2 57.2058 274.398 329.7901
17.2 57.2058 274.398 329.7901
17.2 57.2058 274.398 329.7901
17.23333 57.2058 274.398 329.7901
17.23333 57.2058 274.398 329.7901
17.26667 57.2058 274.398 329.7901
17.26667 57.2058 274.398 329.7901
17.26667 57.2058 274.398 329.7901
17.3 57.2058 274.398 329.7901
17.3 57.2058 274.398 329.7901
17.33333 57.2058 274.398 329.7901
17.33333 57.2058 274.398 329.7901
17.36667 57.2058 274.398 329.7901
17.36667 57.2058 274.398 329.7901
17.36667 57.2058 274.398 329.7901
17.4 57.2058 274.398 329.7901
17.4 57.2058 274.398 329.7901
17.43333 57.2058 274.398 329.7901
17.43333 57.2058 274.398 329.7901
17.46667 57.2058 274.398 329.7901
17.46667 57.2058 274.398 329.7901
17.46667 57.2058 274.398 329.7901
17.5 57.2058 274.398 329.7901
17.5 57.2058 274.398 329.7901
17.53333 57.2058 274.398 329.7901
17.56667 57.2058 274.398 329.7901
