-0.03333334 28.0292 285.0881 349.7153
0.03333334 28.03148 285.0711 349.7045
0.03333334 28.03185 284.9986 349.6468
0.03333334 28.09394 284.9159 349.6232
0.06666667 28.08874 284.9363 349.6269
0.1 28.12017 285.0154 349.5833
0.1333333 28.13259 285.025 349.6175
0.1333333 28.13848 285.0213 349.6912
0.1333333 28.19263 284.9676 349.7188
0.1333333 28.05789 284.8229 349.8281
0.1333333 27.65926 284.8493 349.9164
0.1333333 26.6002 284.8935 350.2703
0.5333334 25.38432 284.9533 350.6276
0.5666667 23.7259 285.036 350.9549
0.5666667 22.32623 285.0264 351.2237
0.6 22.11728 284.991 351.2729
0.6 22.0169 284.9837 351.3459
0.6333333 21.2481 284.9848 351.5509
0.6333333 19.07674 284.9727 352.0439
0.6333333 18.95701 284.9845 352.0617
0.6666667 18.11452 284.9689 352.2393
0.7 17.28447 284.9354 352.4145
0.7 16.64004 284.8605 352.5517
0.7 15.90389 284.779 352.7007
0.7333333 15.34902 284.7097 352.8029
0.7333333 14.69693 284.6071 352.8994
0.7333333 13.83626 284.4692 353.0215
0.7666667 13.11221 284.3545 353.0572
0.7666667 12.24824 284.1985 353.0738
0.8 11.52299 284.0366 353.0937
0.8 10.82316 283.836 353.1507
0.8 10.226 283.6027 353.2418
0.8333333 9.678082 283.3127 353.3101
0.8333333 9.240811 283.0185 353.3625
0.8666667 8.795525 282.705 353.3701
0.8666667 8.406634 282.4287 353.3733
0.9 7.959349 282.1004 353.382
0.9 7.575277 281.7855 353.3828
0.9 7.121428 281.4283 353.4014
0.9333333 6.752213 281.1418 353.4467
0.9333333 6.385503 280.7667 353.5511
0.9666666 5.932459 280.3212 353.717
0.9666666 5.44652 279.8318 353.8184
0.9666666 4.946134 279.2662 353.8372
1 4.498414 278.6986 353.7954
1.033333 4.205729 278.2029 353.7488
1.033333 4.00973 277.6726 353.6922
1.033333 3.913751 277.157 353.5996
1.066667 3.800779 276.7121 353.5528
1.066667 3.673643 276.195 353.4861
1.066667 3.588892 275.7903 353.4128
1.1 3.56725 275.3533 353.3367
1.1 3.557697 274.9813 353.2603
1.133333 3.491771 274.6319 353.1818
1.133333 3.305601 274.3095 353.1282
1.166667 3.128757 274.0538 353.1083
1.166667 2.971646 273.7386 353.1086
1.166667 2.910302 273.4843 353.1087
1.2 2.948301 273.1807 353.0818
1.2 3.11011 272.8468 353.0334
1.233333 3.306624 272.5559 352.9796
1.233333 3.551785 272.2278 352.921
1.233333 3.784612 271.9229 352.8693
1.266667 4.087314 271.5992 352.7916
1.266667 4.374107 271.3281 352.7098
1.3 4.598035 271.1073 352.6056
1.3 4.771525 270.8459 352.5
1.333333 4.826006 270.5931 352.3825
1.333333 4.82511 270.4192 352.2797
1.366667 4.826417 270.2176 352.1581
1.366667 4.926101 270.0176 352.0876
1.366667 5.125516 269.7776 352.0461
1.4 5.355195 269.5483 352.0276
1.4 5.68085 269.2309 351.9689
1.4 5.930278 268.9952 351.8606
1.433333 6.218543 268.7953 351.7237
1.433333 6.604624 268.6098 351.5808
1.466667 6.992175 268.4403 351.4868
1.466667 7.633157 268.161 351.4025
1.5 8.251509 267.8502 351.3244
1.5 8.824735 267.5091 351.2111
1.5 9.257383 267.2194 351.0831
1.533333 9.674356 266.9497 350.9363
1.533333 10.17231 266.6987 350.7538
1.566667 10.62296 266.5247 350.5887
1.566667 10.96682 266.3777 350.438
1.566667 11.18654 266.2632 350.2997
1.6 11.21479 266.2162 350.2325
1.6 11.25916 266.2167 350.2231
1.633333 11.39301 266.2137 350.2166
1.633333 11.65856 266.2256 350.2016
1.666667 11.8966 266.2485 350.1508
1.666667 12.03859 266.3323 350.0988
1.666667 12.09832 266.4642 350.065
1.7 12.15334 266.6015 350.046
1.7 12.27314 266.7719 350.0494
1.733333 12.43992 266.9281 350.0583
1.733333 12.59203 267.0519 350.0713
1.766667 12.65673 267.1556 350.0819
1.766667 12.69857 267.2906 350.081
1.8 12.73939 267.4314 350.054
1.8 12.79932 267.5486 350.0197
1.8 12.91568 267.6759 349.9734
1.833333 13.07221 267.7982 349.9353
1.833333 13.24386 267.9006 349.9145
1.833333 13.38493 268.0092 349.8594
1.866667 13.52003 268.1327 349.7948
1.866667 13.68649 268.2664 349.7225
1.9 13.85973 268.4262 349.6507
1.9 14.043 268.5771 349.5988
1.933333 14.23949 268.7559 349.5718
1.933333 14.38668 268.9171 349.5527
1.933333 14.55609 269.0951 349.5143
1.966667 14.70772 269.2522 349.4942
1.966667 14.93393 269.4468 349.4447
2 15.17826 269.6387 349.4015
2 15.42369 269.8691 349.3482
2 15.59563 270.0468 349.3302
2.033333 15.77138 270.3004 349.3168
2.033333 15.93239 270.5208 349.3062
2.066667 16.07862 270.7371 349.2699
2.066667 16.29911 273 349.2261
2.1 16.51191 275.2007 349.2359
2.1 16.75291 277.3934 349.3204
2.133333 16.94643 279.5668 349.4151
2.133333 17.08643 281.6915 349.4578
2.166667 17.25299 283.852 349.4755
2.166667 17.38627 286.0081 349.4521
2.2 17.51214 288.1899 349.3985
2.2 17.67597 290.3938 349.3929
2.233333 17.73394 292.556 349.392
2.233333 18.06334 295.0658 349.4226
2.266667 18.01101 297.08 349.4317
2.266667 18.10679 299.252 349.4314
2.266667 18.19617 301.405 349.4409
2.3 18.31316 303.6042 349.4664
2.333333 18.36782 305.8009 349.4677
2.333333 18.63298 308.4149 349.5309
2.333333 18.59438 310.3904 349.5453
2.366667 18.65872 312.5523 349.5811
2.4 18.72345 314.6373 349.5883
2.4 18.93907 317.0672 349.5737
2.4 18.93494 319.0262 349.5307
2.433333 18.99356 321.1383 349.5205
2.433333 19.02962 323.244 349.5293
2.466667 19.04774 325.3551 349.5538
2.5 18.9795 327.4328 349.5865
2.5 19.01736 329.8118 349.5999
2.5 18.99282 331.8681 349.6018
2.533333 18.98777 334.0642 349.6295
2.533333 18.96312 336.2935 349.6802
2.566667 18.94172 338.5035 349.7251
2.566667 18.91788 340.7572 349.7928
2.6 18.90005 343.3449 349.9351
2.6 18.85831 345.4122 349.9937
2.633333 18.78756 347.6176 350.0728
2.666667 18.57238 349.9155 350.2384
2.666667 18.23751 352.6554 350.5432
2.7 17.94463 354.7401 350.6586
2.7 17.14054 357.5662 351.0504
2.733333 16.59935 359.7484 351.1491
2.733333 15.49299 2.754592 351.5659
2.766667 15.47164 4.887197 351.611
2.766667 15.25027 7.284245 351.7801
2.8 15.33445 9.622706 351.9343
2.8 14.91518 12.55833 352.2961
2.833333 15.41628 14.3906 352.2108
2.833333 15.32831 17.18096 352.5036
2.866667 15.39872 19.09626 352.4671
2.866667 15.38124 21.01305 352.4394
2.9 15.27057 23.19107 352.4644
2.9 15.17178 25.32226 352.4473
2.9 15.11913 27.44148 352.4342
2.933333 15.10171 29.53057 352.4234
2.966667 15.08124 31.57975 352.4143
2.966667 15.00743 33.61678 352.4077
3 14.86176 35.5829 352.368
3 14.46759 37.72985 352.422
3.033333 14.07717 39.80901 352.4458
3.033333 13.80334 41.80775 352.459
3.066667 13.31218 43.89207 352.4981
3.066667 12.91284 46.04481 352.5537
3.1 12.17685 48.32205 352.7092
3.1 12.19759 50.33073 352.767
3.1 11.89589 52.4432 352.8794
3.133333 11.53607 54.57942 352.9544
3.133333 11.22152 56.71923 352.9747
3.166667 11.20193 57.76558 352.9827
3.166667 10.96129 57.90795 353.0398
3.166667 10.71382 58.06329 353.1369
3.2 10.41626 58.17815 353.2276
3.2 10.10547 58.28264 353.3017
3.2 9.796628 58.39822 353.3641
3.233333 9.538895 58.51268 353.4196
3.233333 9.331338 58.60057 353.4781
3.266667 9.177758 58.66928 353.5052
3.266667 8.946795 58.74489 353.5599
3.266667 8.73638 58.80692 353.6056
3.3 8.545636 58.86758 353.6595
3.3 8.379703 58.9168 353.6956
3.333333 8.176375 58.98098 353.7242
3.333333 7.955017 59.04231 353.7375
3.366667 7.750812 59.10605 353.7466
3.366667 7.456549 59.20816 353.779
3.366667 7.140651 59.31577 353.8392
3.4 6.862059 59.40595 353.8804
3.4 6.443662 59.5156 353.9287
3.433333 5.864862 59.63717 354.0046
3.433333 5.190898 59.72459 354.0532
3.466667 4.106877 59.8623 354.083
3.466667 3.245183 59.94502 354.1149
3.466667 2.43771 60.04122 354.1735
3.5 1.586101 60.14851 354.2837
3.5 0.8117405 60.27052 354.3987
3.533333 0.1236494 60.38792 354.5038
3.533333 359.714 60.4713 354.5817
3.566667 359.4915 60.55428 354.6458
3.566667 359.3697 60.62225 354.7365
3.566667 359.2821 60.68277 354.8249
3.6 359.2436 60.72499 354.8939
3.6 359.1835 60.77573 354.9484
3.6 359.0714 60.82857 354.9773
3.633333 358.8924 60.90879 354.9744
3.633333 358.7087 60.97326 354.9764
3.666667 358.5688 61.02078 354.9774
3.666667 358.4338 61.02683 354.9747
3.7 358.353 61.02147 354.9838
3.7 358.297 60.984 354.9979
3.7 358.259 60.94633 355.0288
3.733333 358.2443 60.90122 355.0357
3.733333 358.2429 60.84595 355.042
3.766667 358.2812 60.79088 355.0568
3.766667 358.3342 60.73689 355.0569
3.766667 358.4195 60.68057 355.0406
3.8 358.5217 60.63321 355.033
3.8 358.6657 60.58709 355.0028
3.833333 358.8347 60.55935 354.9905
3.833333 359.1043 60.49572 354.9958
3.866667 359.3754 60.44886 354.9791
3.866667 359.606 60.43089 354.9592
3.866667 359.9552 60.39518 354.9312
3.9 0.4957388 60.39132 354.8949
3.9 1.002741 60.35376 354.8688
3.933333 1.731993 60.28474 354.846
3.933333 2.510094 60.19778 354.8582
3.966667 3.205034 60.11143 354.8528
3.966667 3.998397 60.00767 354.8374
3.966667 4.843457 59.89482 354.7558
4 5.55021 59.78233 354.6617
4 6.490343 59.61209 354.567
4.033333 7.902584 59.35448 354.4327
4.033333 9.336588 59.07073 354.2422
4.066667 10.98473 58.76504 353.9883
4.066667 12.26264 58.52574 353.7592
4.066667 13.12426 58.36603 353.56
4.1 14.03438 58.197 353.3935
4.1 14.833 58.02341 353.3221
4.133333 15.74287 57.77267 353.1644
4.133333 16.55277 57.4898 352.97
4.133333 17.05062 57.31081 352.8239
4.166667 17.37851 57.1905 352.6604
4.166667 17.63981 57.10769 352.5634
4.2 18.0548 57.00977 352.4135
4.2 18.41717 56.90429 352.3052
4.2 18.74421 56.75668 352.2652
4.233333 18.89153 56.61829 352.2563
4.233333 18.8763 56.54286 352.2217
4.266667 18.89179 56.49532 352.2112
4.266667 18.98134 56.46761 352.1957
4.3 19.14213 56.41853 352.1537
4.3 19.25812 56.36773 352.1398
4.3 19.26763 56.31953 352.1817
4.333333 19.16015 56.26544 352.2372
4.333333 19.08834 56.22787 352.2717
4.366667 19.08112 56.20401 352.2714
4.366667 19.14266 56.19217 352.2074
4.366667 19.2491 56.17685 352.1508
4.4 19.35875 56.1501 352.1269
4.433333 19.465 56.10873 352.0983
4.433333 19.50187 56.06898 352.1076
4.433333 19.51626 56.03803 352.1051
4.466667 19.54542 56.0373 352.106
4.466667 19.60432 56.02958 352.0822
4.466667 19.71922 56.02324 352.0594
4.5 19.84658 56.01361 352.054
4.5 20.01697 55.98312 352.05
4.533333 20.15753 55.95279 352.0545
4.533333 20.27696 55.91064 352.0444
4.533333 20.37775 55.87436 352.0356
4.566667 20.49559 55.83334 352.0447
4.566667 20.62852 55.76432 352.0498
4.6 20.78742 55.72031 352.0407
4.6 20.93071 55.65209 352.0174
4.633333 21.06146 55.5863 351.9873
4.633333 21.18012 55.51876 351.9582
4.633333 21.24246 55.43978 351.9496
4.666667 21.27697 55.37397 351.9439
4.666667 21.27418 55.29272 351.9449
4.7 21.2893 55.20469 351.9517
4.7 21.30587 55.13826 351.9546
4.733333 21.28553 55.0532 351.949
4.733333 21.22549 54.99442 351.9366
4.733333 21.14484 54.95148 351.9388
4.766667 21.03069 54.9188 351.9461
4.766667 20.93909 54.87764 351.9529
4.8 20.87902 54.8602 351.97
4.8 20.80687 54.81714 351.9885
4.8 20.7306 54.77631 351.9923
4.833333 20.65448 54.75611 352.0119
4.833333 20.51543 54.74409 352.0336
4.866667 20.35498 54.73909 352.0477
4.866667 20.20424 54.73639 352.0409
4.9 19.98063 54.72007 352.0523
4.9 19.77203 54.7201 352.0798
4.9 19.55832 54.72995 352.0991
4.933333 19.30234 54.75611 352.1443
4.933333 19.05536 54.78314 352.1955
4.966667 18.82994 54.82277 352.2307
4.966667 18.58288 54.87469 352.2679
4.966667 18.35495 54.94531 352.3053
5 18.08 55.0361 352.3799
5 17.76063 55.17288 352.4623
5.033333 17.48043 55.29147 352.5519
5.033333 17.12587 55.48022 352.706
5.066667 16.77017 55.67665 352.8699
5.066667 16.44967 55.82318 353.0121
5.066667 15.98646 56.04603 353.1745
5.1 15.48033 56.31202 353.3217
5.1 15.09993 56.54713 353.4359
5.133333 14.64994 56.83242 353.6011
5.133333 14.17383 57.11274 353.7495
5.133333 13.62552 57.40862 353.8917
5.166667 13.06982 57.69853 354.0517
5.166667 12.55588 57.99979 354.2315
5.2 11.9211 58.3383 354.412
5.2 11.29871 58.65238 354.5455
5.233333 10.55014 59.05246 354.7256
5.233333 9.714747 59.59096 354.9903
5.233333 9.023143 60.12014 355.2858
5.266667 8.479203 60.55602 355.5672
5.3 7.963978 60.91909 355.8194
5.3 7.264918 61.35597 356.0834
5.3 6.615654 61.80331 356.326
5.333333 6.053791 62.28783 356.5441
5.333333 5.716663 62.66258 356.6701
5.333333 5.39955 63.04783 356.7686
5.366667 5.044147 63.38539 356.8448
5.366667 4.588072 63.68535 356.9225
5.4 4.115692 64.02116 356.9845
5.4 3.707817 64.42991 357.0381
5.4 3.415934 64.82376 357.1022
5.433333 3.186548 65.12289 357.1523
5.433333 2.943511 65.40625 357.2133
5.466667 2.610155 65.66944 357.2536
5.466667 2.187788 65.96284 357.2721
5.466667 1.7782 66.30977 357.2746
5.5 1.509593 66.68745 357.2758
5.5 1.335157 67.05807 357.2846
5.533333 1.041839 67.41131 357.3099
5.533333 0.6964966 67.72045 357.339
5.566667 0.3254698 68.02648 357.3785
5.566667 0.01920169 68.34618 357.4338
5.566667 359.8529 68.60365 357.4885
5.6 359.6429 68.95148 357.5387
5.6 359.3518 69.29301 357.5856
5.633333 358.96 69.67756 357.6559
5.633333 358.66 69.97377 357.6873
5.666667 358.4127 70.32763 357.7556
5.666667 358.2979 70.57543 357.7948
5.7 358.2199 70.7653 357.8212
5.7 358.0597 70.99991 357.8385
5.7 357.8178 71.22526 357.8528
5.733333 357.6014 71.41063 357.8557
5.733333 357.4167 71.58706 357.8277
5.733333 357.3077 71.74772 357.7747
5.766667 357.2403 71.9029 357.73
5.766667 357.2078 72.01662 357.7095
5.8 357.154 72.1155 357.6814
5.8 357.0641 72.18439 357.6595
5.833333 356.9134 72.28056 357.6287
5.833333 356.7409 72.38695 357.5596
5.833333 356.6763 72.49391 357.4956
5.866667 356.6947 72.52995 357.4676
5.866667 356.7457 72.52634 357.4189
5.9 356.7717 72.44621 357.3643
5.9 356.7705 72.37405 357.3214
5.9 356.765 72.26833 357.2742
5.933333 356.7462 72.16814 357.2169
5.933333 356.7373 72.06979 357.1907
5.966667 356.7121 71.95944 357.1497
5.966667 356.6891 71.85602 357.1124
6 356.6805 71.75955 357.0778
6 356.6866 71.66302 357.0559
6 356.6666 71.57066 357.0346
6.033333 356.6238 71.48459 357.026
6.033333 356.5711 71.3848 357.0302
6.066667 356.5287 71.32034 357.0231
6.066667 356.5119 71.23861 357.0079
6.066667 356.5353 71.17549 356.9836
6.1 356.6141 71.11698 356.9814
6.1 356.6671 71.06316 356.9857
6.133333 356.6859 70.99796 356.9843
6.133333 356.6332 70.9323 356.9856
6.166667 356.5772 70.88697 356.9955
6.166667 356.5442 70.84167 357.0016
6.166667 356.542 70.80325 356.9886
6.2 356.55 70.75027 356.9884
6.2 356.5375 70.68668 356.9854
6.233333 356.4541 70.62549 356.9807
6.233333 356.3582 70.57662 356.9714
6.266667 356.2591 70.51582 356.9521
6.266667 356.2401 70.46738 356.9273
6.266667 356.2669 70.39568 356.9178
6.3 356.2874 70.32719 356.9059
6.3 356.2759 70.24882 356.9001
6.333333 356.2259 70.16109 356.8916
6.333333 356.1601 70.07877 356.8755
6.333333 356.1187 69.98396 356.8645
6.366667 356.121 69.89501 356.8529
6.366667 356.1561 69.78565 356.848
6.4 356.1748 69.67818 356.8412
6.4 356.1412 69.532 356.8475
6.433333 356.1024 69.41592 356.83
6.433333 356.0738 69.26579 356.8088
6.433333 356.0905 69.12321 356.8003
6.466667 356.1206 68.99064 356.8066
6.466667 356.1703 68.80096 356.8123
6.5 356.1988 68.60069 356.798
6.5 356.2016 68.45126 356.7856
6.5 356.1906 68.29085 356.7689
6.533333 356.1892 68.11399 356.7456
6.533333 356.2062 67.99663 356.735
6.566667 356.2359 67.84449 356.7213
6.566667 356.2254 67.72455 356.6813
6.6 356.2193 67.62418 356.6322
6.6 356.2423 67.50459 356.6006
6.6 356.2869 67.36602 356.5831
6.633333 356.316 67.23392 356.5856
6.633333 356.3365 67.06392 356.6037
6.666667 356.2993 66.88396 356.6087
6.666667 356.2552 66.77576 356.5824
6.7 356.2097 66.63879 356.5507
6.7 356.2178 66.52148 356.5256
6.7 356.2392 66.37561 356.5057
6.733333 356.2341 66.26694 356.4778
6.733333 356.2196 66.14664 356.4459
6.766667 356.2081 66.05274 356.4189
6.766667 356.2066 65.94312 356.3985
6.8 356.2052 65.83376 356.3956
6.8 356.1877 65.71334 356.3858
6.8 356.1534 65.62663 356.3511
6.833333 356.0533 65.35899 356.2333
6.833333 356.0779 65.42184 356.2369
6.866667 356.1291 65.44396 356.2447
6.866667 356.1787 65.37168 356.2542
6.866667 356.2207 65.24135 356.2671
6.9 356.2215 65.1436 356.2709
6.9 356.2083 65.03194 356.2757
6.933333 356.1751 64.95341 356.2386
6.933333 356.1515 64.88908 356.2226
6.933333 356.1549 64.82159 356.1906
6.966667 356.1895 64.7384 356.1701
6.966667 356.2449 64.65829 356.1532
7 356.3085 64.56935 356.1302
7 356.3373 64.49654 356.1143
7 356.3327 64.39224 356.0987
7.033333 356.3241 64.29666 356.0903
7.033333 356.3463 64.20354 356.0832
7.066667 356.4181 64.07337 356.0705
7.066667 356.4534 63.95916 356.0482
7.1 356.4495 63.86417 356.0154
7.1 356.4016 63.76852 355.9852
7.1 356.336 63.67406 355.9847
7.133333 356.3124 63.58405 355.9959
7.133333 356.2968 63.46044 355.9983
7.166667 356.2825 63.31226 355.9867
7.166667 356.2743 63.18954 355.9663
7.2 356.2706 63.06842 355.9295
7.2 356.2608 62.94329 355.896
7.2 356.2494 62.78627 355.8739
7.233333 356.262 62.60794 355.8507
7.233333 356.2803 62.42919 355.807
7.266667 356.3096 62.22663 355.7605
7.266667 356.3598 62.0293 355.7443
7.266667 356.412 61.79503 355.7103
7.3 356.4836 61.5246 355.6794
7.3 356.5497 61.21476 355.632
7.333333 356.5499 60.86347 355.5428
7.333333 356.5237 60.6013 355.4788
7.366667 356.5034 60.25527 355.4304
7.366667 356.4791 59.90468 355.3907
7.4 356.4782 59.62156 355.3851
7.4 356.4881 59.24391 355.3881
7.4 356.532 58.87995 355.3759
7.433333 356.5984 58.57922 355.3382
7.433333 356.6734 58.26738 355.2827
7.466667 356.7263 58.02531 355.2416
7.466667 356.8037 57.72073 355.186
7.466667 356.8432 57.49642 355.1583
7.5 356.9013 57.20641 355.1418
7.5 356.9867 56.91504 355.1049
7.533333 357.0691 56.69633 355.0699
7.533333 357.1562 56.43021 355.043
7.533333 357.2036 56.23755 354.9958
7.566667 357.2292 56.01196 354.9403
7.566667 357.2497 55.79834 354.9018
7.6 357.3283 55.5691 354.8761
7.6 357.3784 55.35842 354.8378
7.6 357.352 55.14865 354.8014
7.633333 357.2746 54.99389 354.7751
7.633333 357.1733 54.86192 354.7467
7.666667 357.1187 54.73743 354.7389
7.666667 357.1382 54.62879 354.7316
7.7 357.1888 54.49438 354.7168
7.7 357.2638 54.404 354.6908
7.7 357.3058 54.36083 354.6561
7.733333 357.3334 54.32911 354.6207
7.733333 357.3463 54.30674 354.6058
7.766667 357.3387 54.30884 354.5945
7.766667 357.3445 54.31642 354.5931
7.8 357.3522 54.34156 354.6098
7.8 357.3683 54.37906 354.6331
7.8 357.3616 54.40253 354.6518
7.833333 357.3286 54.45061 354.6922
7.833333 357.2885 54.48126 354.7414
7.866667 357.2698 54.49408 354.7777
7.866667 357.2526 54.50939 354.7848
7.866667 357.275 54.51406 354.7907
7.9 357.3133 54.5081 354.7845
7.9 357.3687 54.48668 354.7802
7.933333 357.4123 54.46651 354.7983
7.933333 357.4333 54.4227 354.8098
7.933333 357.4788 54.38956 354.8009
7.966667 357.5283 54.36343 354.7908
7.966667 357.5871 54.33256 354.7682
8 357.6204 54.30205 354.7914
8 357.5948 54.25397 354.8249
8.033334 357.5527 54.21189 354.8594
8.033334 357.5356 54.18223 354.8775
8.033334 357.5155 54.1579 354.8534
8.066667 357.5279 54.15485 354.825
8.066667 357.6143 54.13105 354.8346
8.1 357.7076 54.08544 354.8511
8.1 357.8412 54.00588 354.8596
8.133333 357.9883 53.90503 354.8797
8.133333 358.132 53.81788 354.9045
8.133333 358.3556 53.71869 354.9244
8.166667 358.6373 53.60386 354.9404
8.166667 358.9788 53.49071 354.918
8.2 359.3259 53.36382 354.8672
8.2 359.6745 53.22295 354.81
8.2 359.9123 53.11804 354.7625
8.233334 0.2081678 52.96609 354.7176
8.233334 0.6163227 52.76651 354.6894
8.266666 0.9910164 52.5857 354.6259
8.266666 1.327929 52.37149 354.5202
8.3 1.525665 52.20179 354.373
8.3 1.717932 52.03972 354.2178
8.3 1.965906 51.88402 354.1284
8.333333 2.329366 51.64813 354.0323
8.333333 2.747981 51.41906 353.9462
8.366667 3.169597 51.18283 353.8744
8.366667 3.608759 50.93974 353.8144
8.4 3.979302 50.71944 353.7587
8.4 4.398118 50.52582 353.7102
8.4 5.571552 49.92345 353.4828
8.433333 5.485071 49.94788 353.4175
8.433333 5.506636 49.81939 353.2908
8.466666 5.131128 49.93076 353.3207
8.466666 5.013906 49.84108 353.248
8.466666 4.982193 49.76503 353.2108
8.5 5.047296 49.6723 353.1741
8.5 5.190065 49.58665 353.152
8.533334 5.439654 49.48059 353.1082
8.533334 5.731543 49.4082 353.0732
8.533334 5.987996 49.34799 353.0603
8.566667 6.099452 49.32705 353.045
8.566667 6.091424 49.35555 353.0415
8.6 6.045592 49.38846 353.054
8.6 6.060215 49.40354 353.0738
8.633333 6.117711 49.42022 353.0796
8.633333 6.210943 49.44547 353.0909
8.666667 6.263648 49.4623 353.1183
8.666667 6.29133 49.47922 353.1463
8.666667 6.307813 49.50079 353.1618
8.7 6.331756 49.51647 353.1695
8.7 6.361977 47.51799 353.1752
8.7 6.421691 45.52245 353.2209
8.733334 6.475436 43.51105 353.2281
8.733334 6.556933 41.51307 353.2212
8.766666 6.596477 39.51626 353.1684
8.766666 6.601412 37.55976 353.0769
8.8 6.590458 35.58791 353.006
8.8 6.59297 33.61477 352.963
8.833333 6.601415 31.61459 352.9411
8.866667 6.602744 29.58659 352.9714
8.866667 6.642498 27.58807 352.9482
8.9 6.57782 25.59709 352.9517
8.9 6.518004 23.62273 352.9364
8.933333 6.369334 21.67846 352.8951
8.933333 6.275102 19.72119 352.8697
8.966666 6.230171 17.74305 352.8824
8.966666 6.096513 15.8088 352.9413
9 5.96174 13.87004 353.0103
9 5.792139 11.95048 353.1117
9.033334 5.532715 10.10565 353.1643
9.033334 4.762456 8.656765 353.3813
9.066667 4.701334 6.729068 353.491
9.1 3.80649 5.2762 353.868
9.133333 3.246391 3.616656 353.9547
9.166667 2.876388 2.026414 354.0778
9.2 2.632303 0.4979755 354.1407
9.2 2.216956 359.107 354.2025
9.233334 1.885149 357.6863 354.2949
9.233334 2.026461 355.8742 354.3098
9.3 1.480853 354.7352 354.4202
9.3 1.133007 353.2658 354.4802
9.333333 0.8902611 351.6819 354.515
9.366667 0.5848313 350.1118 354.4748
9.4 0.2559595 348.4901 354.4218
9.4 0.03613362 346.8214 354.3545
9.466666 359.8095 345.08 354.3196
9.466666 359.5222 343.3737 354.254
9.5 359.2583 341.663 354.0797
9.533334 359.0439 339.9846 353.9619
9.566667 359.0826 337.9706 354.0169
9.566667 358.6883 336.3538 354.0041
9.6 358.5139 334.6196 354.0039
9.633333 358.4691 332.8327 353.9928
9.666667 358.3187 331.0551 353.9744
9.666667 358.3086 329.8757 353.9432
9.7 358.2623 330.2022 353.9021
9.733334 358.373 330.3332 353.8981
9.733334 358.4088 330.5446 353.7985
9.766666 358.5755 330.7282 353.8183
9.8 358.666 330.8209 353.8929
9.833333 358.6018 330.9338 353.9143
9.866667 358.4609 331.0686 353.8676
9.9 358.4898 331.1204 353.8623
9.933333 358.5847 331.1282 353.8536
9.933333 358.5943 331.1994 353.829
9.966666 358.4784 331.1551 353.7967
10 358.4633 331.1539 353.7992
10 358.4742 331.1842 353.8104
10.03333 358.5273 331.1413 353.8312
10.03333 358.5696 331.1009 353.8295
10.03333 358.5922 331.0831 353.8213
10.06667 358.5815 331.0644 353.81
10.06667 358.5641 331.0392 353.8067
10.1 358.551 331.0042 353.8042
10.1 358.5552 330.9714 353.8166
10.13333 358.5967 330.9317 353.8455
10.13333 358.6331 330.9171 353.86
10.13333 358.6395 330.9109 353.8613
10.16667 358.6136 330.9068 353.8712
10.16667 358.5834 330.8967 353.9125
10.2 358.5619 330.8797 353.9447
10.2 358.5775 330.8537 353.9581
10.23333 358.6092 330.8432 353.9514
10.23333 358.6235 330.853 353.9005
10.23333 358.6451 330.8853 353.8493
10.26667 358.6567 330.883 353.8498
10.26667 358.6563 330.8688 353.855
10.3 358.6454 330.8477 353.8758
10.3 358.6456 330.8308 353.8889
10.33333 358.6585 330.8311 353.8994
10.33333 358.6644 330.8289 353.9027
10.33333 358.656 330.8107 353.9198
10.36667 358.6521 330.786 353.9477
10.36667 358.6422 330.7524 353.9595
10.4 358.6534 330.7205 353.9595
10.4 358.6735 330.7092 353.9415
10.4 358.6832 330.6826 353.9225
10.43333 358.6891 330.6623 353.9307
10.43333 358.688 330.6322 353.9625
10.46667 358.6665 330.6133 353.9993
10.46667 358.6559 330.6139 353.9729
10.5 358.6615 330.6349 353.9464
10.5 358.6727 330.6464 353.9444
10.5 358.7038 330.6699 353.9468
10.53333 358.7049 330.6616 353.9594
10.53333 358.7052 330.6466 353.9979
10.56667 358.7022 330.6421 354.0117
10.56667 358.7101 330.6375 354.0082
10.6 358.7146 330.6398 353.9967
10.6 358.7234 330.6388 353.969
10.6 358.7334 330.6396 353.952
10.63333 358.7381 330.6336 353.9298
10.63333 358.7432 330.6259 353.9088
10.66667 358.7543 330.6266 353.8893
10.66667 358.7561 330.625 353.8783
10.66667 358.7644 330.6308 353.8655
10.7 358.7759 330.6332 353.8575
10.7 358.7867 330.6325 353.8679
10.73333 358.8037 330.6393 353.869
10.73333 358.8176 330.6299 353.8684
10.76667 358.822 330.6292 353.8693
10.76667 358.8219 330.6243 353.8698
10.76667 358.8219 330.6197 353.861
10.8 358.8225 330.6107 353.8493
10.8 358.8464 330.6104 353.8443
10.83333 358.8637 330.6115 353.8359
10.83333 358.885 330.6335 353.8351
10.83333 358.8839 330.6414 353.8335
10.86667 358.8835 330.6723 353.8446
10.86667 358.8935 330.69 353.8515
10.9 358.9157 330.7025 353.8474
10.9 358.9228 330.707 353.8593
10.9 358.9107 330.7191 353.8745
10.93333 358.8955 330.708 353.8924
10.93333 358.9258 330.6983 353.8918
10.96667 358.9564 330.702 353.8634
10.96667 358.977 330.6992 353.8113
11 358.985 330.7246 353.7506
11 358.9946 330.7261 353.7408
11 358.9932 330.7079 353.75
11.03333 358.9872 330.6805 353.7667
11.03333 358.9754 330.6739 353.7807
11.06667 358.9861 330.6718 353.7915
11.06667 358.9971 330.6623 353.7997
11.1 359.0111 330.6516 353.8004
11.1 359.0175 330.6319 353.8062
11.1 359.0064 330.6253 353.808
11.13333 358.9861 330.6009 353.8011
11.13333 358.9817 330.6032 353.7926
11.16667 358.9928 330.5889 353.8003
11.16667 359.0281 330.5844 353.8185
11.2 359.0811 330.5641 353.8504
11.2 359.0952 330.567 353.8597
11.2 359.069 330.5767 353.8375
11.23333 359.0393 330.597 353.8033
11.23333 359.0376 330.6235 353.7935
11.23333 359.0522 330.6063 353.8243
11.26667 359.0576 330.5946 353.8485
11.26667 359.0533 330.563 353.8901
11.3 359.0462 330.5515 353.9029
11.3 359.0479 330.5504 353.896
11.33333 359.0489 330.5432 353.8791
11.33333 359.0525 330.5273 353.8702
11.33333 359.0491 330.5144 353.8542
11.36667 359.0487 330.5005 353.8568
11.36667 359.0519 330.486 353.8688
11.4 359.0582 330.4922 353.8746
11.4 359.0524 330.4926 353.886
11.43333 359.025 330.5103 353.8844
11.43333 359.0089 330.523 353.8783
11.43333 358.9952 330.5356 353.8753
11.46667 358.9947 330.5352 353.8844
11.46667 359.0251 330.5506 353.8824
11.5 359.0451 330.5266 353.8979
11.5 359.0497 330.5173 353.9058
11.5 359.0386 330.4953 353.9008
11.53333 359.0341 330.4773 353.8871
11.53333 359.043 330.4628 353.8768
11.56667 359.0701 330.4486 353.8534
11.56667 359.1003 330.4403 353.8386
11.6 359.1071 330.4319 353.8483
11.6 359.0989 330.4286 353.8652
11.6 359.1024 330.4196 353.8642
11.63333 359.1279 330.422 353.851
11.63333 359.1416 330.4284 353.8607
11.66667 359.1664 330.4266 353.8815
11.66667 359.1864 330.3999 353.9081
11.66667 359.2264 330.3805 353.9091
11.7 359.2365 330.3711 353.8993
11.7 359.2398 330.3844 353.8467
11.73333 359.2579 330.4019 353.7935
11.73333 359.2861 330.4088 353.7992
11.76667 359.3159 330.3823 353.8167
11.76667 359.3159 330.3567 353.8579
11.76667 359.3065 330.3331 353.8867
11.8 359.2863 330.3227 353.9042
11.8 359.2659 330.3142 353.9002
11.83333 359.2671 330.3055 353.8802
11.83333 359.2778 330.3013 353.8566
11.83333 359.2935 330.2862 353.8495
11.86667 359.3085 330.2875 353.8295
11.86667 359.3107 330.274 353.8282
11.9 359.3049 330.2695 353.8303
11.9 359.329 330.2597 353.8484
11.93333 359.3459 330.2596 353.8572
11.93333 359.3529 330.2577 353.8471
11.93333 359.3694 330.2819 353.8023
11.96667 359.3967 330.2932 353.7921
11.96667 359.4246 330.3036 353.7952
12 359.4338 330.2958 353.8252
12 359.4238 330.2816 353.8509
12 359.4108 330.2588 353.8867
12.03333 359.4077 330.25 353.8885
12.03333 359.4135 330.2605 353.8778
12.06667 359.4126 330.2489 353.8704
12.06667 359.4066 330.2411 353.8551
12.1 359.3876 330.2385 353.8372
12.1 359.3635 330.2318 353.832
12.1 359.3349 330.23 353.8352
12.13333 359.3253 330.2307 353.8367
12.13333 359.3274 330.2343 353.8438
12.16667 359.3378 330.2429 353.844
12.16667 359.356 330.2531 353.8488
12.16667 359.3613 330.268 353.8578
12.2 359.3532 330.2742 353.8602
12.2 359.3386 330.2673 353.8744
12.23333 359.3313 330.2744 353.8701
12.23333 359.3323 330.2557 353.879
12.26667 359.3537 330.2444 353.8835
12.26667 359.3896 330.2329 353.8714
12.26667 359.3984 330.2141 353.8638
12.3 359.3983 330.1949 353.8556
12.3 359.3704 330.1798 353.8568
12.33333 359.3396 330.1729 353.8672
12.33333 359.3437 330.1761 353.8806
12.36667 359.376 330.1891 353.8628
12.36667 359.4158 330.2023 353.8489
12.36667 359.4238 330.2023 353.8676
12.4 359.3996 330.2018 353.8984
12.4 359.3879 330.1892 353.9281
12.43333 359.3815 330.1728 353.9439
12.43333 359.3868 330.1844 353.9138
12.43333 359.4006 330.2212 353.8445
12.46667 359.4397 330.2416 353.8124
12.46667 359.4775 330.2309 353.8282
12.5 359.468 330.2035 353.8572
12.5 359.4323 330.1718 353.8938
12.53333 359.4006 330.1545 353.9222
12.53333 359.374 330.1556 353.9245
12.53333 359.3829 330.1575 353.9079
12.56667 359.4032 330.1417 353.8987
12.56667 359.437 330.1259 353.8918
12.6 359.4467 330.109 353.8792
12.6 359.4608 330.1235 353.8812
12.6 359.4528 330.119 353.8775
12.63333 359.45 330.1282 353.8916
12.63333 359.4687 330.151 353.9103
12.66667 359.4714 330.1698 353.9179
12.66667 359.4771 330.2019 353.8728
12.7 359.4828 330.2235 353.8428
12.7 359.4894 330.2463 353.8408
12.7 359.4862 330.2468 353.8666
12.73333 359.4784 330.2283 353.8994
12.73333 359.4553 330.2013 353.9227
12.76667 359.4557 330.1865 353.9151
12.76667 359.4585 330.1831 353.8867
12.76667 359.4748 330.1884 353.8517
12.8 359.4636 330.1931 353.8252
12.8 359.45 330.1923 353.801
12.83333 359.4482 330.1995 353.7916
12.83333 359.4548 330.213 353.7932
12.86667 359.4378 330.2318 353.7949
12.86667 359.4385 330.2379 353.8051
12.86667 359.4434 330.2447 353.8217
12.9 359.4507 330.2551 353.8216
12.9 359.4583 330.2523 353.8265
12.93333 359.464 330.2532 353.8322
12.93333 359.4559 330.2371 353.8428
12.93333 359.4413 330.2173 353.8563
12.96667 359.4346 330.2104 353.8693
12.96667 359.4478 330.1996 353.8851
13 359.4766 330.1866 353.8853
13 359.4814 330.1801 353.8787
13.03333 359.4814 330.1897 353.871
13.03333 359.4732 330.1909 353.8773
13.03333 359.4588 330.2032 353.8749
13.06667 359.4468 330.2171 353.876
13.06667 359.4525 330.2215 353.8909
13.1 359.4551 330.219 353.8823
13.1 359.4631 330.2257 353.8683
13.13333 359.4541 330.2255 353.8806
13.13333 359.442 330.2082 353.9083
13.13333 359.4422 330.1668 353.9431
13.16667 359.4721 330.137 353.9471
13.16667 359.4795 330.1261 353.9266
13.2 359.4857 330.156 353.858
13.2 359.5058 330.1761 353.8333
13.2 359.5305 330.1751 353.829
13.23333 359.5375 330.1673 353.8431
13.23333 359.521 330.1554 353.8794
13.26667 359.5002 330.1538 353.9198
13.26667 359.497 330.1677 353.9341
13.3 359.4965 330.1651 353.9367
13.3 359.5063 330.1766 353.9453
13.3 359.498 330.1656 353.9464
13.33333 359.4943 330.1394 353.9534
13.33333 359.483 330.1255 353.9515
13.36667 359.4656 330.1052 353.9478
13.36667 359.4669 330.0789 353.9635
13.36667 359.5067 330.0498 353.9901
13.4 359.5262 330.0294 354.0206
13.4 359.5371 330.0265 354.009
13.43333 359.5261 330.0366 353.9912
13.43333 359.5425 330.057 354.006
13.46667 359.545 330.0634 354.0181
13.46667 359.5511 330.0614 354.0376
13.46667 359.5514 330.0385 354.0649
13.5 359.5601 330.0411 354.0764
13.5 359.5534 330.0419 354.0806
13.53333 359.5418 330.049 354.0546
13.53333 359.5305 330.0579 354.0368
13.53333 359.5288 330.0541 354.0191
13.56667 359.533 330.062 353.9939
13.56667 359.5337 330.0721 353.9906
13.6 359.5468 330.0833 353.9823
13.6 359.549 330.0929 353.9874
13.63333 359.5461 330.0947 353.9997
13.63333 359.5482 330.1122 354.002
13.63333 359.5381 330.1126 354.006
13.66667 359.5282 330.119 354.0111
13.66667 359.5252 330.1193 354.0124
13.7 359.5238 330.1027 354.0143
13.7 359.512 330.0957 354.0145
13.7 359.5069 330.0781 354.015
13.73333 359.5133 330.0525 354.0122
13.73333 359.5025 330.0448 354.0081
13.76667 359.4976 330.0267 354.0081
13.76667 359.4896 330.0183 354.0161
13.8 359.4845 330.0172 354.0213
13.8 359.4854 330.0295 354.024
13.8 359.5086 330.0348 354.0053
13.83333 359.5298 330.0483 353.9966
13.83333 359.5562 330.0521 354.0052
13.86667 359.5643 330.0498 354.0433
13.86667 359.5639 330.0374 354.0826
13.86667 359.5661 330.0356 354.0854
13.9 359.5715 330.0551 354.0538
13.9 359.5944 330.0916 353.9913
13.93333 359.6349 330.0925 353.975
13.93333 359.6818 330.0851 353.9847
13.96667 359.6807 330.0613 354.0028
13.96667 359.6374 330.0443 354.0337
13.96667 359.597 330.0571 354.0418
14 359.5726 330.0632 354.0337
14 359.5749 330.0844 354.0234
14.03333 359.6072 330.0854 354.0025
14.03333 359.6217 330.0899 353.9892
14.06667 359.6252 330.102 353.9836
14.06667 359.6085 330.1185 353.9771
14.06667 359.5782 330.1199 353.9923
14.1 359.5779 330.1137 354.017
14.1 359.5727 330.113 354.0221
14.13333 359.5679 330.1197 354.0144
14.13333 359.5505 330.1211 353.9769
14.13333 359.562 330.1367 353.9608
14.16667 359.5795 330.1272 353.9631
14.16667 359.574 330.1056 353.9814
14.2 359.5598 330.0875 353.9886
14.2 359.5565 330.0777 353.998
14.2 359.5566 330.0658 353.9879
14.23333 359.5561 330.0834 353.9785
14.23333 359.5541 330.081 353.9718
14.26667 359.5647 330.0822 353.9682
14.26667 359.5702 330.093 353.9468
14.3 359.5686 330.1028 353.9369
14.3 359.567 330.1162 353.9248
14.3 359.56 330.1453 353.9272
14.33333 359.5455 330.1501 353.9301
14.33333 359.5454 330.159 353.9381
14.36667 359.5427 330.1703 353.9491
14.36667 359.5386 330.1795 353.9633
14.4 359.5361 330.1619 353.9718
14.4 359.5315 330.1564 353.9805
14.4 359.5339 330.1361 353.991
14.43333 359.5425 330.1068 353.9986
14.43333 359.5629 330.0885 353.9974
14.46667 359.5614 330.0759 353.9974
14.46667 359.5421 330.0534 353.9922
14.46667 359.5316 330.0408 353.9978
14.5 359.5169 330.0359 354.0037
14.5 359.5352 330.0424 353.9912
14.53333 359.5439 330.0419 353.9828
14.53333 359.5496 330.0396 353.9929
14.56667 359.5678 330.0312 354.0361
14.56667 359.5699 330.0034 354.0669
14.56667 359.5705 329.9926 354.0701
14.6 359.5812 329.9978 354.0409
14.6 359.5796 330.0339 353.9795
14.63333 359.6172 330.0336 353.9577
14.63333 359.6647 330.0161 353.9712
14.63333 359.6689 329.9898 353.9933
14.66667 359.6255 329.9632 354.0207
14.66667 359.5698 329.9578 354.0402
14.7 359.5276 329.9743 354.039
14.7 359.5221 329.9615 354.0402
14.73333 359.5475 329.9594 354.0423
14.73333 359.5827 329.9399 354.0407
14.73333 359.5939 329.9396 354.0314
14.76667 359.5876 329.9493 354.0319
14.76667 359.5827 329.9563 354.0231
14.8 359.5751 329.9658 354.0297
14.8 359.6071 329.9664 354.0566
14.8 359.6114 329.9481 354.0792
14.83333 359.6012 329.9466 354.0461
14.83333 359.5921 329.9552 353.9995
14.86667 359.5985 329.9724 353.9769
14.86667 359.6185 329.99 353.9622
14.9 359.6089 329.9721 353.9643
14.9 359.5846 329.9633 353.963
14.9 359.5588 329.9654 353.9594
14.93333 359.5379 329.9848 353.9515
14.93333 359.5359 330.005 353.9371
14.96667 359.551 330.0283 353.924
14.96667 359.5636 330.0327 353.9271
14.96667 359.5675 330.047 353.9196
15 359.5717 330.0478 353.9047
15 359.5749 330.0694 353.8957
15.03333 359.5768 330.0815 353.8847
15.03333 359.5742 330.0963 353.8801
15.06667 359.5694 330.1059 353.883
15.06667 359.5727 330.1191 353.8784
15.06667 359.568 330.128 353.8933
15.1 359.5846 330.1419 353.8873
15.1 359.5825 330.154 353.8848
15.13333 359.5802 330.1573 353.8659
15.13333 359.5784 330.1732 353.8589
15.13333 359.5775 330.1641 353.8521
15.16667 359.5678 330.1557 353.846
15.16667 359.5629 330.1316 353.8568
15.2 359.5593 330.1226 353.8632
15.2 359.5666 330.1089 353.868
15.23333 359.5829 330.0956 353.8606
15.23333 359.6062 330.0785 353.8597
15.23333 359.6232 330.0551 353.8802
15.26667 359.651 330.0236 353.9056
15.26667 359.6792 330.0037 353.9177
15.3 359.6826 330.0041 353.8932
15.3 359.6585 330.0373 353.839
15.33333 359.6542 330.0607 353.8034
15.33333 359.6624 330.0673 353.8005
15.33333 359.6812 330.0472 353.8223
15.36667 359.672 330.0184 353.8459
15.36667 359.6509 330.0167 353.8671
15.4 359.6288 330.0209 353.8672
15.4 359.6032 330.0276 353.8573
15.4 359.5946 330.0304 353.8574
15.43333 359.5848 330.0214 353.8572
15.43333 359.5881 330.0063 353.8576
15.46667 359.5952 330.0079 353.8538
15.46667 359.6159 329.9929 353.8494
15.5 359.6228 329.9949 353.8481
15.5 359.6341 329.9935 353.8552
15.5 359.6479 329.9922 353.8654
15.53333 359.6455 329.9853 353.8853
15.53333 359.6347 329.9948 353.8663
15.56667 359.6472 330.0096 353.8109
15.56667 359.6731 330.0297 353.7981
15.56667 359.6945 330.035 353.7912
15.6 359.7047 330.0288 353.7979
15.6 359.6953 330.0199 353.8218
15.63333 359.6875 330.008 353.8429
15.63333 359.6771 329.9997 353.8517
15.66667 359.6777 330.0006 353.8651
15.66667 359.6733 329.9897 353.8623
15.66667 359.6849 329.9708 353.8556
15.7 359.6896 329.952 353.8534
15.7 359.6928 329.9519 353.8372
15.73333 359.6784 329.9501 353.8339
15.73333 359.6709 329.9574 353.8349
15.73333 359.6575 329.9624 353.8364
15.76667 359.6516 329.9848 353.8475
15.76667 359.6735 329.9966 353.8536
15.8 359.7001 330.0072 353.8617
15.8 359.7236 330.0197 353.8665
15.83333 359.732 330.0224 353.871
15.83333 359.7297 330.0313 353.8665
15.83333 359.7254 330.0269 353.8602
15.86667 359.7276 330.019 353.8475
15.86667 359.7447 330.0154 353.8366
15.9 359.764 329.9948 353.8359
15.9 359.7762 329.9919 353.8494
15.9 359.7798 329.9928 353.8376
15.93333 359.7767 329.9952 353.8358
15.93333 359.774 329.9947 353.8455
15.96667 359.7728 329.986 353.8704
15.96667 359.7865 329.9702 353.888
16 359.8177 329.9567 353.8892
16 359.8295 329.9543 353.8577
16 359.8444 329.978 353.7924
16.03333 359.8594 330.0034 353.7514
16.03333 359.8668 330.0128 353.7613
16.06667 359.8539 330.0074 353.7779
16.06667 359.8378 330.0002 353.8047
16.1 359.8201 330.0116 353.8255
16.1 359.8145 330.0196 353.8294
16.1 359.7913 330.0365 353.837
16.13333 359.7537 330.0344 353.8453
16.13333 359.7106 330.0289 353.8502
16.16667 359.6558 329.9923 353.8339
16.16667 359.6435 329.968 353.8184
16.16667 359.6505 329.9411 353.8072
16.2 359.6445 329.9217 353.8025
16.2 359.6495 329.9038 353.8196
16.23333 359.6488 329.8932 353.8287
16.23333 359.6306 329.8823 353.8484
16.26667 359.6232 329.899 353.8286
16.26667 359.6298 329.9255 353.7904
16.26667 359.6535 329.969 353.7779
16.3 359.6724 329.9857 353.7827
16.3 359.6713 329.9949 353.8069
16.33333 359.6365 329.9916 353.8321
16.33333 359.5996 329.9846 353.8456
16.33333 359.6022 329.9832 353.8479
16.36667 359.62 329.9679 353.8428
16.36667 359.6447 329.9519 353.8434
16.4 359.6487 329.9138 353.8599
16.4 359.6427 329.8933 353.8517
16.43333 359.6397 329.8806 353.8422
16.43333 359.6346 329.8702 353.8345
16.43333 359.6213 329.8677 353.8506
16.46667 359.6158 329.8823 353.8481
16.46667 359.605 329.8864 353.8654
16.5 359.614 329.8983 353.8824
16.5 359.6217 329.914 353.8924
16.5 359.6091 329.9271 353.8916
16.53333 359.5861 329.9385 353.8934
16.53333 359.546 329.9438 353.885
16.56667 359.4762 329.9513 353.8566
16.56667 359.4233 329.9677 353.8354
16.6 359.3767 329.9778 353.8028
16.6 359.342 329.9984 353.787
16.6 359.3155 330.0083 353.7773
16.63333 359.2817 330.0226 353.7695
16.63333 359.2709 330.0195 353.7962
16.66667 359.2625 330.0308 353.798
16.66667 359.2533 330.0183 353.8094
16.66667 359.2519 330.03 353.8175
16.7 359.2572 330.0254 353.824
16.7 359.2566 330.0157 353.8193
16.73333 359.2657 330.0203 353.8084
16.73333 359.2591 330.0474 353.7651
16.76667 359.2815 330.092 353.6997
16.76667 359.3251 330.1243 353.6739
16.76667 359.3736 330.1254 353.6869
16.8 359.4149 330.1187 353.7169
16.8 359.4227 330.111 353.7366
16.83333 359.4374 330.1093 353.7455
16.83333 359.4322 330.1036 353.7555
16.86667 359.4182 330.085 353.7571
16.86667 359.4135 330.0724 353.7429
16.86667 359.4187 330.0292 353.7473
16.9 359.4222 329.9998 353.7275
16.9 359.4215 329.972 353.7253
16.93333 359.4139 329.9688 353.7174
16.93333 359.3868 329.967 353.7198
16.93333 359.3788 329.9794 353.7285
16.96667 359.3853 329.9784 353.7495
16.96667 359.3779 329.9955 353.7524
17 359.3877 330.0399 353.7139
17 359.4151 330.0795 353.686
17.03333 359.4303 330.1153 353.6819
17.03333 359.4345 330.1278 353.6938
17.03333 359.4267 330.1304 353.715
17.06667 359.4119 330.126 353.7372
17.06667 359.4252 330.1347 353.7178
17.1 359.4504 330.1252 353.7065
17.1 359.473 330.1211 353.684
17.1 359.4846 330.0998 353.6747
17.13333 359.495 330.0904 353.6638
17.13333 359.5087 330.0778 353.6566
17.16667 359.5139 330.0663 353.6526
17.16667 359.5148 330.0707 353.6544
17.2 359.5151 330.0716 353.665
17.2 359.5136 330.07 353.6711
17.2 359.5149 330.0723 353.6827
17.23333 359.5236 330.079 353.6929
17.23333 359.5366 330.0745 353.6927
17.26667 359.5605 330.0713 353.709
17.26667 359.5901 330.0554 353.715
17.26667 359.6043 330.0455 353.7258
17.3 359.6085 330.019 353.7323
17.3 359.6119 330.0068 353.7262
17.33333 359.6249 329.9932 353.7221
17.33333 359.6508 329.9883 353.7201
17.36667 359.6923 329.9784 353.713
17.36667 359.7169 329.9728 353.7341
17.36667 359.739 329.9753 353.7479
17.4 359.7617 329.9726 353.7463
17.4 359.7765 329.9762 353.7455
17.43333 359.7987 329.9718 353.7651
17.43333 359.8189 329.9511 353.7917
17.43333 359.8522 329.9398 353.7922
17.46667 359.8842 329.9178 353.7901
17.46667 359.8874 329.9398 353.7494
17.5 359.9027 329.962 353.686
17.5 359.9277 329.975 353.6621
17.53333 359.9482 329.9706 353.6876
17.53333 359.9559 329.9648 353.7172
17.53333 359.9507 329.9529 353.7585
17.56667 359.9373 329.9451 353.7734
17.56667 359.9251 329.9535 353.7747
17.6 359.912 329.9549 353.7618
17.6 359.9056 329.9339 353.7617
17.6 359.8893 329.9062 353.7553
17.63333 359.868 329.886 353.7515
17.63333 359.8765 329.8673 353.7422
17.66667 359.8699 329.8636 353.7266
17.66667 359.8606 329.8516 353.725
17.7 359.8722 329.8466 353.7391
17.7 359.8592 329.8531 353.7556
17.7 359.8491 329.8646 353.7473
17.73333 359.8679 329.8941 353.7055
17.73333 359.8862 329.9258 353.6977
17.76667 359.9066 329.9416 353.7032
17.76667 359.9029 329.9341 353.7224
17.8 359.8968 329.9319 353.7444
17.8 359.8763 329.9263 353.7586
17.8 359.875 329.9253 353.7524
17.83333 359.8905 329.931 353.7352
17.83333 359.8996 329.9347 353.7211
17.86667 359.9067 329.9446 353.6925
17.86667 359.9152 329.9478 353.6717
17.86667 359.912 329.9534 353.6642
17.9 359.9006 329.9803 353.6532
17.9 359.8809 329.999 353.6597
17.93333 359.8721 330.0314 353.649
17.93333 359.8734 330.0579 353.6463
17.93333 359.8802 330.0964 353.6435
17.96667 359.8773 330.1053 353.6458
17.96667 359.8671 330.1198 353.6496
18 359.8729 330.1113 353.6513
18 359.8754 330.1001 353.6417
18.03333 359.8651 330.0917 353.6308
18.03333 359.869 330.0784 353.6307
18.03333 359.8693 330.0664 353.618
18.06667 359.8705 330.052 353.6121
18.06667 359.8866 330.0468 353.6032
18.1 359.8982 330.0405 353.6059
18.1 359.903 330.035 353.6229
18.1 359.9033 330.0293 353.6277
18.13333 359.8942 330.0222 353.6284
18.13333 359.9069 330.0379 353.6282
18.16667 359.9057 330.0374 353.6533
18.16667 359.8951 330.0332 353.684
18.2 359.9069 330.0131 353.6968
18.2 359.9263 330.0106 353.6955
18.2 359.9383 330.014 353.6379
18.23333 359.963 330.048 353.5778
18.23333 0.001213853 330.0621 353.5782
18.26667 0.03353015 330.0628 353.5996
18.26667 0.01736031 330.0493 353.6403
18.26667 359.9879 330.0586 353.6815
18.3 359.9492 330.062 353.6965
18.3 359.9243 330.0758 353.6942
18.33333 359.903 330.0823 353.6863
18.33333 359.8944 330.0493 353.7005
18.36667 359.8848 330.0174 353.6982
18.36667 359.8857 329.9919 353.6909
18.36667 359.8913 329.9551 353.67
18.4 359.8944 329.9301 353.656
18.4 359.8983 329.9096 353.6643
18.43333 359.9135 329.89 353.6833
18.43333 359.9132 329.8944 353.6938
18.43333 359.9197 329.9251 353.6774
18.46667 359.951 329.9509 353.6515
18.46667 359.9839 329.9845 353.6539
18.5 359.9892 330.001 353.6667
18.5 359.9743 329.9964 353.695
18.53333 359.9409 329.9947 353.7266
18.53333 359.9333 329.9904 353.7277
18.53333 359.9445 329.9829 353.7164
18.56667 359.9592 329.9656 353.7034
18.56667 359.9866 329.9642 353.6882
18.6 0.008484909 329.9497 353.6736
18.6 0.02494364 329.9568 353.6565
18.63333 0.01598681 329.97 353.6372
18.63333 0.009863861 330.0037 353.6184
18.63333 0.01835443 330.0457 353.6019
18.66667 0.02051266 330.0715 353.6042
18.66667 0.02670391 330.0966 353.6114
18.7 0.0327451 330.1129 353.6163
18.7 0.036346 330.1193 353.6171
18.7 0.01860384 330.1206 353.6178
18.73333 0.01047164 330.0974 353.6108
18.73333 0.01841174 330.0719 353.6168
18.76667 0.04508619 330.0377 353.6166
18.76667 0.06747033 329.9853 353.6292
18.8 0.08714461 329.9518 353.6346
18.8 0.08273251 329.9236 353.6281
18.8 0.05069911 329.925 353.6321
18.83333 0.01527252 329.931 353.6542
18.83333 359.9919 329.9324 353.6922
18.86667 0.00395596 329.9379 353.7206
18.86667 0.02838403 329.9411 353.7216
18.86667 0.05152205 329.9516 353.7215
18.9 0.05326428 329.9592 353.739
18.9 0.004344107 329.9439 353.7533
18.93333 359.9702 329.9313 353.765
18.93333 359.956 329.905 353.7652
18.96667 359.9494 329.9046 353.7284
18.96667 359.9514 329.9225 353.6609
18.96667 359.986 329.9213 353.6328
19 0.01640249 329.921 353.6542
19 0.01909934 329.9062 353.688
19.03333 359.9809 329.8956 353.7301
19.03333 359.9565 329.8989 353.7607
19.03333 359.9498 329.9006 353.7652
19.06667 359.953 329.9066 353.7559
19.06667 359.9618 329.9044 353.754
19.1 359.9656 329.8808 353.7469
19.1 359.9537 329.8624 353.7458
19.13333 359.959 329.8505 353.736
19.13333 359.9372 329.8429 353.7274
19.16667 359.9294 329.8324 353.7581
19.16667 359.931 329.8159 353.7812
19.16667 359.9236 329.8173 353.7905
19.2 359.9113 329.8139 353.7711
19.2 359.9297 329.8385 353.7353
19.23333 359.9544 329.8544 353.7386
19.23333 359.9606 329.8481 353.7516
19.23333 359.9392 329.8351 353.78
19.26667 359.9247 329.8221 353.8105
19.26667 359.913 329.8186 353.8289
19.3 359.9127 329.8183 353.8091
19.3 359.9117 329.811 353.7989
19.3 359.9052 329.8209 353.7766
19.33333 359.9009 329.8161 353.7585
19.33333 359.903 329.8342 353.7438
19.36667 359.9083 329.835 353.728
19.36667 359.9041 329.8497 353.7317
19.36667 359.9156 329.8619 353.7291
19.4 359.9167 329.8759 353.7365
19.4 359.9151 329.9017 353.7294
19.43333 359.9108 329.9138 353.7298
19.43333 359.9021 329.9287 353.7272
19.46667 359.894 329.9206 353.7322
19.46667 359.894 329.9202 353.7354
19.46667 359.8843 329.9045 353.7441
19.5 359.8835 329.8881 353.749
19.5 359.8925 329.8713 353.7388
19.53333 359.891 329.8593 353.7386
19.53333 359.886 329.8569 353.738
19.56667 359.8824 329.8433 353.734
19.56667 359.8862 329.8456 353.7327
19.56667 359.8994 329.8488 353.7355
19.6 359.8857 329.8563 353.7511
19.6 359.8858 329.8642 353.7497
19.63333 359.8945 329.8733 353.7427
19.63333 359.9132 329.8871 353.7509
19.63333 359.9196 329.882 353.774
19.66667 359.9134 329.8647 353.8019
19.66667 359.9216 329.8411 353.8169
19.7 359.9343 329.8344 353.7989
19.7 359.9389 329.8495 353.7368
19.7 359.9438 329.8708 353.6663
19.73333 359.9622 329.8842 353.6614
19.73333 359.9841 329.8614 353.6987
19.76667 359.9841 329.8487 353.7427
19.76667 359.9804 329.8465 353.7681
19.8 359.9812 329.8694 353.7814
19.8 359.9668 329.8826 353.7694
19.8 359.9557 329.8924 353.7725
19.83333 359.9604 329.8723 353.7592
19.83333 359.9581 329.8565 353.7604
19.86667 359.9655 329.8483 353.745
19.86667 359.9703 329.8256 353.7391
19.86667 359.9727 329.8184 353.7354
19.9 359.9777 329.8041 353.7609
19.9 359.9665 329.7878 353.782
19.93333 359.9447 329.7839 353.7975
19.93333 359.9335 329.7936 353.7632
19.96667 359.9468 329.8243 353.731
19.96667 359.9686 329.8445 353.7208
19.96667 -0.003131855 329.8436 353.734
20 359.9843 329.825 353.7688
20 359.9647 329.8155 353.8026
20.03333 359.9341 329.8249 353.813
20.03333 359.9201 329.8347 353.8018
20.06667 359.9078 329.8414 353.7867
20.06667 359.9073 329.8463 353.7726
20.06667 359.9162 329.8384 353.7628
20.1 359.9284 329.8292 353.7644
20.1 359.9323 329.8291 353.7451
20.13333 359.9243 329.8302 353.7347
20.13333 359.9171 329.8521 353.7279
20.13333 359.9201 329.8727 353.7256
20.16667 359.9192 329.8888 353.7317
20.16667 359.9191 329.9046 353.738
20.2 359.9167 329.8987 353.7593
20.2 359.9193 329.9018 353.7711
20.23333 359.9228 329.9027 353.7668
20.23333 359.9214 329.8872 353.7545
20.23333 359.9151 329.8688 353.7507
20.26667 359.9101 329.8705 353.7537
20.26667 359.8975 329.8558 353.7528
20.3 359.8921 329.8463 353.7437
20.3 359.8966 329.8454 353.7462
20.3 359.8952 329.8569 353.7441
20.33333 359.8939 329.8633 353.7342
20.33333 359.8843 329.8715 353.752
20.36667 359.8842 329.8727 353.7623
20.36667 359.8991 329.8818 353.7621
20.4 359.9088 329.8923 353.7642
20.4 359.9102 329.8883 353.7831
20.4 359.9011 329.8632 353.81
20.43333 359.9031 329.8405 353.8224
20.43333 359.9076 329.8242 353.8091
20.46667 359.9018 329.8237 353.7691
20.46667 359.8922 329.84 353.7063
20.46667 359.9331 329.8509 353.6807
20.5 359.9644 329.8535 353.6939
20.5 359.9734 329.842 353.7221
20.53333 359.9511 329.848 353.7562
20.53333 359.9237 329.8723 353.7767
20.56667 359.9112 329.8939 353.7695
20.56667 359.903 329.9084 353.7652
20.56667 359.8989 329.912 353.7593
20.6 359.871 329.8974 353.7519
20.6 359.8521 329.8891 353.7508
20.63333 359.8354 329.8786 353.7411
20.63333 359.8097 329.8705 353.7286
20.63333 359.8185 329.8573 353.746
20.66667 359.8494 329.8474 353.7736
20.66667 359.8701 329.8183 353.7911
20.7 359.8884 329.8235 353.7617
20.7 359.8953 329.8342 353.7329
20.73333 359.9161 329.8502 353.7312
20.73333 359.9344 329.8663 353.7385
20.73333 359.9376 329.86 353.7529
20.76667 359.9584 329.839 353.7795
20.76667 359.974 329.8356 353.7912
20.8 359.9885 329.8317 353.7759
20.8 -0.00411124 329.8339 353.7698
20.8 -0.003960122 329.8418 353.7524
20.83333 359.986 329.8477 353.7361
20.83333 359.954 329.8474 353.7303
20.86667 359.9149 329.8521 353.7241
20.86667 359.8725 329.8621 353.7179
20.9 359.8687 329.8896 353.7035
20.9 359.8716 329.9093 353.6996
20.9 359.879 329.927 353.7055
20.93333 359.8836 329.9301 353.7057
20.93333 359.8778 329.937 353.7284
20.96667 359.8644 329.9387 353.7344
20.96667 359.8549 329.9259 353.7457
21 359.8404 329.9003 353.7455
21 359.845 329.8706 353.7491
21 359.8521 329.8538 353.7432
21.03333 359.8805 329.8131 353.728
21.03333 359.8966 329.7968 353.7184
21.06667 359.9097 329.7869 353.712
21.06667 359.8985 329.794 353.7039
21.06667 359.8962 329.7999 353.7164
21.1 359.8995 329.8081 353.7355
21.1 359.9071 329.8206 353.7628
21.13333 359.9292 329.8388 353.7716
21.13333 359.9573 329.8618 353.755
21.16667 359.9673 329.8718 353.7567
21.16667 359.9576 329.8775 353.7725
21.16667 359.9424 329.8485 353.8047
21.2 359.9417 329.8247 353.8119
21.2 359.9522 329.8108 353.7898
21.23333 359.9443 329.8113 353.7387
21.23333 359.9404 329.8254 353.6814
21.23333 359.9597 329.8474 353.6746
21.26667 359.9722 329.8233 353.6958
21.26667 359.9654 329.822 353.725
21.3 359.9474 329.8204 353.7583
21.3 359.9421 329.8225 353.7818
21.33333 359.9326 329.8276 353.7784
21.33333 359.9228 329.8463 353.7596
21.33333 359.9046 329.8348 353.7483
21.36667 359.894 329.832 353.7342
21.36667 359.9098 329.8169 353.7234
21.4 359.924 329.8171 353.7235
21.4 359.9162 329.8146 353.7215
21.4 359.9259 329.8026 353.744
21.43333 359.9257 329.7952 353.7665
21.43333 359.9242 329.8061 353.7745
21.46667 359.9279 329.8293 353.7347
21.46667 359.9605 329.8543 353.7106
21.5 359.9903 329.8766 353.7073
21.5 0.00654012 329.8875 353.7085
21.5 -0.004002277 329.8882 353.7286
21.53333 359.9765 329.8914 353.754
21.53333 359.9639 329.8877 353.7801
21.56667 359.9718 329.8923 353.7858
21.56667 359.9718 329.8769 353.7906
21.56667 359.9819 329.8727 353.7859
21.6 359.9753 329.857 353.7704
21.6 359.9769 329.855 353.745
21.63333 359.9745 329.8614 353.7197
21.63333 359.9885 329.8752 353.6946
21.66667 0.01251365 329.8826 353.6965
21.66667 0.03413387 329.901 353.7085
21.66667 0.05483928 329.9225 353.7158
21.7 0.05589828 329.9417 353.7177
21.7 0.05110338 329.9677 353.7166
21.73333 0.05604971 329.9996 353.7066
21.73333 0.06474316 330.0266 353.6913
21.76667 0.08324926 330.0329 353.683
21.76667 0.09987065 330.0334 353.685
21.76667 0.1036857 330.0273 353.6928
21.8 0.1080811 330.0145 353.6953
21.8 0.1068529 329.9959 353.694
21.83333 0.1294288 329.9861 353.6969
21.83333 0.135513 329.9679 353.7005
21.83333 0.1477128 329.9452 353.7233
21.86667 0.1518707 329.9274 353.7555
21.86667 0.1665666 329.9049 353.7561
21.9 0.1787966 329.91 353.7549
21.9 0.186373 329.904 353.7663
21.93333 0.1650824 329.8983 353.8016
21.93333 0.1537453 329.875 353.8269
21.93333 0.1433495 329.8804 353.8474
21.96667 0.1482312 329.8926 353.8461
21.96667 0.1376367 329.9119 353.8129
22 0.1485577 329.929 353.8073
22 0.1691727 329.9267 353.8261
22 0.170191 329.8877 353.8648
22.03333 0.1505389 329.8514 353.8895
22.03333 0.1391341 329.8248 353.912
22.06667 0.1307868 329.8096 353.916
22.06667 0.1499866 329.7823 353.9071
22.1 0.178813 329.76 353.9242
22.1 0.2231705 329.703 353.9352
22.1 0.2492296 329.6077 353.9434
22.13333 0.2720185 329.5117 353.943
22.13333 0.321811 329.3448 353.905
22.16667 0.3987969 329.054 353.8761
22.16667 0.4496831 328.7133 353.8725
22.16667 0.4245667 328.1388 353.8758
22.2 0.3836238 327.5545 353.8847
22.2 0.3253158 326.832 353.7255
22.23333 0.3210957 326.1938 353.5833
22.23333 0.3397593 325.6047 353.5009
22.26667 0.3759451 324.9206 353.433
22.26667 0.3910429 324.2837 353.4115
22.26667 0.38029 323.6834 353.3908
22.3 0.3350703 323.101 353.3694
22.3 0.2872002 322.5179 353.3538
22.33333 0.2498075 322.0628 353.3194
22.33333 0.2389551 321.5708 353.2818
22.36667 0.2475642 321.1639 353.2731
22.36667 0.2524668 320.8322 353.2766
22.4 0.2253943 320.4682 353.239
22.4 0.1844191 320.1659 353.2205
22.4 0.1269291 319.1406 353.1815
22.43333 0.1533399 319.3283 353.2503
22.43333 0.1233975 319.0057 353.2731
22.43333 0.06037696 318.6656 353.2339
22.46667 0.02873717 318.2311 353.1602
22.46667 0.03120649 317.8698 353.073
22.5 0.08120457 317.5897 352.9729
22.5 0.1434027 317.3486 352.906
22.53333 0.2128879 317.1331 352.8479
22.53333 0.3197862 316.9525 352.8002
22.56667 0.3875135 316.8538 352.7696
22.56667 0.4175887 316.8251 352.7567
22.56667 0.4417757 316.8521 352.7529
22.6 0.4667043 316.9393 352.7456
22.6 0.5287316 317.0655 352.7677
22.63333 0.6046163 317.2386 352.8296
22.63333 0.6877995 317.4989 352.9116
22.66667 0.7758764 317.71 352.9704
22.66667 0.851376 317.9676 352.9995
22.7 0.8965847 318.197 352.9977
22.7 0.9304796 318.4767 353.0062
22.7 0.9690268 318.7187 353.0316
22.73333 1.010096 319.0163 353.0897
22.73333 1.013151 319.2552 353.1678
22.73333 1.001284 319.5008 353.2427
22.76667 0.9774381 319.7824 353.2723
22.76667 0.9715182 320.0972 353.2798
22.8 1.003311 320.4607 353.2666
22.8 1.031192 320.8405 353.2504
22.83333 1.047005 321.189 353.2713
22.83333 1.066569 321.7168 353.3033
22.83333 1.068297 322.2313 353.357
22.86667 1.09805 322.7408 353.4375
22.86667 1.181947 323.3672 353.5103
22.9 1.249724 324.0166 353.5743
22.9 1.270158 324.7708 353.6446
22.93333 1.289383 325.5961 353.7505
22.93333 1.35704 326.4943 353.9232
22.93333 1.437686 327.1785 354.0361
22.96667 1.528163 327.9842 354.1796
22.96667 1.619987 328.8078 354.3175
23 1.713195 329.6589 354.4572
23 1.79772 330.4083 354.5878
23.03333 1.875783 331.2179 354.7078
23.03333 1.899919 331.9648 354.7846
23.03333 1.927224 332.6555 354.8513
23.06667 1.99414 333.3536 354.9349
23.06667 2.078959 333.9901 355.0382
23.1 2.132157 334.5462 355.1302
23.1 2.172242 335.0207 355.1851
23.1 2.201893 335.5093 355.2467
23.13333 2.242362 335.9386 355.2969
23.13333 2.309393 336.3639 355.3622
23.16667 2.3934 336.6667 355.4435
23.16667 2.476285 336.9305 355.5193
23.2 2.50043 337.0691 355.5626
23.2 2.479201 337.1987 355.6006
23.2 2.430348 337.2987 355.6186
23.23333 2.405129 337.3746 355.6374
23.23333 2.406165 337.4403 355.6563
23.26667 2.436691 339.4738 355.6679
23.26667 2.497436 341.4691 355.6636
23.26667 2.547377 343.4572 355.6501
23.3 2.570647 345.4132 355.6432
23.33333 2.592184 347.3679 355.6657
23.33333 2.61704 349.2976 355.6809
23.36667 2.648249 351.2148 355.6792
23.36667 2.659845 353.103 355.6346
23.4 2.651167 354.9954 355.5595
23.4 2.67824 356.8118 355.4886
23.4 2.657014 358.6992 355.4735
23.43333 2.613958 0.4019852 355.4456
23.43333 2.553592 2.348075 355.4632
23.46667 2.480249 4.191324 355.4515
23.46667 2.408717 6.070554 355.4323
23.5 2.336808 7.921303 355.3893
23.5 2.232522 9.779316 355.3047
23.53333 2.074485 11.40003 355.1683
23.53333 2.068547 13.41516 355.1212
23.56667 2.033527 15.35175 355.0514
23.56667 2.008811 17.28426 354.9891
23.6 1.996106 19.23618 354.9543
23.6 2.001493 21.24899 354.9222
23.63333 1.959275 23.1158 354.8318
23.63333 1.986839 25.19068 354.8622
23.66667 1.972117 27.19927 354.8738
23.7 1.919494 29.30635 354.9446
23.7 1.860991 31.35353 354.9764
23.73333 1.875364 33.41123 355.0331
23.73333 1.863946 35.43471 355.0878
23.76667 1.861722 37.43569 355.1442
23.76667 1.831746 39.44689 355.2099
23.8 1.845755 41.43587 355.1909
23.8 1.825246 43.40531 355.1851
23.83333 1.761665 45.37573 355.2412
23.83333 1.776502 47.36484 355.2457
23.86667 1.780368 49.35211 355.2709
23.86667 1.730832 51.34785 355.3106
23.9 1.693326 53.35224 355.2836
23.9 1.632039 55.36215 355.2761
23.93333 1.58091 57.35327 355.274
23.93333 1.533827 59.34213 355.2799
23.96667 1.47045 61.32288 355.2863
23.96667 1.298668 63.30204 355.286
24 1.279982 65.28722 355.3011
24 1.091756 67.1947 355.3918
24.03333 0.9713106 69.12504 355.4015
24.03333 0.9540365 71.11946 355.347
24.06667 0.9296769 73.13057 355.2876
24.06667 0.8723886 75.10207 355.2765
24.1 0.828002 76.68237 355.3195
24.13333 0.6417786 76.56122 355.378
24.13333 0.6503381 76.55255 355.3917
24.13333 0.6072186 76.5302 355.4004
24.16667 0.5720423 76.51263 355.3844
24.16667 0.5327582 76.4949 355.3837
24.16667 0.4872135 76.46175 355.3811
24.2 0.4484396 76.42001 355.3662
24.2 0.4171054 76.3978 355.3484
24.23333 0.3993815 76.35989 355.3319
24.23333 0.3693988 76.33257 355.3136
24.26667 0.3513124 76.2934 355.3108
24.26667 0.3438355 76.23776 355.3139
24.26667 0.3201751 76.19298 355.3054
24.3 0.2615592 76.15562 355.2577
24.3 0.2284068 76.11969 355.2183
24.33333 0.2061731 76.0836 355.2035
24.33333 0.1801527 76.0504 355.1949
24.33333 0.1638223 75.98664 355.2063
24.36667 0.1354833 75.92498 355.2287
24.36667 0.09676291 75.86744 355.247
24.4 0.051553 75.82666 355.2319
24.4 0.008326428 75.79399 355.224
24.43333 359.9941 75.75009 355.2203
24.43333 359.9735 75.7108 355.2258
24.43333 359.9611 75.67453 355.2334
24.46667 359.9439 75.64111 355.2557
24.46667 359.9279 75.62026 355.2689
24.5 359.9198 75.60732 355.2803
24.5 359.9312 75.59978 355.2958
24.5 359.9444 75.58617 355.2965
24.53333 359.9595 75.57762 355.3133
24.53333 359.9839 75.56615 355.3134
24.56667 -0.001109906 75.56214 355.31
24.56667 0.0211627 75.54826 355.302
24.6 0.06170885 75.53181 355.2877
24.6 0.1158907 75.51274 355.2829
24.6 0.1625438 75.47764 355.2864
24.63333 0.1887189 75.44922 355.2851
24.63333 0.2037008 75.40253 355.2705
24.66667 0.2083748 75.37336 355.2398
24.66667 0.1969389 75.33453 355.2321
24.66667 0.1689179 75.29142 355.2455
24.7 0.1365804 75.23187 355.2739
24.7 0.1416045 75.16145 355.2854
24.73333 0.15453 75.11768 355.2763
24.73333 0.1519956 75.10394 355.2154
24.76667 0.1468426 75.08981 355.1725
24.76667 0.1616819 75.0691 355.1591
24.76667 0.1636183 75.02483 355.1794
24.8 0.1509491 74.97354 355.211
24.8 0.1232176 74.93861 355.2419
24.83333 0.1125082 74.90816 355.2826
24.83333 0.09953982 74.90342 355.2937
24.83333 0.111729 74.8868 355.2862
24.86667 0.1049165 74.87184 355.2792
24.86667 0.1147564 74.85839 355.2665
24.9 0.1214998 74.84455 355.2553
24.9 0.1401765 74.82825 355.2459
24.93333 0.1676722 74.81815 355.2254
24.93333 0.1871644 74.79646 355.2152
24.93333 0.213067 74.78836 355.2222
24.96667 0.2354236 74.76566 355.2148
24.96667 0.2259428 74.75101 355.2021
25 0.2220272 74.74627 355.1568
25 0.2314252 74.75272 355.1413
25.03333 0.2422566 74.76057 355.1262
25.03333 0.2455892 74.76019 355.1404
25.03333 0.2397634 74.75942 355.166
25.06667 0.2389363 74.75387 355.186
25.06667 0.2289298 74.75479 355.1914
25.1 0.2140174 74.76693 355.1801
25.1 0.2048239 74.78036 355.167
25.1 0.2027029 74.79018 355.1424
25.13333 0.200259 74.8054 355.1266
25.13333 0.2058327 74.80644 355.1129
25.16667 0.208384 74.79458 355.1085
25.16667 0.2203982 74.79236 355.1173
25.2 0.2296378 74.78303 355.1214
25.2 0.2364418 74.77141 355.131
25.2 0.2347799 74.75959 355.1252
25.23333 0.2194703 74.74324 355.1096
25.23333 0.2019365 74.74348 355.1011
25.26667 0.2014009 74.72885 355.096
25.26667 0.2137357 74.70701 355.0906
25.26667 0.2454295 74.69775 355.0856
25.3 0.2691472 74.68618 355.0818
25.3 0.2956531 74.67332 355.0911
25.33333 0.2815533 74.66789 355.0977
25.33333 0.2832435 74.65549 355.1021
25.36667 0.3053049 74.6469 355.09
25.36667 0.3208643 74.63523 355.0926
25.36667 0.3434888 74.62128 355.1049
25.4 0.3521672 74.6016 355.1292
25.4 0.3774889 74.58775 355.1221
25.43333 0.3951582 74.56593 355.1211
25.43333 0.3936747 74.56818 355.0827
25.43333 0.4034729 74.57853 355.0175
25.46667 0.424345 74.58741 355.0002
25.46667 0.4572677 74.55906 355.0153
25.5 0.4593802 74.52533 355.0351
25.5 0.4341974 74.49859 355.0602
25.53333 0.430234 74.48499 355.0695
25.53333 0.4360834 74.4804 355.0677
25.53333 0.4634757 74.47627 355.0652
25.56667 0.4865822 74.44879 355.0577
25.56667 0.4971964 74.42548 355.062
25.6 0.4979381 74.40102 355.0574
25.6 0.4933908 74.38989 355.0439
25.6 0.4848248 74.38628 355.0316
25.63333 0.5025824 74.37503 355.0346
25.63333 0.5293416 74.37115 355.0584
25.66667 0.5579292 74.35268 355.0741
25.66667 0.5742535 74.33902 355.0626
25.7 0.5766442 74.35008 355.0246
25.7 0.5782678 74.36909 355.0005
25.7 0.5855184 74.38361 355.0052
25.73333 0.5765921 74.38097 355.0332
25.73333 0.5586517 74.35671 355.0813
25.76667 0.5692143 74.35526 355.1085
25.76667 0.6074122 74.3477 355.1086
25.8 0.6435969 74.34937 355.0917
25.8 0.6602594 74.33643 355.0739
25.8 0.6633219 74.32668 355.0562
25.83333 0.6553095 74.30508 355.0529
25.83333 0.6469076 74.29164 355.0314
25.86667 0.6566683 74.28065 355.0286
25.86667 0.6537843 74.27769 355.0272
25.86667 0.6680604 74.27279 355.0208
25.9 0.6773836 74.25205 355.0283
25.9 0.6968201 74.22698 355.0429
25.93333 0.7169579 74.19263 355.0564
25.93333 0.756883 74.14186 355.0821
25.96667 0.784007 74.05372 355.0953
25.96667 0.816597 73.93174 355.0859
25.96667 0.8425573 73.74597 355.0505
26 0.8561532 73.55477 355.0057
26 0.8646531 73.39035 354.9676
26.03333 0.8563295 73.21004 354.9266
26.03333 0.8700969 73.04518 354.9051
26.03333 0.9099953 72.88342 354.9059
26.06667 0.9454882 72.7461 354.8948
26.06667 0.9945063 72.63446 354.8741
26.1 1.003309 72.56036 354.8745
26.1 0.984756 72.51096 354.8801
26.13333 0.9603031 72.47423 354.9182
26.13333 0.9720774 72.44602 354.941
26.13333 0.9807177 72.43263 354.9639
26.16667 0.9938005 72.45205 354.9477
26.16667 0.9901287 72.49501 354.8989
26.2 1.001587 72.571 354.8925
26.2 1.010261 72.62384 354.9218
26.2 1.030623 72.65874 354.9579
26.23333 1.040619 72.69733 354.9921
26.23333 1.051912 72.73158 355.0187
26.26667 1.036498 72.76989 355.0127
26.26667 1.018934 72.78746 354.9915
26.3 1.009115 72.79018 354.9702
26.3 1.01078 72.78153 354.9618
26.3 1.037523 72.75228 354.9466
26.33333 1.066014 72.73712 354.9288
26.33333 1.074785 72.7127 354.9028
26.36667 1.088803 72.69934 354.8996
26.36667 1.119128 72.67523 354.9126
26.4 1.136534 72.65636 354.9295
26.4 1.135547 72.6507 354.907
26.43333 1.149155 72.67554 354.8859
26.43333 1.191033 72.6853 354.9254
26.43333 1.232975 72.69012 354.9662
26.46667 1.266816 72.68384 355.0372
26.46667 1.304864 72.66729 355.1006
26.46667 1.331088 72.65815 355.1348
26.5 1.359776 72.65697 355.1492
26.5 1.372961 72.64185 355.149
26.53333 1.382905 72.6368 355.1397
26.53333 1.374658 72.61893 355.1332
26.56667 1.350479 72.60931 355.1266
26.56667 1.343837 72.59463 355.1203
26.56667 1.366284 72.57783 355.1222
26.6 1.388279 72.5621 355.1184
26.6 1.413674 72.56218 355.1095
26.63333 1.399973 72.55138 355.1136
26.63333 1.393728 72.55511 355.1051
26.63333 1.390406 72.54849 355.0944
26.66667 1.403871 72.55843 355.0959
26.66667 1.420894 72.55011 355.0944
26.7 1.447454 72.55238 355.0937
26.7 1.458497 72.53961 355.1014
26.73333 1.465704 72.53443 355.0973
26.73333 1.463004 72.52502 355.0957
26.73333 1.470875 72.51509 355.0812
26.76667 1.479953 72.52199 355.0609
26.76667 1.484545 72.51749 355.0627
26.8 1.483784 72.51047 355.0706
26.8 1.479645 72.52534 355.051
26.8 1.476631 72.53835 355.0281
26.83333 1.475509 72.54456 355.0315
26.83333 1.480305 72.54565 355.0518
26.86667 1.485809 72.5416 355.0681
26.86667 1.484485 72.53283 355.0883
26.9 1.460041 72.56049 355.0891
26.9 1.387487 72.62823 355.0593
26.9 1.357877 72.70292 355.0317
26.93333 1.389063 72.7448 355.0553
26.93333 1.397896 72.76188 355.0754
26.96667 1.389841 72.75961 355.0906
26.96667 1.348485 72.72594 355.0952
26.96667 1.319364 72.68679 355.0823
27 1.30025 72.61498 355.0437
27 1.296176 72.53742 355.0192
27.03333 1.312345 72.46841 354.9951
27.03333 1.308821 72.43524 354.9883
27.06667 1.315516 72.41396 354.985
27.06667 1.301192 72.42381 354.985
27.06667 1.305121 72.43752 355.0168
27.1 1.316266 72.4614 355.0529
27.1 1.309517 72.49982 355.0703
27.13333 1.292586 72.53156 355.0558
27.13333 1.298925 72.58308 355.0429
27.13333 1.332613 72.61493 355.0621
27.16667 1.352882 72.61395 355.0705
27.2 1.366039 72.59789 355.0923
27.2 1.350574 72.57828 355.0958
27.2 1.341093 72.56639 355.0855
27.23333 1.329797 72.55955 355.0596
27.23333 1.318577 72.5395 355.0488
27.23333 1.302207 72.53171 355.0334
27.26667 1.295295 72.52036 355.0184
27.26667 1.303888 72.51705 354.9984
27.3 1.313895 72.51398 354.9848
27.3 1.300761 72.51431 354.9865
27.33333 1.301505 72.51337 355.0038
27.33333 1.298297 72.51421 355.0092
27.33333 1.287761 72.51738 355.0076
27.36667 1.282661 72.54163 354.9935
27.36667 1.271358 72.55264 354.9854
27.4 1.28249 72.56052 354.9762
27.4 1.276597 72.54892 354.9952
27.4 1.303091 72.54446 355.0077
27.43333 1.326042 72.52972 355.0224
27.43333 1.340241 72.50945 355.0136
27.46667 1.331016 72.50591 354.9981
27.46667 1.331873 72.50483 354.9917
27.5 1.339903 72.48791 354.9672
27.5 1.350024 72.49091 354.9485
27.5 1.377912 72.48267 354.9465
27.53333 1.415658 72.45645 354.9872
27.53333 1.448194 72.41616 355.0278
27.56667 1.486263 72.35526 355.0164
27.56667 1.49879 72.26602 354.965
27.56667 1.486634 72.18572 354.9113
27.6 1.473001 72.0694 354.8336
27.6 1.49813 71.92957 354.7815
27.63333 1.543273 71.78326 354.7438
27.63333 1.573431 71.67472 354.7184
27.66667 1.575205 71.54366 354.7008
27.66667 1.542252 71.42816 354.6689
27.66667 1.510931 71.26301 354.6266
27.7 1.478935 71.10388 354.5881
27.7 1.462392 70.9294 354.5511
27.73333 1.444207 70.70174 354.5262
27.73333 1.386883 70.37003 354.4557
27.73333 1.320806 69.87939 354.34
27.76667 1.298145 69.43822 354.2286
27.8 1.308956 68.97448 354.0891
27.8 1.305442 68.67551 353.9736
27.8 1.253737 68.39404 353.8348
27.83333 1.212192 68.1885 353.7053
27.83333 1.165688 67.57053 353.4912
27.83333 1.215169 67.70691 353.5864
27.86667 1.206963 67.57925 353.6147
27.86667 1.216513 67.67785 353.6808
27.9 1.224561 67.59052 353.679
27.9 1.256148 67.56273 353.6774
27.9 1.306469 67.53682 353.6656
27.93333 1.343302 67.53291 353.6714
27.93333 1.371073 67.52298 353.6706
27.96667 1.388159 67.48869 353.6438
27.96667 1.407178 67.49108 353.5923
28 1.410148 67.49634 353.5568
28 1.426831 67.53136 353.5272
28 1.429349 67.61071 353.4977
28.03333 1.439232 67.67444 353.4983
28.03333 1.47417 67.76753 353.512
28.06667 1.504003 67.84029 353.5383
28.06667 1.54282 67.9221 353.5685
28.06667 1.566239 67.98345 353.5699
28.1 1.587206 68.04311 353.5793
28.1 1.629627 68.09843 353.5909
28.13333 1.655986 68.14437 353.5809
28.13333 1.686042 68.19359 353.5816
28.16667 1.708506 68.23468 353.5874
28.16667 1.731036 68.26091 353.6017
28.16667 1.75525 68.29177 353.593
28.2 1.774208 68.32027 353.582
28.2 1.769067 68.34055 353.601
28.23333 1.772727 68.36142 353.6259
28.23333 1.786537 68.35359 353.6634
28.26667 1.819162 68.35667 353.6969
28.26667 1.854189 68.36588 353.6892
28.26667 1.881002 68.4027 353.6468
28.3 1.93185 68.45114 353.6147
28.3 1.990623 68.50996 353.6073
28.33333 2.044109 68.56469 353.6367
28.33333 2.064503 68.62988 353.6814
28.33333 2.094977 68.74222 353.7513
28.36667 2.143789 68.87093 353.8061
28.36667 2.2076 69.00339 353.8544
28.4 2.288298 69.12913 353.902
28.4 2.378783 69.24493 353.9482
28.43333 2.466775 69.34858 354.0104
28.43333 2.534225 69.43715 354.0367
28.43333 2.598062 69.52584 354.0615
28.46667 2.626377 69.59666 354.0659
28.46667 2.676923 69.66605 354.0885
28.5 2.75211 69.72172 354.1139
28.5 2.833869 69.75603 354.1325
28.5 2.912018 69.8007 354.134
28.53333 2.994712 69.85331 354.1147
28.53333 3.065882 69.89431 354.1094
28.56667 3.11761 69.94895 354.101
28.56667 3.165338 69.99123 354.106
28.6 3.222148 70.04221 354.1296
28.6 3.304919 70.08994 354.1566
28.6 3.399793 70.11983 354.1782
28.63333 3.511349 70.16438 354.194
28.63333 3.604167 70.19215 354.2072
28.66667 3.680946 70.20953 354.2221
28.66667 3.726578 70.25099 354.2411
28.66667 3.748652 70.29845 354.2476
28.7 3.77159 70.3299 354.2302
28.7 3.802284 70.38811 354.2132
28.73333 3.862329 70.45457 354.2003
28.73333 3.91852 70.52705 354.1935
28.76667 3.990264 70.58547 354.2059
28.76667 4.017989 70.64626 354.1992
28.76667 4.035172 70.69082 354.2031
28.8 4.050852 70.75574 354.1851
28.8 4.080253 70.80827 354.1636
28.83333 4.13861 70.88303 354.129
28.83333 4.1903 70.94492 354.0959
28.83333 4.243993 71.01289 354.0582
28.86667 4.288346 71.09446 354.0464
28.86667 4.329622 71.1695 354.0417
28.9 4.358154 71.27673 354.0372
28.9 4.378454 71.38714 354.0271
28.93333 4.417259 71.55368 354.0234
28.93333 4.475547 71.7012 354.0258
28.93333 4.556703 71.85574 354.0323
28.96667 4.657553 72.06061 354.0595
28.96667 4.707955 72.33003 354.0929
29 4.757362 72.84469 354.2043
29 4.807783 73.39708 354.3276
29.03333 4.907984 73.90036 354.4652
29.03333 5.050203 74.32619 354.6198
29.06667 5.226309 74.68588 354.7474
29.06667 5.416024 74.95902 354.8631
29.06667 5.571492 75.15064 354.9505
29.1 5.953511 75.86594 355.1965
29.1 5.909479 75.64518 355.1002
29.1 5.944602 75.6435 355.0595
29.13333 5.886036 75.43956 354.9506
29.13333 5.927402 75.40215 354.8944
29.16667 5.940792 75.35798 354.84
29.16667 5.908675 75.31887 354.8093
29.2 5.855538 75.23737 354.7867
29.2 5.825736 75.15955 354.7665
29.2 5.827626 75.05891 354.7395
29.23333 5.850515 74.95375 354.693
29.23333 5.90964 74.89996 354.6586
29.26667 5.976625 74.86514 354.6537
29.26667 6.049778 74.85509 354.6345
29.26667 6.119013 74.84151 354.6353
29.3 6.192907 74.82954 354.6399
29.3 6.250721 74.82854 354.6453
29.33333 6.301716 74.84052 354.6404
29.33333 6.369946 74.90799 354.6091
29.36667 6.419007 74.98261 354.5809
29.36667 6.489082 75.1122 354.5595
29.36667 6.596217 75.26475 354.58
29.4 6.710745 75.37697 354.6309
29.4 6.831975 75.45695 354.6794
29.43333 6.949043 75.50478 354.6933
29.43333 7.072583 75.54796 354.6827
29.43333 7.203021 75.56957 354.6867
29.46667 7.302638 75.58894 354.6801
29.46667 7.360229 75.58428 354.6566
29.5 7.401777 75.56774 354.6382
29.5 7.448442 75.55281 354.6033
29.53333 7.519931 73.52316 354.5744
29.53333 7.609768 71.4789 354.536
29.56667 7.706614 69.41017 354.4976
29.56667 7.760722 67.34145 354.4648
29.56667 7.796576 65.2522 354.4474
29.6 7.837718 63.16412 354.4288
29.6 7.901849 61.10139 354.4196
29.63333 7.994851 59.02219 354.3973
29.66667 8.103592 56.94467 354.3823
29.66667 8.327008 54.72744 354.3534
29.66667 8.294771 52.66351 354.3715
29.7 8.476787 50.45549 354.3218
29.7 8.423997 48.48195 354.2846
29.73333 8.398854 46.46841 354.2448
29.73333 8.377434 44.44288 354.2597
29.76667 8.354698 42.4123 354.289
29.76667 8.336811 40.36343 354.3176
29.8 8.3158 38.31513 354.335
29.8 8.210278 36.31696 354.3315
29.83333 8.097401 34.22931 354.3122
29.83333 8.063698 32.25944 354.3158
29.86667 8.038976 30.23432 354.301
29.86667 8.017118 28.18792 354.2961
29.9 7.964565 26.13429 354.2798
29.9 7.826339 24.08365 354.2763
29.9 7.62033 21.95307 354.2675
29.93333 7.594088 19.92661 354.2736
29.96667 7.539329 17.8634 354.2537
29.96667 7.500482 15.79156 354.2189
30 7.494706 13.70859 354.2283
30 7.520501 11.59351 354.2469
30.03333 7.441518 9.342819 354.2645
30.03333 7.456536 7.339236 354.2547
30.03333 7.440719 5.293123 354.2295
30.06667 7.341909 3.132924 354.2078
30.06667 7.313866 1.149537 354.2145
30.1 7.240387 359.1211 354.2292
30.13333 7.171985 357.1376 354.2415
30.13333 7.102283 355.1433 354.2529
30.16667 7.077394 353.1602 354.2527
30.16667 7.018891 351.1502 354.2942
30.2 6.980408 349.1426 354.3188
30.2 6.983477 347.1675 354.3172
30.23333 6.97781 345.1612 354.3192
30.23333 6.976937 343.1672 354.3141
30.26667 6.976834 341.1554 354.3081
30.26667 6.950951 339.1554 354.2724
30.3 6.871854 337.1377 354.2544
30.3 6.853642 335.1355 354.2596
30.33333 6.797189 333.1164 354.2632
30.33333 6.752354 331.1279 354.2296
30.36667 6.697917 329.1112 354.2051
30.36667 6.745026 327.1014 354.2255
30.4 6.735583 325.0886 354.2249
30.4 6.714163 323.0821 354.2262
30.43333 6.692118 321.095 354.189
30.43333 6.683898 319.1438 354.1089
30.46667 6.729705 317.1732 354.0527
30.46667 6.891662 315.1487 354.1211
30.5 7.016434 313.1347 354.1195
30.5 7.010257 311.1671 354.1243
30.53333 6.977998 309.1788 354.1212
30.53333 6.942922 307.2206 354.1092
30.56667 6.927654 305.2693 354.0961
30.6 6.890813 303.2556 354.1035
30.6 6.858341 301.2428 354.1003
30.63333 6.842043 299.1961 354.1077
30.63333 6.90363 297.1505 354.1183
30.66667 6.953194 295.1325 354.1216
30.66667 6.987791 293.1378 354.0982
30.7 6.828489 291.1973 354.0297
30.7 6.547477 289.2453 354.0187
30.73333 6.296323 287.2708 354.0656
30.73333 6.079865 285.2715 354.0797
30.76667 5.839957 283.2807 354.1067
30.76667 5.395979 281.3603 354.1034
30.8 4.634539 279.4804 354.084
30.8 4.60429 277.5031 354.0756
30.83333 4.312306 275.566 354.0976
30.83333 3.948598 273.6693 354.1412
30.83333 3.365184 271.8731 354.2279
30.86667 2.125645 270.2183 354.382
30.86667 1.878686 268.3317 354.4107
30.9 1.364344 266.5309 354.4636
30.93333 0.7030307 264.8439 354.6288
30.93333 359.2453 263.4033 354.8378
30.96667 359.2377 261.5029 354.8848
30.96667 358.798 260.112 354.9972
31 358.2068 260.3599 355.0925
31 356.7106 261.0275 355.2784
31 356.9029 261.0522 355.2665
31.03333 357.0481 261.098 355.2963
31.03333 356.6192 261.372 355.3875
31.03333 356.0512 261.7111 355.4571
31.06667 355.4386 262.0795 355.5377
31.06667 354.9972 262.3957 355.6146
31.1 354.5697 262.7875 355.7249
31.1 354.2418 263.1892 355.8294
31.1 353.9134 263.557 355.9036
31.13333 353.4291 264.0184 355.9483
31.13333 353.1331 264.358 355.9648
31.16667 352.8905 264.7501 356.0013
31.16667 352.5935 265.0375 356.0167
31.16667 352.1685 265.3237 356.0324
31.2 351.9183 265.5395 356.0173
31.23333 351.8106 265.7439 355.9917
31.23333 351.7549 265.9447 355.928
31.23333 351.6807 266.158 355.8694
31.26667 351.518 266.3701 355.8304
31.26667 351.3766 266.5349 355.7831
31.3 351.2863 266.6909 355.7186
31.3 351.2797 266.8104 355.6402
31.3 351.2975 266.9406 355.5579
31.33333 351.3147 267.035 355.4954
31.33333 351.222 267.1577 355.4112
31.33333 351.0648 267.2503 355.3462
31.36667 350.9317 267.342 355.2694
31.36667 350.8611 267.4211 355.1772
31.4 350.9851 267.3671 355.1678
31.4 351.0554 267.4207 355.1015
31.4 351.1428 267.4498 355.0443
31.43333 351.2442 267.4832 354.9939
31.43333 351.3477 267.4922 354.9539
31.43333 351.4372 267.5094 354.912
31.46667 351.4916 267.5149 354.8816
31.46667 351.5156 267.5404 354.8266
31.5 351.5158 267.5413 354.8128
31.5 351.5271 267.5468 354.7808
31.53333 351.5556 267.5468 354.739
31.53333 351.5654 267.5574 354.7054
31.56667 351.5463 267.5751 354.6692
31.56667 351.5477 267.6083 354.6268
31.56667 351.5642 267.6364 354.6006
31.6 351.6255 267.6733 354.5797
31.6 351.7 267.6808 354.5728
31.6 351.7597 267.6875 354.5757
31.63333 351.7809 267.6864 354.5881
31.63333 351.754 267.6989 354.5846
31.63333 351.6964 267.6893 354.5789
31.66667 351.6801 267.6992 354.5635
31.66667 351.7123 267.6963 354.5526
31.7 351.7732 267.6739 354.5653
31.7 351.8851 267.662 354.553
31.73333 351.958 267.6454 354.5456
31.73333 351.9854 267.6349 354.5448
31.73333 351.9907 267.6302 354.5306
31.76667 352.0275 267.6399 354.5043
31.76667 352.089 267.64 354.4977
31.76667 352.2306 267.6243 354.5052
31.8 352.3744 267.5982 354.5213
31.8 352.5786 267.5552 354.54
31.83333 352.7468 267.5212 354.5224
31.83333 352.8813 267.5244 354.4669
31.83333 353.0536 267.5233 354.4065
31.86667 353.2345 267.5153 354.3794
31.86667 353.5228 267.4631 354.3757
31.9 353.8855 267.3801 354.3937
31.9 354.2713 267.2832 354.425
31.93333 354.7628 267.1571 354.4567
31.93333 355.3599 266.9979 354.4879
31.93333 355.7654 266.8398 354.4762
31.96667 356.2123 266.6171 354.4414
32 356.5621 266.4602 354.3954
32 357.1642 266.2192 354.3407
32 357.7967 265.9951 354.3434
32.03333 358.3821 265.7823 354.3611
32.03333 358.941 265.5289 354.4106
32.03333 359.4181 265.2903 354.4604
32.06667 359.8965 265.0721 354.5021
32.06667 0.4880012 264.8351 354.5021
32.1 1.122318 264.5714 354.4742
32.1 1.613076 264.3321 354.4735
32.13334 1.875199 264.1235 354.465
32.13334 2.110893 263.9251 354.465
32.16667 2.417719 263.7399 354.4589
32.16667 2.924521 263.5008 354.4553
32.16667 3.43503 263.2916 354.4484
32.2 3.943805 263.0672 354.414
32.2 4.327617 262.8309 354.389
32.23333 4.391859 262.668 354.3218
32.23333 5.452263 262.0267 354.2171
32.26667 5.487605 262.0247 354.1992
32.26667 6.08516 261.7192 354.1506
32.3 6.059762 261.7415 354.1765
32.3 7.113789 261.0991 354.0706
32.3 6.94492 261.0942 354.0779
32.33333 6.790391 261.1304 354.1152
32.33333 7.698192 260.5368 354.0312
32.36666 7.831017 260.5004 354.0456
32.36666 8.592851 259.9525 353.9699
32.4 8.304182 260.0145 353.9601
32.4 8.067828 260.0948 353.9909
32.4 8.156201 259.9727 353.9909
32.43333 8.308239 259.8665 353.988
32.43333 8.570839 259.6962 353.9793
32.46667 8.798214 259.5545 353.9839
32.46667 8.953534 259.4325 353.9881
32.46667 9.020271 259.3146 353.972
32.5 9.01521 259.2263 353.9572
32.5 8.97283 259.1487 353.9635
32.53333 8.971487 259.0648 354.0027
32.53333 9.002997 258.9619 354.0306
32.53333 9.077541 258.8645 354.0197
32.56667 9.153731 258.7703 353.9771
32.56667 9.172232 258.7068 353.9196
32.6 9.168768 258.6474 353.9078
32.6 9.149184 258.5873 353.905
32.6 9.122494 258.5107 353.9081
32.63334 9.108333 258.4348 353.9227
32.63334 9.114912 258.3727 353.9014
32.66667 9.113089 258.3231 353.8788
32.66667 9.097293 258.2877 353.8458
32.7 9.042784 258.2575 353.8317
32.7 8.972912 258.2231 353.8238
32.7 8.902821 258.1933 353.8186
32.73333 8.878569 258.1677 353.8111
32.73333 8.864069 258.1533 353.797
32.76667 8.858826 258.1436 353.799
32.76667 8.862557 258.1176 353.8098
32.76667 8.827922 258.0905 353.8228
32.8 8.773785 258.0864 353.8283
32.8 8.715083 258.0666 353.8093
32.83333 8.686138 258.0693 353.818
32.83333 8.673361 258.0459 353.8391
32.86666 8.668291 258.0136 353.8766
32.86666 8.640778 257.9829 353.9158
32.86666 8.60478 257.944 353.9477
32.9 8.549917 257.8891 353.9681
32.9 8.501893 257.8779 353.9742
32.93333 8.472992 257.8496 353.9756
32.93333 8.45819 257.8293 353.9624
32.93333 8.438258 257.8148 353.946
32.96667 8.436642 257.794 353.9334
32.96667 8.444304 257.7828 353.9221
33 8.445656 257.768 353.8989
33 8.432086 257.7807 353.8893
33.03333 8.397503 257.7789 353.8848
33.03333 8.343536 257.793 353.8905
33.03333 8.302699 257.7968 353.9012
33.06667 8.278507 257.7993 353.9193
33.06667 8.253026 257.7864 353.9385
33.1 8.245975 257.7699 353.9619
33.1 8.235549 257.7564 353.9652
33.13334 8.236094 257.7462 353.9581
33.13334 8.229017 257.7151 353.9432
33.13334 8.222599 257.6934 353.9389
33.16667 8.208921 257.6727 353.9424
33.16667 8.194086 257.6493 353.9549
33.2 8.171396 257.6508 353.9612
33.2 8.169355 257.6306 353.9503
33.2 8.175515 257.6439 353.9416
33.23333 8.153736 257.644 353.9512
33.23333 8.090614 257.6438 353.9847
33.26667 8.054392 257.6314 354.0116
33.26667 8.038767 257.6315 354.0069
33.3 8.03037 257.6293 353.9665
33.3 8.045287 257.6577 353.9112
33.3 8.066722 257.6781 353.8983
33.33333 8.086373 257.6696 353.9133
33.33333 8.069842 257.66 353.9185
33.36666 8.04146 257.6579 353.9354
33.36666 8.006977 257.6741 353.9457
33.36666 7.980742 257.6962 353.955
33.4 7.966316 257.7102 353.9591
33.4 7.95709 257.7081 353.9658
33.43333 7.937583 257.7016 353.9679
33.43333 7.928346 257.7093 353.9803
33.46667 7.927773 257.726 353.9832
33.46667 7.906467 257.7384 353.9925
33.46667 7.90852 257.7482 354.0246
33.5 7.911439 257.7737 354.0713
33.5 7.943984 257.7934 354.1138
33.53333 7.958811 257.8173 354.1231
33.53333 7.971843 257.8415 354.1049
33.56667 7.978961 257.8483 354.1222
33.56667 7.972287 257.8374 354.1284
33.56667 7.963239 257.8214 354.1404
33.6 7.947358 257.7962 354.1391
33.6 7.935158 257.7831 354.1321
33.63334 7.925268 257.7803 354.1263
33.63334 7.945269 257.798 354.1113
33.63334 7.971654 257.8001 354.112
33.66667 7.977764 257.8015 354.1124
33.66667 7.934459 257.8126 354.0997
33.7 7.890954 257.8194 354.0894
33.7 7.841927 257.8315 354.0909
33.73333 7.804906 257.829 354.1004
33.73333 7.761497 257.8211 354.1118
33.73333 7.654614 257.8082 354.1205
33.76667 7.495837 257.7971 354.1203
33.76667 7.305444 257.7921 354.1194
33.8 7.088054 257.7888 354.1226
33.8 6.706948 257.784 354.137
33.8 6.264817 257.7721 354.1428
33.83333 5.938832 257.7308 354.1451
33.83333 5.703157 257.6611 354.1535
33.86666 5.528973 257.5865 354.1636
33.86666 5.324234 257.5112 354.1694
33.9 4.995987 257.4233 354.1825
33.9 4.647218 257.3476 354.1925
33.93333 4.438597 257.2717 354.2032
33.93333 4.286738 257.1614 354.2159
33.93333 4.205194 257.0652 354.2421
33.96667 4.091716 256.9395 354.3013
33.96667 3.944407 256.8442 354.3559
33.96667 3.785172 256.7478 354.3972
34 3.64739 256.6705 354.4081
34 3.538489 256.6128 354.407
34.03333 3.465816 256.5445 354.4259
34.03333 3.408781 256.482 354.4625
34.06667 3.298051 256.395 354.4983
34.06667 3.139968 256.3306 354.5385
34.06667 2.945341 256.2647 354.5784
34.1 2.780439 256.218 354.595
34.1 2.648173 256.1649 354.6232
34.13334 2.534698 256.1056 354.6533
34.13334 2.396523 256.0334 354.6976
34.13334 2.20873 255.9713 354.7319
34.16667 2.015908 255.9197 354.7552
34.16667 1.818774 255.8534 354.8131
34.2 1.603787 255.7802 354.8832
34.2 1.340223 255.6884 354.9631
34.23333 1.069058 255.6276 354.9957
34.23333 0.7012316 255.5706 355.0054
34.23333 0.3406284 255.5277 355.0217
34.26667 359.9524 255.4882 355.0435
34.26667 359.5854 255.4525 355.0594
34.3 359.2072 255.3971 355.0786
34.3 358.8429 255.323 355.1179
34.3 358.4733 255.2454 355.1601
34.33333 358.1594 255.1945 355.1903
34.33333 357.8474 255.1468 355.2099
34.36666 357.4896 255.117 355.2156
34.36666 357.0921 255.1052 355.2321
34.4 356.7706 255.1128 355.2526
34.4 356.4289 255.1163 355.2973
34.4 356.1116 255.1302 355.3499
34.43333 355.7383 255.1537 355.4056
34.43333 355.4627 255.187 355.4339
34.46667 355.1458 255.2387 355.4837
34.46667 354.9011 255.3177 355.5131
34.5 354.6756 255.378 355.5383
34.5 354.4155 255.4525 355.5727
34.5 354.1517 255.5193 355.5882
34.53333 353.9209 255.5726 355.6056
34.53333 353.7693 255.6262 355.6194
34.56667 353.5388 255.6912 355.6271
34.56667 353.3279 255.7737 355.6414
34.6 353.1197 255.8717 355.6309
34.6 352.9366 255.9723 355.6101
34.6 352.7641 256.0621 355.6097
34.63334 352.5688 256.1328 355.6627
34.63334 352.3846 256.1952 355.6985
34.66667 352.2373 256.2593 355.7026
34.66667 352.1049 256.3451 355.6739
34.66667 351.8943 256.4609 355.6085
34.7 351.6602 256.5911 355.5523
34.7 351.4764 256.6875 355.5341
34.73333 351.2744 256.8196 355.5415
34.73333 351.1433 256.9173 355.5421
34.73333 351.0257 257.0286 355.5485
34.76667 350.9311 257.1819 355.5387
34.76667 350.8468 257.3397 355.5297
34.8 350.7833 257.5062 355.5256
34.8 350.7556 257.6227 355.5023
34.83333 350.7164 257.7761 355.473
34.83333 350.6973 257.9141 355.45
34.86666 350.6769 258.0289 355.4405
34.86666 350.6993 258.1633 355.4405
34.86666 350.7313 258.2548 355.454
34.9 350.7345 258.3369 355.446
34.9 350.6949 258.4042 355.4154
34.9 350.6758 258.484 355.3663
34.93333 350.6685 258.5326 355.3411
34.93333 350.6931 258.558 355.3232
34.96667 350.7437 258.5632 355.3176
34.96667 350.794 258.5551 355.3094
35 350.8116 258.55 355.2941
35 350.8275 258.5401 355.2714
35 350.8464 258.5344 355.2325
35.03333 350.8779 258.526 355.2129
35.03333 350.938 258.5223 355.1864
35.06667 350.9787 258.5187 355.1701
35.06667 350.9824 258.5275 355.1425
35.06667 350.9808 258.5476 355.145
35.1 350.9762 258.5605 355.154
35.1 351.0009 258.5912 355.1639
35.13334 351.0683 258.5981 355.167
35.13334 351.1338 258.6137 355.17
35.16667 351.1773 258.626 355.1701
35.16667 351.176 258.6389 355.172
35.16667 351.1627 258.6589 355.172
35.2 351.1604 258.6669 355.1791
35.2 351.2023 258.6698 355.1816
35.23333 351.272 258.6744 355.167
35.23333 351.3382 258.6891 355.1348
35.26667 351.377 258.7187 355.0962
35.26667 351.3732 258.7351 355.0863
35.26667 351.3585 258.7363 355.1264
35.3 351.3855 258.7345 355.1348
35.3 351.4473 258.741 355.1056
35.33333 351.5362 258.7636 355.0634
35.33333 351.6146 258.8001 355.0108
35.33333 351.6718 258.8176 354.979
35.36666 351.7139 258.8236 354.9945
35.36666 351.7214 258.8058 355.005
35.4 351.725 258.7813 355.0347
35.4 351.749 258.7651 355.0482
35.43333 351.7841 258.7536 355.0446
35.43333 351.7961 258.7482 355.0305
35.43333 351.8063 258.7514 355.0178
35.46667 351.8064 258.7591 354.9892
35.46667 351.8145 258.7587 354.9844
35.5 351.8556 258.7522 354.983
35.5 351.8777 258.765 354.9814
35.5 351.9107 258.7549 355.0201
35.53333 351.9591 258.7298 355.0516
35.53333 351.9832 258.7148 355.0803
35.56667 351.9771 258.719 355.0638
35.56667 351.9687 258.7426 355.0349
35.6 351.9827 258.7481 355.0336
35.6 352.021 258.7494 355.0426
35.6 352.0632 258.735 355.0687
35.63334 352.0875 258.7157 355.0759
35.63334 352.1259 258.7401 355.0831
35.66667 352.153 258.7635 355.0689
35.66667 352.1717 258.7953 355.0451
35.66667 352.1852 258.8201 355.0235
35.7 352.2076 258.8579 355.0047
35.7 352.2485 258.8992 354.9721
35.73333 352.2991 258.954 354.9551
35.73333 352.3576 259.0135 354.9404
35.76667 352.3939 259.0789 354.9189
35.76667 352.4447 259.1433 354.913
35.76667 352.474 259.1999 354.9016
35.8 352.4994 259.2589 354.8855
35.8 352.5308 259.3013 354.8733
35.83333 352.5752 259.35 354.8571
35.83333 352.6537 259.4024 354.8486
35.86666 352.6985 259.4582 354.8389
35.86666 352.7384 259.503 354.8365
35.86666 352.7704 259.5276 354.8387
35.9 352.7801 259.5572 354.8318
35.9 352.7886 259.5672 354.8315
35.93333 352.7952 259.5683 354.8463
35.93333 352.8401 259.5456 354.8596
35.93333 352.8971 259.5416 354.864
35.96667 352.929 259.5213 354.8538
35.96667 352.9379 259.534 354.7863
36 352.9455 259.5478 354.7325
36 352.9751 259.5381 354.7119
36.03333 352.9891 259.5145 354.7287
36.03333 353.0111 259.4962 354.7429
36.03333 353.0204 259.4825 354.7613
36.06667 353.0155 259.4738 354.775
36.06667 353.0109 259.478 354.7824
36.1 353.0003 259.4802 354.7874
36.1 353.0117 259.4719 354.7942
36.1 353.0421 259.4792 354.7875
36.13334 353.0916 259.4743 354.7762
36.13334 353.1497 259.4863 354.7517
36.16667 353.1998 259.4895 354.7418
36.16667 353.231 259.4955 354.7394
36.2 353.2445 259.5041 354.7317
36.2 353.2405 259.5143 354.7328
36.2 353.2505 259.5452 354.6827
36.23333 353.3071 259.5861 354.6395
36.23333 353.3789 259.6227 354.6231
36.26667 353.4198 259.6338 354.6182
36.26667 353.4207 259.631 354.6309
36.26667 353.3911 259.635 354.6535
36.3 353.3883 259.645 354.6498
36.3 353.4028 259.6428 354.6519
36.33333 353.4442 259.6601 354.6435
36.33333 353.4672 259.662 354.6483
36.36666 353.4735 259.6553 354.6508
36.36666 353.469 259.6549 354.6449
36.36666 353.467 259.6388 354.6453
36.4 353.4699 259.6266 354.6328
36.4 353.4818 259.6145 354.635
36.43333 353.5039 259.5958 354.6385
36.43333 353.5184 259.5979 354.6408
36.43333 353.5103 259.5972 354.6518
36.46667 353.5176 259.589 354.6587
36.46667 353.5326 259.5841 354.67
36.5 353.5593 259.5783 354.6706
36.5 353.5772 259.5729 354.6913
36.53333 353.6091 259.5578 354.6996
36.53333 353.6184 259.5433 354.7112
36.53333 353.6172 259.5279 354.7206
36.56667 353.6006 259.4958 354.7472
36.56667 353.6093 259.4542 354.7971
36.6 353.6342 259.4146 354.8081
36.6 353.6518 259.3905 354.8041
36.6 353.655 259.4013 354.7543
36.63334 353.6522 259.397 354.7156
36.63334 353.6585 259.4044 354.708
36.66667 353.664 259.3772 354.7317
36.66667 353.6439 259.3598 354.7704
36.7 353.6269 259.3317 354.8083
36.7 353.6204 259.3154 354.8348
36.7 353.6149 259.316 354.8438
36.73333 353.6278 259.2925 354.8508
36.73333 353.6395 259.2663 354.8658
36.76667 353.6461 259.2439 354.8583
36.76667 353.6657 259.2188 354.8511
36.8 353.6893 259.2052 354.8397
36.8 353.7007 259.1854 354.8293
36.8 353.698 259.1778 354.841
36.83333 353.7188 259.1637 354.8611
36.83333 353.7339 259.1414 354.8894
36.86666 353.7412 259.1432 354.8845
36.86666 353.7928 259.1503 354.8636
36.86666 353.8387 259.1482 354.8645
36.9 353.8791 259.1443 354.8738
36.9 353.9027 259.1249 354.8816
36.93333 353.9113 259.1159 354.8984
36.93333 353.9615 259.0992 354.9097
36.96667 354.0455 259.0921 354.9061
36.96667 354.1728 259.0767 354.9143
36.96667 354.2742 259.0628 354.9126
37 354.409 259.0359 354.9203
37 354.496 259.0165 354.9175
37.03333 354.5399 258.9961 354.9247
37.03333 354.5798 258.9778 354.9416
37.03333 354.6373 258.9702 354.9553
37.06667 354.7363 258.9554 354.9635
37.06667 354.8718 258.9305 354.9563
37.1 354.9961 258.9111 354.9489
37.1 355.0676 258.9166 354.9153
37.13334 355.1039 258.9027 354.9099
37.13334 355.1386 258.898 354.8942
37.13334 355.1965 258.8934 354.888
37.16667 355.3132 258.8906 354.8837
37.16667 355.421 258.8578 354.9012
37.2 355.496 258.8463 354.9087
37.2 355.5966 258.8303 354.9005
37.2 355.6888 258.8122 354.8995
37.23333 355.7719 258.7953 354.9117
37.23333 355.8584 258.7595 354.9315
37.26667 355.9474 258.7212 354.9294
37.26667 356.0658 258.6833 354.9099
37.3 356.1799 258.6685 354.8614
37.3 356.3014 258.6578 354.8177
37.3 356.4754 258.6562 354.7808
37.33333 356.6238 258.6433 354.7841
37.33333 356.6926 258.6114 354.7961
37.36666 356.7754 258.5983 354.8289
37.36666 356.8722 258.5982 354.8555
37.36666 357.0291 258.6041 354.8716
37.4 357.1861 258.6073 354.8989
37.43333 357.391 258.6146 354.9283
37.43333 357.5626 258.6138 354.9599
37.43333 357.7093 258.6045 355.0001
37.46667 357.834 258.6003 355.0366
37.46667 357.9306 260.5825 355.0666
37.46667 358.0651 262.5762 355.0926
37.5 358.2058 264.5483 355.1352
37.53333 358.3182 266.5348 355.1539
37.53333 358.3457 268.5153 355.1314
37.53333 358.3519 270.5195 355.1114
37.56667 358.3705 272.5161 355.0851
37.56667 358.4041 274.5075 355.0449
37.6 358.4649 276.4789 355.0266
37.6 358.6497 278.4119 354.9832
37.63334 358.6175 280.4209 354.9724
37.66667 358.6086 282.4246 354.9528
37.66667 358.5598 284.4326 354.9211
37.66667 358.6043 286.4349 354.8927
37.7 358.5699 288.4523 354.9028
37.7 358.5523 290.5021 354.8849
37.73333 358.5628 292.566 354.8297
37.73333 358.5305 294.5993 354.8129
37.76667 358.4846 296.6494 354.7795
37.76667 358.4445 298.6866 354.7546
37.8 358.3786 300.7281 354.7408
37.8 358.2666 302.7358 354.7582
37.83333 358.0774 304.7772 354.731
37.83333 358.0471 306.7649 354.7316
37.86666 357.9911 308.757 354.7108
37.86666 357.9615 310.735 354.6987
37.9 357.9394 312.7058 354.6932
37.9 357.8866 314.6321 354.6866
37.93333 357.7259 316.5658 354.7147
37.93333 357.7247 318.5162 354.7768
37.96667 357.7163 320.4565 354.8478
37.96667 357.7041 322.4458 354.8519
38 357.5099 324.4226 354.816
38 357.4367 326.4341 354.7825
38.03333 357.3237 328.4057 354.8057
38.03333 357.2384 330.3486 354.8509
38.06667 357.1378 332.2604 354.9183
38.06667 356.9628 334.1779 354.9626
38.1 356.6489 336.0507 354.9878
38.1 356.6302 338.0427 354.9624
38.13334 356.4922 339.9643 354.9768
38.13334 356.3638 341.8792 354.9973
38.16667 356.016 343.7132 355.0226
38.16667 355.9798 345.7124 355.0288
38.2 355.8414 347.6562 355.072
38.2 355.6855 349.6048 355.1146
38.23333 355.5213 351.5606 355.1133
38.23333 355.3451 353.5491 355.0615
38.26667 354.9655 355.427 355.0687
38.26667 354.9882 357.4184 355.0908
38.3 354.8878 359.3529 355.1119
38.3 354.7743 1.285717 355.1349
38.33333 354.4333 3.1198 355.1506
38.33333 354.4562 5.117514 355.1251
38.36666 354.3389 7.063952 355.0902
38.36666 354.2306 9.031549 355.0565
38.4 354.1324 11.00253 355.0271
38.4 354.0813 12.95765 355.0297
38.43333 353.7939 14.8315 355.0083
38.43333 353.7687 16.84118 355.0228
38.46667 353.6762 18.81771 355.0322
38.46667 353.687 20.80431 355.0574
38.5 353.5364 22.7263 355.0643
38.5 353.5975 24.74896 355.0734
38.53333 353.5797 26.7716 355.0677
38.53333 353.5348 28.77473 355.0789
38.53333 353.5024 30.78593 355.0998
38.56667 353.4899 32.78287 355.1307
38.6 353.4671 34.80737 355.1178
38.6 353.4272 36.83507 355.0721
38.63334 353.3199 38.86651 355.092
38.63334 353.3416 40.82759 355.1433
38.63334 353.3438 42.80789 355.1604
38.66667 353.3317 44.82619 355.1142
38.66667 353.2372 46.85199 355.0704
38.7 353.2378 48.8518 355.0693
38.73333 353.2199 50.83838 355.0658
38.73333 353.2255 52.83324 355.0847
38.76667 353.231 54.83687 355.0812
38.76667 353.189 56.86402 355.0481
38.8 353.2331 58.87029 355.0397
38.8 353.2304 60.88613 355.0247
38.8 353.2168 62.91983 354.9995
38.83333 353.2364 64.91672 354.9972
38.83333 353.2409 66.91851 355.0084
38.86666 353.2705 68.9129 355.0234
38.86666 353.2928 70.90631 355.0459
38.9 353.2721 72.91541 354.9848
