-0.03333334 354.5153 258.989 355.2314
0 354.5243 258.997 355.2102
0.03333334 354.471 258.8862 355.336
0.1 354.6214 261.0233 355.2409
0.1333333 354.6603 263.2192 355.3286
0.1666667 354.6964 265.4452 355.3509
0.1666667 355.0969 272.001 358.1833
0.1666667 354.8545 273.1228 357.7364
0.4333333 354.7429 274.5449 357.4592
0.5 354.7759 276.3857 357.2029
0.5333334 354.7492 278.1248 357.0149
0.5666667 354.847 280.2196 357.0379
0.6 354.9026 282.4294 357.094
0.6 354.9651 284.4755 357.0458
0.6333333 355.0158 286.5486 357.084
0.6333333 355.0176 288.6194 357.1266
0.6666667 355.0618 290.6729 357.1275
0.6666667 355.076 292.6542 357.1306
0.7 355.0767 294.6462 357.1171
0.7 355.0782 296.5902 357.1005
0.7333333 355.0858 298.5511 357.0005
0.7333333 355.1417 300.5101 356.8622
0.7666667 355.1624 302.4677 356.8748
0.7666667 355.1984 304.4167 356.8553
0.8 355.2152 306.3879 356.8494
0.8 355.2073 308.3898 356.8483
0.8333333 355.2437 310.3522 356.7945
0.8333333 355.2795 310.978 356.8235
0.8666667 355.3079 310.9935 356.814
0.8666667 355.3227 310.9971 356.7985
0.8666667 355.3317 310.982 356.7959
0.9 355.346 310.98 356.8081
0.9 355.3536 310.9732 356.8248
0.9 355.3464 310.9528 356.8319
0.9333333 355.3342 310.9302 356.8353
0.9333333 355.3079 310.8968 356.8266
0.9666666 355.294 310.8563 356.8272
0.9666666 355.2759 310.7948 356.8137
0.9666666 355.2938 310.7379 356.8027
1 355.3311 310.6938 356.7707
1 355.3857 310.6612 356.717
1.033333 355.4215 310.6323 356.6514
1.033333 355.4069 310.6372 356.6001
1.033333 355.4018 310.587 356.5587
1.066667 355.3465 310.4864 356.5437
1.066667 355.2997 310.3652 356.5445
1.1 355.2401 310.2679 356.5163
1.1 355.1558 310.1529 356.4539
1.1 355.1637 310.0852 356.3844
1.133333 355.2162 310.0435 356.2576
1.133333 355.2496 310.0113 356.1435
1.166667 355.2444 309.9608 356.0857
1.166667 355.2465 309.9065 356.0716
1.166667 355.2534 309.913 356.0558
1.2 355.2603 309.9586 356.0111
1.2 355.339 310.0486 355.9641
1.233333 355.3846 310.1921 355.9099
1.233333 355.3748 310.3578 355.8509
1.266667 355.3906 310.5448 355.8207
1.266667 355.3654 310.7543 355.8418
1.266667 355.3272 310.9174 355.8553
1.3 355.3155 311.1049 355.8606
1.3 355.3416 311.2847 355.8464
1.333333 355.4074 311.4228 355.8223
1.333333 355.4857 311.5522 355.7642
1.333333 355.5219 311.6328 355.7326
1.366667 355.5291 311.6728 355.7357
1.366667 355.5047 311.7168 355.7361
1.4 355.4792 311.7525 355.7349
1.4 355.4408 311.7723 355.7422
1.433333 355.4199 311.8052 355.7351
1.433333 355.4097 311.8521 355.7079
1.433333 355.4204 311.8905 355.6888
1.466667 355.4041 311.9533 355.6741
1.466667 355.3629 312.0235 355.6662
1.5 355.3288 312.0851 355.6792
1.5 355.3067 312.1312 355.7303
1.533333 355.273 312.1617 355.7989
1.533333 355.2215 312.161 355.8765
1.533333 355.157 312.1695 355.9103
1.566667 355.1107 312.1655 355.9334
1.566667 355.057 312.1661 355.9563
1.6 354.998 312.1479 355.9838
1.6 354.9428 312.1251 356.0144
1.6 354.886 312.1021 356.0508
1.633333 354.8171 312.0549 356.1021
1.633333 354.7615 311.9841 356.1523
1.666667 354.6992 311.928 356.1887
1.666667 354.6698 311.8738 356.2048
1.7 354.6001 311.8027 356.2204
1.7 354.5695 311.7632 356.1881
1.7 354.5426 311.7052 356.1573
1.733333 354.5416 311.6341 356.1425
1.733333 354.5166 311.5457 356.1346
1.766667 354.5083 311.4441 356.133
1.766667 354.4935 311.3723 356.0919
1.766667 354.4835 311.2971 356.0049
1.8 354.4834 311.2298 355.9126
1.8 354.4942 311.1389 355.8311
1.833333 354.5126 311.0611 355.7212
1.833333 354.5434 310.9994 355.557
1.866667 354.5893 310.9445 355.4102
1.866667 354.6397 310.8779 355.259
1.866667 354.6612 310.8161 355.1208
1.9 354.6849 310.7411 354.9985
1.9 354.7163 310.6534 354.8709
1.933333 354.7373 310.5365 354.7921
1.933333 354.7416 310.4304 354.6755
1.933333 354.7402 310.3425 354.6022
1.966667 354.7451 310.2604 354.5108
1.966667 354.7389 310.1569 354.4603
2 354.8243 310.033 354.394
2 354.7774 309.901 354.3464
2.033333 354.7191 309.7931 354.3255
2.033333 354.6622 309.6766 354.3381
2.033333 354.5955 309.5726 354.3734
2.066667 354.5148 309.5038 354.4007
2.066667 354.4813 309.4373 354.4221
2.1 354.4478 309.382 354.4509
2.1 354.4141 309.3378 354.4808
2.133333 354.4004 309.3012 354.5056
2.133333 354.3652 309.2475 354.544
2.133333 354.3256 309.1595 354.6143
2.166667 354.287 309.0907 354.6994
2.166667 354.2537 309.0483 354.7121
2.2 354.2217 309.0317 354.6987
2.2 354.1949 309.0119 354.6922
2.2 354.1671 308.9827 354.6893
2.233333 354.1449 308.9486 354.7084
2.233333 354.1364 308.8912 354.736
2.266667 354.1424 308.8391 354.7507
2.266667 354.1582 308.8115 354.7466
2.3 354.1859 308.7796 354.7506
2.3 354.216 308.7373 354.7322
2.3 354.2153 308.713 354.6955
2.333333 354.1997 308.6678 354.6665
2.333333 354.1695 308.6053 354.652
2.366667 354.1371 308.535 354.6491
2.366667 354.1168 308.4463 354.6321
2.366667 354.1106 308.3722 354.6116
2.4 354.0928 308.3047 354.5861
2.4 354.0903 308.2697 354.5617
2.433333 354.0996 308.2437 354.4798
2.433333 354.0909 308.2223 354.4077
2.466667 354.0976 308.1799 354.3763
2.466667 354.0913 308.1169 354.3551
2.466667 354.0876 308.0412 354.3418
2.5 354.0865 307.9772 354.2815
2.5 354.0932 307.944 354.2286
2.533333 354.1126 307.9265 354.1381
2.533333 354.138 307.9036 354.034
2.533333 354.1302 307.8612 354.003
2.566667 354.1331 307.8366 353.9742
2.566667 354.1212 307.7913 353.989
2.6 354.0838 307.7749 353.9794
2.6 354.0531 307.7658 353.9767
2.633333 354.0378 307.7839 353.964
2.633333 354.0271 307.7914 353.9304
2.633333 354.0152 307.8045 353.928
2.666667 353.9891 307.7992 353.9475
2.666667 353.974 307.7936 353.9857
2.7 353.9655 307.7855 354.014
2.7 353.9355 307.757 354.0545
2.733333 353.9251 307.73 354.1149
2.733333 353.8934 307.6753 354.1436
2.733333 353.8453 307.6335 354.1642
2.766667 353.7875 307.5714 354.1481
2.766667 353.7677 307.4949 354.1285
2.8 353.7398 307.4213 354.1393
2.8 353.7057 307.3176 354.1411
2.8 353.6816 307.2093 354.154
2.833333 353.6682 307.1206 354.1388
2.833333 353.6477 307.0124 354.1013
2.866667 353.6107 306.8552 354.0859
2.866667 353.5762 306.7033 354.0879
2.9 353.529 306.522 354.0555
2.9 353.5269 306.3306 353.9738
2.9 353.5402 306.1789 353.8889
2.933333 353.5542 305.9603 353.801
2.933333 353.5211 305.7162 353.7204
2.966667 353.4792 305.4721 353.651
2.966667 353.4353 305.1761 353.555
2.966667 353.3897 304.8423 353.4304
3 353.3531 304.5497 353.3021
3 353.2888 304.254 353.1613
3.033333 353.2437 304.0053 353.0215
3.033333 353.1859 303.6144 352.7855
3.066667 353.176 303.4447 352.705
3.066667 353.1342 302.9588 352.519
3.1 353.0425 302.0383 352.1417
3.1 353.0519 302.0378 352.1121
3.133333 353.0462 301.7336 351.968
3.133333 353.0144 301.4066 351.8354
3.133333 353.0117 301.1193 351.7294
3.166667 352.9598 300.7959 351.6457
3.166667 352.9023 300.4454 351.5837
3.2 352.84 300.1434 351.5439
3.2 352.7826 299.8124 351.5309
3.233333 352.7057 299.5284 351.5629
3.233333 352.6823 299.2923 351.5593
3.233333 352.6502 299.0056 351.5518
3.266667 352.5958 298.727 351.5776
3.266667 352.5281 298.5209 351.5763
3.3 352.4605 298.2305 351.6064
3.3 352.4046 297.9898 351.6278
3.3 352.3155 297.7515 351.6786
3.333333 352.157 297.5317 351.7262
3.333333 352.0205 297.2632 351.7761
3.366667 351.9409 297.0507 351.8416
3.366667 351.8539 296.8167 351.8634
3.4 351.7843 296.5785 351.8912
3.4 351.7439 296.3991 351.8606
3.4 351.7115 296.1621 351.8511
3.433333 351.7037 295.9424 351.8617
3.433333 351.7003 295.7457 351.836
3.466667 351.6748 295.5176 351.8344
3.466667 351.6423 295.293 351.8291
3.466667 351.623 295.0617 351.7954
3.5 351.6028 294.8862 351.7881
3.5 351.5734 294.6932 351.7477
3.533333 351.5415 294.5149 351.7254
3.533333 351.5272 294.3747 351.702
3.566667 351.5504 294.2037 351.647
3.566667 351.5565 294.1345 351.6499
3.566667 351.5526 294.0324 351.5964
3.6 351.5492 293.9467 351.6172
3.6 351.545 293.8518 351.6254
3.633333 351.5447 293.7606 351.6387
3.633333 351.5565 293.6565 351.6532
3.633333 351.565 293.5268 351.6559
3.666667 351.5738 293.4009 351.6628
3.666667 351.5679 293.237 351.6363
3.7 351.5863 293.0818 351.606
3.7 351.6116 292.9171 351.5528
3.733333 351.6382 292.7206 351.4917
3.733333 351.6605 292.544 351.4349
3.733333 351.6943 292.3825 351.3793
3.766667 351.6553 292.2051 351.2953
3.766667 351.5554 292.0415 351.2912
3.8 351.511 291.8987 351.2469
3.8 351.5096 291.7821 351.1761
3.833333 351.5049 291.6788 351.071
3.833333 351.5168 291.6058 350.9914
3.833333 351.5479 291.5202 350.9195
3.866667 351.5778 291.4547 350.8678
3.866667 351.6073 291.4301 350.8262
3.9 351.6278 291.4145 350.8135
3.9 351.6552 291.4082 350.825
3.9 351.6749 291.4068 350.8809
3.933333 351.7154 291.4393 350.9131
3.933333 351.7473 291.4735 350.933
3.966667 351.7542 291.5042 350.9573
3.966667 351.7611 291.5429 350.9699
4 351.7636 291.5617 350.9832
4 351.7552 291.5681 351.0181
4 351.7356 291.5875 351.0881
4.033333 351.7678 291.5881 351.1891
4.033333 351.7796 291.6414 351.2334
4.066667 351.8063 291.6859 351.2553
4.066667 351.8134 291.7609 351.2418
4.066667 351.768 291.8264 351.2662
4.1 351.7136 291.9229 351.3303
4.1 351.7049 291.9841 351.4351
4.133333 351.7439 292.0151 351.546
4.133333 351.7736 292.0547 351.6287
4.166667 351.7825 292.1226 351.6773
4.166667 351.8654 292.1912 351.7862
4.166667 351.9444 292.2496 351.9048
4.2 352.0295 292.3367 352.0401
4.2 352.0383 292.4167 352.1353
4.233333 352.0404 292.5223 352.2173
4.233333 352.0839 292.6385 352.3379
4.233333 352.1664 292.742 352.4477
4.266667 352.2118 292.8184 352.5257
4.266667 352.2287 292.9099 352.6084
4.3 352.201 292.9998 352.6984
4.3 352.142 293.0789 352.7651
4.333333 352.1113 293.1248 352.8195
4.333333 352.0855 293.1727 352.8763
4.333333 352.0578 293.1844 352.9225
4.366667 352.0311 293.1755 352.9888
4.366667 352.0215 293.1928 353.0677
4.4 352.0591 293.2107 353.1151
4.4 352.1058 293.2274 353.1562
4.433333 352.1572 293.2591 353.1926
4.433333 352.1918 293.2934 353.2157
4.433333 352.2055 293.3145 353.2442
4.466667 352.2248 293.3273 353.2918
4.466667 352.2473 293.3646 353.3284
4.5 352.3024 293.4266 353.3294
4.5 352.3493 293.4903 353.3094
4.5 352.409 293.575 353.2749
4.533333 352.44 293.6469 353.2264
4.533333 352.4458 293.758 353.1328
4.566667 352.4541 293.8254 353.0808
4.566667 352.4606 293.8958 353.0584
4.6 352.454 294.0035 353.0008
4.6 352.4593 294.1342 352.9544
4.6 352.4637 294.2529 352.9276
4.633333 352.4696 294.4071 352.8836
4.633333 352.5022 294.5853 352.833
4.666667 352.5298 294.7307 352.8083
4.666667 352.5409 294.934 352.7546
4.666667 352.577 295.1656 352.7136
4.7 352.6516 295.3671 352.747
4.7 352.7566 295.606 352.8099
4.733333 352.8639 295.8336 352.8882
4.733333 352.9929 296.071 352.9809
4.766667 353.1199 296.375 353.0735
4.766667 353.2085 296.6885 353.1278
4.766667 353.255 296.9697 353.1512
4.8 353.2768 297.2746 353.1997
4.8 353.275 297.5285 353.3158
4.833333 353.2837 297.76 353.4289
4.833333 353.2859 297.9621 353.4741
4.833333 353.3241 298.1611 353.5026
4.866667 353.3529 298.3294 353.4924
4.866667 353.3902 298.49 353.5218
4.9 353.387 298.6308 353.5558
4.9 353.3602 298.7071 353.6144
4.933333 353.3167 298.791 353.6766
4.933333 353.2773 298.8618 353.6898
4.933333 353.287 298.9219 353.6847
4.966667 353.2698 298.9517 353.6817
4.966667 353.2518 298.9908 353.6872
5 353.2354 298.9925 353.7318
5 353.2111 299.0082 353.7774
5 353.1761 299.0057 353.8093
5.033333 353.158 298.9882 353.8188
5.033333 353.1162 298.9568 353.845
5.066667 353.0719 298.9194 353.8684
5.066667 353.0182 298.8589 353.8838
5.1 352.9468 298.803 353.9147
5.1 352.8853 298.768 353.9221
5.1 352.848 298.7562 353.9065
5.133333 352.7786 298.7228 353.9081
5.133333 352.7537 298.6687 353.9541
5.166667 352.7725 298.6186 353.9991
5.166667 352.7614 298.5601 354.0786
5.166667 352.7171 298.5202 354.1509
5.2 352.6839 298.4929 354.191
5.2 352.6375 298.4871 354.249
5.233333 352.6013 298.5046 354.2922
5.233333 352.5532 298.5312 354.3136
5.266667 352.5262 298.5278 354.3639
5.266667 352.5336 298.5211 354.4217
5.266667 352.5489 298.5142 354.4893
5.3 352.5186 298.5107 354.5265
5.3 352.4255 298.539 354.5615
5.333333 352.3883 298.539 354.6193
5.333333 352.4029 298.4976 354.7736
5.333333 352.427 298.4547 354.9134
5.366667 352.4753 298.4539 355.0114
5.366667 352.552 298.4911 355.0235
5.4 352.5905 298.5364 355.0051
5.4 352.6372 298.5685 355.0624
5.433333 352.72 298.5834 355.104
5.433333 352.8022 298.6168 355.099
5.433333 352.9044 298.6524 355.1106
5.466667 352.9971 298.6787 355.2166
5.466667 353.0829 298.7169 355.3164
5.5 353.2336 298.7985 355.3479
5.5 353.4221 298.8928 355.3163
5.5 353.5538 298.9721 355.324
5.533333 353.6966 299.0714 355.3442
5.533333 353.7725 299.1589 355.4023
5.566667 353.787 299.2141 355.4604
5.566667 353.7642 299.2735 355.4875
5.6 353.6787 299.3177 355.4149
5.6 353.549 299.3309 355.4044
5.6 353.4729 299.2993 355.412
5.633333 353.3821 299.2301 355.4314
5.633333 353.3271 299.1426 355.4716
5.666667 353.2903 299.0304 355.5224
5.666667 353.2741 298.9483 355.5028
5.7 353.2856 298.8824 355.5259
5.7 353.2943 298.8261 355.5591
5.7 353.2988 298.7631 355.6192
5.733333 353.3049 298.6782 355.7234
5.733333 353.334 298.5729 355.9238
5.766667 353.4548 298.381 356.4324
5.766667 353.6932 298.2903 356.8413
5.766667 354.1307 298.3843 357.0511
5.8 354.6206 298.6936 356.9841
5.8 354.9467 299.0684 356.7874
5.833333 355.0075 299.4993 356.5058
5.833333 354.8748 299.7678 356.5633
5.866667 354.7627 299.8985 356.7812
5.866667 354.7663 299.9285 357.0856
5.866667 354.8047 299.9254 357.3543
5.9 354.8202 299.9654 357.4808
5.9 354.7029 300.0735 357.4381
5.933333 354.5372 300.1693 357.3095
5.933333 354.4079 300.1463 357.3071
5.933333 354.3523 300.0526 357.394
5.966667 354.3415 299.9371 357.4033
5.966667 354.2881 299.8763 357.3347
6 354.1946 299.8033 357.2996
6 354.1845 299.622 357.4597
6.033333 354.2008 299.4779 357.6119
6.033333 354.2351 299.3623 357.6286
6.033333 354.2556 299.327 357.6118
6.066667 354.3286 299.2972 357.6487
6.066667 354.4007 299.2897 357.6017
6.1 354.4514 299.3143 357.5981
6.1 354.5079 299.3916 357.5674
6.1 354.4948 299.4957 357.4532
6.133333 354.4071 299.5678 357.4388
6.133333 354.3147 299.6217 357.4775
6.166667 354.2662 299.6738 357.4696
6.166667 354.3066 299.6696 357.5659
6.2 354.3895 299.633 357.652
6.2 354.4576 299.6408 357.6823
6.2 354.5586 299.7379 357.6374
6.233333 354.6053 299.8807 357.565
6.233333 354.559 299.9835 357.4597
6.266667 354.3887 300.0148 357.4352
6.266667 354.243 299.9574 357.5238
6.266667 354.1873 299.8817 357.5888
6.3 354.2263 299.8205 357.6118
6.3 354.2827 299.8008 357.5619
6.333333 354.2706 299.8177 357.4459
6.333333 354.1949 299.7989 357.3685
6.366667 354.1372 299.7653 357.3908
6.366667 354.1705 299.7211 357.4178
6.366667 354.2036 299.7208 357.3626
6.4 354.2056 299.7246 357.309
6.4 354.2192 299.7314 357.2858
6.433333 354.1691 299.7398 357.2099
6.433333 354.1405 299.7437 357.1879
6.433333 354.1312 299.7077 357.1682
6.466667 354.1191 299.6928 357.1857
6.466667 354.0916 299.6583 357.1949
6.5 354.0125 299.6298 357.1559
6.5 353.7849 299.5902 357.0712
6.533333 353.5554 299.4863 357.0495
6.533333 353.409 299.343 357.0884
6.533333 353.3118 299.1991 357.0939
6.566667 353.2109 299.0825 357.0961
6.566667 353.1355 298.9546 357.1175
6.6 353.1032 298.8434 357.0957
6.6 353.1165 298.7158 357.1653
6.633333 353.1733 298.6445 357.2279
6.633333 353.2756 298.6565 357.2227
6.633333 353.3302 298.6989 357.1906
6.666667 353.3749 298.7523 357.2251
6.666667 353.3983 298.8 357.2671
6.7 353.3934 298.834 357.3061
6.7 353.4016 298.8927 357.3243
6.7 353.3604 298.9601 357.2914
6.733333 353.3027 299.0125 357.2943
6.733333 353.2393 299.0568 357.2851
6.766667 353.1662 299.0811 357.2592
6.766667 353.1248 299.0889 357.2394
6.8 353.0545 299.0605 357.202
6.8 352.9883 299.0406 357.1629
6.8 352.9219 299.0324 357.0888
6.833333 352.8083 299.0067 356.9878
6.833333 352.6472 298.9813 356.8929
6.866667 352.5287 298.9274 356.856
6.866667 352.3706 298.8403 356.8212
6.866667 352.2354 298.757 356.7809
6.9 352.1228 298.6703 356.7007
6.9 352.0445 298.6107 356.6508
6.933333 351.9862 298.5548 356.6377
6.933333 351.9584 298.5164 356.5944
6.966667 351.9519 298.4785 356.582
6.966667 351.9737 298.4174 356.5818
6.966667 352.006 298.3837 356.585
7 352.0233 298.3846 356.5318
7 352.0382 298.4012 356.4709
7.033333 352.0488 298.4261 356.3998
7.033333 352.018 298.4541 356.3407
7.033333 351.9703 298.4648 356.3566
7.066667 351.933 298.4919 356.3721
7.066667 351.916 298.5021 356.3796
7.1 351.8491 298.5124 356.416
7.1 351.725 298.5242 356.4454
7.133333 351.6654 298.5265 356.4373
7.133333 351.6171 298.5575 356.3907
7.133333 351.5603 298.6015 356.3749
7.166667 351.4373 298.6324 356.4178
7.166667 351.3345 298.6327 356.4649
7.2 351.3286 298.5842 356.5672
7.2 351.3088 298.5831 356.7099
7.2 351.3259 298.5726 356.8554
7.233333 351.3385 298.5422 357.0763
7.233333 351.3627 298.5566 357.2315
7.266667 351.4289 298.6094 357.2805
7.266667 351.4426 298.6743 357.2933
7.3 351.4785 298.7073 357.4002
7.3 351.5638 298.7172 357.5553
7.3 351.6662 298.7585 357.6702
7.333333 351.749 298.8452 357.7368
7.333333 351.8036 298.9146 357.765
7.366667 351.9377 298.9173 357.9268
7.366667 352.0706 298.9145 358.0579
7.366667 352.2323 298.9377 358.0548
7.4 352.3762 299.0383 357.9576
7.4 352.5212 299.1349 357.8628
7.433333 352.5352 299.2074 357.7737
7.433333 352.4414 299.2254 357.7205
7.466667 352.2445 299.1847 357.6797
7.466667 352.0738 299.1258 357.6755
7.466667 351.95 298.9945 357.7097
7.5 351.8835 298.8609 357.7052
7.5 351.7887 298.7338 357.6846
7.533333 351.7454 298.5785 357.7729
7.533333 351.7557 298.4241 357.8221
7.566667 351.8167 298.2585 357.8413
7.566667 351.8087 298.142 357.816
7.566667 351.805 298.033 357.7887
7.6 351.8031 297.945 357.7264
7.6 351.7947 297.8387 357.636
7.633333 351.7445 297.7245 357.5782
7.633333 351.6925 297.5958 357.5807
7.633333 351.6334 297.4526 357.5353
7.666667 351.5781 297.3458 357.495
7.666667 351.5443 297.2169 357.4622
7.7 351.5128 297.1177 357.4042
7.7 351.4868 297.0247 357.366
7.733333 351.4805 296.9492 357.2626
7.733333 351.4623 296.86 357.1294
7.733333 351.4489 296.7669 357.0485
7.766667 351.4232 296.6504 356.9804
7.766667 351.4298 296.5283 356.8576
7.8 351.4155 296.3975 356.7391
7.8 351.3651 296.2285 356.6155
7.8 351.2443 296.0071 356.5005
7.833333 351.1187 295.8479 356.3579
7.833333 350.9435 295.6474 356.2002
7.866667 350.8531 295.3374 356.0953
7.866667 350.8227 295.1008 356.0071
7.9 350.8423 294.8028 355.8057
7.9 350.867 294.5322 355.6384
7.9 350.9454 294.3289 355.5408
7.933333 351.0183 294.0995 355.3759
7.933333 351.0088 293.8499 355.1312
7.966667 350.8873 293.6332 354.9294
7.966667 350.7437 293.3725 354.7453
7.966667 350.5739 293.1121 354.6891
8 350.5045 292.8557 354.6319
8 350.4732 292.6371 354.5003
8.033334 350.436 292.4326 354.3776
8.033334 350.3582 292.2734 354.2332
8.066667 350.2356 292.1515 354.0513
8.066667 350.0987 292.0115 353.9205
8.066667 350.0153 291.8345 353.8409
8.1 349.9354 291.6166 353.7722
8.1 349.8494 291.3961 353.6786
8.133333 349.7672 291.2032 353.5827
8.133333 349.697 291.0143 353.5031
8.133333 349.6088 290.8208 353.4008
8.166667 349.5302 290.6355 353.3179
8.166667 349.4341 290.4193 353.2294
8.2 349.3342 290.1803 353.1232
8.2 349.2322 289.9386 353.0138
8.233334 349.1424 289.6355 352.9045
8.233334 349.0908 289.3461 352.7783
8.233334 349.0331 289.0853 352.6246
8.266666 348.9756 288.8111 352.4342
8.266666 348.9024 288.5849 352.2344
8.3 348.8512 288.3343 352.0597
8.3 348.7878 288.0803 351.8757
8.3 348.7111 287.8381 351.6607
8.333333 348.6237 287.603 351.4285
8.333333 348.5348 287.396 351.1694
8.366667 348.4617 287.1815 350.9453
8.366667 348.4055 286.9684 350.7566
8.4 348.3465 286.7421 350.6081
8.4 348.2909 286.507 350.4469
8.4 348.2725 286.3392 350.3152
8.433333 348.2424 286.124 350.1691
8.433333 348.2244 285.9956 350.0638
8.466666 348.215 285.8893 349.9835
8.466666 348.2036 285.796 349.8823
8.466666 348.2445 285.7347 349.7971
8.5 348.2906 285.7091 349.7196
8.5 348.3647 285.7062 349.6361
8.533334 348.4348 285.7342 349.5936
8.533334 348.5097 285.7629 349.5677
8.566667 348.6057 285.8053 349.5637
8.566667 348.6769 285.8712 349.5662
8.566667 348.6812 285.9325 349.5591
8.6 348.6712 286.0274 349.5444
8.6 348.6593 286.119 349.5641
8.633333 348.674 286.1956 349.5791
8.633333 348.6871 286.262 349.5864
8.666667 348.7036 286.315 349.5775
8.666667 348.7283 286.3581 349.5764
8.666667 348.7541 286.3874 349.5628
8.7 348.7591 286.4083 349.5813
8.7 348.7486 286.4374 349.6153
8.733334 348.7517 286.4665 349.6552
8.733334 348.7696 286.5071 349.7173
8.733334 348.8018 286.5701 349.7318
8.766666 348.8436 286.6545 349.7394
8.766666 348.8843 286.762 349.7931
8.8 348.9295 286.8786 349.8294
8.8 348.9888 287.0354 349.8919
8.833333 349.0713 287.2877 349.9804
8.833333 349.136 287.5313 350.0666
8.833333 349.2378 287.83 350.2102
8.866667 349.417 288.1636 350.4156
8.866667 349.6216 288.5659 350.6461
8.9 349.8343 289.127 350.7922
8.9 349.9551 289.5765 350.8341
8.9 350.1135 290.0989 350.9792
8.933333 350.2518 290.7552 351.1156
8.933333 350.3768 291.2666 351.213
8.966666 350.4928 291.9184 351.3874
8.966666 350.5983 292.7059 351.5153
9 350.6636 293.2926 351.6062
9 350.7589 293.9366 351.8018
9 350.9119 294.6588 352.026
9.033334 351.0396 295.203 352.1387
9.033334 351.1725 295.8057 352.2487
9.066667 351.3067 296.4664 352.3372
9.066667 351.393 296.9732 352.4415
9.066667 351.507 297.6386 352.6089
9.1 351.6012 298.2554 352.7506
9.1 351.6801 298.8738 352.8488
9.133333 351.7422 299.4503 352.9383
9.133333 351.7934 300.0188 352.9821
9.166667 351.8691 300.4438 353.0838
9.166667 351.9753 300.9145 353.198
9.166667 352.0909 301.2909 353.2665
9.2 352.1864 301.8325 353.3674
9.2 352.2496 302.2651 353.4771
9.233334 352.3421 302.8353 353.601
9.233334 352.4221 303.388 353.6791
9.233334 352.5023 304.0333 353.7875
9.266666 352.5627 304.6986 353.9553
9.266666 352.5572 305.2756 354.0964
9.3 352.5667 305.8999 354.2602
9.3 352.5682 306.4756 354.4153
9.333333 352.5653 307.0246 354.5398
9.333333 352.5274 307.6541 354.6798
9.333333 352.4914 308.1049 354.7699
9.366667 352.436 308.7838 354.871
9.366667 352.3473 309.4043 354.9912
9.4 352.3114 309.8976 355.0801
9.4 352.2647 310.5359 355.2177
9.433333 352.2116 311.1064 355.3617
9.433333 352.2002 311.5807 355.4688
9.433333 352.1944 312.1901 355.652
9.466666 352.1872 312.8014 355.8176
9.466666 352.1713 313.3375 355.927
9.5 352.1399 313.9803 356.0406
9.5 352.1065 314.5647 356.1699
9.5 352.0587 315.0776 356.3228
9.533334 352.0137 315.6476 356.5107
9.533334 352.0015 316.2078 356.6357
9.566667 351.9784 316.7414 356.7498
9.566667 351.9389 317.3667 356.8924
9.6 351.9149 317.9926 357.0177
9.6 351.8957 318.5134 357.1225
9.6 351.8551 319.1771 357.2193
9.633333 351.8329 319.6919 357.3329
9.633333 351.8086 320.2338 357.4588
9.666667 351.7444 320.7944 357.5701
9.666667 351.687 321.3306 357.661
9.666667 351.6325 321.8154 357.7391
9.7 351.5658 322.3241 357.8516
9.7 351.5003 322.794 357.9934
9.733334 351.4652 323.1958 358.0873
9.733334 351.4219 323.6508 358.1494
9.733334 351.4362 322.049 358.1948
9.766666 351.4098 320.5243 358.2014
9.766666 351.3981 318.9331 358.218
9.8 351.3932 317.3487 358.235
9.833333 351.3768 315.7005 358.2313
9.833333 351.3542 314.0204 358.2211
9.866667 351.3376 312.403 358.1963
9.866667 351.304 311.4755 358.1637
9.9 351.3017 310.1403 358.1265
9.9 351.3391 308.0802 358.0778
9.933333 351.3686 306.4252 358.0492
9.933333 351.4051 304.7099 358.0535
9.966666 351.4299 303.6872 358.0788
9.966666 351.4352 301.6543 358.0581
10 351.3631 300.5708 358.0443
10.03333 351.2757 299.8264 358.0423
10.06667 351.2745 298.1893 358.0808
10.1 351.2443 296.7983 358.1299
10.13333 351.2734 295.498 358.2049
10.13333 351.2702 294.2983 358.2212
10.16667 351.259 292.9396 358.3604
10.2 351.1364 291.5584 358.5481
10.23333 350.9354 290.3165 358.6625
10.23333 350.8334 289.0157 358.6553
10.26667 350.8319 287.2018 358.5836
10.3 350.7124 286.2251 358.8276
10.33333 350.6808 284.8917 359.0209
10.36667 350.6793 283.4792 359.1465
10.36667 350.6131 281.9591 359.2291
10.4 350.653 280.5128 359.1107
10.43333 350.7487 278.9805 359.0732
10.46667 350.8007 277.1725 359.1366
10.5 350.8571 275.4196 358.9355
10.5 350.9328 273.758 358.7523
10.53333 350.9854 271.6103 358.6567
10.56667 351.0696 272.0101 358.2813
10.6 351.1599 272.2424 358.0134
10.63333 351.1921 272.3931 357.9511
10.63333 351.1961 272.6645 357.8602
10.66667 351.1825 272.8781 357.9111
10.7 351.1343 273.101 358.0451
10.73333 351.0299 273.5288 358.0893
10.76667 350.9858 273.993 358.1148
10.8 350.9854 274.3198 358.3438
10.8 350.9525 274.6168 358.4853
10.83333 350.906 274.9994 358.5451
10.86667 350.9143 275.2487 358.6998
10.9 350.9021 275.3654 358.8347
10.9 350.9012 275.4856 358.9232
10.93333 350.9578 275.2973 358.8046
10.96667 350.9883 275.259 358.6993
10.96667 351.0332 275.3503 358.6414
11 351.0133 275.2946 358.6036
11 350.9922 275.28 358.5581
11.03333 350.9814 275.2564 358.5746
11.03333 351.0062 275.2325 358.5882
11.06667 351.0117 275.2401 358.5983
11.06667 351.0009 275.2608 358.605
11.06667 350.9827 275.3206 358.6179
11.1 350.9594 275.3867 358.6154
11.1 350.9502 275.4374 358.6156
11.13333 350.9438 275.4853 358.6409
11.13333 350.9364 275.4959 358.6729
11.16667 350.9294 275.4892 358.7002
11.16667 350.9253 275.4785 358.7238
11.16667 350.9315 275.4697 358.7287
11.2 350.9228 275.4391 358.7281
11.2 350.9267 275.403 358.7386
11.23333 350.9482 275.3408 358.7424
11.23333 350.957 275.2914 358.7435
11.26667 350.9606 275.2602 358.719
11.26667 351.0051 275.2826 358.6217
11.26667 351.0783 275.3147 358.5565
11.3 351.1295 275.3356 358.5153
11.3 351.1668 275.3361 358.4896
11.33333 351.2086 275.3314 358.4765
11.33333 351.2427 275.3177 358.459
11.33333 351.2851 275.3089 358.4355
11.36667 351.3119 275.2946 358.3737
11.36667 351.3401 275.266 358.3313
11.4 351.3553 275.256 358.3095
11.4 351.373 275.2357 358.2897
11.43333 351.3797 275.2018 358.2876
11.43333 351.377 275.1582 358.288
11.43333 351.3758 275.1249 358.2743
11.46667 351.3799 275.0954 358.2802
11.46667 351.3764 275.0745 358.2602
11.5 351.3471 275.0485 358.2325
11.5 351.3138 275.0139 358.2233
11.5 351.2996 274.9865 358.2332
11.53333 351.2824 274.9267 358.2675
11.53333 351.2671 274.8719 358.3168
11.56667 351.2601 274.8208 358.3537
11.56667 351.2558 274.7938 358.3494
11.6 351.2687 274.7644 358.3297
11.6 351.2766 274.7457 358.3194
11.6 351.3011 274.7497 358.2949
11.63333 351.3229 274.7687 358.2729
11.63333 351.336 274.7855 358.2598
11.66667 351.3354 274.7908 358.2757
11.66667 351.342 274.7839 358.2885
11.7 351.3354 274.7773 358.3008
11.7 351.326 274.7534 358.3265
11.7 351.3219 274.7173 358.3653
11.73333 351.3295 274.6771 358.3928
11.73333 351.3533 274.6601 358.3711
11.76667 351.3939 274.6361 358.3627
11.76667 351.446 274.6026 358.3483
11.76667 351.4781 274.5833 358.2863
11.8 351.5141 274.5363 358.2487
11.8 351.5387 274.472 358.2518
11.83333 351.5394 274.4225 358.2353
11.83333 351.5264 274.3737 358.248
11.86667 351.5202 274.3444 358.2113
11.86667 351.5136 274.335 358.1565
11.86667 351.5199 274.3245 358.1106
11.9 351.5218 274.2931 358.0714
11.9 351.5433 274.2868 358.0668
11.93333 351.564 274.2544 358.0566
11.93333 351.5861 274.2474 358.054
11.93333 351.6004 274.2519 358.0253
11.96667 351.5961 274.2598 357.9658
11.96667 351.5795 274.2198 357.9863
12 351.5922 274.1899 358.0004
12 351.5902 274.1513 357.9914
12.03333 351.5852 274.1193 357.9943
12.03333 351.61 274.1036 357.9608
12.03333 351.6126 274.0738 357.9579
12.06667 351.6243 274.0509 357.9672
12.06667 351.6222 274.0261 357.9709
12.1 351.6146 274.0041 357.9903
12.1 351.6046 273.9952 358.0005
12.1 351.6006 273.9835 358.018
12.13333 351.6049 273.9821 358.021
12.13333 351.6044 273.9822 358.0228
12.16667 351.5967 273.974 358.035
12.16667 351.5719 273.9732 358.0344
12.2 351.5565 273.959 358.0433
12.2 351.5659 273.9508 358.0478
12.2 351.5611 273.9371 358.0287
12.23333 351.5654 273.9052 358.0276
12.23333 351.5829 273.8624 358.0496
12.26667 351.5876 273.8226 358.0443
12.26667 351.5971 273.7771 358.0454
12.26667 351.6171 273.7498 358.0395
12.3 351.6289 273.7217 358.0234
12.3 351.641 273.701 358.0025
12.33333 351.6586 273.6857 357.9648
12.33333 351.6741 273.6818 357.9367
12.36667 351.6809 273.6603 357.9234
12.36667 351.6907 273.6507 357.9205
12.36667 351.6936 273.6454 357.8973
12.4 351.6903 273.6252 357.9028
12.4 351.7197 273.6041 357.894
12.43333 351.7003 273.5898 357.8932
12.43333 351.7081 273.5634 357.9249
12.43333 351.7184 273.5588 357.9267
12.46667 351.7356 273.5726 357.9265
12.46667 351.7399 273.5719 357.9208
12.5 351.7387 273.5677 357.9404
12.5 351.7611 273.5667 357.944
12.53333 351.7741 273.566 357.9412
12.53333 351.7809 273.5626 357.9212
12.53333 351.8068 273.5757 357.9043
12.56667 351.8354 273.5648 357.9011
12.56667 351.856 273.5485 357.8906
12.6 351.8478 273.5182 357.8927
12.6 351.8393 273.4908 357.8856
12.63333 351.824 273.4589 357.8839
12.63333 351.7964 273.4149 357.8523
12.63333 351.7671 273.368 357.8487
12.66667 351.7601 273.3381 357.837
12.66667 351.7521 273.3074 357.8359
12.7 351.7397 273.2792 357.8456
12.7 351.7387 273.2518 357.8763
12.7 351.7385 273.2271 357.8876
12.73333 351.7403 273.1967 357.8976
12.73333 351.7324 273.1748 357.9104
12.76667 351.7352 273.1464 357.909
12.76667 351.7443 273.1085 357.925
12.8 351.7224 273.0587 357.9354
12.8 351.695 273.0181 357.9314
12.8 351.7032 273.0075 357.887
12.83333 351.7065 272.9899 357.8696
12.83333 351.7444 272.9716 357.8954
12.86667 351.788 272.9582 357.8943
12.86667 351.8083 272.9544 357.8743
12.86667 351.8373 272.9632 357.8521
12.9 351.8584 272.9652 357.8422
12.9 351.8623 272.9472 357.8413
12.93333 351.8517 272.9367 357.8542
12.93333 351.8463 272.9435 357.828
12.96667 351.849 272.9571 357.8089
12.96667 351.8411 272.9665 357.8184
12.96667 351.8442 272.9698 357.8208
13 351.8556 272.9582 357.8424
13 351.8692 272.961 357.8596
13.03333 351.8767 272.9591 357.8644
13.03333 351.8823 272.9482 357.8744
13.03333 351.897 272.9317 357.8874
13.06667 351.901 272.9166 357.8947
13.06667 351.9039 272.9057 357.8965
13.1 351.8895 272.8891 357.8779
13.1 351.8835 272.8893 357.8579
13.13333 351.8757 272.8767 357.8391
13.13333 351.8863 272.8712 357.8395
13.13333 351.9001 272.8715 357.8251
13.16667 351.9178 272.8772 357.8087
13.16667 351.9377 272.9011 357.7839
13.2 351.9465 272.9025 357.7691
13.2 351.9561 272.9142 357.755
13.2 351.9669 272.9272 357.7395
13.23333 351.9764 272.9397 357.7344
13.23333 351.974 272.9381 357.743
13.26667 351.9683 272.9355 357.7569
13.26667 351.9565 272.9449 357.7656
13.3 351.94 272.9415 357.7925
13.3 351.8864 272.9321 357.8358
13.3 351.8534 272.9115 357.8825
13.33333 351.848 272.8854 357.9145
13.33333 351.8235 272.8593 357.9392
13.36667 351.8189 272.8622 357.923
13.36667 351.8287 272.8574 357.8914
13.36667 351.8521 272.8578 357.8997
13.4 351.8609 272.8344 357.9365
13.4 351.8683 272.797 357.9753
13.43333 351.8481 272.78 357.9812
13.43333 351.824 272.772 357.9659
13.46667 351.8185 272.7726 357.9381
13.46667 351.8335 272.7779 357.9081
13.46667 351.857 272.7787 357.8841
13.5 351.8858 272.7845 357.8746
13.5 351.8984 272.7799 357.8654
13.53333 351.9191 272.7754 357.8734
13.53333 351.9349 272.7804 357.858
13.56667 351.9613 272.7914 357.8265
13.56667 351.9704 272.7964 357.7841
13.56667 351.9768 272.7854 357.7738
13.6 352.0046 272.7536 357.7815
13.6 352.0081 272.7039 357.806
13.63333 352.0243 272.6559 357.7858
13.63333 352.0555 272.6335 357.7286
13.63333 352.0685 272.6006 357.6882
13.66667 352.0896 272.536 357.6772
13.66667 352.0847 272.4706 357.6775
13.7 352.0802 272.3938 357.6807
13.7 352.0793 272.3345 357.6852
13.73333 352.079 272.2894 357.6755
13.73333 352.085 272.2444 357.6432
13.73333 352.0899 272.1884 357.6296
13.76667 352.1024 272.1223 357.6391
13.76667 352.1073 272.0615 357.6534
13.8 352.1118 271.9746 357.665
13.8 352.1097 271.9099 357.6596
13.8 352.113 271.8307 357.673
13.83333 352.1115 271.7496 357.6728
13.83333 352.1122 271.6426 357.6819
13.86667 352.1007 271.545 357.6875
13.86667 352.0865 271.4121 357.704
13.9 352.0865 271.2808 357.7101
13.9 352.0884 271.175 357.71
13.9 352.0951 271.036 357.6985
13.93333 352.0993 270.9081 357.6813
13.93333 352.1089 270.7627 357.6586
13.96667 352.1143 270.6334 357.6289
13.96667 352.1258 270.4601 357.6027
13.96667 352.1342 270.2812 357.5844
14 352.1376 270.1234 357.5605
14 352.1451 269.9389 357.5411
14.03333 352.1604 269.7226 357.5248
14.03333 352.1696 269.5332 357.5176
14.06667 352.195 269.3253 357.4913
14.06667 352.2148 269.1381 357.4424
14.06667 352.2314 268.9558 357.3972
14.1 352.248 268.7552 357.3497
14.1 352.2873 268.5211 357.325
14.13333 352.2905 268.3165 357.2839
14.13333 352.2917 268.088 357.2347
14.13333 352.3155 267.8198 357.2233
14.16667 352.3237 267.6013 357.1894
14.16667 352.3478 267.3423 357.1535
14.2 352.384 267.0464 357.1139
14.2 352.4045 266.8016 357.0228
14.23333 352.438 266.5266 356.913
14.23333 352.4975 266.2089 356.8216
14.23333 352.5427 265.9032 356.7535
14.26667 352.5723 265.5107 356.6879
14.26667 352.5821 265.1262 356.6263
14.3 352.5922 264.7797 356.5207
14.3 352.6036 264.4108 356.4046
14.33333 352.6249 264.0682 356.3
14.33333 352.6597 263.6393 356.2121
14.33333 352.6977 263.2647 356.1317
14.36667 352.7281 262.8533 356.0493
14.36667 352.7462 262.4857 355.9885
14.4 352.8056 262.0684 355.9058
14.4 352.8389 261.6849 355.7802
14.4 352.8852 261.387 355.6855
14.43333 352.9144 261.0211 355.5866
14.43333 352.9391 260.6676 355.5331
14.46667 352.9258 260.3182 355.4788
14.46667 352.9224 259.9636 355.3904
14.5 352.9344 259.7227 355.2945
14.5 352.956 259.4421 355.2038
14.5 352.9675 259.1571 355.1578
14.53333 352.994 258.8799 355.1124
14.53333 353.0193 258.5933 355.0692
14.56667 353.0469 258.3531 355.043
14.56667 353.0836 258.1116 354.9882
14.56667 353.1074 257.8582 354.9122
14.6 353.1328 257.63 354.8343
14.6 353.1414 257.3923 354.7737
14.63333 353.1477 257.1259 354.6951
14.63333 353.1595 256.8626 354.6597
14.63333 353.1903 256.5859 354.6133
14.66667 353.2233 256.3342 354.5436
14.66667 353.2536 256.1017 354.4846
14.7 353.2913 255.7869 354.3989
14.7 353.3168 255.485 354.3354
14.73333 353.3083 255.205 354.2769
14.73333 353.2932 254.8108 354.2093
14.73333 353.2596 254.4498 354.1654
14.76667 353.2202 254.0238 354.1725
14.76667 353.1757 253.665 354.1703
14.8 353.1458 253.298 354.1416
14.8 353.1193 252.9576 354.1161
14.83333 353.0881 252.5828 354.1065
14.83333 353.0434 252.2487 354.0668
14.83333 353.0069 251.9485 354.0204
14.86667 352.9752 251.626 353.9811
14.86667 352.9449 251.3236 353.8991
14.9 352.9291 251.067 353.8419
14.9 352.9045 250.6983 353.793
14.9 352.8853 250.3643 353.8191
14.93333 352.8318 250.0579 353.8215
14.93333 352.7789 249.6779 353.7477
14.96667 352.7381 249.3786 353.6555
14.96667 352.7155 249.1111 353.5347
15 352.7052 248.8246 353.4146
15 352.7014 248.4878 353.3327
15 352.7005 248.1221 353.3287
15.03333 352.6598 247.8215 353.3604
15.03333 352.6036 247.437 353.4104
15.06667 352.5876 247.1358 353.4094
15.06667 352.5686 246.8045 353.3903
15.06667 352.542 246.546 353.381
15.1 352.5285 246.3227 353.329
15.1 352.4644 246.0477 353.3046
15.13333 352.3945 245.7916 353.3268
15.13333 352.3949 245.5679 353.3276
15.16667 352.4913 245.4234 353.2898
15.16667 352.6273 245.3325 353.2201
15.16667 352.7248 245.2874 353.1585
15.2 352.7991 245.309 353.0359
15.2 352.8477 245.3488 352.9193
15.23333 352.9219 245.3737 352.8629
15.23333 353.0108 245.3689 352.7946
15.23333 353.1043 245.3462 352.7116
15.26667 353.1668 245.284 352.6717
15.26667 353.1886 245.1749 352.6928
15.3 353.1605 245.0593 352.7873
15.3 353.1085 244.8854 352.9154
15.33333 353.0423 244.7681 352.9043
15.33333 352.9685 244.7134 352.895
15.33333 353.0136 244.6868 352.9341
15.36667 353.1573 244.6741 352.9899
15.36667 353.3048 244.7442 353.013
15.4 353.4279 244.865 352.9737
15.4 353.5105 245.0847 352.8357
15.4 353.532 245.3419 352.5834
15.43333 353.5654 245.5529 352.3266
15.43333 353.6062 245.6807 352.1685
15.46667 353.6213 245.729 352.2025
15.46667 353.6262 245.7141 352.2964
15.5 353.609 245.648 352.4427
15.5 353.5465 245.5811 352.5562
15.5 353.4737 245.54 352.5513
15.53333 353.3795 245.4897 352.5594
15.53333 353.2716 245.4473 352.6347
15.56667 353.1797 245.4048 352.7851
15.56667 353.097 245.3748 352.9887
15.56667 352.9681 245.4167 353.1395
15.6 352.8727 245.5064 353.277
15.6 352.7987 245.6461 353.3172
15.63333 352.7873 245.7922 353.3224
15.63333 352.7726 245.9325 353.3632
15.66667 352.7576 246.0521 353.4415
15.66667 352.7322 246.1387 353.5694
15.66667 352.6757 246.2085 353.661
15.7 352.6218 246.2629 353.753
15.7 352.59 246.3253 353.7823
15.73333 352.5738 246.3669 353.7741
15.73333 352.5828 246.398 353.7986
15.76667 352.5865 246.3983 353.8071
15.76667 352.6183 246.395 353.8059
15.76667 352.6345 246.4087 353.7854
15.8 352.6263 246.402 353.7468
15.8 352.586 246.394 353.6788
15.83333 352.5499 246.3687 353.6352
15.83333 352.5311 246.3213 353.6177
15.83333 352.5177 246.2621 353.576
15.86667 352.5489 246.2179 353.5106
15.86667 352.5641 246.1594 353.4806
15.9 352.566 246.1003 353.4347
15.9 352.5738 246.0488 353.3954
15.93333 352.6102 245.9947 353.369
15.93333 352.5974 245.9355 353.3853
15.93333 352.6168 245.8839 353.41
15.96667 352.605 245.857 353.4188
15.96667 352.6243 245.8562 353.401
16 352.6316 245.8593 353.3858
16 352.609 245.8443 353.3759
16 352.5974 245.8219 353.3866
16.03333 352.6104 245.8132 353.3473
16.03333 352.6152 245.7869 353.316
16.06667 352.6159 245.7156 353.3423
16.06667 352.6229 245.6247 353.3852
16.1 352.6626 245.5052 353.406
16.1 352.7094 245.3576 353.4237
16.1 352.7491 245.182 353.4331
16.13333 352.7565 245.0178 353.4377
16.13333 352.742 244.8508 353.4526
16.16667 352.741 244.6889 353.4224
16.16667 352.7451 244.5751 353.4312
16.16667 352.7407 244.4546 353.437
16.2 352.7618 244.3313 353.4775
16.2 352.7479 244.2493 353.52
16.23333 352.7812 244.1293 353.5807
16.23333 352.8314 244.0044 353.6291
16.26667 352.8999 243.8665 353.6898
16.26667 352.9732 243.6827 353.7956
16.26667 353.0277 243.4972 353.8343
16.3 353.0296 243.3174 353.893
16.3 353.05 243.0791 354.0341
16.33333 353.0239 242.8412 354.0685
16.33333 352.9854 242.6796 354.0613
16.33333 352.9107 242.4982 354.0245
16.36667 352.8621 242.3409 353.9304
16.36667 352.8097 242.1908 353.8629
16.4 352.752 241.9557 353.8884
16.4 352.7036 241.7666 353.9359
16.43333 352.6612 241.6033 353.9929
16.43333 352.6111 241.42 354.0707
16.43333 352.5548 241.269 354.1224
16.46667 352.525 241.1342 354.1898
16.46667 352.4898 241.0519 354.2416
16.5 352.4605 240.985 354.2639
16.5 352.4508 240.9265 354.311
16.5 352.4401 240.8519 354.3602
16.53333 352.4038 240.7747 354.3643
16.53333 352.3582 240.7026 354.392
16.56667 352.3198 240.6012 354.4685
16.56667 352.3233 240.4585 354.5528
16.6 352.2925 240.3372 354.6308
16.6 352.2928 240.1725 354.7528
16.6 352.2825 239.9796 354.8532
16.63333 352.2312 239.7091 355.0047
16.63333 352.1505 239.3452 355.1454
16.66667 352.1031 238.9886 355.1317
16.66667 352.021 238.6326 355.1099
16.66667 352.0186 238.2503 355.1175
16.7 352.0388 237.8095 355.1489
16.7 352.0594 237.3021 355.2206
16.73333 352.0572 236.6589 355.2079
16.73333 351.9184 236.0387 355.0054
16.76667 351.7896 235.4554 354.856
16.76667 351.6956 234.6364 354.8749
16.76667 351.581 233.8772 354.8508
16.8 351.4788 233.2788 354.7737
16.8 351.3838 232.558 354.6985
16.83333 351.3304 231.9149 354.5709
16.83333 351.2209 231.4065 354.4007
16.83333 351.1036 230.733 354.3047
16.86667 350.9744 230.1277 354.2614
16.86667 350.9174 229.4967 354.1588
16.9 350.8524 228.8337 354.0107
16.9 350.8684 228.3293 353.9798
16.93333 350.9382 227.7854 353.9752
16.93333 350.932 227.191 353.8828
16.93333 350.8624 226.6568 353.8249
16.96667 350.8784 226.1819 353.859
16.96667 350.932 225.731 353.8767
17 350.9813 225.3006 353.8889
17 350.984 224.9059 353.9168
17.03333 350.9082 224.5158 353.8705
17.03333 350.8197 224.0782 353.8611
17.03333 350.8062 223.7193 353.8805
17.06667 350.8433 223.3758 353.8346
17.06667 350.8846 223.0311 353.7828
17.1 350.8865 222.8102 353.7551
17.1 350.8458 222.588 353.7017
17.1 350.8275 222.4056 353.6777
17.13333 350.8634 222.2751 353.6482
17.13333 350.8962 222.1602 353.6521
17.16667 350.9183 222.0629 353.6472
17.16667 350.9289 221.9957 353.6435
17.2 350.9136 221.9716 353.6454
17.2 350.9319 221.9548 353.6542
17.2 350.9388 221.9455 353.6368
17.23333 350.9982 221.9734 353.6111
17.23333 351.0517 222.0296 353.5739
17.26667 351.0924 222.1326 353.5826
17.26667 351.1382 222.2951 353.5938
17.26667 351.2305 222.5184 353.6322
17.3 351.3217 222.7413 353.6758
17.3 351.4092 223.0645 353.6741
17.33333 351.4714 223.4502 353.6346
17.33333 351.5429 223.8418 353.6048
17.36667 351.6017 224.3766 353.5291
17.36667 351.6447 224.8869 353.4196
17.36667 351.7338 225.4819 353.3022
17.4 351.8529 226.1504 353.1769
17.4 351.9669 226.7485 353.0978
17.43333 352.0992 227.485 352.9689
17.43333 352.193 228.2162 352.8889
17.43333 352.2925 228.9167 352.8636
17.46667 352.4199 229.7229 352.8044
17.46667 352.5484 230.4778 352.7923
17.5 352.6692 231.2073 352.8262
17.5 352.7465 232.1242 352.7865
17.53333 352.8014 233.0607 352.7086
17.53333 352.9213 234.0489 352.5985
17.53333 353.0711 234.955 352.4915
17.56667 353.241 235.9278 352.478
17.56667 353.3613 236.7782 352.5525
17.6 353.4084 237.5712 352.6536
17.6 353.3765 238.5676 352.738
17.6 353.3153 239.412 352.8073
17.63333 353.2563 240.484 352.8905
17.63333 353.2403 241.5348 353.0038
17.66667 353.2465 242.3356 353.1287
17.66667 353.252 243.3342 353.3178
17.7 353.2162 244.3713 353.5086
17.7 353.1469 245.296 353.6501
17.7 353.0848 246.2323 353.7736
17.73333 353.0558 247.029 353.9249
17.73333 353.0723 247.8953 354.0786
17.76667 353.0094 248.689 354.2481
17.76667 352.965 249.4206 354.4309
17.8 352.9128 250.2181 354.5683
17.8 352.8683 250.9659 354.6949
17.8 352.8266 251.636 354.8013
17.83333 352.7805 252.4295 354.9216
17.83333 352.6879 253.2007 354.9984
17.86667 352.5771 253.9951 355.1071
17.86667 352.4868 254.9249 355.2732
17.86667 352.448 255.817 355.4641
17.9 352.425 256.5267 355.615
17.9 352.4051 257.4139 355.7807
17.93333 352.4128 258.3043 356.0139
17.93333 352.4032 259.024 356.1989
17.96667 352.3303 259.875 356.4284
17.96667 352.2434 260.8253 356.6234
17.96667 352.1741 261.5236 356.7872
18 352.1502 262.3724 357.0049
18 352.1511 263.2115 357.1828
18.03333 352.1588 264.0308 357.3394
18.03333 352.1448 264.7989 357.4689
18.03333 352.1591 265.6444 357.6257
18.06667 352.1648 266.4602 357.735
18.06667 352.1995 267.4008 357.8079
18.1 352.2544 268.2827 357.8807
18.1 352.3205 269.3054 357.9973
18.1 352.3512 270.0754 358.0933
18.13333 352.3904 270.964 358.2028
18.13333 352.4146 271.9421 358.3174
18.16667 352.4123 272.6638 358.4005
18.16667 352.4004 273.5894 358.4688
18.2 352.4176 274.4691 358.481
18.2 352.4422 275.2702 358.4959
18.2 352.5077 276.1926 358.5798
18.23333 352.5565 276.8803 358.6622
18.23333 352.6039 277.789 358.7073
18.26667 352.6251 278.6834 358.7685
18.26667 352.6757 279.5897 358.8729
18.3 352.7249 280.463 359.0451
18.3 352.7723 281.2639 359.2567
18.3 352.7795 282.069 359.444
18.33333 352.764 282.8622 359.576
18.33333 352.7316 283.6443 359.6664
18.36667 352.7293 284.4053 359.7452
18.36667 352.7128 285.1446 359.9097
18.36667 352.7041 285.8076 0.05656974
18.4 352.6289 286.4741 0.2015565
18.4 352.5275 287.221 0.3150047
18.43333 352.4578 287.789 0.3769599
18.43333 352.386 288.4187 0.4331306
18.43333 352.3008 289.0918 0.547105
18.46667 352.25 289.5905 0.6225228
18.46667 352.2432 290.1497 0.6968988
18.5 352.2835 290.738 0.7095093
18.5 352.3376 291.3806 0.6671818
18.53333 352.3849 292.1049 0.6374365
18.53333 352.4177 292.7564 0.5957366
18.53333 352.5038 293.4449 0.5685369
18.56667 352.618 294.2543 0.5627368
18.56667 352.7473 294.8329 0.5762267
18.6 352.9471 295.5429 0.5592482
18.6 353.1707 296.2461 0.4815939
18.63333 353.3081 296.8193 0.3846807
18.63333 353.4319 297.6084 0.226912
18.66667 353.5118 298.2948 0.1146399
18.66667 353.5806 298.932 0.01659017
18.66667 353.6522 299.6315 359.9481
18.7 353.7664 300.315 359.9392
18.7 353.9111 301.0052 359.9373
18.7 354.042 301.713 359.9246
18.73333 354.1238 302.3675 359.9163
18.73333 354.1866 303.0858 359.9237
18.76667 354.2215 303.6474 359.9116
18.76667 354.2084 304.3762 359.9271
18.8 354.184 304.8807 359.9423
18.8 354.1291 305.458 359.9727
18.8 354.0785 306.09 0.02719887
18.83333 354.02 306.6431 0.07131256
18.83333 353.9503 307.2958 0.1443926
18.86667 353.8928 307.9048 0.2120927
18.86667 353.8116 308.5262 0.2431805
18.86667 353.7181 309.1528 0.2767628
18.9 353.6192 309.7676 0.332516
18.9 353.4923 310.3975 0.4413607
18.93333 353.3792 311.0043 0.6182182
18.93333 353.1977 311.658 0.7696448
18.96667 353.0631 312.2764 0.9531737
18.96667 352.961 312.9738 1.154427
18.96667 352.8243 313.7499 1.337616
19 352.7357 314.4316 1.521777
19 352.5956 315.2336 1.700535
19.03333 352.5384 315.8211 1.841476
19.03333 352.4469 316.4919 2.026915
19.03333 352.3517 317.2493 2.218928
19.06667 352.2696 317.8146 2.339031
19.06667 352.2779 318.4529 2.594413
19.1 352.2624 319.0792 2.816714
19.1 352.2773 319.5541 2.948591
19.13333 352.3422 320.1757 3.117087
19.13333 352.3728 320.8134 3.159866
19.13333 352.3758 321.354 3.197364
19.16667 352.3691 321.8963 3.242067
19.16667 352.36 322.3902 3.315552
19.2 352.3137 322.8449 3.406581
19.2 352.2744 323.315 3.479773
19.2 352.236 323.7967 3.612307
19.23333 352.1913 324.2645 3.706856
19.23333 352.164 324.7407 3.79431
19.26667 352.1797 325.2053 3.89668
19.26667 352.24 325.6642 3.977608
19.3 352.2898 326.1224 4.007047
19.3 352.2904 326.522 3.968751
19.3 352.2731 326.9482 3.89801
19.33333 352.286 327.3092 3.851519
19.33333 352.283 327.6066 3.849099
19.36667 352.3066 327.9552 3.896307
19.36667 352.3404 328.2833 3.961579
19.36667 352.4056 328.6133 4.019282
19.4 352.502 328.9507 4.044404
19.4 352.5777 329.2309 4.058703
19.43333 352.6874 329.5722 4.035803
19.43333 352.7573 329.8564 4.020001
19.46667 352.8166 330.1018 4.022477
19.46667 352.8566 330.3531 4.036764
19.46667 352.8996 330.6049 4.004012
19.5 352.9415 330.8672 3.930435
19.5 353.0219 331.1124 3.881176
19.53333 353.1552 331.3411 3.810154
19.53333 353.2516 331.5974 3.75381
19.56667 353.3617 331.8218 3.666995
19.56667 353.4829 332.0942 3.576834
19.56667 353.5663 332.3594 3.538064
19.6 353.6587 332.5562 3.498648
19.6 353.806 332.7606 3.462694
19.63333 353.956 333.0012 3.410117
19.63333 354.0809 333.158 3.325882
19.63333 354.2061 333.3182 3.242737
19.66667 354.2927 333.4894 3.109572
19.66667 354.3207 333.5975 2.985707
19.7 354.3436 333.7096 2.868078
19.7 354.4179 333.8144 2.735245
19.73333 354.4439 333.8956 2.644778
19.73333 354.4258 333.9842 2.612679
19.73333 354.4261 334.0758 2.574553
19.76667 354.4425 334.1738 2.564406
19.76667 354.4017 334.3073 2.553676
19.8 354.3943 334.4816 2.51742
19.8 354.4205 334.7248 2.485579
19.83333 354.4742 334.9537 2.496484
19.83333 354.572 335.2226 2.524093
19.83333 354.6489 335.5197 2.520477
19.86667 354.6744 335.8961 2.483808
19.86667 354.7175 336.3047 2.400447
19.9 354.8269 336.6401 2.346535
19.9 354.9855 336.9259 2.348544
19.9 355.1982 337.283 2.395765
19.93333 355.3343 337.6092 2.405428
19.93333 355.4201 337.8965 2.384476
19.96667 355.456 338.2279 2.282629
19.96667 355.4546 338.4611 2.198511
19.96667 355.4349 338.627 2.137821
20 355.4107 338.777 2.086068
20 355.4293 338.8906 2.094483
20.03333 355.44 338.9795 2.119081
20.03333 355.4105 339.0676 2.172075
20.06667 355.3077 339.2739 2.132462
20.06667 355.2638 339.4608 2.045504
20.06667 355.2303 339.7007 1.975351
20.1 355.2022 339.9137 1.943274
20.1 355.1939 340.0822 1.950126
20.13333 355.1989 340.3062 1.945014
20.13333 355.2036 340.5607 1.92994
20.16667 355.2448 340.8039 1.890368
20.16667 355.2761 341.0391 1.863321
20.16667 355.3192 341.2724 1.894009
20.2 355.3012 341.4355 1.896767
20.2 355.1941 341.5566 1.927998
20.23333 354.9885 341.645 1.96731
20.23333 354.7845 341.696 2.055287
20.23333 354.6367 341.78 2.149284
20.26667 354.5714 341.8961 2.217535
20.26667 354.5663 342.0039 2.246017
20.3 354.5631 342.1865 2.237837
20.3 354.5717 342.3304 2.190675
20.3 354.5734 342.4712 2.125018
20.33333 354.5779 342.6002 2.045379
20.33333 354.6071 342.6798 1.98476
20.36667 354.724 342.7594 1.947512
20.36667 354.8835 342.8227 1.912059
20.4 355.0663 342.908 1.790409
20.4 355.2606 343.0052 1.605542
20.4 355.4255 343.0938 1.465064
20.43333 355.5588 343.1664 1.307996
20.43333 355.6792 343.2263 1.133499
20.46667 355.7933 343.2541 0.9749252
20.46667 355.8914 343.2575 0.8357342
20.46667 355.9836 343.2239 0.7129968
20.5 356.0946 343.1772 0.5902988
20.5 356.1662 343.1619 0.4676273
20.53333 356.2475 343.1436 0.2780065
20.53333 356.3378 343.1605 0.06915902
20.56667 356.4223 343.1769 359.8954
20.56667 356.5275 343.1435 359.6973
20.56667 356.5924 343.0849 359.576
20.6 356.626 343.0245 359.4569
20.6 356.6622 342.9652 359.3057
20.63333 356.7053 342.9199 359.2202
20.63333 356.7399 342.8395 359.1548
20.66667 356.7536 342.7576 359.1211
20.66667 356.7697 342.6485 359.1162
20.66667 356.771 342.5948 359.0568
20.7 356.7849 342.532 359.0137
20.7 356.7997 342.5049 358.9912
20.73333 356.8094 342.4719 358.9722
20.73333 356.7992 342.4329 358.9583
20.73333 356.7623 342.347 358.9673
20.76667 356.7693 342.2849 358.9678
20.76667 356.7769 342.251 358.9692
20.8 356.8185 342.2195 358.9008
20.8 356.8756 342.1835 358.8578
20.83333 356.9755 342.1047 358.8376
20.83333 357.0263 341.982 358.8285
20.83333 357.0255 341.8753 358.7846
20.86667 356.9714 341.7671 358.6811
20.86667 356.9091 341.6837 358.5633
20.9 356.8974 341.53 358.4482
20.9 356.952 341.3713 358.3869
20.9 357.0186 341.2063 358.334
20.93333 357.0374 341.056 358.2966
20.93333 357.0294 340.9095 358.2505
20.96667 357.0316 340.779 358.1929
20.96667 357.0258 340.6863 358.1564
21 357.0392 340.5732 358.0846
21 357.0882 340.4962 357.9998
21 357.1985 340.4366 357.9185
21.03333 357.32 340.4286 357.8079
21.03333 357.4355 340.4751 357.7243
21.06667 357.5847 340.511 357.6401
21.06667 357.738 340.5531 357.5587
21.06667 357.8307 340.5261 357.5484
21.1 357.855 340.4582 357.6104
21.1 357.8671 340.3518 357.6395
21.13333 357.9058 340.2473 357.5968
21.13333 357.965 340.1558 357.5788
21.16667 358.0653 340.0687 357.4628
21.16667 358.1696 340.0076 357.3136
21.16667 358.2794 339.9644 357.152
21.2 358.4264 339.8805 356.972
21.2 358.5907 339.79 356.761
21.23333 358.7268 337.7268 356.5872
21.23333 358.8946 335.6391 356.4059
21.26667 359.0378 333.5235 356.2327
21.26667 359.135 331.4168 356.1222
21.3 359.2305 329.3143 356.0036
21.3 359.3177 327.263 355.8919
21.33333 359.5909 325.1319 355.5518
21.33333 359.5566 323.2064 355.627
21.36667 359.5575 321.3105 355.7183
21.36667 359.7367 319.2944 355.6437
21.4 359.6966 317.3605 355.7202
21.4 359.7477 315.4767 355.6695
21.43333 359.8006 313.6711 355.5768
21.43333 359.9644 311.9055 355.4344
21.46667 359.9412 309.9037 355.483
21.46667 359.9435 307.9341 355.5125
21.5 359.9217 305.9612 355.5319
21.5 359.8836 304.0153 355.5482
21.53333 359.7617 301.8934 355.6338
21.56667 359.6456 299.8942 355.6543
21.56667 359.5058 297.8506 355.7676
21.6 359.3238 295.794 355.9095
21.63333 359.307 293.7528 355.9216
21.66667 359.2793 291.6085 356.0343
21.7 359.2011 289.3505 356.0674
21.7 359.1519 287.03 355.9845
21.73333 359.116 284.6572 355.8532
21.76667 359.0142 282.1577 355.8256
21.8 358.8419 279.531 355.8305
21.83333 358.4689 276.7999 355.8646
21.86667 358.2192 274.2267 355.9244
21.86667 358.0413 271.7848 355.9961
21.9 357.7735 270.4512 356.2112
21.93333 357.4186 272.1385 356.4846
21.96667 357.0324 274.0289 356.6387
22 356.8018 275.9239 356.9806
22.03333 356.6555 277.6735 357.4579
22.06667 356.6988 279.4008 357.8258
22.06667 356.7776 281.0914 358.0567
22.1 356.8159 282.7753 358.1347
22.13333 356.8443 284.449 358.082
22.16667 356.7238 286.032 358.0937
22.2 356.5483 287.6975 357.8715
22.23333 356.4357 289.2739 357.8967
22.23333 356.2606 290.508 358.2681
22.26667 356.0096 291.7835 358.4846
22.3 355.8358 293.1079 358.52
22.33333 355.7051 294.3282 358.6696
22.36667 355.7246 295.4963 358.639
22.4 355.7392 296.8185 358.4962
22.4 355.7551 298.15 358.3035
22.43333 356.1532 300.2229 357.9599
22.46667 356.649 301.3846 357.4789
22.46667 356.697 302.7952 357.0573
22.5 356.6566 303.9928 356.7321
22.53333 356.6102 305.0811 356.6141
22.56667 356.6584 306.4125 356.4573
22.6 356.642 307.7466 356.4284
22.63333 356.442 309.2129 356.3608
22.63333 356.1424 310.7882 356.3094
22.66667 355.8684 312.2338 356.3226
22.7 355.7626 314.233 356.4556
22.73333 355.5863 315.3536 356.4726
22.73333 355.4731 316.8277 356.4193
22.76667 355.2323 318.2945 356.2792
22.8 355.0888 319.7227 356.1933
22.83333 354.9692 321.2145 356.1617
22.83333 355.052 323.1964 356.1888
22.86667 354.9813 324.3938 356.192
22.9 354.8987 325.7832 356.3138
22.93333 354.8016 327.2061 356.4655
22.96667 354.6892 328.5567 356.629
22.96667 354.6289 329.9903 356.7959
23 354.6927 330.502 356.8506
23.03333 354.7644 327.7379 356.9917
23.06667 354.8127 325.1678 357.1348
23.06667 354.8483 322.6006 357.2081
23.1 354.8797 320.0648 357.0111
23.13333 354.8855 317.4767 356.8483
23.16667 354.7661 314.768 356.8689
23.2 354.6001 312.0874 356.8386
23.23333 354.4749 309.4442 356.8116
23.23333 354.3318 306.6049 356.8264
23.26667 354.2597 303.8575 356.7964
23.3 354.1551 301.0594 356.738
23.33333 354.111 298.4032 356.5942
23.33333 354.1223 295.6955 356.4102
23.36667 354.241 293.8002 356.2362
23.4 354.2862 290.9563 355.8708
23.43333 354.2055 288.5302 355.6281
23.46667 354.0852 286.1798 355.463
23.46667 354.0213 283.725 355.3541
23.5 354.017 281.8273 355.4323
23.53333 353.9056 279.3036 355.3783
23.56667 353.9291 277.034 355.4569
23.56667 353.8417 274.8166 355.4542
23.6 353.7006 272.6703 355.4059
23.63333 353.6441 271.3748 355.4273
23.66667 353.6447 273.1129 355.6267
23.7 353.5463 274.9186 355.7751
23.73333 353.3595 276.7986 355.8013
23.73333 353.2373 278.672 355.9561
23.76667 353.1286 280.5472 356.097
23.8 353.2014 282.6258 356.1405
23.83333 353.1507 284.652 356.1458
23.83333 353.0147 286.541 356.2965
23.86667 353.0573 288.5815 356.3206
23.86667 353.0645 290.5801 356.4026
23.9 353.0609 292.579 356.4789
23.9 352.9902 294.5399 356.6345
23.93333 352.8581 296.4167 356.8853
23.93333 352.8277 298.4098 356.8436
23.96667 352.7239 300.3344 356.8113
23.96667 352.5806 302.158 356.906
24 352.5967 304.0905 356.8851
24 352.5746 305.9717 356.8982
24.03333 352.56 307.9065 356.8575
24.03333 352.7165 309.9238 356.5727
24.06667 352.9298 311.7285 356.356
24.06667 352.9945 313.6766 356.3237
24.1 353.009 315.5866 356.1723
24.1 352.9995 317.4858 356.0222
24.13333 352.981 319.3045 355.8553
24.13333 353.0247 320.9349 355.5445
24.16667 353.0013 322.8894 355.5507
24.16667 352.9936 324.7452 355.4651
24.2 352.9674 326.6091 355.3789
24.2 352.9271 328.5472 355.3138
24.23333 352.8909 330.5604 355.2477
24.23333 352.8234 332.396 355.0366
24.26667 352.8001 334.4309 355.1311
24.26667 352.7335 336.392 355.1845
24.3 352.6206 337.3463 355.3069
24.3 352.454 337.3247 355.3747
24.33333 352.4611 337.4064 355.4098
24.33333 352.3909 337.4673 355.4643
24.33333 352.3275 337.5233 355.5352
24.36667 352.2714 337.5415 355.6112
24.36667 352.2192 337.531 355.7
24.4 352.1595 337.5145 355.7784
24.4 352.0865 337.507 355.8055
24.43333 352.0208 337.4679 355.8546
24.43333 351.9604 337.4306 355.8661
24.43333 351.9158 337.4149 355.8315
24.46667 351.9 337.4012 355.802
24.46667 351.912 337.3936 355.7391
24.5 351.9116 337.3839 355.6995
24.5 351.9186 337.3624 355.6911
24.5 351.9344 337.3546 355.6751
24.53333 351.9326 337.3508 355.6435
24.53333 351.9608 337.3472 355.6271
24.56667 351.9811 337.3315 355.6044
24.56667 352.0176 337.3186 355.5674
24.6 352.0391 337.3213 355.522
24.6 352.0504 337.3391 355.4727
24.6 352.0875 337.3291 355.419
24.63333 352.1337 337.308 355.3939
24.63333 352.1623 337.2688 355.4029
24.66667 352.1547 337.1465 355.556
24.66667 352.1359 337.0314 355.7233
24.7 352.0967 336.9351 355.8147
24.7 352.0494 336.8901 355.7416
24.7 352.0514 336.8643 355.5979
24.73333 352.097 336.843 355.4796
24.73333 352.1918 336.8157 355.3607
24.76667 352.3073 336.7843 355.2582
24.76667 352.4091 336.7906 355.1633
24.76667 352.5316 336.8069 355.0706
24.8 352.5953 336.8138 355.0105
24.8 352.6312 336.8131 354.94
24.83333 352.6915 336.7754 354.8923
24.83333 352.7628 336.7363 354.8624
24.86667 352.783 336.7412 354.8066
24.86667 352.8019 336.7497 354.7148
24.86667 352.8134 336.7218 354.6674
24.9 352.8492 336.6976 354.6353
24.9 352.8827 336.6751 354.608
24.93333 352.8871 336.6512 354.5945
24.93333 352.9196 334.6695 354.5688
24.93333 352.9715 332.6958 354.5341
24.96667 353.0324 330.7474 354.4865
24.96667 353.0727 328.7884 354.4404
25 353.1028 326.8317 354.3899
25.03333 353.0306 324.8564 354.4534
25.03333 352.9637 322.9267 354.5107
25.06667 352.9256 320.9498 354.5688
25.06667 352.8777 319.0073 354.6409
25.1 352.811 317.0508 354.7842
25.1 352.6141 315.2002 355.1147
25.13333 352.653 313.157 355.0527
25.13333 352.6242 311.2318 355.1234
25.16667 352.5903 309.309 355.1771
25.16667 352.4637 307.5064 355.3524
25.2 352.4072 305.6077 355.4938
25.2 352.4581 303.6534 355.4054
25.23333 352.3891 301.8685 355.4771
25.23333 352.4117 299.7802 355.4317
25.26667 352.3488 297.7865 355.498
25.26667 352.269 295.7413 355.5888
25.3 352.149 293.8256 355.6857
25.3 352.1671 291.8357 355.617
25.33333 352.1641 289.8744 355.5945
25.33333 352.1554 287.8976 355.6203
25.36667 352.1381 285.903 355.6429
25.36667 352.1352 283.8594 355.6965
25.4 352.0462 281.837 355.7766
25.4 352.0405 279.8166 355.7158
25.43333 352.0272 277.8306 355.6593
25.43333 352.0313 275.8214 355.6024
25.46667 352.0566 273.7881 355.5673
25.5 352.057 271.7364 355.5697
25.5 352.1305 271.3748 355.5435
25.53333 352.1914 271.4283 355.4286
25.53333 352.252 271.4962 355.3582
25.53333 352.2914 271.5405 355.2805
25.56667 352.3158 271.5761 355.2462
25.56667 352.3616 271.5864 355.2337
25.6 352.4114 273.6081 355.231
25.6 352.4444 275.6478 355.2146
25.6 352.4747 277.7108 355.1831
25.63333 352.4918 279.757 355.1877
25.63333 352.4971 281.8098 355.2114
25.66667 352.4917 283.8711 355.2542
25.7 352.4583 285.9699 355.3851
25.7 352.4142 288.1804 355.4914
25.73333 352.3644 290.1734 355.5432
25.73333 352.3352 292.2563 355.5923
25.76667 352.3242 294.3248 355.666
25.76667 352.3299 296.4919 355.8293
25.8 352.3453 298.4469 355.8723
25.8 352.341 300.4311 355.9623
25.83333 352.2906 302.3101 356.0355
25.83333 352.1483 304.4125 355.8921
25.86667 352.2665 306.5478 355.6016
25.9 352.6832 308.4121 355.6068
25.9 352.7848 310.4608 355.6311
25.93333 352.4379 312.4796 355.6365
25.93333 352.308 314.3875 355.6381
25.96667 352.2684 316.2562 355.6302
25.96667 352.2958 318.0533 355.6134
26 352.2477 319.7957 355.556
26 352.3028 321.7845 355.5138
26.03333 352.3157 323.7148 355.4285
26.03333 352.2922 325.5065 355.2881
26.06667 352.3288 327.5008 355.2689
26.06667 352.3504 329.4516 355.2376
26.1 352.3623 331.4264 355.2424
26.1 352.3932 333.4623 355.2732
26.13333 352.5026 335.4525 355.2067
26.13333 352.5505 337.5324 355.2037
26.16667 352.6508 338.4503 355.1809
26.16667 352.7085 338.5392 355.1694
26.16667 352.7956 338.6176 355.1409
26.2 352.759 338.6006 355.1869
26.2 352.7727 338.5913 355.223
26.23333 352.7586 338.5692 355.2678
26.23333 352.7512 338.5442 355.3088
26.23333 352.7562 338.5375 355.3222
26.26667 352.7068 338.5104 355.3305
26.26667 352.7063 338.4695 355.3286
26.3 352.6917 338.4798 355.2618
26.3 352.7029 338.4449 355.2573
26.3 352.7518 338.3892 355.2599
26.33333 352.814 338.3488 355.2481
26.33333 352.8636 338.3207 355.2104
26.36667 352.9331 338.2815 355.1458
26.36667 352.9847 338.2591 355.099
26.36667 353.0265 338.2134 355.0699
26.4 353.0417 338.1751 355.0345
26.4 353.0517 338.1311 355.0123
26.43333 353.0592 338.1075 354.9872
26.43333 353.0769 338.0948 354.9472
26.46667 353.1089 338.1082 354.8849
26.46667 353.1196 338.115 354.8418
26.46667 353.1452 338.1024 354.8322
26.5 353.1619 338.0881 354.8303
26.5 353.1819 338.0802 354.8243
26.53333 353.2042 338.0794 354.8242
26.53333 353.2124 338.092 354.7957
26.53333 353.2156 338.0971 354.7958
26.56667 353.2129 338.1215 354.7833
26.56667 353.2125 338.1267 354.7943
26.6 353.2073 338.1335 354.8128
26.6 353.1901 338.1292 354.8359
26.63333 353.1506 338.1299 354.8673
26.63333 353.1209 338.1151 354.8873
26.63333 353.0868 338.1024 354.9193
26.66667 353.0581 338.1175 354.9405
26.66667 353.0286 338.1034 354.963
26.7 352.9944 338.0912 355.0067
26.7 352.9681 338.084 355.0635
26.7 352.9499 338.0933 355.0848
26.73333 352.9439 338.1227 355.1028
26.73333 352.9339 338.1394 355.128
26.76667 352.933 338.1436 355.1711
26.76667 352.9401 338.1472 355.1857
26.8 352.9451 338.157 355.1887
26.8 352.9582 338.1819 355.151
26.8 352.9876 338.1981 355.1059
26.83333 353.0106 338.1767 355.0731
26.83333 353.0177 338.1317 355.0825
26.86667 353.0208 338.101 355.0882
26.86667 353.0105 338.0639 355.1045
26.86667 352.9988 338.0416 355.0886
26.9 353.0145 338.0492 355.0483
26.9 353.0393 338.0678 355.0133
26.93333 353.0625 338.0864 354.9855
26.93333 353.0658 338.0756 355.003
26.96667 353.0665 338.081 355.0276
26.96667 353.0655 338.084 355.0414
26.96667 353.0703 338.119 355.0146
27 353.092 338.1371 355.0033
27 353.0832 338.1514 355.001
27.03333 353.087 338.1427 355.0332
27.03333 353.0843 338.1128 355.0749
27.03333 353.0599 338.1062 355.0944
27.06667 353.068 338.1138 355.0502
27.06667 353.0818 338.1133 355.0284
27.1 353.0639 338.0793 355.0404
27.1 353.0371 338.0379 355.08
27.13333 352.9898 337.9726 355.138
27.13333 352.9569 337.9421 355.1421
27.13333 352.9643 337.9391 355.096
27.16667 352.9854 337.9388 355.034
27.16667 353.007 337.9266 355.0076
27.2 353.0183 337.8904 354.9864
27.2 353.0039 337.8501 354.9923
27.23333 352.9874 337.8174 355.016
27.23333 352.9785 337.7909 354.9848
27.23333 352.973 337.7524 354.9415
27.26667 352.9828 337.7236 354.8925
27.26667 352.9965 337.6642 354.8578
27.3 353.0024 337.5945 354.8365
27.3 353.0199 337.5287 354.8152
27.3 353.0549 337.5226 354.777
27.33333 353.0802 337.5041 354.724
27.33333 353.1111 337.4963 354.6777
27.36667 353.1215 337.4787 354.6573
27.36667 353.125 337.4603 354.6495
27.4 353.1324 337.4467 354.6292
27.4 353.1458 337.4295 354.6004
27.4 353.1555 337.4241 354.5881
27.43333 353.1575 337.4135 354.5677
27.43333 353.152 337.4094 354.5593
27.46667 353.1663 337.4158 354.5358
27.46667 353.1813 337.4324 354.4929
27.46667 353.1907 337.4281 354.4692
27.5 353.1968 337.4239 354.4622
27.5 353.1857 337.3966 354.4674
27.53333 353.1701 337.3634 354.4903
27.53333 353.1534 337.3466 354.4934
27.56667 353.1284 337.3342 354.5
27.56667 353.1064 335.3186 354.5229
27.56667 353.07 333.2905 354.5615
27.6 353.0317 331.2802 354.6007
27.6 353.0288 329.2627 354.6386
27.63333 353.0118 327.2701 354.6499
27.63333 353.0007 325.2911 354.644
27.66667 353.0045 323.3154 354.6225
27.66667 353.0527 321.3442 354.6377
27.7 353.0781 319.3799 354.7054
27.7 353.0675 317.4036 354.6938
27.73333 353.0401 315.4628 354.6736
27.73333 353.0406 313.5431 354.6342
27.76667 353.0483 311.5233 354.6269
27.76667 353.049 309.5027 354.6364
27.8 353.0552 307.4911 354.624
27.8 353.0629 305.4707 354.6097
27.83333 353.0748 303.4478 354.5894
27.86667 353.0909 301.42 354.5556
27.86667 353.0808 299.4261 354.5537
27.9 353.0468 297.3931 354.5679
27.9 352.9947 295.3674 354.5308
27.9 352.9941 293.3961 354.462
27.93333 352.9929 291.401 354.4236
27.93333 352.9836 289.3992 354.4429
27.96667 352.9934 287.3947 354.4372
28 352.9257 285.3336 354.552
28 352.8116 283.2289 354.6835
28.03333 352.7888 281.2484 354.7005
28.03333 352.7758 279.3053 354.703
28.06667 352.6869 277.3093 354.8258
28.06667 352.6678 275.3239 354.913
28.06667 352.6642 273.3652 354.9785
28.1 352.6823 271.4733 355.0108
28.13333 352.7342 271.3748 354.9637
28.13333 352.7922 271.4787 354.9143
28.13333 352.7655 271.5291 355.0483
28.16667 352.7294 271.4223 355.1302
28.16667 352.7216 271.3816 355.1653
28.16667 352.7286 271.3648 355.1368
28.2 352.743 271.3463 355.0711
28.2 352.7366 271.3284 355.0154
28.23333 352.7285 271.3335 354.9506
28.23333 352.7739 271.3534 354.8382
28.23333 352.8654 271.3492 354.8303
28.26667 352.9386 271.3358 354.8708
28.26667 352.9386 271.3728 354.9036
28.3 352.8859 271.4263 354.8622
28.3 352.8872 271.4372 354.7813
28.33333 352.9881 271.3944 354.719
28.33333 353.0507 271.3173 354.682
28.33333 353.0898 271.2544 354.6819
28.36667 353.1013 271.2075 354.6911
28.36667 353.1165 271.1926 354.6814
28.4 353.1641 271.2485 354.6452
28.4 353.2114 271.3339 354.5827
28.4 353.2718 271.4441 354.5079
28.43333 353.3065 271.5231 354.5032
28.43333 353.3063 271.5695 354.5522
28.46667 353.2682 271.6137 354.6303
28.46667 353.2452 271.6627 354.7196
28.46667 353.2408 271.7037 354.7654
28.5 353.2377 271.7789 354.7924
28.5 353.2338 271.8445 354.8096
28.53333 353.2253 271.8892 354.8108
28.53333 353.1988 271.9323 354.8321
28.56667 353.1621 271.9306 354.8853
28.56667 353.1048 271.9257 354.9499
28.56667 353.032 271.9016 355.0468
28.6 352.9619 271.8741 355.1149
28.6 352.8745 271.8584 355.1476
28.63333 352.7988 271.8404 355.1737
28.63333 352.7358 271.8244 355.2302
28.66667 352.6793 271.7962 355.2687
28.66667 352.6326 271.7759 355.3145
28.66667 352.5815 271.7695 355.358
28.7 352.5475 271.7502 355.3747
28.7 352.5311 271.7524 355.3724
28.73333 352.5388 271.7401 355.3676
28.73333 352.5471 271.7295 355.3517
28.73333 352.5456 271.7195 355.3324
28.76667 352.5607 271.6702 355.3265
28.76667 352.5515 271.6489 355.3109
28.8 352.5359 271.6371 355.2731
28.8 352.5427 271.6001 355.2199
28.83333 352.5396 271.5684 355.2231
28.83333 352.5283 271.5237 355.2559
28.83333 352.525 271.4983 355.2807
28.86667 352.5173 271.4735 355.3063
28.86667 352.4971 271.4657 355.2935
28.9 352.4737 271.4334 355.3021
28.9 352.4516 271.4253 355.2855
28.9 352.4381 271.409 355.2757
28.93333 352.4231 271.3771 355.2943
28.93333 352.4168 271.3479 355.2943
28.96667 352.373 271.3133 355.2664
28.96667 352.3128 271.3104 355.2635
29 352.2688 271.3039 355.2675
29 352.2358 271.3012 355.2634
29 352.2112 271.3015 355.2629
29.03333 352.2048 271.3041 355.2892
29.03333 352.2216 271.3018 355.3196
29.06667 352.2348 271.3104 355.3389
29.06667 352.2083 271.3472 355.3439
29.1 352.244 271.3499 355.3403
29.1 352.2536 271.4023 355.3463
29.1 352.2604 271.4166 355.3722
29.13333 352.28 271.4508 355.3891
29.13333 352.286 271.5005 355.3775
29.16667 352.2718 271.5277 355.3829
29.16667 352.2625 271.5534 355.4212
29.16667 352.256 271.5725 355.4433
29.2 352.2615 271.5806 355.4585
29.2 352.2682 271.5888 355.4723
29.23333 352.2634 271.5885 355.4757
29.23333 352.2557 271.5643 355.4874
29.26667 352.2473 271.5417 355.5034
29.26667 352.2298 271.5309 355.5097
29.26667 352.1998 271.5052 355.5186
29.3 352.175 271.4917 355.5332
29.3 352.1436 271.4559 355.567
29.33333 352.1404 271.4345 355.5762
29.33333 352.1511 271.4339 355.5705
29.33333 352.1415 271.4245 355.5642
29.36667 352.1575 271.4421 355.5456
29.36667 352.1761 271.4435 355.5298
29.4 352.203 271.4412 355.5432
29.4 352.2086 271.4465 355.5538
29.43333 352.2095 271.4498 355.5558
29.43333 352.1999 271.4503 355.549
29.43333 352.1802 271.4593 355.5446
29.46667 352.1864 271.4503 355.5335
29.46667 352.1903 271.4446 355.515
29.5 352.1995 271.4383 355.5139
29.5 352.2189 271.4342 355.5155
29.5 352.2253 271.4393 355.5204
29.53333 352.2124 271.4293 355.5289
29.53333 352.2007 271.4264 355.5301
29.56667 352.1766 271.4134 355.5526
29.56667 352.1588 271.3645 355.5935
29.6 352.1534 271.3315 355.6291
29.6 352.1299 271.3146 355.6397
29.6 352.1341 271.3143 355.618
29.63333 352.1527 271.3057 355.6111
29.63333 352.1638 271.2943 355.6195
29.66667 352.1647 271.2813 355.608
29.66667 352.1745 271.2728 355.6237
29.66667 352.1732 271.2753 355.6265
29.7 352.179 271.2675 355.6078
29.7 352.1861 271.2712 355.6108
29.73333 352.1935 271.2553 355.6046
29.73333 352.194 271.2525 355.6077
29.76667 352.1754 271.2468 355.6161
29.76667 352.1673 271.2539 355.624
29.76667 352.1519 271.2547 355.6175
29.8 352.1557 271.2686 355.6081
29.8 352.1666 271.285 355.5885
29.83333 352.1712 271.3014 355.5799
29.83333 352.1722 271.3192 355.5901
29.86667 352.1725 271.3127 355.6078
29.86667 352.1788 271.3276 355.6342
29.86667 352.1728 271.3406 355.641
29.9 352.1505 271.3551 355.6611
29.9 352.1296 271.3637 355.6649
29.93333 352.1132 271.3698 355.661
29.93333 352.1085 271.3773 355.6624
29.93333 352.1133 271.3747 355.6562
29.96667 352.1275 271.3694 355.6697
29.96667 352.1245 271.3608 355.676
30 352.126 271.3591 355.6864
30 352.1125 271.3712 355.6726
30.03333 352.1003 271.3663 355.6835
30.03333 352.0875 271.3423 355.7251
30.03333 352.0795 271.3304 355.7497
30.06667 352.0804 271.3151 355.7448
30.06667 352.0753 271.3051 355.7196
30.1 352.07 271.2975 355.719
30.1 352.0777 271.2972 355.6993
30.1 352.0978 271.295 355.6918
30.13333 352.1103 271.2723 355.7255
30.13333 352.1135 271.2551 355.7566
30.16667 352.1147 271.2471 355.7802
30.16667 352.098 271.2553 355.78
30.2 352.0935 271.2551 355.7834
30.2 352.0935 271.2725 355.7725
30.2 352.089 271.2808 355.7747
30.23333 352.0822 271.2912 355.7818
30.23333 352.0833 271.3026 355.8113
30.26667 352.0805 271.3108 355.851
30.26667 352.0913 271.3187 355.8846
30.26667 352.1051 271.3362 355.9064
30.3 352.1225 271.3567 355.9393
30.3 352.1389 271.3558 355.9816
30.33333 352.1532 271.3693 356.0324
30.33333 352.1601 271.3782 356.0966
30.36667 352.1501 271.3905 356.1277
30.36667 352.1527 271.416 356.1274
30.36667 352.1745 271.4442 356.1347
30.4 352.1895 271.4459 356.1426
30.4 352.1777 271.4576 356.1485
30.43333 352.1562 271.4558 356.1565
30.43333 352.1639 271.4623 356.1741
30.46667 352.1783 271.4777 356.1866
30.46667 352.2093 271.4823 356.2019
30.46667 352.2264 271.4611 356.2433
30.5 352.2321 271.4196 356.3264
30.5 352.2114 271.3558 356.4864
30.53333 352.1657 271.3041 356.6905
30.53333 352.1493 271.2871 356.8123
30.53333 352.1026 271.2654 356.8673
30.56667 351.9659 271.2818 356.9937
30.56667 351.9339 271.272 357.0983
30.6 351.9206 271.2773 357.1769
30.6 351.8585 271.3012 357.2337
30.63333 351.8627 271.2565 357.3645
30.63333 351.8438 271.2312 357.4799
30.63333 351.8549 271.2017 357.5401
30.66667 351.8508 271.18 357.6356
30.66667 351.8935 271.1099 357.7983
30.7 351.94 270.9627 358.0325
30.7 351.9133 270.8551 358.1926
30.7 351.7826 270.8264 358.2529
30.73333 351.6405 270.8792 358.2793
30.73333 351.5781 270.9803 358.2928
30.76667 351.621 271.0733 358.3329
30.76667 351.692 271.165 358.4243
30.8 351.7725 271.2709 358.5212
30.8 351.9124 271.4457 358.5697
30.8 352.0402 271.6082 358.6248
30.83333 352.1953 271.7455 358.7458
30.83333 352.3473 271.931 358.843
30.86667 352.4996 272.0871 358.9106
30.86667 352.5787 272.2319 358.8767
30.86667 352.5999 272.351 358.7998
30.9 352.5799 272.4209 358.7416
30.9 352.5154 272.4288 358.6938
30.93333 352.376 272.3471 358.7004
30.93333 352.2731 272.2177 358.8002
30.96667 352.1484 272.0379 358.865
30.96667 352.0367 271.9014 358.9281
30.96667 351.9509 271.7601 358.9581
31 351.9197 271.6758 358.9454
31 351.8983 271.5986 358.9072
31.03333 351.8844 271.5474 358.9233
31.03333 351.6903 271.5617 358.8835
31.03333 351.6484 271.5666 358.897
31.06667 351.6376 271.6696 358.9141
31.06667 351.6773 271.8357 358.8391
31.1 351.7469 271.946 358.8503
31.1 351.8702 271.9944 358.9878
31.13333 351.9456 272.0354 359.0501
31.13333 351.9721 272.1388 359.0365
31.13333 351.9905 272.2249 358.9975
31.16667 351.9976 272.2705 359.0481
31.16667 352.0063 272.2822 359.0719
31.2 352.0162 272.2137 359.0605
31.2 351.9428 272.1501 359.1028
31.2 352.0074 272.0829 359.1195
31.23333 352.0447 272.0398 359.0129
31.23333 351.9935 272.0243 358.9228
31.26667 352.0144 271.9781 358.8661
31.26667 351.9839 271.9263 358.8057
31.3 351.9695 271.8763 358.7613
31.3 351.9463 271.8438 358.6766
31.3 351.9221 271.7953 358.5653
31.33333 351.8629 271.748 358.5279
31.33333 351.8618 271.6633 358.5179
31.36667 351.8772 271.5819 358.559
31.36667 351.9146 271.5043 358.5842
31.4 351.9806 271.4521 358.6016
31.4 352.0981 271.3975 358.5938
31.4 352.1674 271.3946 358.4814
31.43333 352.1223 271.3813 358.3696
31.43333 352.0695 271.3234 358.3401
31.46667 352.0495 271.2381 358.3635
31.46667 352.0235 271.1823 358.361
31.46667 352.0272 271.1176 358.3379
31.5 352.0591 271.0433 358.325
31.5 352.0554 270.9459 358.3029
31.53333 352.025 270.9039 358.2613
31.53333 351.9692 270.8421 358.2195
31.56667 351.9054 270.8209 358.1762
31.56667 351.8488 270.8196 358.1259
31.56667 351.7884 270.809 358.1287
31.6 351.766 270.7942 358.1694
31.6 351.7739 270.7961 358.2038
31.63333 351.8072 270.8255 358.2316
31.63333 351.8302 270.8867 358.2399
31.63333 351.848 270.9484 358.2526
31.66667 351.8839 271.0045 358.2332
31.66667 351.9162 271.049 358.2337
31.7 351.9246 271.0752 358.2793
31.7 351.935 271.0972 358.3116
31.73333 351.9277 271.1408 358.2962
31.73333 351.9092 271.1703 358.2809
31.73333 351.8875 271.1725 358.2844
31.76667 351.8947 271.1587 358.2603
31.76667 351.8795 271.1439 358.2444
31.8 351.867 271.1501 358.2771
31.8 351.8863 271.1369 358.2757
31.8 351.9081 271.1451 358.2685
31.83333 351.9243 271.1555 358.258
31.83333 351.9436 271.1787 358.2239
31.86667 351.9541 271.1906 358.1896
31.86667 351.9341 271.2016 358.1751
31.9 351.9247 271.177 358.2077
31.9 351.912 271.1594 358.2449
31.9 351.8879 271.1624 358.253
31.93333 351.8941 271.1707 358.2271
31.93333 351.9255 271.2003 358.2183
31.96667 351.9502 271.2198 358.2148
31.96667 351.9501 271.2339 358.2103
31.96667 351.9423 271.2319 358.2254
32 351.9084 271.2516 358.2245
32 351.8918 271.2484 358.2132
32.03333 351.8662 271.2525 358.2106
32.03333 351.8289 271.2432 358.2304
32.06667 351.8172 271.2591 358.2428
32.06667 351.8123 271.2776 358.2334
32.06667 351.801 271.312 358.2141
32.1 351.822 271.3519 358.217
32.1 351.8341 271.3775 358.2105
32.13334 351.8365 271.4023 358.2076
32.13334 351.8338 271.4178 358.2096
32.13334 351.8185 271.4183 358.2181
32.16667 351.8217 271.4348 358.2243
32.16667 351.8274 271.4477 358.1967
32.2 351.8344 271.4643 358.1802
32.2 351.8438 271.4631 358.1684
32.23333 351.8417 271.4493 358.1439
32.23333 351.8299 271.4302 358.1621
32.23333 351.8274 271.4063 358.1765
32.26667 351.8171 271.4038 358.1575
32.26667 351.8141 271.4091 358.1346
32.3 351.7812 271.4251 358.1172
32.3 351.7846 271.4399 358.097
32.33333 351.7917 271.4523 358.0688
32.33333 351.7969 271.4596 358.0471
32.33333 351.7934 271.4532 358.0641
32.36666 351.7909 271.4566 358.0974
32.36666 351.8059 271.4693 358.0995
32.4 351.8135 271.5001 358.0828
32.4 351.8118 271.5138 358.0497
32.4 351.8077 271.5204 358.0489
32.43333 351.7937 271.5269 358.0383
32.43333 351.7896 271.5205 358.0563
32.46667 351.7997 271.5223 358.0766
32.46667 351.8149 271.5413 358.0266
32.5 351.7892 271.5513 357.9717
32.5 351.7581 271.5573 357.9624
32.5 351.7604 271.5424 358.0198
32.53333 351.777 271.535 358.0695
32.53333 351.7845 271.5486 358.0831
32.56667 351.7903 271.5737 358.0871
32.56667 351.7639 271.6144 358.0767
32.56667 351.7429 271.6384 358.0838
32.6 351.7445 271.6604 358.0998
32.6 351.7637 271.6962 358.1065
32.63334 351.7338 271.7165 358.0909
32.63334 351.7015 271.7182 358.1397
32.66667 351.6641 271.7335 358.1805
32.66667 351.6481 271.7531 358.1762
32.66667 351.6292 271.7768 358.1616
32.7 351.6096 271.7781 358.1919
32.7 351.6328 271.7805 358.217
32.73333 351.6338 271.7757 358.191
32.73333 351.6101 271.7759 358.1952
32.73333 351.6001 271.7744 358.1615
32.76667 351.6084 271.7686 358.1253
32.76667 351.6346 271.7546 358.1332
32.8 351.6716 271.7453 358.1474
32.8 351.7082 271.7439 358.1509
32.83333 351.7596 271.7662 358.1434
32.83333 351.8112 271.8027 358.0406
32.83333 351.8242 271.8052 357.9815
32.86666 351.8563 271.8032 358.0125
32.86666 351.8714 271.8138 358.0194
32.9 351.8937 271.8292 358.0175
32.9 351.8876 271.8473 358.0087
32.9 351.8924 271.8627 357.9928
32.93333 351.895 271.8822 357.994
32.93333 351.8858 271.8834 357.9818
32.96667 351.8761 271.8772 358.0074
32.96667 351.8644 271.8597 358.0224
33 351.8332 271.8547 358.007
33 351.8124 271.8213 358.0422
33 351.7875 271.7997 358.0693
33.03333 351.7783 271.7734 358.0769
33.03333 351.7656 271.7429 358.0973
33.06667 351.7474 271.7216 358.0963
33.06667 351.7327 271.7112 358.1076
33.1 351.7128 271.6782 358.1243
33.1 351.7094 271.677 358.1224
33.13334 351.6719 271.6665 358.1107
33.13334 351.6608 271.6601 358.1365
33.16667 351.66 271.6848 358.1434
33.16667 351.6708 271.7006 358.1667
33.16667 351.6781 271.7107 358.1859
33.2 351.6703 271.7286 358.1621
33.2 351.6556 271.7391 358.1715
33.23333 351.6557 271.7402 358.2183
33.23333 351.6871 271.7516 358.2513
33.23333 351.7366 271.7835 358.2336
33.26667 351.7649 271.8161 358.2104
33.26667 351.8078 271.8589 358.1828
33.3 351.849 271.8908 358.1541
33.3 351.9066 271.9279 358.1576
33.33333 351.9745 271.9481 358.1887
33.33333 351.993 271.9785 358.1979
33.33333 352.0009 271.9878 358.1945
33.36666 352.0178 272.0107 358.1883
33.36666 352.0195 272.0174 358.18
33.4 352.011 272.0032 358.2129
33.4 351.9747 272.0051 358.2477
33.4 351.9674 272.0193 358.2446
33.43333 351.9724 272.0357 358.2364
33.43333 351.9583 272.0451 358.2244
33.46667 351.9457 272.0609 358.2211
33.46667 351.9259 272.0625 358.2227
33.5 351.898 272.0659 358.2328
33.5 351.8708 272.0445 358.2386
33.5 351.8165 272.0136 358.2413
33.53333 351.732 272.0071 358.1931
33.53333 351.6901 271.9953 358.1498
33.56667 351.6314 271.968 358.1374
33.56667 351.566 271.9208 358.1604
33.56667 351.5274 271.8974 358.1866
33.6 351.4997 271.8721 358.2232
33.6 351.5235 271.8784 358.2168
33.63334 351.5806 271.9032 358.2073
33.63334 351.6822 271.9454 358.1979
33.66667 351.7641 271.9973 358.1792
33.66667 351.8134 272.0441 358.1653
33.66667 351.8708 272.0693 358.1679
33.7 351.9275 272.1112 358.1729
33.7 351.9666 272.1552 358.1854
33.73333 351.9942 272.1985 358.1898
33.73333 352.0275 272.2479 358.1899
33.73333 352.1145 272.3026 358.1466
33.76667 352.1968 272.3588 358.1115
33.76667 352.2683 272.4049 358.0799
33.8 352.3381 272.4305 358.0437
33.8 352.3631 272.4571 358.0364
33.83333 352.36 272.4612 357.9834
33.83333 352.3226 272.438 357.9801
33.83333 352.2574 272.4052 357.9734
33.86666 352.1961 272.3738 357.9504
33.86666 352.1599 272.3333 357.942
33.9 352.1187 272.2844 357.9361
33.9 352.0616 272.2381 357.9176
33.93333 352.0488 272.2287 357.9146
33.93333 352.0418 272.2069 357.8922
33.93333 352.0543 272.2038 357.9116
33.96667 352.0765 272.2133 357.9269
33.96667 352.0757 272.2254 357.9587
34 352.0835 272.2432 357.9948
34 352.1026 272.266 358.0036
34 352.1395 272.2889 357.9889
34.03333 352.1817 272.317 357.9669
34.03333 352.1879 272.3378 357.9314
34.06667 352.161 272.3483 357.9102
34.06667 352.0812 272.3403 357.9106
34.1 352.0047 272.3079 357.9737
34.1 351.9666 272.2901 358.0453
34.1 351.9905 272.3185 358.0798
34.13334 352.0342 272.3838 358.0418
34.13334 352.0818 272.4522 357.9984
34.16667 352.1762 272.5429 357.9691
34.16667 352.256 272.6267 357.9658
34.16667 352.3075 272.6938 357.9793
34.2 352.3205 272.7243 358.018
34.2 352.297 272.7353 358.0679
34.23333 352.2757 272.7381 358.0935
34.23333 352.2349 272.7424 358.0944
34.26667 352.1667 272.7361 358.0943
34.26667 352.157 272.7188 358.1235
34.26667 352.1461 272.7009 358.1407
34.3 352.1306 272.7035 358.1517
34.3 352.148 272.7216 358.1493
34.33333 352.1456 272.7552 358.1059
34.33333 352.0454 272.786 358.0331
34.33333 351.7436 272.7412 357.9865
34.36666 351.4325 272.6507 357.9848
34.36666 351.17 272.5254 358.0016
34.4 351.0565 272.4272 358.0289
34.4 351.1006 272.3447 358.0441
34.43333 351.2202 272.3066 358.0371
34.43333 351.354 272.3166 358.0435
34.43333 351.463 272.3858 358.0373
34.46667 351.5548 272.4701 358.0666
34.46667 351.7167 272.5662 358.1051
34.5 351.8124 272.6638 358.1051
34.5 351.8448 272.7636 358.0956
34.53333 351.8316 272.8198 358.1081
34.53333 351.7887 272.8278 358.1089
34.53333 351.7611 272.8662 358.0867
34.56667 351.7096 272.7548 358.0519
34.56667 351.661 272.6814 358.0046
34.6 351.6524 272.6 358.0065
34.6 351.6634 272.4958 358.0291
34.6 351.6942 272.4186 358.0125
34.63334 351.7295 272.3502 357.9684
34.63334 351.768 272.2648 357.9647
34.66667 351.8225 272.2053 357.9645
34.66667 351.934 272.1439 357.9242
34.66667 352.0847 272.1112 357.9003
34.7 352.1866 272.0956 357.9365
34.7 352.295 272.0596 357.9962
34.73333 352.3335 272.0131 358.0199
34.73333 352.3395 272.0063 358.0402
34.76667 352.3027 272.0131 358.0711
34.76667 352.2815 272.0176 358.0809
34.76667 352.2705 272.0233 358.0915
34.8 352.2319 272.0351 358.0452
34.8 352.2105 272.0568 357.9728
34.83333 352.261 272.08 357.9594
34.83333 352.3806 272.1113 357.9623
34.83333 352.5193 272.1489 357.9393
34.86666 352.6533 272.199 357.8512
34.86666 352.7353 272.2267 357.7455
34.9 352.7763 272.2422 357.7046
34.9 352.8334 272.2597 357.6427
34.93333 352.8586 272.2551 357.5708
34.93333 352.8317 272.2454 357.4922
34.93333 352.8472 272.2336 357.4377
34.96667 352.8656 272.2089 357.3797
34.96667 352.8677 272.1582 357.3123
35 352.8773 272.1115 357.2785
35 352.9169 272.0555 357.2414
35.03333 352.9633 272.0242 357.2013
35.03333 353.0104 272.0318 357.1067
35.03333 353.1869 272.0832 356.9561
35.06667 353.425 272.1552 356.8435
35.06667 353.6513 272.2095 356.8084
35.1 353.8071 272.2508 356.8543
35.1 353.8475 272.2443 356.9628
35.1 353.8175 272.2469 357.0486
35.13334 353.7736 272.2658 357.1016
35.13334 353.6944 272.3033 357.0666
35.16667 353.6193 272.3265 356.9902
35.16667 353.5594 272.3029 356.9225
35.2 353.4922 272.2495 356.939
35.2 353.4314 272.2031 356.9414
35.2 353.3774 272.175 356.9274
35.23333 353.3441 272.165 356.8747
35.23333 353.337 272.1607 356.8303
35.26667 353.3362 272.145 356.7592
35.26667 353.3347 272.1282 356.704
35.26667 353.3247 272.106 356.6873
35.3 353.321 272.0864 356.6523
35.3 353.3215 272.0888 356.5966
35.33333 353.2836 272.0795 356.5263
35.33333 353.2815 272.0425 356.3776
35.36666 353.2072 272.0163 356.3289
35.36666 353.1581 271.9675 356.2535
35.36666 353.0877 271.9385 356.2051
35.4 353.0096 271.9311 356.1161
35.4 352.8742 271.9495 356.0143
35.43333 352.7418 272.0038 355.9272
35.43333 352.6258 272.0361 355.8538
35.46667 352.6144 272.0293 355.8561
35.46667 352.6804 272.0132 355.9278
35.46667 352.7742 272.023 355.9658
35.5 352.8422 272.0448 355.9776
35.5 352.9327 272.0622 356.0317
35.53333 353.0282 272.0351 356.1619
