1.968871 0 270 0
2.012191 0 270 0
2.240602 351.9377 179.3257 3.582744
2.254491 351.9377 179.3257 3.582744
2.26838 351.9377 179.3257 3.582744
2.282269 351.9377 179.3257 3.582744
2.296158 351.9377 179.3257 3.582744
2.310047 351.9377 179.3257 3.582744
2.323936 351.9377 179.3257 3.582744
2.337824 351.9377 179.3257 3.582744
2.351713 351.9377 179.3257 3.582744
2.365602 351.9377 179.3257 3.582744
2.379491 351.9377 179.3257 3.582744
2.39338 351.9377 179.3257 3.582744
2.407269 351.9377 179.3257 3.582744
2.421158 351.9377 179.3257 3.582744
2.435047 351.9377 179.3257 3.582744
2.448936 351.9377 179.3257 3.582744
2.462824 351.9377 179.3257 3.582744
2.476713 351.9377 179.3257 3.582744
2.490602 351.9377 179.3257 3.582744
2.504491 351.9377 179.3257 3.582744
2.51838 351.9377 179.3257 3.582744
2.532269 351.9377 179.3257 3.582744
2.546158 351.9377 179.3257 3.582744
2.560047 351.9377 179.3257 3.582744
2.573936 351.9276 179.3298 3.600612
2.587824 351.9276 179.3298 3.600612
2.601713 351.9276 179.3298 3.600612
2.615602 351.9276 179.3298 3.600612
2.629491 351.9276 179.3298 3.600612
2.64338 351.9276 179.3298 3.600612
2.657269 351.9323 179.3239 3.607284
2.671158 351.9323 179.3239 3.607284
2.685047 351.9323 179.3239 3.607284
2.698936 351.8228 179.3297 3.537255
2.712824 351.7874 179.3428 3.538373
2.726713 351.7874 179.3428 3.538373
2.740602 351.7874 179.3428 3.538373
2.754491 351.7874 179.3428 3.538373
2.76838 351.8424 179.3337 3.535622
2.782269 351.8424 179.3337 3.535622
2.796158 351.8424 179.3337 3.535622
2.810047 351.8424 179.3337 3.535622
2.823936 351.8816 179.333 3.49755
2.837824 351.8816 179.333 3.49755
2.851713 351.8816 179.333 3.49755
2.865602 351.8816 179.333 3.49755
2.879491 351.8816 179.333 3.49755
2.89338 351.8816 179.333 3.49755
2.907269 351.8816 179.333 3.49755
2.921158 351.8816 179.333 3.49755
2.935047 351.8816 179.333 3.49755
2.948936 351.8816 179.333 3.49755
2.962824 351.8816 179.333 3.49755
2.976713 351.8816 179.333 3.49755
2.990602 351.8816 179.333 3.49755
3.004491 351.8816 179.333 3.49755
3.01838 351.8816 179.333 3.49755
3.032269 351.8816 179.333 3.49755
3.046158 351.8575 179.2968 3.484689
3.060047 351.8575 179.2968 3.484689
3.073936 351.8575 179.2968 3.484689
3.087824 351.8575 179.2968 3.484689
3.101713 351.9205 179.3233 3.430712
3.115602 351.9635 179.3251 3.468594
3.129491 351.9635 179.3251 3.468594
3.14338 351.9727 179.2979 3.488837
3.157269 351.9727 179.2979 3.488837
3.171158 351.999 179.2545 3.538297
3.185047 351.999 179.2545 3.538297
3.198936 352.0141 179.2307 3.538463
3.212825 352.0005 179.2374 3.514099
3.226713 352.0005 179.2374 3.514099
3.240602 352.0327 179.2083 3.520289
3.254491 352.0483 179.2105 3.50335
3.26838 352.0513 179.2 3.503422
3.282269 352.0575 179.1891 3.511522
3.296158 352.0575 179.1891 3.511522
3.310047 352.1261 179.1737 3.499669
3.323936 352.1261 179.1737 3.499669
3.337825 352.1807 179.1416 3.535912
3.351713 352.2147 179.0966 3.541403
3.365602 352.2296 179.0697 3.5526
3.379491 352.2348 179.0535 3.539671
3.39338 352.2415 179.0589 3.538074
3.407269 352.2597 179.0149 3.562472
3.421158 352.2946 178.9738 3.584921
3.435047 352.3461 178.9133 3.603403
3.448936 352.3812 178.8629 3.61257
3.462825 352.3967 178.8189 3.606039
3.476713 352.3956 178.7924 3.580334
3.490602 352.3919 178.7671 3.585361
3.504491 352.3963 178.7609 3.566451
3.51838 352.4123 178.7523 3.542757
3.532269 352.4246 178.7476 3.519956
3.546158 352.4211 178.7626 3.509974
3.560047 352.4189 178.7729 3.503475
3.573936 352.4214 178.7949 3.51275
3.587825 352.4171 178.821 3.535411
3.601713 352.4159 178.8395 3.53674
3.615602 352.4229 178.8678 3.551399
3.629491 352.4219 178.8941 3.565603
3.64338 352.4362 178.8927 3.57652
3.657269 352.4378 178.9135 3.563595
3.671158 352.4384 178.9171 3.56161
3.685047 352.4451 178.9417 3.547363
3.698936 352.4504 178.9509 3.546736
3.712825 352.4645 178.9593 3.551222
3.726713 352.4752 178.9722 3.551574
3.740602 352.4858 178.9788 3.543283
3.754491 352.4931 178.9986 3.535873
3.76838 352.4974 179.007 3.528825
3.782269 352.4874 179.0172 3.5254
3.796158 352.4788 179.0184 3.537041
3.810047 352.463 179.0121 3.560462
3.823936 352.4301 179.0114 3.577467
3.837825 352.3683 179.0088 3.583795
3.851713 352.3094 179.0145 3.593793
3.865602 352.2815 179.0323 3.586543
3.879491 352.2838 179.041 3.586547
3.89338 352.2721 179.0625 3.584081
3.907269 352.2616 179.0822 3.57746
3.921158 352.2455 179.0928 3.578764
3.935047 352.2353 179.1107 3.573924
3.948936 352.2431 179.1166 3.556455
3.962825 352.2635 179.121 3.566925
3.976713 352.2567 179.1358 3.565738
3.990602 352.2475 179.1227 3.572318
4.004491 352.2325 179.1237 3.57251
4.01838 352.214 179.1326 3.572159
4.032269 352.1919 179.1288 3.564646
4.046158 352.1605 179.1454 3.55279
4.060047 352.1344 179.1408 3.555227
4.073936 352.1199 179.1504 3.546914
4.087824 352.1124 179.1577 3.539196
4.101713 352.1085 179.1683 3.535529
4.115602 352.0978 179.1761 3.531565
4.129491 352.0656 179.1861 3.531421
4.14338 352.0201 179.1774 3.534017
4.157269 351.9895 179.169 3.546721
4.171158 351.9708 179.1683 3.542754
4.185047 351.9698 179.1805 3.51495
4.198936 351.9909 179.1609 3.478877
4.212824 352.0078 179.1545 3.382127
4.226713 351.9857 179.1031 3.270779
4.240602 351.9379 179.0494 3.104888
4.254491 351.8315 178.9923 2.924977
4.26838 351.6536 178.9882 2.70871
4.282269 351.4534 178.9934 2.545757
4.296158 351.1382 179.0103 2.369691
4.310047 350.7685 178.9978 2.24255
4.323936 350.338 178.9583 2.147025
4.337824 349.887 178.8929 2.036234
4.351713 349.887 178.8929 2.036234
4.365602 349.0286 178.7191 1.769693
4.379491 349.0286 178.7191 1.769693
4.39338 348.632 178.6422 1.649613
4.407269 348.632 178.6422 1.649613
4.421158 347.6064 178.4737 1.574001
4.435047 344.5634 178.0155 1.009317
4.448936 344.5634 178.0155 1.009317
4.462824 344.5634 178.0155 1.009317
4.476713 344.403 178.0795 0.9801956
4.490602 344.403 178.0795 0.9801956
4.504491 342.5142 177.9589 0.6223667
4.51838 341.211 177.9131 0.3865426
4.532269 339.9038 177.8656 0.1987646
4.546158 339.9038 177.8656 0.1987646
4.560047 339.884 177.8913 0.2151506
4.573936 339.884 177.8913 0.2151506
4.587824 339.287 177.8084 0.2394096
4.601713 337.3914 177.5992 0.07644589
4.615602 337.3665 177.5259 0.1512986
4.629491 337.3665 177.5259 0.1512986
4.64338 336.7799 177.3697 0.293882
4.657269 334.8611 177.094 0.3357249
4.671158 334.8601 177.1012 0.2275803
4.685047 334.8601 177.1012 0.2275803
4.698936 334.0366 177.0087 0.2656377
4.712824 333.5317 176.9715 0.3430382
4.726713 331.6063 176.7214 0.2913659
4.740602 331.5783 176.682 0.4332618
4.754491 331.5783 176.682 0.4332618
4.76838 331.1983 176.5245 0.3320182
4.782269 329.3923 176.0375 0.1944775
4.796158 329.3923 176.0375 0.1944775
4.810047 329.5862 175.8108 0.2285382
4.823936 329.5862 175.8108 0.2285382
4.837824 328.0689 175.0952 0.1982806
4.851713 328.2253 175.0465 0.1742168
4.865602 327.893 174.7262 0.1715404
4.879491 326.5639 173.9968 0.1449183
4.89338 326.5448 173.9554 0.2389756
4.907269 326.0709 173.6389 0.3411971
4.921158 325.6631 173.3685 0.3807546
4.935047 325.3112 173.1451 0.4418592
4.948936 324.9417 172.9155 0.4567015
4.962824 324.5055 172.6548 0.430104
4.976713 324.162 172.4032 0.5339041
4.990602 323.9122 172.1713 0.633684
5.004491 323.6174 171.8236 0.7434836
5.01838 323.3467 171.5001 0.8538089
5.032269 323.1055 171.1294 1.086911
5.046158 322.8222 170.7584 1.222062
5.060047 322.5847 170.4277 1.161083
5.073936 322.3589 170.1994 1.069001
5.087824 321.9789 169.9788 0.9191607
5.101713 321.5188 169.794 0.9135848
5.115602 321.1147 169.6215 0.9602318
5.129491 320.6542 169.3842 0.9966347
5.14338 320.6542 169.3842 0.9966347
5.157269 319.813 169.0739 0.9872817
5.171158 319.3783 168.9438 1.007375
5.185047 318.8552 168.8311 0.9929022
5.198936 318.4301 168.785 0.9855942
5.212824 317.8916 168.7887 0.9560034
5.226713 317.309 168.9226 0.797238
5.240602 316.8715 169.0665 0.6564162
5.254491 316.2947 169.2601 0.4993769
5.26838 315.71 169.486 0.2217994
5.282269 315.2308 169.6631 0.07467839
5.296158 314.8339 169.8064 359.9688
5.310047 314.4258 169.9218 359.868
5.323936 314.1111 169.9917 359.7561
5.337824 313.7089 170.0652 359.6679
5.351713 313.3228 170.103 359.5858
5.365602 312.9515 170.1259 359.5187
5.379491 312.6559 170.1317 359.4576
5.39338 312.3552 170.1208 359.3953
5.407269 312.1424 170.1194 359.3728
5.421158 312.0254 170.1107 359.3424
5.435047 311.9445 170.108 359.2884
5.448936 311.8651 170.1046 359.2754
5.462824 311.8093 170.1202 359.231
5.476713 311.7408 170.1664 359.1339
5.490602 311.7341 170.2489 359.06
5.504491 311.7341 170.2489 359.06
5.51838 311.8895 170.4428 358.8685
5.532269 311.9609 170.5688 358.7657
5.546158 312.108 170.7457 358.6583
5.560047 312.2958 170.9226 358.5287
5.573936 312.527 171.0898 358.4162
5.587824 312.6927 171.2154 358.3538
5.601713 312.874 171.3569 358.2986
5.615602 313.0313 171.4945 358.2382
5.629491 313.2067 171.6385 358.1472
5.64338 313.4387 171.8206 357.9979
5.657269 313.847 172.0341 357.8064
5.671158 314.3362 172.226 357.6186
5.685047 314.8893 172.3903 357.4629
5.698936 315.7087 172.5971 357.256
5.712824 315.7087 172.5971 357.256
5.726713 316.7852 172.8551 356.9933
5.740602 318.8207 173.3679 356.5495
5.754491 319.9458 173.7135 356.2771
5.76838 319.9458 173.7135 356.2771
5.782269 322.228 174.275 355.8532
5.796158 323.567 174.5604 355.7342
5.810047 324.7931 174.8899 355.5842
5.823936 325.7948 175.1862 355.4763
5.837824 326.9738 175.5459 355.3954
5.851713 328.3434 175.9123 355.3018
5.865602 329.6697 176.2224 355.2476
5.879491 329.6697 176.2224 355.2476
5.89338 332.964 176.8162 355.3329
5.907269 334.5643 177.0458 355.3431
5.921158 336.1738 177.2711 355.1207
5.935047 337.6307 177.4721 354.9858
5.948936 337.6307 177.4721 354.9858
5.962824 340.245 177.7432 354.8822
5.976713 341.4714 177.7933 354.8898
5.990602 341.4714 177.7933 354.8898
6.004491 343.8564 177.8223 355.0833
6.01838 344.8087 177.806 355.2492
6.032269 345.8674 177.7738 355.4256
6.046158 345.8674 177.7738 355.4256
6.060047 346.8958 177.7244 355.3678
6.073936 347.8483 177.6965 355.4876
6.087824 349.1023 177.679 355.6295
6.101713 350.1422 177.7258 355.6633
6.115602 350.1422 177.7258 355.6633
6.129491 351.3831 177.7555 355.5766
6.14338 354.5926 177.8145 355.6614
6.157269 354.5926 177.8145 355.6614
6.171158 355.4711 177.8059 355.7529
6.185047 357.4522 177.8014 355.8703
6.198936 358.2945 177.8049 355.8228
6.212824 359.1574 177.7954 355.8742
6.226713 359.883 177.7854 355.9227
6.240602 0.394263 177.7628 355.809
6.254491 0.7349356 177.7405 355.7993
6.26838 1.056064 177.6925 355.839
6.282269 1.274195 177.6612 355.8589
6.296158 0.9404006 177.6158 355.8619
6.310047 1.209801 177.5595 355.8843
6.323936 1.522584 177.4499 355.878
6.337824 1.819609 177.323 355.9265
6.351713 2.094127 177.1792 355.994
6.365602 2.304519 177.0254 356.0458
6.379491 2.471691 176.8623 356.0976
6.39338 2.604774 176.6532 356.1163
6.407269 2.664886 176.4809 356.142
6.421158 2.667431 176.2665 356.1705
6.435047 2.527086 175.9275 356.2566
6.448936 2.440393 175.7712 356.3046
6.462824 2.354185 175.6168 356.3597
6.476713 2.251871 175.4525 356.4158
6.490602 2.213009 175.2718 356.4987
6.504491 2.211432 175.0963 356.5807
6.51838 2.257728 174.8811 356.6909
6.532269 2.310599 174.6985 356.8003
6.546158 2.349825 174.4149 356.9505
6.560047 2.40821 174.0597 357.0981
6.573936 2.428432 173.6832 357.2097
6.587824 2.475933 173.1567 357.3101
6.601713 2.573268 172.4162 357.4102
6.615602 2.637055 171.6694 357.4852
6.629491 2.651563 170.3888 357.5153
6.64338 2.623038 168.6474 357.4389
6.657269 2.569848 166.8347 357.3096
6.671158 2.584265 164.6692 357.251
6.685047 2.632691 162.2893 357.2934
6.698936 2.582289 159.5084 357.3195
6.712824 2.582289 159.5084 357.3195
6.726713 2.284465 153.9092 357.1609
6.740602 2.279171 151.4193 357.0832
6.754491 2.410078 148.8771 357.0398
6.76838 2.57318 146.2617 357.0517
6.782269 2.667895 143.8448 357.134
6.796158 2.667895 143.8448 357.134
6.810047 2.399036 139.1753 357.3795
6.823936 2.180217 136.8394 357.7104
6.837824 2.087963 135.1023 357.9717
6.851713 2.012928 133.1604 358.1404
6.865602 1.973587 131.0539 358.3618
6.879491 1.973587 131.0539 358.3618
6.89338 1.931026 127.7586 359.146
6.907269 1.938836 126.0569 359.5089
6.921158 1.938836 126.0569 359.5089
6.935047 2.190723 123.4436 0.05900783
6.948936 2.503387 122.2441 0.2176829
6.962824 2.503387 122.2441 0.2176829
6.976713 2.939059 120.2613 0.6420043
6.990602 2.939059 120.2613 0.6420043
7.004491 3.067758 119.3145 0.8233517
7.01838 3.152661 118.3354 1.062439
7.032269 3.23349 117.6581 1.233035
7.046158 3.415549 116.8082 1.475947
7.060047 3.584378 116.0319 1.624402
7.073936 3.71534 114.7351 1.837029
7.087824 3.71534 114.7351 1.837029
7.101713 3.6578 113.607 2.138684
7.115602 3.607922 113.1257 2.270811
7.129491 3.607922 113.1257 2.270811
7.14338 3.640945 111.593 2.557359
7.157269 3.744004 111.05 2.613712
7.171158 3.744004 111.05 2.613712
7.185047 4.228271 109.6882 2.859377
7.198936 4.511723 109.0147 3.001601
7.212824 4.793675 108.3461 3.146615
7.226713 5.080672 107.6663 3.29595
7.240602 5.080672 107.6663 3.29595
7.254491 5.279438 107.0129 3.438416
7.26838 5.447896 106.1708 3.648594
7.282269 5.562122 105.4649 3.815001
7.296158 5.761437 104.5896 3.96524
7.310047 6.051398 103.6108 4.09322
7.323936 6.34077 102.6961 4.168851
7.337824 6.65139 101.5277 4.270423
7.351713 6.918436 100.2879 4.467629
7.365602 7.117038 98.99738 4.683713
7.379491 7.298056 97.42407 4.757086
7.39338 7.445007 95.97186 4.649509
7.407269 7.534712 94.57354 4.500097
7.421158 7.647972 93.2459 4.375633
7.435047 7.763059 91.87402 4.297212
7.448936 7.871756 90.74799 4.292215
7.462824 7.959694 89.55038 4.255404
7.476713 7.961014 88.5789 4.245965
7.490602 7.87318 87.84708 4.282134
7.504491 7.634222 86.94707 4.334487
7.51838 7.380729 86.20057 4.427299
7.532269 7.140278 85.36388 4.548586
7.546158 6.963344 84.67054 4.684787
7.560047 6.73526 83.74747 4.971255
7.573936 6.513271 83.02439 5.130745
7.587824 6.201225 82.29302 5.207472
7.601713 5.818172 81.54957 5.279855
7.615602 5.38862 80.91068 5.401005
7.629491 4.834591 80.12646 5.659011
7.64338 4.257563 79.39194 5.936294
7.657269 3.609547 78.72686 6.009532
7.671158 2.822648 78.03107 6.123887
7.685047 2.181767 77.4646 6.22035
7.698936 1.656649 77.02408 6.109798
7.712824 1.280549 76.76764 5.982893
7.726713 0.8922946 76.38454 6.142611
7.740602 0.6580599 76.04045 6.355454
7.754491 0.3279183 75.66892 6.417348
7.76838 -0.001612992 75.3606 6.309433
7.782269 359.7841 75.15365 6.27482
7.796158 359.6384 74.8699 6.393478
7.810047 359.4275 74.43123 6.549763
7.823936 359.1372 73.89558 6.612493
7.837824 358.892 73.53416 6.632928
7.851713 358.6113 73.11391 6.67353
7.865602 358.3664 72.71363 6.707597
7.879491 358.1328 72.48586 6.673049
7.89338 357.7507 72.27232 6.607839
7.907269 357.4268 72.08802 6.749773
7.921158 357.1448 71.90321 6.934179
7.935047 356.857 71.74496 7.03169
7.948936 356.5913 71.68195 7.07784
7.962824 356.2457 71.6261 7.165465
7.976713 355.9059 71.55471 7.288019
7.990602 355.5069 71.38957 7.417916
8.004491 355.0952 71.18906 7.489517
8.01838 354.7956 71.03436 7.501927
8.032269 354.5921 70.90303 7.45691
8.046158 354.5077 70.79329 7.436566
8.060047 354.4393 70.6414 7.566704
8.073936 354.2759 70.41644 7.663221
8.087825 354.0724 70.25368 7.607392
8.101713 353.8997 70.17059 7.528476
8.115602 353.8216 70.09119 7.570663
8.129491 353.6859 69.91853 7.72555
8.14338 353.4384 69.67683 7.851394
8.157269 353.1388 69.50117 7.921551
8.171158 352.7228 69.35967 7.891021
8.185047 352.3322 69.26149 7.826725
8.198936 351.8268 69.17212 7.80832
8.212825 351.3059 69.12095 7.840487
8.226713 350.8078 69.08701 7.940015
8.240602 350.3604 69.10824 8.018497
8.254491 349.9363 69.20258 7.99152
8.26838 349.4966 69.37365 7.939054
8.282269 349.1479 69.50756 7.999712
8.296158 348.648 69.55357 8.148137
8.310047 348.007 69.49615 8.298638
8.323936 347.3312 69.45634 8.389449
8.337825 346.5251 69.45094 8.434453
8.351713 345.8451 69.4519 8.480169
8.365602 345.3318 69.38322 8.612649
8.379491 344.6629 69.2527 8.778669
8.39338 343.8466 69.14755 8.925291
8.407269 343.0568 69.13905 9.027699
8.421158 342.0987 69.2514 9.125796
8.435047 341.2573 69.39088 9.248209
8.448936 340.1914 69.5499 9.464574
8.462825 339.1284 69.714 9.660642
8.476713 338.2098 69.92222 9.681864
8.490602 337.3607 70.19116 9.622188
8.504491 336.5379 70.50301 9.558663
8.51838 335.6 70.76678 9.515871
8.532269 334.636 70.92747 9.625251
8.546158 333.4764 71.0078 9.744701
8.560047 332.5469 71.08004 9.643661
8.573936 331.8085 71.24152 9.481338
8.587825 331.2816 71.44155 9.261727
8.601713 330.8436 71.55428 9.078807
8.615602 330.5091 71.51195 9.104511
8.629491 330.0896 71.32813 9.212597
8.64338 329.71 71.14462 9.158809
8.657269 329.333 70.98914 9.042592
8.671158 328.9254 70.87024 8.893362
8.685047 328.4571 70.73215 8.787621
8.698936 327.9261 70.58519 8.690686
8.712825 327.5649 70.55106 8.571844
8.726713 327.1476 70.60249 8.377332
8.740602 326.7722 70.67703 8.282878
8.754491 326.4118 70.70692 8.304006
8.76838 326.025 70.72099 8.322692
8.782269 325.6893 70.76823 8.27016
8.796158 325.6893 70.76823 8.27016
8.810047 325.6893 70.76823 8.27016
8.823936 325.6893 70.76823 8.27016
8.837825 325.6893 70.76823 8.27016
8.851713 325.3658 70.86341 8.180072
8.865602 325.3658 70.86341 8.180072
8.879491 325.3658 70.86341 8.180072
8.89338 324.9778 70.88919 8.112096
8.907269 326.2098 74.34675 4.485239
8.921158 326.2098 74.34675 4.485239
8.935047 326.2098 74.34675 4.485239
8.948936 327.9819 73.01997 4.288068
8.962825 327.9819 73.01997 4.288068
8.976713 327.9819 73.01997 4.288068
8.990602 327.9819 73.01997 4.288068
9.004491 328.4415 72.37997 4.287797
9.01838 328.4415 72.37997 4.287797
9.032269 328.1639 72.17701 4.495936
9.046158 328.1639 72.17701 4.495936
9.060047 328.8324 71.71724 4.238093
9.073936 328.6085 71.83038 4.457825
9.087825 328.8357 71.66191 4.457863
9.101713 329.0109 71.54925 4.482839
9.115602 329.2741 71.42491 4.528998
9.129491 329.5375 71.31143 4.555915
9.14338 329.8323 71.20625 4.669216
9.157269 330.1823 71.13465 4.8304
9.171158 330.6669 71.05516 5.090806
9.185047 331.1057 70.98453 5.322652
9.198936 331.5948 70.83885 5.590454
9.212825 331.9767 70.61546 5.831838
9.226713 332.36 70.28141 6.085071
9.240602 332.7203 69.95896 6.33021
9.254491 333.196 69.62727 6.583339
9.26838 333.8503 69.38209 6.808178
9.282269 334.4884 69.26724 6.931644
9.296158 335.2156 69.26366 6.996706
9.310047 335.8023 69.31943 6.99121
9.323936 336.3682 69.39502 6.989257
9.337825 337.0257 69.45288 6.992055
9.351713 337.5482 69.45921 6.986511
9.365602 338.2495 69.509 6.920462
9.379491 338.9152 69.64334 6.777917
9.39338 339.5814 69.93926 6.537516
9.407269 340.0686 70.28477 6.270552
9.421158 340.5234 70.66867 6.005471
9.435047 340.9223 71.00927 5.769736
9.448936 341.2935 71.31818 5.52965
9.462825 341.7513 71.67203 5.296738
9.476713 342.1702 72.02313 5.122403
9.490602 342.6235 72.42458 4.940729
9.504491 343.0508 72.89543 4.731236
9.51838 343.4352 73.42265 4.572844
9.532269 343.7721 73.8677 4.511529
9.546158 344.072 74.28619 4.475404
9.560047 344.3523 74.74322 4.410799
9.573936 344.4854 75.04181 4.34721
9.587825 344.6289 75.39428 4.220349
9.601713 344.8807 75.73659 4.061495
9.615602 345.2471 76.0035 3.955296
9.629491 345.7723 76.25713 3.859499
9.64338 346.2224 76.44446 3.778265
9.657269 346.5124 76.58913 3.720855
9.671158 346.6813 76.78307 3.613178
9.685047 346.7745 76.99782 3.547939
9.698936 346.8728 77.26277 3.491469
9.712825 346.9618 77.46415 3.452907
9.726713 347.0455 77.59012 3.436004
9.740602 347.1233 77.6138 3.433643
9.754491 347.2292 77.58973 3.381584
9.76838 347.4592 77.56586 3.275764
9.782269 347.7163 77.59273 3.187169
9.796158 347.9191 77.66101 3.116914
9.810047 348.0919 77.77528 3.111333
9.823936 348.1992 77.87571 3.161074
9.837825 348.3154 77.95466 3.21071
9.851713 348.4438 78.0713 3.22371
9.865602 348.5899 78.2262 3.16601
9.879491 348.6963 78.39832 3.08868
9.89338 348.783 78.56808 3.024003
9.907269 348.8646 78.73958 2.970931
9.921158 348.9424 78.84881 2.942437
9.935047 348.9992 78.93408 2.916154
9.948936 349.0018 78.99184 2.886131
9.962825 348.987 79.03968 2.842591
9.976713 348.9914 79.10753 2.77336
9.990602 349.0877 79.20004 2.697919
10.00449 349.181 79.26032 2.675862
10.01838 349.247 79.31011 2.678823
10.03227 349.2679 79.35857 2.6853
10.04616 349.2568 79.42704 2.694841
10.06005 349.2482 79.50948 2.721695
10.07394 349.2488 79.60077 2.742811
10.08782 349.2917 79.682 2.762918
10.10171 349.3434 79.75285 2.787814
10.1156 349.3419 79.78173 2.799997
10.12949 349.2708 79.78181 2.810565
10.14338 349.1585 79.76692 2.829475
10.15727 349.0674 79.72676 2.847516
10.17116 349.0288 79.67816 2.866431
10.18505 349.0023 79.62615 2.892255
10.19894 348.9843 79.567 2.915258
10.21282 348.8934 79.49633 2.926123
10.22671 348.7695 79.40279 2.948795
10.2406 348.6389 79.26416 2.949479
10.25449 348.5455 79.09956 2.932487
10.26838 348.5462 78.93977 2.92328
10.28227 348.5526 78.76759 2.876227
10.29616 348.5085 78.61063 2.842211
10.31005 348.4334 78.4649 2.800391
10.32394 348.3007 78.29221 2.734889
10.33782 348.1841 78.12104 2.690099
10.35171 348.1335 77.98798 2.680583
10.3656 348.1253 77.85533 2.66194
10.37949 348.1376 77.73081 2.690269
10.39338 348.1336 77.66132 2.751426
10.40727 348.1035 77.61385 2.797533
10.42116 348.0557 77.57112 2.886191
10.43505 347.9991 77.55562 2.94234
10.44894 347.9856 77.54629 3.001504
10.46282 348.0045 77.55034 3.021203
10.47671 348.0397 77.57587 3.020336
10.4906 348.0721 77.62084 3.016212
10.50449 348.095 77.64972 3.026718
10.51838 348.0908 77.66975 3.03991
10.53227 348.086 77.67021 3.061608
10.54616 348.0681 77.63894 3.094146
10.56005 348.0623 77.56776 3.133054
10.57394 348.0961 77.48427 3.167887
10.58782 348.119 77.39479 3.209625
10.60171 348.1175 77.32654 3.248943
10.6156 348.1221 77.20618 3.337773
10.62949 348.1049 77.07154 3.437756
10.64338 348.0981 76.90005 3.5486
10.65727 348.0663 76.77394 3.633367
10.67116 348.0436 76.6388 3.708414
10.68505 348.0235 76.52988 3.790356
10.69894 348.0059 76.46035 3.860044
10.71282 348.0024 76.38825 3.955975
10.72671 347.993 76.3253 4.025092
10.7406 347.9863 76.2861 4.080735
10.75449 348.0089 76.28186 4.123313
10.76838 348.0059 76.27927 4.180676
10.78227 348.0158 76.30421 4.2248
10.79616 348.0055 76.35461 4.249411
10.81005 347.9512 76.38799 4.285406
10.82394 347.8777 76.41452 4.302399
10.83782 347.8001 76.38745 4.34515
10.85171 347.7477 76.34649 4.354143
10.8656 347.7118 76.31512 4.345893
10.87949 347.6978 76.2943 4.316555
10.89338 347.7056 76.29731 4.291065
10.90727 347.6935 76.287 4.306161
10.92116 347.6447 76.26318 4.30634
10.93505 347.6447 76.26318 4.30634
10.94894 347.5959 76.23907 4.307253
10.96282 347.5959 76.23907 4.307253
10.97671 347.5671 76.19595 4.314388
10.9906 347.5636 76.10913 4.339355
11.00449 347.5743 76.14685 4.335014
11.01838 347.5633 76.12521 4.356391
11.03227 347.5557 76.05434 4.407997
11.04616 347.5753 75.96107 4.448232
11.06005 347.604 75.80785 4.517718
11.07394 347.6051 75.64719 4.604581
11.08782 347.593 75.5312 4.68515
11.10171 347.5482 75.35688 4.838292
11.1156 347.5118 75.23547 4.957505
11.12949 347.4938 75.0786 5.123784
11.14338 347.4912 74.93755 5.234667
11.15727 347.4859 74.7878 5.336936
11.17116 347.4756 74.59521 5.4342
11.18505 347.4807 74.40763 5.534081
11.19894 347.5096 74.1326 5.683104
11.21282 347.5411 73.85736 5.852174
11.22671 347.5497 73.61106 5.986971
11.2406 347.5697 73.36341 6.096594
11.25449 347.5506 73.20396 6.134071
11.26838 347.5267 73.04731 6.12335
11.28227 347.5122 72.95541 6.087088
11.29616 347.4995 72.91376 6.068044
11.31005 347.5121 72.90523 6.042884
11.32394 347.4996 72.96667 5.995949
11.33782 347.444 73.04199 5.963148
11.35171 347.3512 73.15275 5.902654
11.3656 347.3512 73.15275 5.902654
11.37949 347.268 73.42137 5.596138
11.39338 347.3106 73.55087 5.426916
11.40727 347.3994 73.71848 5.194132
11.42116 347.4784 73.878 4.96781
11.43505 347.5045 74.00551 4.788761
11.44894 347.4817 74.14006 4.604689
11.46282 347.4175 74.21677 4.433217
11.47671 347.3352 74.26559 4.243419
11.4906 347.2944 74.28513 4.103242
11.50449 347.2971 74.31313 3.925554
11.51838 347.3298 74.34798 3.732087
11.53227 347.3298 74.34798 3.732087
11.54616 347.3473 74.31844 3.551357
11.56005 347.3388 74.23528 3.515509
11.57394 347.3447 74.16133 3.496602
11.58782 347.3561 74.0827 3.480063
11.60171 347.3638 74.01894 3.495342
11.6156 347.3852 73.95226 3.542472
11.62949 347.4 73.89435 3.605658
11.64338 347.4101 73.80501 3.681817
11.65727 347.4353 73.6892 3.764592
11.67116 347.4625 73.5598 3.84805
11.68505 347.5152 73.41831 3.931424
11.69894 347.5877 73.30388 4.003315
11.71282 347.7018 73.16975 4.097012
11.72671 347.7018 73.16975 4.097012
11.7406 347.8178 72.91651 4.299685
11.75449 347.858 72.76475 4.408754
11.76838 347.858 72.76475 4.408754
11.78227 347.9057 72.58094 4.487899
11.79616 348.0167 72.18285 4.59426
11.81005 348.0817 71.93435 4.616449
11.82394 348.1479 71.66522 4.642259
11.83782 348.2457 71.39268 4.711021
11.85171 348.3604 71.11647 4.781898
11.8656 348.3604 71.11647 4.781898
11.87949 348.466 70.89438 4.854338
11.89338 348.5719 70.50066 4.99042
11.90727 348.6277 70.31796 5.083651
11.92116 348.6277 70.31796 5.083651
11.93505 348.6772 70.13229 5.137098
11.94894 348.8518 69.83873 5.207331
11.96282 348.8518 69.83873 5.207331
11.97671 348.8891 69.58575 5.30753
11.9906 348.8891 69.58575 5.30753
12.00449 348.8932 69.44574 5.387282
12.01838 348.9123 69.27826 5.447791
12.03227 348.9726 69.15338 5.495946
12.04616 349.0347 69.0349 5.524702
12.06005 349.0544 68.92358 5.524324
12.07394 349.067 68.78246 5.550156
12.08782 349.0842 68.64931 5.589823
12.10171 349.0974 68.56602 5.613306
12.1156 349.084 68.52649 5.601308
12.12949 349.0423 68.54008 5.572232
12.14338 348.9817 68.55071 5.545669
12.15727 348.9171 68.53578 5.532231
12.17116 348.8661 68.53365 5.52484
12.18505 348.8181 68.5743 5.4873
12.19894 348.782 68.63282 5.417152
12.21282 348.7208 68.68565 5.367331
12.22671 348.6505 68.72908 5.336524
12.2406 348.5811 68.78857 5.296875
12.25449 348.5233 68.88214 5.225097
12.26838 348.497 68.9652 5.17485
12.28227 348.4473 69.05341 5.140733
12.29616 348.4065 69.10979 5.121158
12.31005 348.3588 69.165 5.10644
12.32394 348.3128 69.22647 5.102682
12.33782 348.2978 69.2767 5.117138
12.35171 348.2739 69.34782 5.112834
12.3656 348.2312 69.41557 5.124871
12.37949 348.1743 69.48218 5.156774
12.39338 348.1188 69.5022 5.206726
12.40727 348.0717 69.53779 5.241063
12.42116 348.0111 69.55766 5.274659
12.43505 347.9367 69.60766 5.291923
12.44894 347.8719 69.68796 5.31572
12.46282 347.819 69.76929 5.323494
12.47671 347.7523 69.86032 5.322377
12.4906 347.6887 69.98172 5.321811
12.50449 347.6348 70.10606 5.31344
12.51838 347.5643 70.23664 5.286776
12.53227 347.4649 70.34874 5.261391
12.54616 347.3399 70.42333 5.251756
12.56005 347.2576 70.48885 5.240519
12.57394 347.2049 70.57835 5.212558
12.58782 347.2008 70.66071 5.191325
12.60171 347.2079 70.75491 5.16443
12.6156 347.2018 70.83192 5.164987
12.62949 347.1827 70.89429 5.156391
12.64338 347.1662 70.98512 5.130226
12.65727 347.1559 71.08659 5.10202
12.67116 347.13 71.20821 5.072374
12.68505 347.0898 71.30956 5.059366
12.69894 347.0532 71.39191 5.052132
12.71282 347.012 71.51514 4.999676
12.72671 346.9822 71.63107 4.943296
12.7406 346.9439 71.80638 4.905038
12.75449 346.8755 72.01775 4.875889
12.76838 346.7734 72.2056 4.865624
12.78227 346.6474 72.40283 4.846883
12.79616 346.5434 72.59299 4.82458
12.81005 346.465 72.80422 4.78691
12.82394 346.373 73.12196 4.74328
12.83782 346.2597 73.40672 4.720739
12.85171 346.1241 73.69788 4.704543
12.8656 345.937 74.02452 4.706624
12.87949 345.7622 74.35265 4.669038
12.89338 345.604 74.7092 4.590139
12.90727 345.4669 75.08025 4.492656
12.92116 345.3548 75.42128 4.435787
12.93505 345.2273 75.80354 4.38557
12.94894 345.1124 76.14785 4.353974
12.96282 344.9869 76.50848 4.317275
12.97671 344.8593 76.8858 4.291169
12.9906 344.7161 77.33795 4.217814
13.00449 344.5863 77.73348 4.125974
13.01838 344.4475 78.14169 4.014439
13.03227 344.3405 78.52168 3.884235
13.04616 344.2394 78.8711 3.779055
13.06005 344.1454 79.24526 3.694441
13.07394 344.0479 79.65151 3.607646
13.08782 343.9478 80.0389 3.528903
13.10171 343.842 80.46459 3.447688
13.1156 343.7318 80.8508 3.383061
13.12949 343.6262 81.21543 3.314611
13.14338 343.5198 81.57036 3.24838
13.15727 343.4306 81.8935 3.165884
13.17116 343.3584 82.16035 3.116425
13.18505 343.2818 82.42275 3.041155
13.19894 343.222 82.60447 2.9687
13.21282 343.1404 82.80531 2.873389
13.22671 343.0799 82.96038 2.818574
13.2406 343.0118 83.08364 2.781869
13.25449 342.9236 83.24015 2.708016
13.26838 342.8554 83.33813 2.660434
13.28227 342.7916 83.44505 2.599746
13.29616 342.7357 83.54736 2.521044
13.31005 342.6807 83.59509 2.446667
13.32394 342.6449 83.63085 2.408895
13.33782 342.6214 83.64147 2.394524
13.35171 342.6058 83.66151 2.381197
13.3656 342.5846 83.68404 2.375921
13.37949 342.5775 83.69963 2.365476
13.39338 342.575 83.70745 2.347882
13.40727 342.5674 83.7113 2.325012
13.42116 342.5604 83.72942 2.292843
13.43505 342.5689 83.73717 2.276284
13.44894 342.5957 83.76513 2.250167
13.46282 342.6163 83.78898 2.222926
13.47671 342.6387 83.79279 2.216277
13.4906 342.6349 83.79923 2.211372
13.50449 342.6123 83.80464 2.204753
13.51838 342.5917 83.81985 2.188277
13.53227 342.57 83.84278 2.167071
13.54616 342.5584 83.86681 2.145823
13.56005 342.5529 83.89337 2.129397
13.57394 342.545 83.89158 2.122598
13.58782 342.5131 83.89539 2.115467
13.60171 342.5175 83.8841 2.108909
13.6156 342.5251 83.8833 2.1094
13.62949 342.5219 83.88084 2.106404
13.64338 342.4988 83.8577 2.134357
13.65727 342.4838 83.8392 2.138275
13.67116 342.4812 83.82076 2.155661
13.68505 342.4811 83.81428 2.168225
13.69894 342.4901 83.81635 2.172198
13.71282 342.4867 83.79843 2.188904
13.72671 342.4919 83.76923 2.210061
13.7406 342.4911 83.71506 2.246638
13.75449 342.491 83.67635 2.274367
13.76838 342.5032 83.64427 2.290842
13.78227 342.5133 83.60613 2.312047
13.79616 342.5205 83.57746 2.317996
13.81005 342.5555 83.53082 2.336533
13.82394 342.5692 83.50557 2.338284
13.83782 342.5837 83.47614 2.347017
13.85171 342.6181 83.41207 2.373244
13.8656 342.6507 83.37199 2.38087
13.87949 342.6776 83.33154 2.380046
13.89338 342.7099 83.31278 2.386311
13.90727 342.7378 83.28266 2.390118
13.92116 342.7777 83.26189 2.382165
13.93505 342.8239 83.24645 2.373834
13.94894 342.8526 83.21976 2.384812
13.96282 342.8584 83.19468 2.385485
13.97671 342.8636 83.18341 2.37501
13.9906 342.8539 83.1757 2.36042
14.00449 342.8406 83.1871 2.37035
14.01838 342.8231 83.2065 2.363636
14.03227 342.8217 83.22213 2.356081
14.04616 342.8455 83.22119 2.365987
14.06005 342.8694 83.2118 2.368369
14.07394 342.885 83.19485 2.368839
14.08782 342.8816 83.17406 2.38112
14.10171 342.8728 83.1602 2.388389
14.1156 342.8438 83.1523 2.403645
14.12949 342.8331 83.1378 2.415823
14.14338 342.8085 83.13934 2.416017
14.15727 342.7871 83.12926 2.422471
14.17116 342.7695 83.12955 2.416319
14.18505 342.7483 83.12113 2.407727
14.19894 342.7249 83.10503 2.433048
14.21282 342.7051 83.09194 2.444075
14.22671 342.692 83.07866 2.452167
14.2406 342.6676 83.04883 2.477657
14.25449 342.6324 83.01519 2.494506
14.26838 342.5951 83.01088 2.513582
14.28227 342.5455 83.01931 2.508167
14.29616 342.5225 83.04468 2.495116
14.31005 342.4951 83.07146 2.490342
14.32394 342.4795 83.08755 2.493813
14.33782 342.461 83.09875 2.494945
14.35171 342.441 83.12215 2.492394
14.3656 342.4111 83.12173 2.504754
14.37949 342.3701 83.1497 2.506809
14.39338 342.3466 83.16872 2.507209
14.40727 342.3088 83.1833 2.5151
14.42116 342.2857 83.19444 2.508553
14.43505 342.2497 83.20071 2.507196
14.44894 342.204 83.20618 2.497374
14.46282 342.1672 83.22047 2.481669
14.47671 342.135 83.22021 2.464816
14.4906 342.1109 83.22148 2.460072
14.50449 342.0897 83.22852 2.440527
14.51838 342.0716 83.23064 2.425248
14.53227 342.0351 83.25394 2.397637
14.54616 341.9954 83.26374 2.391491
14.56005 341.9614 83.27684 2.370027
14.57394 341.9501 83.28387 2.349059
14.58782 341.9439 83.28187 2.320607
14.60171 341.9428 83.28168 2.301929
14.6156 341.9378 83.28425 2.285964
14.62949 341.9048 83.29754 2.290308
14.64338 341.89 83.29991 2.302749
14.65727 341.8777 83.29885 2.305122
14.67116 341.8655 83.30319 2.304446
14.68505 341.8446 83.31129 2.307333
14.69894 341.8331 83.30782 2.28943
14.71282 341.823 83.30806 2.275881
14.72671 341.8071 83.31703 2.261074
14.7406 341.7715 83.32392 2.238466
14.75449 341.7491 83.33562 2.220873
14.76838 341.7137 83.35847 2.2052
14.78227 341.6779 83.36708 2.21259
14.79616 341.6495 83.38892 2.203397
14.81005 341.6341 83.40144 2.192976
14.82394 341.6337 83.41539 2.188196
14.83782 341.6298 83.41829 2.183907
14.85171 341.6221 83.42947 2.167545
14.8656 341.6146 83.42709 2.157379
14.87949 341.6031 83.42772 2.147681
14.89338 341.599 83.4253 2.153748
14.90727 341.5962 83.43591 2.152075
14.92116 341.5818 83.43826 2.160081
14.93505 341.5846 83.45264 2.159293
14.94894 341.5822 83.45969 2.144285
14.96282 341.5645 83.45806 2.137837
14.97671 341.5764 83.44038 2.14403
14.9906 341.572 83.425 2.142059
15.00449 341.569 83.40933 2.147768
15.01838 341.5597 83.39818 2.146964
15.03227 341.519 83.39785 2.155135
15.04616 341.4792 83.40154 2.177929
15.06005 341.4448 83.42081 2.180359
15.07394 341.4399 83.42706 2.192581
15.08782 341.434 83.4249 2.192769
15.10171 341.4283 83.42278 2.181725
15.1156 341.415 83.42356 2.153984
15.12949 341.3947 83.41893 2.160269
15.14338 341.3666 83.41691 2.171618
15.15727 341.3258 83.41739 2.20162
15.17116 341.2871 83.42315 2.214547
15.18505 341.2589 83.42809 2.232682
15.19894 341.2263 83.43961 2.240278
15.21282 341.2017 83.4531 2.24806
15.22671 341.1647 83.45374 2.249387
15.2406 341.1194 83.44797 2.242464
15.25449 341.0946 83.43713 2.238066
15.26838 341.0771 83.46074 2.208055
15.28227 341.0739 83.49796 2.178063
15.29616 341.0644 83.54392 2.158942
15.31005 341.0402 83.5743 2.159318
15.32394 341.0189 83.58772 2.164449
15.33782 341.0107 83.59423 2.167196
15.35171 341.0151 83.60198 2.157444
15.3656 341.0223 83.61295 2.145277
15.37949 341.0298 83.61775 2.132797
15.39338 341.0321 83.60884 2.134961
15.40727 341.0405 83.59529 2.137108
15.42116 341.0508 83.59869 2.146636
15.43505 341.0609 83.59269 2.169148
15.44894 341.0635 83.59851 2.175456
15.46282 341.0568 83.61475 2.162421
15.47671 341.0484 83.64097 2.138796
15.4906 341.0337 83.65599 2.128251
15.50449 341.0238 83.67056 2.121156
15.51838 341.0367 83.65487 2.128212
15.53227 341.0532 83.65721 2.126143
15.54616 341.057 83.65703 2.130674
15.56005 341.0392 83.65638 2.134753
15.57394 341.0202 83.69011 2.110423
15.58782 340.994 83.70305 2.090073
15.60171 340.9942 83.70363 2.069552
15.6156 340.9985 83.72224 2.039864
15.62949 341.0053 83.71581 2.022017
15.64338 341.0033 83.72213 2.008502
15.65727 340.9898 83.71565 1.992205
15.67116 340.965 83.7152 1.968332
15.68505 340.9285 83.70871 1.964605
15.69894 340.9055 83.7183 1.951558
15.71282 340.8812 83.72382 1.936515
15.72671 340.8526 83.74815 1.909954
15.7406 340.8234 83.77724 1.869627
15.75449 340.8264 83.82078 1.844443
15.76838 340.8284 83.86926 1.80178
15.78227 340.8286 83.90561 1.772603
15.79616 340.8196 83.94557 1.764529
15.81005 340.7984 83.97665 1.791593
15.82394 340.7673 84.00806 1.804498
15.83782 340.7317 84.02646 1.821334
15.85171 340.7032 84.05021 1.824198
15.8656 340.676 84.05248 1.826332
15.87949 340.6555 84.0646 1.799491
15.89338 340.6248 84.07124 1.789734
15.90727 340.5995 84.06657 1.796459
15.92116 340.5626 84.05502 1.787058
15.93505 340.536 84.04137 1.80587
15.94894 340.4978 84.04019 1.823169
15.96282 340.4606 84.04657 1.832912
15.97671 340.3969 84.04499 1.848094
15.9906 340.3466 84.07005 1.847969
16.00449 340.3033 84.08283 1.84413
16.01838 340.2764 84.1164 1.822222
16.03227 340.2569 84.14516 1.793853
16.04616 340.2311 84.15259 1.784964
16.06005 340.2046 84.16405 1.787117
16.07394 340.1801 84.15681 1.810257
16.08782 340.1445 84.17478 1.815731
16.10171 340.098 84.20473 1.81478
16.1156 340.0594 84.23726 1.821642
16.12949 340.0358 84.27367 1.825981
16.14338 340.0023 84.30371 1.830457
16.15727 339.9656 84.3271 1.830229
16.17116 339.9357 84.34315 1.843462
16.18505 339.8946 84.37811 1.814778
16.19894 339.8369 84.39545 1.798374
16.21282 339.7791 84.42346 1.798538
16.22671 339.7022 84.45065 1.809792
16.2406 339.6288 84.47337 1.810454
16.25449 339.608 84.50777 1.810992
16.26838 339.6216 84.56781 1.771549
16.28227 339.6404 84.63931 1.689051
16.29616 339.6243 84.70665 1.571534
16.31005 339.5359 84.7162 1.469066
16.32394 339.413 84.66634 1.41491
16.33782 339.3116 84.58788 1.382239
16.35171 339.2339 84.5172 1.339151
16.3656 339.1837 84.4658 1.307378
16.37949 339.1456 84.44312 1.275366
16.39338 339.1456 84.44312 1.275366
16.40727 339.1357 84.5192 1.188934
16.42116 339.1514 84.61845 1.141582
16.43505 339.1758 84.73393 1.099062
16.44894 339.205 84.87168 1.062968
16.46282 339.2167 84.97575 1.037417
16.47671 339.1987 85.10657 1.006546
16.4906 339.1694 85.23266 0.9990123
16.50449 339.1388 85.34522 0.9912621
16.51838 339.1201 85.44543 0.9825504
16.53227 339.0921 85.53761 0.9862758
16.54616 339.0773 85.62165 0.9775895
16.56005 339.0704 85.67877 0.9679679
16.57394 339.0636 85.73228 0.9529211
16.58782 339.0601 85.77459 0.9499577
16.60171 339.0601 85.77459 0.9499577
16.6156 339.0189 85.81021 0.9323074
16.62949 338.9919 85.81759 0.9287537
16.64338 338.9655 85.83736 0.935735
16.65727 338.9655 85.83736 0.935735
16.67116 338.89 85.86435 0.9316142
16.68505 338.89 85.86435 0.9316142
16.69894 338.867 85.89001 0.9162931
16.71282 338.799 85.90282 0.8855149
16.72671 338.7796 85.89122 0.8707967
16.7406 338.7723 85.87599 0.8666706
16.75449 338.7802 85.8799 0.855413
16.76838 338.7802 85.8799 0.855413
16.78227 338.7914 85.87342 0.858052
16.79616 338.8038 85.87327 0.8643455
16.81005 338.8178 85.87672 0.8774067
16.82394 338.8156 85.87933 0.890722
16.83782 338.8265 85.87322 0.8971642
16.85171 338.8689 85.86601 0.9074587
16.8656 338.9179 85.85221 0.9215002
16.87949 338.9276 85.82225 0.9384169
16.89338 338.9343 85.78355 0.9704264
16.90727 338.9364 85.73779 1.015854
16.92116 338.9454 85.70856 1.034937
16.93505 338.9421 85.69713 1.0403
16.94894 338.926 85.69746 1.054646
16.96282 338.9117 85.71586 1.06322
16.97671 338.8983 85.7132 1.073739
16.9906 338.9023 85.70218 1.084277
17.00449 338.93 85.69181 1.096692
17.01838 338.965 85.661 1.123531
17.03227 338.984 85.63517 1.147467
17.04616 338.9783 85.59824 1.18247
17.06005 338.9907 85.57623 1.230388
17.07394 339.0084 85.55431 1.267336
17.08782 339.047 85.53612 1.285516
17.10171 339.0996 85.54033 1.282409
17.1156 339.1335 85.53725 1.278165
17.12949 339.1561 85.53633 1.266129
17.14338 339.1937 85.52222 1.247419
17.15727 339.2323 85.49381 1.245373
17.17116 339.266 85.48695 1.221812
17.18505 339.2967 85.46684 1.216872
17.19894 339.3228 85.45752 1.215248
17.21282 339.3477 85.46635 1.208979
17.22671 339.3654 85.46677 1.207556
17.2406 339.3889 85.80321 1.198175
17.25449 339.4304 86.59324 1.184036
17.26838 339.5121 87.57718 1.175765
17.28227 339.5894 87.66357 1.154495
17.29616 339.6342 87.65832 1.147602
17.31005 339.6647 87.63843 1.14797
17.32394 339.7492 87.61858 1.129687
17.33782 339.7328 87.6063 1.1474
17.35171 339.7288 87.59354 1.149664
17.3656 339.7036 87.60047 1.141672
17.37949 339.7032 87.59641 1.137421
17.39338 339.698 87.59389 1.132338
17.40727 339.6945 87.60459 1.108165
17.42116 339.6914 87.59827 1.108173
17.43505 339.7013 87.62722 1.095321
17.44894 339.7053 87.62555 1.118325
17.46282 339.7038 87.61526 1.145887
17.47671 339.6876 87.63203 1.152236
17.4906 339.6631 87.63739 1.160349
17.50449 339.6461 87.63624 1.166479
17.51838 339.6407 87.6457 1.153383
17.53227 339.6462 87.6481 1.151788
17.54616 339.6675 87.65724 1.143028
17.56005 339.6692 87.65739 1.144381
17.57394 339.6587 87.64771 1.149116
17.58782 339.6487 87.65659 1.147696
17.60171 339.6525 87.65871 1.168784
17.6156 339.6595 87.65617 1.183149
17.62949 339.6684 87.65294 1.199201
17.64338 339.6659 87.65351 1.216381
17.65727 339.6623 87.65816 1.21588
17.67116 339.6669 87.6544 1.21382
17.68505 339.6944 87.64815 1.188378
17.69894 339.7002 87.66184 1.161504
17.71282 339.6944 87.67355 1.155537
17.72671 339.6941 87.69527 1.151578
17.7406 339.7043 87.7067 1.149408
17.75449 339.7118 87.71512 1.157783
17.76838 339.7377 87.72826 1.155012
17.78227 339.7504 87.74171 1.151424
17.79616 339.7561 87.76463 1.135468
17.81005 339.7517 87.77086 1.123327
17.82394 339.7502 87.78302 1.120181
17.83782 339.7596 87.79909 1.095586
17.85171 339.7741 87.83514 1.060887
17.8656 339.7929 87.87715 1.037956
17.87949 339.7947 87.92177 1.008399
17.89338 339.7985 87.97615 0.987404
17.90727 339.8007 88.01245 0.9800553
17.92116 339.8112 88.06949 0.9518195
17.93505 339.8133 88.1003 0.937032
17.94894 339.8119 88.13877 0.9002934
17.96282 339.7883 88.15722 0.8757645
17.97671 339.758 88.15602 0.8682045
17.9906 339.753 88.14429 0.8469527
18.00449 339.7499 88.13657 0.8402802
18.01838 339.7368 88.12685 0.8430436
18.03227 339.7311 88.1132 0.8418191
18.04616 339.7229 88.11741 0.8436335
18.06005 339.7073 88.12389 0.8390434
18.07394 339.7118 88.11537 0.8400979
18.08782 339.7217 88.12332 0.8356736
18.10171 339.7235 88.10836 0.8441759
18.1156 339.7213 88.09039 0.8607206
18.12949 339.723 88.0675 0.8899342
18.14338 339.7097 88.04601 0.9181503
18.15727 339.694 88.03897 0.9322308
18.17116 339.6788 88.01958 0.9546522
18.18505 339.6577 88.02156 0.9621593
18.19894 339.6492 88.02058 0.9686354
18.21282 339.6517 88.01392 0.9588585
18.22671 339.6737 88.01276 0.9481618
18.2406 339.7011 88.00354 0.9453799
18.25449 339.7304 87.99265 0.9449376
18.26838 339.7539 87.97151 0.9509934
18.28227 339.7799 87.94265 0.968969
18.29616 339.7907 87.90648 1.00385
18.31005 339.8059 87.88338 1.030475
18.32394 339.7939 87.86869 1.047313
18.33782 339.8076 87.84922 1.071597
18.35171 339.817 87.83639 1.072539
18.3656 339.8399 87.80736 1.086842
18.37949 339.8518 87.77013 1.110543
18.39338 339.8544 87.74934 1.12894
18.40727 339.8442 87.74158 1.140007
18.42116 339.8409 87.74208 1.14617
18.43505 339.8111 87.76923 1.143283
18.44894 339.7961 87.78933 1.152265
18.46282 339.7899 87.80679 1.16109
18.47671 339.8059 87.81854 1.157192
18.4906 339.8231 87.82276 1.148886
18.50449 339.8263 87.8183 1.13848
18.51838 339.8289 87.82178 1.113579
18.53227 339.8226 87.8115 1.111943
18.54616 339.8071 87.81101 1.10786
18.56005 339.7798 87.79617 1.116749
18.57394 339.7416 87.79677 1.109104
18.58782 339.7263 87.79514 1.107335
18.60171 339.7148 87.81937 1.084538
18.6156 339.6959 87.81696 1.083417
18.62949 339.6923 87.81422 1.084257
18.64338 339.6963 87.78981 1.093522
18.65727 339.691 87.77268 1.109185
18.67116 339.6796 87.74921 1.120996
18.68505 339.6629 87.73851 1.137357
18.69894 339.6287 87.72717 1.164707
18.71282 339.6116 87.7014 1.185836
18.72671 339.5991 87.70527 1.192361
18.7406 339.5957 87.69392 1.201465
18.75449 339.6055 87.66855 1.213412
18.76838 339.6191 87.65775 1.206576
18.78227 339.6241 87.62251 1.21382
18.79616 339.6138 87.57653 1.239558
18.81005 339.5853 87.53054 1.262094
18.82394 339.5649 87.47477 1.284953
18.83782 339.5326 87.42271 1.310926
18.85171 339.5027 87.36917 1.346877
18.8656 339.4779 87.3239 1.361704
18.87949 339.4585 87.28191 1.378615
18.89338 339.4367 87.22159 1.404501
18.90727 339.4031 87.15693 1.436002
18.92116 339.3629 87.05851 1.472383
18.93505 339.3173 86.94099 1.518847
18.94894 339.2715 86.80672 1.553363
18.96282 339.2399 86.65157 1.575267
18.97671 339.1973 86.45216 1.622305
18.9906 339.1621 86.29962 1.660054
19.00449 339.1303 86.12154 1.690827
19.01838 339.1034 85.96202 1.737424
19.03227 339.0642 85.80303 1.778648
19.04616 339.0342 85.63708 1.820315
19.06005 339.0223 85.49712 1.869012
19.07394 339.0017 85.38146 1.920867
19.08782 338.9764 85.25018 1.96074
19.10171 338.9438 85.11972 2.020614
19.1156 338.9262 85.02615 2.071549
19.12949 338.923 84.95588 2.114516
19.14338 338.9343 84.97079 2.13094
19.15727 338.9626 85.02342 2.120207
19.17116 338.9853 85.09319 2.116378
19.18505 339.0152 85.13371 2.131563
19.19894 339.0481 85.16186 2.131349
19.21282 339.0812 85.16128 2.154483
19.22671 339.1064 85.14064 2.156308
19.2406 339.1149 85.09193 2.159004
19.25449 339.1144 85.01203 2.176569
19.26838 339.1208 84.93262 2.194232
19.28227 339.1345 84.85583 2.200669
19.29616 339.1388 84.74079 2.233226
19.31005 339.1421 84.61746 2.272058
19.32394 339.1434 84.48672 2.318604
19.33782 339.1351 84.37219 2.346561
19.35171 339.139 84.26456 2.385875
19.3656 339.1547 84.18323 2.419335
19.37949 339.1736 84.08643 2.472135
19.39338 339.1855 84.00407 2.515029
19.40727 339.1949 83.92894 2.553966
19.42116 339.1857 83.8923 2.603151
19.43505 339.1636 83.8765 2.645964
19.44894 339.1599 83.88855 2.694208
19.46282 339.1654 83.8978 2.72768
19.47671 339.1742 83.88898 2.764236
19.4906 339.1808 83.8855 2.77913
19.50449 339.1867 83.89637 2.783342
19.51838 339.1972 83.90263 2.774588
19.53227 339.2127 83.91327 2.784073
19.54616 339.1951 83.89012 2.815359
19.56005 339.1726 83.86712 2.840446
19.57394 339.1409 83.83973 2.861035
19.58782 339.113 83.8354 2.870349
19.60171 339.0961 83.82631 2.870233
19.6156 339.0837 83.82706 2.875439
19.62949 339.0874 83.79887 2.879079
19.64338 339.0832 83.78927 2.884789
19.65727 339.0779 83.76358 2.89561
19.67116 339.0755 83.7402 2.911972
19.68505 339.07 83.7056 2.932903
19.69894 339.0775 83.65151 2.962763
19.71282 339.0916 83.60019 3.001293
19.72671 339.1037 83.57019 3.038353
19.7406 339.1118 83.52486 3.067156
19.75449 339.108 83.47749 3.098243
19.76838 339.1059 83.43185 3.130188
19.78227 339.1104 83.38624 3.169909
19.79616 339.1152 83.3663 3.198305
19.81005 339.1136 83.33044 3.237549
19.82394 339.1118 83.29079 3.286781
19.83782 339.1004 83.24784 3.320147
19.85171 339.1018 83.22984 3.33643
19.8656 339.1242 83.22245 3.363998
19.87949 339.1369 83.21834 3.376369
19.89338 339.1381 83.23211 3.369615
19.90727 339.1154 83.26321 3.355336
19.92116 339.0774 83.29536 3.363168
19.93505 339.0596 83.31982 3.365452
19.94894 339.0611 83.33521 3.372045
19.96282 339.0701 83.33514 3.372756
19.97671 339.0677 83.31887 3.388648
19.9906 339.0659 83.29532 3.38607
20.00449 339.0751 83.27146 3.383132
20.01838 339.078 83.24149 3.38698
20.03227 339.0866 83.21072 3.410494
20.04616 339.0811 83.17607 3.438893
20.06005 339.0818 83.14344 3.472573
20.07394 339.0923 83.10088 3.505408
20.08782 339.1087 83.05693 3.536033
20.10171 339.1112 83.01643 3.552852
20.1156 339.1125 82.978 3.594284
20.12949 339.1301 82.93443 3.641097
20.14338 339.1376 82.88514 3.676931
20.15727 339.15 82.82905 3.709898
20.17116 339.1549 82.77228 3.748709
20.18505 339.1436 82.72927 3.786729
20.19894 339.1303 82.66051 3.847136
20.21282 339.1287 82.58069 3.898859
20.22671 339.1387 82.50723 3.94734
20.2406 339.1548 82.41722 4.009587
20.25449 339.1553 82.34724 4.061851
20.26838 339.172 82.29932 4.120678
20.28227 339.2067 82.28008 4.160887
20.29616 339.2296 82.26689 4.208209
20.31005 339.2432 82.23991 4.258573
20.32394 339.2485 82.21181 4.302481
20.33782 339.2523 82.1825 4.327694
20.35171 339.2647 82.17047 4.338675
20.3656 339.2867 82.17706 4.342257
20.37949 339.311 82.1736 4.347446
20.39338 339.3224 82.17914 4.351846
20.40727 339.3207 82.17799 4.355935
20.42116 339.3235 82.19789 4.346739
20.43505 339.3354 82.22786 4.334572
20.44894 339.3523 82.25256 4.325659
20.46282 339.3584 82.25743 4.313043
20.47671 339.3747 82.26381 4.300871
20.4906 339.3881 82.2793 4.277385
20.50449 339.3987 82.29558 4.264037
20.51838 339.386 82.29984 4.265817
20.53227 339.3731 82.29509 4.28041
20.54616 339.3603 82.27675 4.295678
20.56005 339.3357 82.25328 4.318003
20.57394 339.3298 82.24504 4.312974
20.58782 339.3351 82.25489 4.323936
20.60171 339.3442 82.24857 4.326333
20.6156 339.3536 82.223 4.351419
20.62949 339.343 82.20612 4.375696
20.64338 339.3289 82.19949 4.39158
20.65727 339.3286 82.19987 4.426541
20.67116 339.3222 82.19373 4.451524
20.68505 339.3231 82.19956 4.471704
20.69894 339.319 82.20849 4.486765
20.71282 339.3026 82.22947 4.482241
20.72671 339.2856 82.26855 4.439163
20.7406 339.2717 82.30062 4.421333
20.75449 339.2642 82.31269 4.418695
20.76838 339.2448 82.34588 4.392972
20.78227 339.2486 82.36762 4.402088
20.79616 339.2521 82.39904 4.38945
20.81005 339.2577 82.4159 4.386169
20.82394 339.2601 82.41982 4.370357
20.83782 339.2653 82.40327 4.362526
20.85171 339.265 82.41088 4.342943
20.8656 339.2583 82.40231 4.356976
20.87949 339.2515 82.37859 4.371436
20.89338 339.2396 82.29601 4.399551
20.90727 339.2279 82.21049 4.42758
20.92116 339.2084 82.12544 4.435302
20.93505 339.1849 82.04508 4.44925
20.94894 339.1815 81.97593 4.474844
20.96282 339.2121 81.93295 4.505795
20.97671 339.2564 81.93007 4.523208
20.9906 339.2838 81.95515 4.542572
21.00449 339.2919 82.02924 4.562197
21.01838 339.2675 82.09134 4.588722
21.03227 339.2531 82.16778 4.594676
21.04616 339.2624 82.22362 4.608572
21.06005 339.2733 82.29799 4.583351
21.07394 339.2901 82.33852 4.572984
21.08782 339.3045 82.35377 4.561924
21.10171 339.2922 82.32872 4.571688
21.1156 339.2823 82.30109 4.564855
21.12949 339.2565 82.26986 4.563996
21.14338 339.2271 82.26265 4.56787
21.15727 339.2301 82.28638 4.552365
21.17116 339.2544 82.29933 4.544552
21.18505 339.2999 82.34661 4.524031
21.19894 339.3607 82.3706 4.510783
21.21282 339.4149 82.39624 4.500277
21.22671 339.4467 82.39761 4.484739
21.2406 339.4707 82.38982 4.491384
21.25449 339.513 82.38889 4.491695
21.26838 339.5537 82.37497 4.493367
21.28227 339.5935 82.33942 4.515745
21.29616 339.6333 82.31365 4.51698
21.31005 339.6728 82.27397 4.517385
21.32394 339.7039 82.24831 4.507041
21.33782 339.7427 82.20979 4.499683
21.35171 339.7834 82.17489 4.502223
21.3656 339.8097 82.16644 4.496474
21.37949 339.8359 82.14139 4.511373
21.39338 339.8619 82.13482 4.502959
21.40727 339.8725 82.11562 4.526967
21.42116 339.8942 82.09718 4.526819
21.43505 339.9162 82.09893 4.510828
21.44894 339.9474 82.09468 4.498791
21.46282 339.9789 82.07381 4.502301
21.47671 340.0058 82.05623 4.502781
21.4906 340.0174 82.01165 4.515691
21.50449 340.018 81.9791 4.545594
21.51838 339.9997 81.93364 4.580849
21.53227 339.9875 81.89425 4.619353
21.54616 339.986 81.87193 4.643684
21.56005 340.0026 81.85313 4.681844
21.57394 340.0187 81.86311 4.692735
21.58782 340.0266 81.85719 4.700476
21.60171 340.0134 81.85387 4.707454
21.6156 339.9976 81.83765 4.727673
21.62949 340.0096 81.82602 4.747828
21.64338 340.0269 81.82408 4.768948
21.65727 340.0434 81.78773 4.808634
21.67116 340.0547 81.7497 4.844989
21.68505 340.0757 81.71494 4.851524
21.69894 340.1053 81.68001 4.857531
21.71282 340.1336 81.64776 4.865517
21.72671 340.1719 81.60048 4.879548
21.7406 340.2215 81.50297 4.902165
21.75449 340.2733 81.42412 4.930996
21.76838 340.3518 81.29592 4.969309
21.78227 340.4672 81.12094 5.042607
21.79616 340.638 80.89107 5.148534
21.81005 340.8594 80.5554 5.285882
21.82394 341.1971 79.98721 5.451108
21.83782 341.7083 79.16859 5.684295
21.85171 342.5095 78.01071 6.094328
21.8656 343.5646 76.60245 6.650049
21.87949 343.5646 76.60245 6.650049
21.89338 345.7878 73.8847 7.517805
21.90727 346.8288 72.56853 7.853783
21.92116 346.8288 72.56853 7.853783
21.93505 348.6046 70.44678 8.337627
21.94894 349.3989 69.74946 8.478953
21.96282 349.3989 69.74946 8.478953
21.97671 351.3814 68.55964 8.749688
21.9906 352.0917 68.26954 8.912193
22.00449 352.747 68.10355 9.047046
22.01838 353.3 68.02852 9.165788
22.03227 353.871 68.0055 9.299303
22.04616 354.3301 68.00898 9.419484
22.06005 354.7241 68.06381 9.513821
22.07394 355.0688 68.15326 9.523145
22.08782 355.38 68.35715 9.498059
22.10171 355.6033 68.60944 9.472053
22.1156 355.7704 68.95078 9.455153
22.12949 355.85 69.34053 9.394069
22.14338 355.8412 69.7047 9.308354
22.15727 355.7924 70.23431 9.134886
22.17116 355.7592 70.86599 8.918295
22.18505 355.7632 71.58726 8.689015
22.19894 355.8075 74.85647 8.366091
22.21282 355.8996 80.35802 7.997016
22.22671 355.8996 80.35802 7.997016
22.2406 355.9932 84.6828 7.69305
22.25449 355.9366 86.65605 7.271744
22.26838 356.0032 89.38927 6.977606
22.28227 356.2806 95.41691 6.354231
22.29616 356.1539 96.91187 6.516889
22.31005 356.1233 101.2387 6.395182
22.32394 356.0516 104.7614 6.259839
22.33782 355.8298 109.4143 6.213894
22.35171 355.5535 113.7147 6.308471
22.3656 355.1925 118.5954 6.491387
22.37949 354.8955 119.974 6.78389
22.39338 354.5278 124.3232 7.073338
22.40727 353.5855 136.8142 7.596463
22.42116 353.3942 137.4989 8.166646
22.43505 352.9103 142.0007 8.539692
22.44894 352.4372 146.051 8.539637
22.46282 351.9324 150.1696 8.32728
22.47671 351.5085 154.2861 7.941797
22.4906 351.2746 158.1122 7.296654
22.50449 350.9789 162.1656 6.385349
22.51838 350.5906 166.1298 5.46296
22.53227 350.2138 169.6121 4.629691
22.54616 349.9447 173.1273 3.823042
22.56005 349.8628 176.2893 3.252193
22.57394 349.9865 178.7313 2.904399
22.58782 349.9865 178.7313 2.904399
22.60171 350.2197 180.379 2.761507
22.6156 350.4999 181.557 2.712196
22.62949 351.0829 181.6862 2.458276
22.64338 351.4762 181.1683 1.98827
22.65727 351.8824 180.6534 1.743514
22.67116 352.4492 179.9023 1.623631
22.68505 352.4492 179.9023 1.623631
22.69894 353.0558 177.2854 1.82254
22.71282 352.9503 176.081 1.884428
22.72671 352.7581 174.6206 1.945131
22.7406 352.678 173.4959 2.072718
22.75449 352.678 173.4959 2.072718
22.76838 352.762 171.9647 2.377634
22.78227 352.762 171.9647 2.377634
22.79616 352.8422 171.2511 2.525458
22.81005 352.8426 171.2477 2.525716
22.82394 352.8423 171.2501 2.525536
22.83782 352.842 171.2528 2.525332
22.85171 352.8423 171.2498 2.525558
22.8656 352.8416 171.2569 2.525014
22.87949 352.8416 171.2569 2.525014
22.89338 352.8412 171.26 2.524776
22.90727 352.9273 170.4937 2.582987
22.92116 353.0141 169.7286 2.639956
22.93505 353.0798 169.1537 2.681995
22.94894 353.0798 169.1537 2.681995
22.96282 353.0798 169.1537 2.681995
22.97671 353.0798 169.1537 2.681995
22.9906 353.0798 169.1537 2.681995
23.00449 353.0798 169.1537 2.681995
23.01838 353.0798 169.1537 2.681995
23.03227 353.0798 169.1537 2.681995
23.04616 353.0798 169.1537 2.681995
23.06005 353.0798 169.1537 2.681995
23.07394 353.0798 169.1537 2.681995
23.08782 353.0798 169.1537 2.681995
23.10171 353.0798 169.1537 2.681995
23.1156 353.0798 169.1537 2.681995
23.12949 353.0798 169.1537 2.681995
23.14338 353.0798 169.1537 2.681995
23.15727 353.0798 169.1537 2.681995
23.17116 353.0798 169.1537 2.681995
23.18505 353.0798 169.1537 2.681995
23.19894 353.0798 169.1537 2.681995
23.21282 353.0798 169.1537 2.681995
23.22671 353.0798 169.1537 2.681995
23.2406 353.0798 169.1537 2.681995
23.25449 353.0798 169.1537 2.681995
23.26838 353.0798 169.1537 2.681995
23.28227 353.0798 169.1537 2.681995
23.29616 353.0798 169.1537 2.681995
23.31005 353.0798 169.1537 2.681995
23.32394 353.0798 169.1537 2.681995
23.33782 353.0798 169.1537 2.681995
23.35171 353.0798 169.1537 2.681995
23.3656 353.0798 169.1537 2.681995
23.37949 353.0798 169.1537 2.681995
23.39338 353.0798 169.1537 2.681995
23.40727 353.0798 169.1537 2.681995
23.42116 353.0798 169.1537 2.681995
23.43505 353.0798 169.1537 2.681995
23.44894 353.0798 169.1537 2.681995
23.46282 353.0798 169.1537 2.681995
23.47671 353.0798 169.1537 2.681995
23.4906 353.0798 169.1537 2.681995
23.50449 353.0798 169.1537 2.681995
23.51838 353.0798 169.1537 2.681995
23.53227 353.0798 169.1537 2.681995
23.54616 353.0798 169.1537 2.681995
23.56005 353.0798 169.1537 2.681995
23.57394 353.0798 169.1537 2.681995
23.58782 353.0798 169.1537 2.681995
23.60171 353.0798 169.1537 2.681995
23.6156 353.0798 169.1537 2.681995
23.62949 353.0798 169.1537 2.681995
23.64338 353.0798 169.1537 2.681995
23.65727 353.0798 169.1537 2.681995
23.67116 353.0798 169.1537 2.681995
23.68505 353.0798 169.1537 2.681995
23.69894 353.0798 169.1537 2.681995
23.71282 353.0798 169.1537 2.681995
23.72671 353.0798 169.1537 2.681995
23.7406 353.0798 169.1537 2.681995
23.75449 353.0798 169.1537 2.681995
23.76838 353.0798 169.1537 2.681995
23.78227 353.0798 169.1537 2.681995
23.79616 353.0798 169.1537 2.681995
23.81005 353.0798 169.1537 2.681995
23.82394 353.0798 169.1537 2.681995
23.83782 353.0798 169.1537 2.681995
23.85171 353.0798 169.1537 2.681995
23.8656 353.0798 169.1537 2.681995
23.87949 353.0798 169.1537 2.681995
23.89338 353.0798 169.1537 2.681995
23.90727 353.0798 169.1537 2.681995
23.92116 353.0798 169.1537 2.681995
23.93505 353.0798 169.1537 2.681995
23.94894 353.0798 169.1537 2.681995
23.96282 353.0798 169.1537 2.681995
23.97671 353.0798 169.1537 2.681995
23.9906 353.0798 169.1537 2.681995
24.00449 353.0798 169.1537 2.681995
24.01838 353.0798 169.1537 2.681995
24.03227 353.0798 169.1537 2.681995
24.04616 353.0798 169.1537 2.681995
24.06005 353.0798 169.1537 2.681995
24.07394 353.0798 169.1537 2.681995
24.08782 353.0798 169.1537 2.681995
24.10171 353.0798 169.1537 2.681995
24.1156 353.0798 169.1537 2.681995
24.12949 353.0798 169.1537 2.681995
24.14338 353.0798 169.1537 2.681995
24.15727 353.0798 169.1537 2.681995
24.17116 353.0798 169.1537 2.681995
24.18505 353.0798 169.1537 2.681995
24.19894 353.0798 169.1537 2.681995
24.21282 353.0798 169.1537 2.681995
24.22671 353.0798 169.1537 2.681995
24.2406 353.0798 169.1537 2.681995
24.25449 353.0798 169.1537 2.681995
24.26838 353.0798 169.1537 2.681995
24.28227 353.0798 169.1537 2.681995
24.29616 353.0798 169.1537 2.681995
24.31005 353.0798 169.1537 2.681995
24.32394 353.0798 169.1537 2.681995
24.33782 353.0798 169.1537 2.681995
24.35171 353.0798 169.1537 2.681995
24.3656 353.0798 169.1537 2.681995
24.37949 353.0798 169.1537 2.681995
24.39338 353.0798 169.1537 2.681995
24.40727 353.0798 169.1537 2.681995
24.42116 353.0798 169.1537 2.681995
24.43505 353.0798 169.1537 2.681995
24.44894 353.0798 169.1537 2.681995
24.46282 353.0798 169.1537 2.681995
24.47671 353.0798 169.1537 2.681995
24.4906 353.0798 169.1537 2.681995
24.50449 353.0798 169.1537 2.681995
24.51838 353.0798 169.1537 2.681995
24.53227 353.0798 169.1537 2.681995
24.54616 353.0798 169.1537 2.681995
24.56005 353.0798 169.1537 2.681995
24.57394 353.0798 169.1537 2.681995
24.58782 353.0798 169.1537 2.681995
24.60171 353.0798 169.1537 2.681995
24.6156 353.0798 169.1537 2.681995
24.62949 353.0798 169.1537 2.681995
24.64338 353.0798 169.1537 2.681995
24.65727 353.0798 169.1537 2.681995
24.67116 353.0798 169.1537 2.681995
24.68505 353.0798 169.1537 2.681995
24.69894 353.0798 169.1537 2.681995
24.71282 353.0798 169.1537 2.681995
24.72671 353.0798 169.1537 2.681995
24.7406 353.0798 169.1537 2.681995
24.75449 353.0798 169.1537 2.681995
24.76838 353.0798 169.1537 2.681995
24.78227 353.0798 169.1537 2.681995
24.79616 353.0798 169.1537 2.681995
24.81005 353.0798 169.1537 2.681995
24.82394 353.0798 169.1537 2.681995
24.83782 353.0798 169.1537 2.681995
24.85171 353.0798 169.1537 2.681995
24.8656 353.0798 169.1537 2.681995
24.87949 353.0798 169.1537 2.681995
24.89338 353.0798 169.1537 2.681995
24.90727 353.0798 169.1537 2.681995
24.92116 353.0798 169.1537 2.681995
24.93505 353.0798 169.1537 2.681995
24.94894 353.0798 169.1537 2.681995
24.96282 353.0798 169.1537 2.681995
24.97671 353.0798 169.1537 2.681995
24.9906 353.0798 169.1537 2.681995
25.00449 353.0798 169.1537 2.681995
25.01838 353.0798 169.1537 2.681995
25.03227 353.0798 169.1537 2.681995
25.04616 353.0798 169.1537 2.681995
25.06005 353.0798 169.1537 2.681995
25.07394 353.0798 169.1537 2.681995
25.08782 353.0798 169.1537 2.681995
25.10171 353.0798 169.1537 2.681995
25.1156 353.0798 169.1537 2.681995
25.12949 353.0798 169.1537 2.681995
25.14338 353.0798 169.1537 2.681995
25.15727 353.0798 169.1537 2.681995
25.17116 353.0798 169.1537 2.681995
25.18505 353.0798 169.1537 2.681995
25.19894 353.0798 169.1537 2.681995
25.21282 353.0798 169.1537 2.681995
25.22671 353.0798 169.1537 2.681995
25.2406 353.0798 169.1537 2.681995
25.25449 353.0798 169.1537 2.681995
25.26838 353.0798 169.1537 2.681995
25.28227 353.0798 169.1537 2.681995
25.29616 353.0798 169.1537 2.681995
25.31005 353.0798 169.1537 2.681995
25.32394 353.0798 169.1537 2.681995
25.33782 353.0798 169.1537 2.681995
25.35171 353.0798 169.1537 2.681995
25.3656 353.0798 169.1537 2.681995
25.37949 353.0798 169.1537 2.681995
25.39338 353.0798 169.1537 2.681995
25.40727 353.0798 169.1537 2.681995
25.42116 353.0798 169.1537 2.681995
25.43505 353.0798 169.1537 2.681995
25.44894 353.0798 169.1537 2.681995
25.46282 353.0798 169.1537 2.681995
25.47671 353.0798 169.1537 2.681995
25.4906 353.0798 169.1537 2.681995
25.50449 353.0798 169.1537 2.681995
25.51838 353.0798 169.1537 2.681995
25.53227 353.0798 169.1537 2.681995
25.54616 353.0798 169.1537 2.681995
25.56005 353.0798 169.1537 2.681995
25.57394 353.0798 169.1537 2.681995
25.58782 353.0798 169.1537 2.681995
25.60171 353.0798 169.1537 2.681995
25.6156 353.0798 169.1537 2.681995
25.62949 353.0798 169.1537 2.681995
25.64338 353.0798 169.1537 2.681995
25.65727 353.0798 169.1537 2.681995
25.67116 353.0798 169.1537 2.681995
25.68505 353.0798 169.1537 2.681995
25.69894 353.0798 169.1537 2.681995
25.71282 353.0798 169.1537 2.681995
25.72671 353.0798 169.1537 2.681995
25.7406 353.0798 169.1537 2.681995
25.75449 353.0798 169.1537 2.681995
25.76838 353.0798 169.1537 2.681995
25.78227 353.0798 169.1537 2.681995
25.79616 353.0798 169.1537 2.681995
25.81005 353.0798 169.1537 2.681995
25.82394 353.0798 169.1537 2.681995
25.83782 353.0798 169.1537 2.681995
25.85171 353.0798 169.1537 2.681995
25.8656 353.0798 169.1537 2.681995
25.87949 353.0798 169.1537 2.681995
25.89338 353.0798 169.1537 2.681995
25.90727 353.0798 169.1537 2.681995
25.92116 353.0798 169.1537 2.681995
25.93505 353.0798 169.1537 2.681995
25.94894 353.0798 169.1537 2.681995
25.96282 353.0798 169.1537 2.681995
25.97671 353.0798 169.1537 2.681995
25.9906 353.0798 169.1537 2.681995
26.00449 353.0798 169.1537 2.681995
26.01838 353.0798 169.1537 2.681995
26.03227 353.0798 169.1537 2.681995
26.04616 353.0798 169.1537 2.681995
26.06005 353.0798 169.1537 2.681995
26.07394 353.0798 169.1537 2.681995
26.08782 353.0798 169.1537 2.681995
26.10171 353.0798 169.1537 2.681995
26.1156 353.0798 169.1537 2.681995
26.12949 353.0798 169.1537 2.681995
26.14338 353.0798 169.1537 2.681995
26.15727 353.0798 169.1537 2.681995
26.17116 353.0798 169.1537 2.681995
26.18505 353.0798 169.1537 2.681995
26.19894 353.0798 169.1537 2.681995
26.21282 353.0798 169.1537 2.681995
26.22671 353.0798 169.1537 2.681995
26.2406 353.0798 169.1537 2.681995
26.25449 353.0798 169.1537 2.681995
26.26838 353.0798 169.1537 2.681995
26.28227 353.0798 169.1537 2.681995
26.29616 353.0798 169.1537 2.681995
26.31005 353.0798 169.1537 2.681995
26.32394 353.0798 169.1537 2.681995
26.33782 353.0798 169.1537 2.681995
26.35171 353.0798 169.1537 2.681995
26.3656 353.0798 169.1537 2.681995
26.37949 353.0798 169.1537 2.681995
26.39338 353.0798 169.1537 2.681995
26.40727 353.0798 169.1537 2.681995
26.42116 353.0798 169.1537 2.681995
26.43505 353.0798 169.1537 2.681995
26.44894 353.0798 169.1537 2.681995
26.46282 353.0798 169.1537 2.681995
26.47671 353.0798 169.1537 2.681995
26.4906 353.0798 169.1537 2.681995
26.50449 353.0798 169.1537 2.681995
26.51838 353.0798 169.1537 2.681995
26.53227 353.0798 169.1537 2.681995
26.54616 353.0798 169.1537 2.681995
26.56005 353.0798 169.1537 2.681995
26.57394 353.0798 169.1537 2.681995
26.58782 353.0798 169.1537 2.681995
26.60171 353.0798 169.1537 2.681995
26.6156 353.0798 169.1537 2.681995
26.62949 353.0798 169.1537 2.681995
26.64338 353.0798 169.1537 2.681995
26.65727 353.0798 169.1537 2.681995
26.67116 353.0798 169.1537 2.681995
26.68505 353.0798 169.1537 2.681995
26.69894 353.0798 169.1537 2.681995
26.71282 353.0798 169.1537 2.681995
26.72671 353.0798 169.1537 2.681995
26.7406 353.0798 169.1537 2.681995
26.75449 353.0798 169.1537 2.681995
26.76838 353.0798 169.1537 2.681995
26.78227 353.0798 169.1537 2.681995
26.79616 353.0798 169.1537 2.681995
26.81005 353.0798 169.1537 2.681995
26.82394 353.0798 169.1537 2.681995
26.83782 353.0798 169.1537 2.681995
26.85171 353.0798 169.1537 2.681995
26.8656 353.0798 169.1537 2.681995
26.87949 353.0798 169.1537 2.681995
26.89338 353.0798 169.1537 2.681995
26.90727 353.0798 169.1537 2.681995
26.92116 353.0798 169.1537 2.681995
26.93505 353.0798 169.1537 2.681995
26.94894 353.0798 169.1537 2.681995
26.96282 353.0798 169.1537 2.681995
26.97671 353.0798 169.1537 2.681995
26.9906 353.0798 169.1537 2.681995
27.00449 353.0798 169.1537 2.681995
27.01838 353.0798 169.1537 2.681995
27.03227 353.0798 169.1537 2.681995
27.04616 353.0798 169.1537 2.681995
27.06005 353.0798 169.1537 2.681995
27.07394 353.0798 169.1537 2.681995
27.08782 353.0798 169.1537 2.681995
27.10171 353.0798 169.1537 2.681995
27.1156 353.0798 169.1537 2.681995
27.12949 353.0798 169.1537 2.681995
27.14338 353.0798 169.1537 2.681995
27.15727 353.0798 169.1537 2.681995
27.17116 353.0798 169.1537 2.681995
27.18505 353.0798 169.1537 2.681995
27.19894 353.0798 169.1537 2.681995
27.21282 353.0798 169.1537 2.681995
27.22671 353.0798 169.1537 2.681995
27.2406 353.0798 169.1537 2.681995
27.25449 353.0798 169.1537 2.681995
27.26838 353.0798 169.1537 2.681995
27.28227 353.0798 169.1537 2.681995
27.29616 353.0798 169.1537 2.681995
27.31005 353.0798 169.1537 2.681995
27.32394 353.0798 169.1537 2.681995
27.33782 353.0798 169.1537 2.681995
27.35171 353.0798 169.1537 2.681995
27.3656 353.0798 169.1537 2.681995
27.37949 353.0798 169.1537 2.681995
27.39338 353.0798 169.1537 2.681995
27.40727 353.0798 169.1537 2.681995
27.42116 353.0798 169.1537 2.681995
27.43505 353.0798 169.1537 2.681995
27.44894 353.0798 169.1537 2.681995
27.46282 353.0798 169.1537 2.681995
27.47671 353.0798 169.1537 2.681995
27.4906 353.0798 169.1537 2.681995
27.50449 353.0798 169.1537 2.681995
27.51838 353.0798 169.1537 2.681995
27.53227 353.0798 169.1537 2.681995
27.54616 353.0798 169.1537 2.681995
27.56005 353.0798 169.1537 2.681995
27.57394 353.0798 169.1537 2.681995
27.58782 353.0798 169.1537 2.681995
27.60171 353.0798 169.1537 2.681995
27.6156 353.0798 169.1537 2.681995
27.62949 353.0798 169.1537 2.681995
27.64338 353.0798 169.1537 2.681995
27.65727 353.0798 169.1537 2.681995
27.67116 353.0798 169.1537 2.681995
27.68505 353.0798 169.1537 2.681995
27.69894 353.0798 169.1537 2.681995
27.71282 353.0798 169.1537 2.681995
27.72671 353.0798 169.1537 2.681995
27.7406 353.0798 169.1537 2.681995
27.75449 353.0798 169.1537 2.681995
27.76838 353.0798 169.1537 2.681995
27.78227 353.0798 169.1537 2.681995
27.79616 353.0798 169.1537 2.681995
27.81005 353.0798 169.1537 2.681995
27.82394 353.0798 169.1537 2.681995
27.83782 353.0798 169.1537 2.681995
27.85171 353.0798 169.1537 2.681995
27.8656 353.0798 169.1537 2.681995
27.87949 353.0798 169.1537 2.681995
27.89338 353.0798 169.1537 2.681995
27.90727 353.0798 169.1537 2.681995
27.92116 353.0798 169.1537 2.681995
27.93505 353.0798 169.1537 2.681995
27.94894 353.0798 169.1537 2.681995
27.96282 353.0798 169.1537 2.681995
27.97671 353.0798 169.1537 2.681995
27.9906 353.0798 169.1537 2.681995
28.00449 353.0798 169.1537 2.681995
28.01838 353.0798 169.1537 2.681995
28.03227 353.0798 169.1537 2.681995
28.04616 353.0798 169.1537 2.681995
28.06005 353.0798 169.1537 2.681995
28.07394 353.0798 169.1537 2.681995
28.08782 353.0798 169.1537 2.681995
28.10171 353.0798 169.1537 2.681995
28.1156 353.0798 169.1537 2.681995
28.12949 353.0798 169.1537 2.681995
28.14338 353.0798 169.1537 2.681995
28.15727 353.0798 169.1537 2.681995
28.17116 353.0798 169.1537 2.681995
28.18505 353.0798 169.1537 2.681995
28.19894 353.0798 169.1537 2.681995
28.21282 353.0798 169.1537 2.681995
28.22671 353.0798 169.1537 2.681995
28.2406 353.0798 169.1537 2.681995
28.25449 353.0798 169.1537 2.681995
28.26838 353.0798 169.1537 2.681995
28.28227 353.0798 169.1537 2.681995
28.29616 353.0798 169.1537 2.681995
28.31005 353.0798 169.1537 2.681995
28.32394 353.0798 169.1537 2.681995
28.33782 353.0798 169.1537 2.681995
28.35171 353.0798 169.1537 2.681995
28.3656 353.0798 169.1537 2.681995
28.37949 353.0798 169.1537 2.681995
28.39338 353.0798 169.1537 2.681995
28.40727 353.0798 169.1537 2.681995
28.42116 353.0798 169.1537 2.681995
28.43505 353.0798 169.1537 2.681995
28.44894 353.0798 169.1537 2.681995
28.46282 353.0798 169.1537 2.681995
28.47671 353.0798 169.1537 2.681995
28.4906 353.0798 169.1537 2.681995
28.50449 353.0798 169.1537 2.681995
28.51838 353.0798 169.1537 2.681995
28.53227 353.0798 169.1537 2.681995
28.54616 353.0798 169.1537 2.681995
28.56005 353.0798 169.1537 2.681995
28.57394 353.0798 169.1537 2.681995
28.58782 353.0798 169.1537 2.681995
28.60171 353.0798 169.1537 2.681995
28.6156 353.0798 169.1537 2.681995
28.62949 353.0798 169.1537 2.681995
28.64338 353.0798 169.1537 2.681995
28.65727 353.0798 169.1537 2.681995
28.67116 353.0798 169.1537 2.681995
28.68505 353.0798 169.1537 2.681995
28.69894 353.0798 169.1537 2.681995
28.71282 353.0798 169.1537 2.681995
28.72671 353.0798 169.1537 2.681995
28.7406 353.0798 169.1537 2.681995
28.75449 353.0798 169.1537 2.681995
28.76838 353.0798 169.1537 2.681995
28.78227 353.0798 169.1537 2.681995
28.79616 353.0798 169.1537 2.681995
28.81005 353.0798 169.1537 2.681995
28.82394 353.0798 169.1537 2.681995
28.83782 353.0798 169.1537 2.681995
28.85171 353.0798 169.1537 2.681995
28.8656 353.0798 169.1537 2.681995
28.87949 353.0798 169.1537 2.681995
28.89338 353.0798 169.1537 2.681995
28.90727 353.0798 169.1537 2.681995
28.92116 353.0798 169.1537 2.681995
28.93505 353.0798 169.1537 2.681995
28.94894 353.0798 169.1537 2.681995
28.96282 353.0798 169.1537 2.681995
28.97671 353.0798 169.1537 2.681995
28.9906 353.0798 169.1537 2.681995
29.00449 353.0798 169.1537 2.681995
29.01838 353.0798 169.1537 2.681995
29.03227 353.0798 169.1537 2.681995
29.04616 353.0798 169.1537 2.681995
29.06005 353.0798 169.1537 2.681995
29.07394 353.0798 169.1537 2.681995
29.08782 353.0798 169.1537 2.681995
29.10171 353.0798 169.1537 2.681995
29.1156 353.0798 169.1537 2.681995
29.12949 353.0798 169.1537 2.681995
29.14338 353.0798 169.1537 2.681995
29.15727 353.0798 169.1537 2.681995
29.17116 353.0798 169.1537 2.681995
29.18505 353.0798 169.1537 2.681995
29.19894 353.0798 169.1537 2.681995
29.21282 353.0798 169.1537 2.681995
29.22671 353.0798 169.1537 2.681995
29.2406 353.0798 169.1537 2.681995
29.25449 353.0798 169.1537 2.681995
29.26838 353.0798 169.1537 2.681995
29.28227 353.0798 169.1537 2.681995
29.29616 353.0798 169.1537 2.681995
29.31005 353.0798 169.1537 2.681995
29.32394 353.0798 169.1537 2.681995
29.33782 353.0798 169.1537 2.681995
29.35171 353.0798 169.1537 2.681995
29.3656 353.0798 169.1537 2.681995
29.37949 353.0798 169.1537 2.681995
29.39338 353.0798 169.1537 2.681995
29.40727 353.0798 169.1537 2.681995
29.42116 353.0798 169.1537 2.681995
29.43505 353.0798 169.1537 2.681995
29.44894 353.0798 169.1537 2.681995
29.46282 353.0798 169.1537 2.681995
29.47671 353.0798 169.1537 2.681995
29.4906 353.0798 169.1537 2.681995
29.50449 353.0798 169.1537 2.681995
29.51838 353.0798 169.1537 2.681995
29.53227 353.0798 169.1537 2.681995
29.54616 353.0798 169.1537 2.681995
29.56005 353.0798 169.1537 2.681995
29.57394 353.0798 169.1537 2.681995
29.58782 353.0798 169.1537 2.681995
29.60171 353.0798 169.1537 2.681995
29.6156 353.0798 169.1537 2.681995
29.62949 353.0798 169.1537 2.681995
29.64338 353.0798 169.1537 2.681995
29.65727 353.0798 169.1537 2.681995
29.67116 353.0798 169.1537 2.681995
29.68505 353.0798 169.1537 2.681995
29.69894 353.0798 169.1537 2.681995
29.71282 353.0798 169.1537 2.681995
29.72671 353.0798 169.1537 2.681995
29.7406 353.0798 169.1537 2.681995
29.75449 353.0798 169.1537 2.681995
29.76838 353.0798 169.1537 2.681995
29.78227 353.0798 169.1537 2.681995
29.79616 353.0798 169.1537 2.681995
29.81005 353.0798 169.1537 2.681995
29.82394 353.0798 169.1537 2.681995
29.83782 353.0798 169.1537 2.681995
29.85171 353.0798 169.1537 2.681995
29.8656 353.0798 169.1537 2.681995
29.87949 353.0798 169.1537 2.681995
29.89338 353.0798 169.1537 2.681995
29.90727 353.0798 169.1537 2.681995
29.92116 353.0798 169.1537 2.681995
29.93505 353.0798 169.1537 2.681995
29.94894 353.0798 169.1537 2.681995
29.96282 353.0798 169.1537 2.681995
29.97671 353.0798 169.1537 2.681995
29.9906 353.0798 169.1537 2.681995
30.00449 353.0798 169.1537 2.681995
30.01838 353.0798 169.1537 2.681995
30.03227 353.0798 169.1537 2.681995
30.04616 353.0798 169.1537 2.681995
30.06005 353.0798 169.1537 2.681995
30.07394 353.0798 169.1537 2.681995
30.08782 353.0798 169.1537 2.681995
30.10171 353.0798 169.1537 2.681995
30.1156 353.0798 169.1537 2.681995
30.12949 353.0798 169.1537 2.681995
30.14338 353.0798 169.1537 2.681995
30.15727 353.0798 169.1537 2.681995
30.17116 353.0798 169.1537 2.681995
30.18505 353.0798 169.1537 2.681995
30.19894 353.0798 169.1537 2.681995
30.21282 353.0798 169.1537 2.681995
30.22671 353.0798 169.1537 2.681995
30.2406 353.0798 169.1537 2.681995
30.25449 353.0798 169.1537 2.681995
30.26838 353.0798 169.1537 2.681995
30.28227 353.0798 169.1537 2.681995
30.29616 353.0798 169.1537 2.681995
30.31005 353.0798 169.1537 2.681995
30.32394 353.0798 169.1537 2.681995
30.33782 353.0798 169.1537 2.681995
30.35171 353.0798 169.1537 2.681995
30.3656 353.0798 169.1537 2.681995
30.37949 353.0798 169.1537 2.681995
30.39338 353.0798 169.1537 2.681995
30.40727 353.0798 169.1537 2.681995
30.42116 353.0798 169.1537 2.681995
30.43505 353.0798 169.1537 2.681995
30.44894 353.0798 169.1537 2.681995
30.46282 353.0798 169.1537 2.681995
30.47671 353.0798 169.1537 2.681995
30.4906 353.0798 169.1537 2.681995
30.50449 353.0798 169.1537 2.681995
30.51838 353.0798 169.1537 2.681995
30.53227 353.0798 169.1537 2.681995
30.54616 353.0798 169.1537 2.681995
30.56005 353.0798 169.1537 2.681995
