-0.03333334 0 270 0
0 0 270 0
0.03333334 0 270 0
0.03333334 0 270 0
0.06666667 0 270 0
0.06666667 0 270 0
0.06666667 0 270 0
0.1 0 270 0
0.1 0 270 0
0.1 0 270 0
0.1333333 0 270 0
0.1333333 0 270 0
0.1333333 0 270 0
0.1666667 0 270 0
0.1666667 0 270 0
0.1666667 0 270 0
0.2 0 270 0
0.2 0 270 0
0.2 0 270 0
0.2 0 270 0
0.2333333 0 270 0
0.2333333 0 270 0
0.2333333 0 270 0
0.2666667 0 270 0
0.2666667 0 270 0
0.2666667 0 270 0
0.2666667 0 270 0
0.3 0 270 0
0.3 0 270 0
0.3 0 270 0
0.3 0 270 0
0.3333333 0 270 0
0.3333333 0 270 0
0.3333333 0 270 0
0.3333333 0 270 0
0.3666667 0 270 0
0.3666667 0 270 0
0.3666667 0 270 0
0.4 0 270 0
0.4 0 270 0
0.4 0 270 0
0.4 0 270 0
0.4333333 0 270 0
0.4333333 0 270 0
0.4333333 0 270 0
0.4333333 0 270 0
0.4666667 0 270 0
0.4666667 0 270 0
0.4666667 0 270 0
0.4666667 0 270 0
0.5 0 270 0
0.5 0 270 0
0.5 0 270 0
0.5 0 270 0
0.5333334 0 270 0
0.5333334 0 270 0
0.5333334 0 270 0
0.5666667 0 270 0
0.5666667 0 270 0
0.5666667 0 270 0
0.5666667 0 270 0
0.6 0 270 0
0.6 0 270 0
0.6 0 270 0
0.6 0 270 0
0.6333333 0 270 0
0.6333333 0 270 0
0.6333333 0 270 0
0.6333333 0 270 0
0.6666667 0 270 0
0.6666667 0 270 0
0.6666667 0 270 0
0.6666667 0 270 0
0.7 0 270 0
0.7 0 270 0
0.7 0 270 0
0.7333333 0 270 0
0.7333333 0 270 0
0.7333333 0 270 0
0.7666667 0 270 0
0.7666667 0 270 0
0.7666667 0 270 0
0.8 0 270 0
0.8 0 270 0
0.8333333 0 270 0
0.8333333 0 270 0
0.8333333 0 270 0
0.8666667 0 270 0
0.8666667 0 270 0
0.8666667 0 270 0
0.8666667 0 270 0
0.9 0 270 0
0.9 0 270 0
0.9 0 270 0
0.9 0 270 0
0.9333333 0 270 0
0.9333333 0 270 0
0.9333333 0 270 0
0.9333333 0 270 0
0.9666666 0 270 0
0.9666666 0 270 0
0.9666666 0 270 0
0.9666666 0 270 0
1 0 270 0
1 0 270 0
1 0 270 0
1.033333 0 270 0
1.033333 0 270 0
1.033333 0 270 0
1.033333 0 270 0
1.066667 0 270 0
1.066667 0 270 0
1.066667 0 270 0
1.1 0 270 0
1.1 0 270 0
1.1 0 270 0
1.1 0 270 0
1.133333 0 270 0
