1.561424 0 270 0
1.859171 0 270 0
1.959171 0 270 0
2.059171 0 270 0
2.159171 0 270 0
2.259171 0 270 0
2.359171 0 270 0
2.459171 0 270 0
2.559171 0 270 0
2.659171 0 270 0
2.759171 0 270 0
2.859171 0 270 0
2.959171 0 270 0
3.059171 0 270 0
3.159171 0 270 0
3.259171 0 270 0
3.359171 0 270 0
3.459171 0 270 0
3.559171 0 270 0
3.659171 0 270 0
3.759171 0 270 0
3.859171 0 270 0
3.959171 0 270 0
4.059171 0 270 0
4.159171 0 270 0
4.259171 0 270 0
4.359171 0 270 0
4.459171 0 270 0
4.559171 0 270 0
4.659171 0 270 0
4.759171 0 270 0
4.859171 0 270 0
4.959171 0 270 0
5.059171 0 270 0
5.159171 0 270 0
5.259171 0 270 0
5.359171 0 270 0
5.459171 0 270 0
5.559171 0 270 0
5.659171 0 270 0
5.759171 0 270 0
5.859171 0 270 0
5.959171 0 270 0
6.059171 0 270 0
6.159171 0 270 0
6.259171 0 270 0
6.359171 0 270 0
6.459171 0 270 0
6.559171 0 270 0
6.659171 0 270.15 0
6.759171 358.95 305.475 2.66849E-08
6.859171 354.825 337.875 -2.14317E-07
6.959171 353.7 349.2 -1.073701E-06
7.059171 353.7 349.2 -1.073701E-06
7.159171 351.9 352.575 -1.670856E-06
7.259171 342.675 16.42502 -8.943495E-07
7.359171 341.8499 32.02502 -1.347718E-06
7.459171 344.3249 47.70002 0
7.559171 344.8499 48.375 2.653547E-06
7.659172 344.8499 48.375 2.653547E-06
7.759171 344.8499 48.375 2.653547E-06
7.859171 344.8499 48.375 2.653547E-06
7.959171 344.8499 48.375 2.653547E-06
8.059172 344.8499 48.375 2.653547E-06
8.159171 344.8499 48.375 2.653547E-06
8.259171 344.8499 48.375 2.653547E-06
8.359171 344.8499 48.375 2.653547E-06
8.459171 344.8499 48.375 2.653547E-06
8.559172 344.8499 48.375 2.653547E-06
8.659171 344.8499 48.375 2.653547E-06
8.759171 344.8499 48.375 2.653547E-06
8.859171 344.8499 48.375 2.653547E-06
8.959171 344.8499 48.375 2.653547E-06
9.059172 344.8499 48.375 2.653547E-06
9.159171 344.8499 48.375 2.653547E-06
9.259171 344.8499 48.375 2.653547E-06
9.359171 344.8499 48.375 2.653547E-06
9.459171 344.8499 48.375 2.653547E-06
9.559172 344.8499 48.375 2.653547E-06
9.659171 344.8499 48.375 2.653547E-06
9.759171 344.8499 48.375 2.653547E-06
9.859171 344.8499 48.375 2.653547E-06
9.959171 344.8499 48.375 2.653547E-06
10.05917 344.8499 48.375 2.653547E-06
10.15917 344.8499 48.375 2.653547E-06
10.25917 344.8499 48.375 2.653547E-06
10.35917 344.8499 48.375 2.653547E-06
10.45917 344.8499 48.375 2.653547E-06
10.55917 344.8499 48.375 2.653547E-06
10.65917 344.8499 48.375 2.653547E-06
10.75917 344.8499 48.375 2.653547E-06
10.85917 344.8499 48.375 2.653547E-06
10.95917 344.8499 48.375 2.653547E-06
11.05917 344.8499 48.375 2.653547E-06
11.15917 344.8499 48.375 2.653547E-06
11.25917 344.8499 48.375 2.653547E-06
11.35917 344.8499 48.375 2.653547E-06
11.45917 344.8499 48.375 2.653547E-06
11.55917 344.8499 48.375 2.653547E-06
11.65917 344.8499 48.375 2.653547E-06
11.75917 344.8499 48.375 2.653547E-06
11.85917 344.8499 48.375 2.653547E-06
11.95917 344.8499 48.375 2.653547E-06
12.05917 344.8499 48.375 2.653547E-06
12.15917 344.8499 48.375 2.653547E-06
12.25917 344.8499 48.375 2.653547E-06
12.35917 344.8499 48.375 2.653547E-06
12.45917 344.8499 48.375 2.653547E-06
12.55917 344.8499 48.375 2.653547E-06
12.65917 344.8499 48.375 2.653547E-06
12.75917 344.8499 48.375 2.653547E-06
12.85917 344.8499 48.375 2.653547E-06
12.95917 344.8499 48.375 2.653547E-06
13.05917 344.8499 48.375 2.653547E-06
13.15917 344.8499 48.375 2.653547E-06
13.25917 344.8499 48.375 2.653547E-06
13.35917 344.8499 48.375 2.653547E-06
13.45917 344.8499 48.375 2.653547E-06
13.55917 344.8499 48.375 2.653547E-06
13.65917 344.8499 48.375 2.653547E-06
13.75917 344.8499 48.375 2.653547E-06
13.85917 344.8499 48.375 2.653547E-06
13.95917 344.8499 48.375 2.653547E-06
14.05917 344.8499 48.375 2.653547E-06
14.15917 344.8499 48.375 2.653547E-06
14.25917 344.8499 48.375 2.653547E-06
14.35917 344.8499 48.375 2.653547E-06
14.45917 344.8499 48.375 2.653547E-06
14.55917 344.8499 48.375 2.653547E-06
14.65917 344.8499 48.375 2.653547E-06
14.75917 344.8499 48.375 2.653547E-06
14.85917 344.8499 48.375 2.653547E-06
14.95917 344.8499 48.375 2.653547E-06
15.05917 344.8499 48.375 2.653547E-06
15.15917 344.8499 48.375 2.653547E-06
15.25917 344.8499 48.375 2.653547E-06
15.35917 344.8499 48.375 2.653547E-06
15.45917 344.8499 48.375 2.653547E-06
15.55917 344.8499 48.375 2.653547E-06
15.65917 344.8499 48.375 2.653547E-06
15.75917 344.8499 48.375 2.653547E-06
15.85917 344.8499 48.375 2.653547E-06
15.95917 344.8499 48.375 2.653547E-06
16.05917 344.8499 48.375 2.653547E-06
16.15917 344.8499 48.375 2.653547E-06
16.25917 344.8499 48.375 2.653547E-06
16.35917 344.8499 48.375 2.653547E-06
16.45917 344.8499 48.375 2.653547E-06
16.55917 344.8499 48.375 2.653547E-06
16.65917 344.8499 48.375 2.653547E-06
16.75917 344.8499 48.375 2.653547E-06
16.85917 344.8499 48.375 2.653547E-06
16.95917 344.8499 48.375 2.653547E-06
17.05917 344.8499 48.375 2.653547E-06
17.15917 344.8499 48.375 2.653547E-06
17.25917 344.8499 48.375 2.653547E-06
17.35917 344.8499 48.375 2.653547E-06
17.45917 344.8499 48.375 2.653547E-06
17.55917 344.8499 48.375 2.653547E-06
17.65917 344.8499 48.375 2.653547E-06
17.75917 344.8499 48.375 2.653547E-06
17.85917 344.8499 48.375 2.653547E-06
17.95917 344.8499 48.375 2.653547E-06
18.05917 344.8499 48.375 2.653547E-06
18.15917 344.8499 48.375 2.653547E-06
18.25917 344.8499 48.375 2.653547E-06
18.35917 344.8499 48.375 2.653547E-06
18.45917 344.8499 48.375 2.653547E-06
18.55917 344.8499 48.375 2.653547E-06
18.65917 344.8499 48.375 2.653547E-06
18.75917 344.8499 48.375 2.653547E-06
18.85917 345.6127 43.43355 3.966374E-06
18.95917 347.5802 30.58329 1.967023E-06
19.05917 349.6697 16.74015 1.410242E-06
19.15917 351.5798 3.881253 2.858942E-06
19.25917 353.5968 350.0273 1.449787E-06
19.35917 355.6957 335.1749 2.033448E-06
19.45917 357.8402 319.3193 2.456344E-06
19.55917 359.5875 305.4289 2.427982E-06
19.65917 0.8071524 294.0686 -5.336615E-08
19.75917 0.8071524 294.0686 -5.336615E-08
19.85917 0.8071524 294.0686 -5.336615E-08
19.95917 0.8071524 294.0686 -5.336615E-08
20.05917 0.8071524 294.0686 -5.336615E-08
20.15917 0.8071524 294.0686 -5.336615E-08
20.25917 0.8071524 294.0686 -5.336615E-08
20.35917 0.8071524 294.0686 -5.336615E-08
20.45917 0.8071524 294.0686 -5.336615E-08
20.55917 0.8071524 294.0686 -5.336615E-08
20.65917 0.8071524 294.0686 -5.336615E-08
20.75917 0.8071526 290.7686 2.668307E-08
20.85917 0.807153 268.3436 0
20.95917 0.8071544 264.8185 -5.336615E-08
21.05917 0.8071561 264.8185 2.668308E-08
21.15917 0.8071574 264.8185 5.336615E-08
21.25917 0.8071574 264.8185 5.336615E-08
21.35917 0.8071574 264.8185 5.336615E-08
21.45917 0.8071574 264.8185 5.336615E-08
21.55917 0.8071574 264.8185 5.336615E-08
21.65917 0.8071574 264.8185 5.336615E-08
21.75917 358.1822 265.5685 0
21.85917 351.2821 266.6935 0
21.95917 349.4821 266.9186 -4.341819E-07
22.05917 349.4821 266.9186 -4.341819E-07
22.15917 349.4821 266.9186 -4.341819E-07
22.25917 349.4821 266.9186 -4.341819E-07
22.35917 349.4821 266.9186 -4.341819E-07
22.45917 349.4821 266.9186 -4.341819E-07
22.55917 349.4821 266.9186 -4.341819E-07
22.65917 350.2321 266.5435 0
22.75917 350.2321 266.5435 0
22.85917 350.2321 266.5435 0
22.95917 350.2321 266.5435 0
23.05917 350.2321 266.5435 0
23.15917 350.2321 266.5435 0
23.25917 350.2321 266.5435 0
23.35917 350.2321 266.5435 0
23.45917 350.2321 266.5435 0
23.55917 350.2321 266.5435 0
23.65917 350.2321 266.5435 0
23.75917 350.2321 266.5435 0
23.85917 350.2321 266.5435 0
23.95917 350.2321 266.5435 0
24.05917 350.2321 266.5435 0
24.15917 350.2321 266.5435 0
24.25917 350.2321 266.5435 0
24.35917 350.2321 266.5435 0
24.45917 350.2321 266.5435 0
24.55917 350.2321 266.5435 0
24.65917 350.2321 266.5435 0
24.75917 350.2321 266.5435 0
24.85917 350.2321 266.5435 0
24.95917 350.2321 266.5435 0
25.05917 350.2321 266.5435 0
25.15917 350.2321 266.5435 0
25.25917 350.2321 266.5435 0
25.35917 350.2321 266.5435 0
25.45917 350.2321 266.5435 0
25.55917 350.2321 266.5435 0
25.65917 350.2321 266.5435 0
25.75917 350.2321 266.5435 0
25.85917 350.2321 266.5435 0
25.95917 350.2321 266.5435 0
26.05917 352.2571 252.4435 0
26.15917 355.5571 234.2934 -2.140868E-07
26.25917 355.7821 233.5434 1.284138E-06
26.35917 355.7821 233.5434 4.173449E-06
26.45917 355.7821 233.5434 7.276783E-06
26.55917 355.7821 233.5434 1.005908E-05
26.65917 355.7821 233.5434 1.305541E-05
26.75917 355.7821 233.5434 1.626575E-05
26.85917 355.7821 233.5434 1.915506E-05
26.95917 355.7821 233.5434 2.257943E-05
27.05917 355.7821 233.5434 2.536173E-05
27.15917 355.7071 239.4683 2.761167E-05
27.25917 355.1821 249.2182 2.741763E-05
27.35917 354.807 253.2682 2.657607E-05
27.45917 354.807 253.2682 2.657607E-05
27.55917 354.807 253.2682 2.657607E-05
27.65917 354.807 253.2682 2.657607E-05
27.75917 354.807 253.2682 2.657607E-05
27.85917 354.807 253.2682 2.657607E-05
27.95917 332.5319 254.3181 2.598074E-05
28.05917 315.4319 253.718 2.636521E-05
28.15917 313.3318 253.718 2.737165E-05
28.25917 309.3566 254.093 3.500482E-05
28.35917 307.5565 254.3931 3.641765E-05
28.45917 322.5564 253.6431 3.44111E-05
28.55917 341.6813 255.143 3.867205E-05
28.65917 343.1813 255.4431 4.102857E-05
28.75917 349.5563 256.5681 4.080333E-05
28.85917 351.2062 256.9432 4.233253E-05
28.95917 351.2062 256.9432 4.233253E-05
29.05917 351.2062 256.9432 4.233253E-05
29.15917 351.2062 256.9432 4.233253E-05
29.25917 351.2062 256.9432 4.233253E-05
29.35917 351.2062 256.9432 4.233253E-05
29.45917 351.2062 256.9432 4.233253E-05
29.55917 351.2062 256.9432 4.233253E-05
29.65917 351.2062 256.9432 4.233253E-05
29.75917 351.2062 256.9432 4.233253E-05
29.85917 351.2062 256.9432 4.233253E-05
29.95917 351.2062 256.9432 4.233253E-05
30.05917 351.2062 256.9432 4.233253E-05
30.15917 351.2062 256.9432 4.233253E-05
30.25917 351.2062 256.9432 4.233253E-05
30.35917 351.2062 256.9432 4.233253E-05
30.45917 351.2062 256.9432 4.233253E-05
30.55917 351.2062 256.9432 4.233253E-05
30.65917 351.2062 256.9432 4.233253E-05
30.75917 351.2062 256.9432 4.233253E-05
30.85917 351.1312 262.1932 4.147703E-05
30.95917 351.0562 266.3932 4.234983E-05
31.05917 351.0562 266.3932 4.278197E-05
31.15917 351.0562 266.3932 4.278197E-05
31.25917 351.0562 266.3932 4.278197E-05
31.35917 351.0562 266.3932 4.278197E-05
31.45917 351.0562 266.3932 4.278197E-05
31.55917 351.0562 266.3932 4.278197E-05
31.65917 351.0562 266.3932 4.278197E-05
31.75917 351.0562 266.3932 4.278197E-05
31.85917 351.0562 266.3932 4.278197E-05
31.95917 351.0562 266.3932 4.278197E-05
32.05917 351.0562 266.3932 4.278197E-05
32.15917 351.0562 266.3932 4.278197E-05
32.25917 351.0562 266.3932 4.278197E-05
32.35917 351.0562 266.3932 4.278197E-05
32.45917 351.0562 266.3932 4.278197E-05
32.55917 351.0562 266.3932 4.278197E-05
32.65917 351.0562 266.3932 4.278197E-05
32.75917 351.0562 266.3932 4.278197E-05
32.85917 351.0562 266.3932 4.278197E-05
32.95917 351.0562 266.3932 4.278197E-05
33.05917 351.0562 266.3932 4.278197E-05
33.15917 351.0562 266.3932 4.278197E-05
33.25917 351.0562 266.3932 4.278197E-05
33.35917 351.0562 266.3932 4.278197E-05
33.45917 351.0562 266.3932 4.278197E-05
33.55917 351.0562 266.3932 4.278197E-05
33.65917 351.0562 266.3932 4.278197E-05
33.75917 351.0562 266.3932 4.278197E-05
33.85917 351.0562 266.3932 4.278197E-05
33.95917 351.0562 266.3932 4.278197E-05
34.05917 351.0562 266.3932 4.278197E-05
34.15917 351.0562 266.3932 4.278197E-05
34.25917 350.6061 271.8682 4.283624E-05
34.35917 349.2561 298.3432 4.388486E-05
34.45917 349.2561 299.3932 4.562287E-05
34.55917 349.2561 299.3932 4.562287E-05
34.65917 349.2561 299.3932 4.562287E-05
34.75917 349.2561 299.3932 4.562287E-05
34.85917 349.2561 299.3932 4.562287E-05
34.95917 349.2561 299.3932 4.562287E-05
35.05917 349.2561 299.3932 4.562287E-05
35.15917 349.2561 299.3932 4.562287E-05
35.25917 349.2561 299.3932 4.562287E-05
35.35917 349.2561 314.9182 4.431936E-05
35.45917 349.0311 324.0681 4.522242E-05
35.55917 349.0311 324.0681 4.522242E-05
35.65917 349.0311 324.0681 4.522242E-05
35.75917 349.0311 324.0681 4.522242E-05
35.85917 349.0311 324.0681 4.522242E-05
35.95917 349.0311 324.0681 4.522242E-05
36.05917 349.0311 324.0681 4.522242E-05
36.15917 349.0311 324.0681 4.522242E-05
36.25917 349.0311 324.0681 4.522242E-05
36.35917 349.0311 324.0681 4.522242E-05
36.45917 349.0311 324.0681 4.522242E-05
36.55917 349.0311 324.0681 4.522242E-05
36.65917 349.0311 324.0681 4.522242E-05
36.75917 349.0311 324.0681 4.522242E-05
36.85917 349.0311 324.0681 4.522242E-05
36.95917 349.0311 324.0681 4.522242E-05
37.05917 349.0311 324.0681 4.522242E-05
37.15917 349.0311 324.0681 4.522242E-05
37.25917 349.0311 324.0681 4.522242E-05
37.35917 349.0311 324.0681 4.522242E-05
37.45917 349.0311 324.0681 4.522242E-05
37.55917 349.0311 324.0681 4.522242E-05
37.65917 349.0311 324.0681 4.522242E-05
37.75917 349.0311 324.0681 4.522242E-05
37.85917 349.0311 324.0681 4.522242E-05
37.95917 349.0311 324.0681 4.522242E-05
38.05917 349.0311 324.0681 4.522242E-05
38.15917 349.0311 324.0681 4.522242E-05
38.25917 349.0311 324.0681 4.522242E-05
38.35917 349.0311 324.0681 4.522242E-05
38.45917 349.0311 324.0681 4.522242E-05
38.55917 349.0311 324.0681 4.522242E-05
38.65917 349.0311 324.0681 4.522242E-05
38.75917 349.0311 324.0681 4.522242E-05
38.85917 349.0311 324.0681 4.522242E-05
38.95917 349.0311 324.0681 4.522242E-05
39.05917 349.0311 324.0681 4.522242E-05
39.15917 349.0311 324.0681 4.522242E-05
39.25917 349.0311 324.0681 4.522242E-05
39.35917 349.0311 324.0681 4.522242E-05
39.45917 349.0311 324.0681 4.522242E-05
39.55917 349.0311 324.0681 4.522242E-05
39.65917 349.0311 324.0681 4.522242E-05
39.75917 349.0311 324.0681 4.522242E-05
39.85917 349.0311 324.0681 4.522242E-05
39.95917 349.0311 324.0681 4.522242E-05
40.05917 349.0311 324.0681 4.522242E-05
40.15917 349.0311 324.0681 4.522242E-05
40.25917 349.0311 324.0681 4.522242E-05
40.35917 349.0311 324.0681 4.522242E-05
40.45917 349.0311 324.0681 4.522242E-05
40.55917 349.0311 324.0681 4.522242E-05
40.65917 349.0311 324.0681 4.522242E-05
40.75917 349.0311 324.0681 4.522242E-05
40.85917 349.0311 324.0681 4.522242E-05
40.95917 349.0311 324.0681 4.522242E-05
41.05917 349.0311 324.0681 4.522242E-05
41.15917 349.0311 324.0681 4.522242E-05
41.25917 349.0311 324.0681 4.522242E-05
41.35917 349.0311 324.0681 4.522242E-05
41.45917 349.0311 324.0681 4.522242E-05
41.55917 349.0311 324.0681 4.522242E-05
41.65917 349.0311 324.0681 4.522242E-05
41.75917 349.0311 324.0681 4.522242E-05
41.85917 349.0311 324.0681 4.522242E-05
41.95917 349.0311 324.0681 4.522242E-05
42.05917 349.0311 324.0681 4.522242E-05
42.15917 349.0311 324.0681 4.522242E-05
42.25917 349.0311 324.0681 4.522242E-05
42.35917 349.0311 324.0681 4.522242E-05
42.45917 349.0311 324.0681 4.522242E-05
42.55917 349.0311 324.0681 4.522242E-05
42.65917 349.0311 324.0681 4.522242E-05
42.75917 349.0311 324.0681 4.522242E-05
42.85917 349.0311 324.0681 4.522242E-05
42.95917 349.0311 324.0681 4.522242E-05
43.05917 349.0311 324.0681 4.522242E-05
43.15917 349.0311 324.0681 4.522242E-05
43.25917 349.0311 324.0681 4.522242E-05
43.35917 349.0311 324.0681 4.522242E-05
43.45917 349.0311 324.0681 4.522242E-05
43.55917 349.0311 324.0681 4.522242E-05
43.65917 349.0311 319.8681 4.565726E-05
43.75917 349.0311 299.0181 4.652692E-05
43.85917 349.0311 291.1431 4.696176E-05
43.95917 349.0311 291.1431 4.696176E-05
44.05917 349.0311 291.1431 4.696176E-05
44.15917 349.0311 291.1431 4.696176E-05
44.25917 349.0311 291.1431 4.696176E-05
44.35917 349.0311 291.1431 4.696176E-05
44.45917 349.0311 291.1431 4.696176E-05
44.55917 349.0311 291.1431 4.696176E-05
44.65917 349.0311 291.1431 4.696176E-05
44.75917 349.0311 291.1431 4.696176E-05
44.85917 349.0311 291.1431 4.696176E-05
44.95917 349.0311 291.1431 4.696176E-05
45.05917 349.0311 291.1431 4.696176E-05
45.15917 349.0311 291.1431 4.696176E-05
45.25917 349.0311 291.1431 4.696176E-05
45.35917 349.0311 291.1431 4.696176E-05
45.45917 349.0311 291.1431 4.696176E-05
45.55917 349.0311 291.1431 4.696176E-05
45.65917 349.0311 291.1431 4.696176E-05
45.75917 349.0311 291.1431 4.696176E-05
45.85917 349.0311 291.1431 4.696176E-05
45.95917 349.0311 291.1431 4.696176E-05
46.05917 349.0311 291.1431 4.696176E-05
46.15917 349.0311 291.1431 4.696176E-05
46.25917 349.0311 291.1431 4.696176E-05
46.35917 349.0311 291.1431 4.696176E-05
46.45917 349.0311 291.1431 4.696176E-05
46.55917 349.0311 291.1431 4.696176E-05
46.65917 349.0311 291.1431 4.696176E-05
46.75917 349.0311 291.1431 4.696176E-05
46.85917 349.0311 291.1431 4.696176E-05
46.95917 349.0311 291.1431 4.696176E-05
47.05917 349.0311 291.1431 4.696176E-05
47.15917 349.0311 291.1431 4.696176E-05
47.25917 349.0311 291.1431 4.696176E-05
47.35917 349.0311 291.1431 4.696176E-05
47.45917 349.0311 291.1431 4.696176E-05
47.55917 349.0311 291.1431 4.696176E-05
47.65917 349.0311 291.1431 4.696176E-05
47.75917 349.0311 291.1431 4.696176E-05
47.85917 349.0311 291.1431 4.696176E-05
47.95917 349.0311 291.1431 4.696176E-05
48.05917 349.0311 291.1431 4.696176E-05
48.15917 349.0311 291.1431 4.696176E-05
48.25917 349.0311 291.1431 4.696176E-05
48.35917 349.0311 291.1431 4.696176E-05
48.45917 349.0311 291.1431 4.696176E-05
48.55917 349.0311 291.1431 4.696176E-05
48.65917 349.0311 291.1431 4.696176E-05
48.75917 349.0311 291.1431 4.696176E-05
48.85917 349.0311 291.1431 4.696176E-05
48.95917 349.0311 291.1431 4.696176E-05
49.05917 349.0311 291.1431 4.696176E-05
49.15917 349.0311 291.1431 4.696176E-05
49.25917 349.0311 291.1431 4.696176E-05
49.35917 349.0311 291.1431 4.696176E-05
49.45917 349.0311 291.1431 4.696176E-05
49.55917 349.0311 291.1431 4.696176E-05
49.65917 349.7061 286.1931 4.599024E-05
49.75917 350.6812 280.1181 4.585517E-05
49.85917 351.0562 277.7181 4.62391E-05
49.95917 351.2812 276.6681 4.621089E-05
50.05917 351.2812 276.6681 4.664277E-05
50.15917 351.2812 276.6681 4.837028E-05
50.25917 351.2812 276.6681 4.837028E-05
50.35917 351.2812 276.6681 4.837028E-05
50.45917 351.2812 276.6681 4.837028E-05
50.55917 351.5063 274.4181 4.747829E-05
50.65917 351.9563 267.9681 4.828638E-05
50.75917 352.0313 264.6681 4.784644E-05
50.85917 351.8063 261.9681 4.830442E-05
50.95917 351.8063 259.1181 4.787314E-05
51.05917 351.8063 254.5431 4.830443E-05
51.15917 351.8063 250.418 4.95983E-05
51.25917 351.8063 249.893 4.873571E-05
51.35917 351.8063 249.893 4.873571E-05
51.45917 351.8063 249.893 4.873571E-05
51.55917 351.8063 249.893 4.873571E-05
51.65917 351.8063 249.893 4.873571E-05
51.75917 351.8063 249.893 4.873571E-05
51.85917 351.8063 249.893 4.873571E-05
51.95917 351.8063 249.893 4.873571E-05
52.05917 351.8063 249.893 4.873571E-05
52.15917 351.8063 249.893 4.873571E-05
52.25917 351.8063 249.893 4.873571E-05
52.35917 351.8063 249.893 4.873571E-05
52.45917 351.8063 249.893 4.873571E-05
52.55917 351.8063 249.893 4.873571E-05
52.65917 351.8063 249.893 4.873571E-05
52.75917 351.8063 249.893 4.873571E-05
52.85917 351.8063 249.893 4.873571E-05
52.95917 351.8063 249.893 4.873571E-05
53.05917 351.6563 249.893 4.875427E-05
53.15917 325.0313 253.718 4.79259E-05
53.25917 318.2812 254.3931 5.261596E-05
53.35917 316.7061 254.3931 5.630474E-05
53.45917 316.7061 254.3931 6.803488E-05
53.55917 316.7061 254.3931 7.507296E-05
53.65917 330.056 253.868 7.291201E-05
53.75917 349.4059 254.393 7.556639E-05
53.85917 352.1059 254.393 7.585087E-05
53.95917 352.1059 254.393 7.585087E-05
54.05917 352.1059 254.393 7.585087E-05
54.15917 352.1059 254.393 7.585087E-05
54.25917 352.1059 254.393 7.585087E-05
54.35917 352.1059 254.393 7.585087E-05
54.45917 352.1059 254.393 7.585087E-05
54.55917 352.1059 254.393 7.585087E-05
54.65917 352.1059 254.393 7.585087E-05
54.75917 340.4868 257.3919 7.518129E-05
54.85917 325.9628 261.1405 7.830192E-05
54.95917 311.4388 264.8891 7.99824E-05
55.05917 297.8831 268.3878 7.302368E-05
55.15917 292.5074 269.7753 -4.460648E-06
55.25917 292.5074 269.7753 -4.460648E-06
55.35917 292.5074 269.7753 -4.460648E-06
55.45917 292.5074 269.7753 -4.460648E-06
55.55917 292.5074 269.7753 -4.460648E-06
55.65917 292.5074 269.7753 -4.460648E-06
55.75917 300.5074 269.7987 -3.363635E-06
55.85917 314.5073 269.8397 0
55.95917 329.5073 269.8837 0
56.05917 343.5072 269.9249 0
56.15917 356.5072 269.9632 -1.069203E-07
56.25917 8.999253 270 0
56.35917 8.999253 270 0
56.45917 8.999253 270 0
56.55917 8.999253 270 0
56.65917 8.999253 270 0
56.75917 8.999253 270 0
56.85917 8.999253 270 0
56.95917 8.999253 270 0
57.05917 8.999253 270 0
57.15917 8.999253 270 0
57.25917 8.999253 270 0
57.35917 8.999253 270 0
57.45917 8.999253 270 0
57.55917 7.874254 270.225 0
57.65917 5.399263 270.3 4.287893E-07
57.75917 2.399268 270.375 0
57.85917 359.0992 270.6 0
57.95917 358.1241 270.6 0
58.05917 358.1241 270.6 0
58.15917 358.1241 270.6 0
58.25917 358.1241 270.6 0
58.35917 358.1241 270.6 0
58.45917 358.1241 270.6 0
58.55917 358.1241 270.6 0
58.65917 358.1241 270.6 0
58.75917 358.1241 270.6 0
58.85917 358.1241 270.6 0
58.95917 358.1241 270.6 0
59.05917 358.1241 270.6 0
59.15917 358.1241 270.6 0
59.25917 358.1241 270.6 0
59.35917 358.1241 270.6 0
59.45917 358.1241 270.6 0
59.55917 358.1241 270.6 0
59.65917 358.1241 270.6 0
59.75917 358.1241 270.6 0
59.85917 358.1241 270.6 0
59.95917 358.1241 270.6 0
60.05917 358.1241 270.6 0
60.15917 358.1241 270.6 0
60.25917 358.1241 270.6 0
60.35917 358.1241 270.6 0
60.45917 358.1241 270.6 0
60.55917 358.1241 270.6 0
60.65917 358.1241 270.6 0
60.75917 358.1241 270.6 0
60.85917 358.1241 270.6 0
60.95917 358.1241 270.6 0
61.05917 358.1241 270.6 0
61.15917 358.1241 270.6 0
61.25917 358.1241 270.6 0
61.35917 358.1241 270.6 0
61.45917 358.1241 270.6 0
61.55917 358.1241 270.6 0
61.65917 358.1241 270.6 0
61.75917 358.1241 270.6 0
61.85917 358.1241 270.6 0
61.95917 358.1241 270.6 0
62.05917 358.1241 270.6 0
62.15917 358.1241 270.6 0
62.25917 358.1241 270.6 0
62.35917 358.1241 270.6 0
62.45917 358.1241 270.6 0
62.55917 358.1241 270.6 0
62.65917 358.1241 270.6 0
62.75917 358.1241 270.6 0
62.85917 358.1241 270.6 0
62.95917 358.1241 270.6 0
63.05917 358.1241 270.6 0
63.15917 358.1241 270.6 0
63.25917 358.1241 270.6 0
63.35917 358.1241 270.6 0
63.45917 358.1241 270.6 0
63.55917 358.1241 270.6 0
63.65917 358.1241 270.6 0
63.75917 358.1241 268.875 -1.067789E-07
63.85917 358.1241 248.6249 -5.338947E-08
63.95917 358.1241 247.65 -5.87284E-07
64.05917 358.1241 247.65 -9.076207E-07
64.15917 358.1241 247.65 -9.076207E-07
64.25917 358.1241 247.65 -9.076207E-07
64.35917 358.1241 247.65 -9.076207E-07
64.45918 358.1241 242.175 -8.542315E-07
64.55917 358.1241 227.3249 -6.940629E-07
64.65917 358.1241 225.9748 -6.406735E-07
64.75917 358.1241 225.9748 -6.406735E-07
64.85917 358.1241 225.9748 -6.406735E-07
64.95918 358.1241 225.9748 -6.406735E-07
65.05917 358.1241 225.9748 -6.406735E-07
65.15917 358.1241 225.9748 -6.406735E-07
65.25917 358.1241 225.9748 -6.406735E-07
65.35917 358.1241 225.9748 -6.406735E-07
65.45918 358.1241 225.9748 -6.406735E-07
65.55917 358.1241 225.9748 -6.406735E-07
65.65917 358.1241 225.9748 -6.406735E-07
65.75917 358.1241 225.9748 -6.406735E-07
65.85917 358.1241 225.9748 -6.406735E-07
65.95918 358.1241 225.9748 -6.406735E-07
66.05917 358.1241 225.9748 -6.406735E-07
66.15917 358.1241 225.9748 -6.406735E-07
66.25917 358.1241 225.9748 -6.406735E-07
66.35917 358.1241 225.9748 -6.406735E-07
66.45918 358.1241 225.9748 -6.406735E-07
66.55917 358.1241 225.9748 -6.406735E-07
66.65917 358.1241 225.9748 -6.406735E-07
66.75917 358.1241 225.9748 -6.406735E-07
66.85917 358.1241 225.9748 -6.406735E-07
66.95918 358.1241 225.9748 -6.406735E-07
67.05917 358.1241 225.9748 -6.406735E-07
67.15917 358.1241 225.9748 -6.406735E-07
67.25917 358.1241 225.9748 -6.406735E-07
67.35917 358.1241 225.9748 -6.406735E-07
67.45918 358.1241 225.9748 -6.406735E-07
67.55917 358.1241 225.9748 -6.406735E-07
67.65917 358.1241 225.9748 -6.406735E-07
67.75917 358.1241 225.9748 -6.406735E-07
67.85917 358.1241 225.9748 -6.406735E-07
67.95918 358.1241 225.9748 -6.406735E-07
68.05917 358.1241 225.9748 -6.406735E-07
68.15917 358.1241 225.9748 -6.406735E-07
68.25917 358.1241 225.9748 -6.406735E-07
68.35917 358.1241 225.9748 -6.406735E-07
68.45918 358.1241 225.9748 -6.406735E-07
68.55917 358.1241 225.9748 -6.406735E-07
68.65917 358.1241 225.9748 -6.406735E-07
68.75917 358.1241 225.9748 -6.406735E-07
68.85917 358.1241 225.9748 -6.406735E-07
68.95918 358.1241 225.9748 -6.406735E-07
69.05917 358.0491 228.8998 -6.407015E-07
69.15917 359.0241 257.0999 -8.538975E-07
69.25917 0.6741314 271.6498 -9.338794E-07
69.35917 2.399133 282.3748 -7.477073E-07
69.45918 2.624136 283.6498 -8.546699E-07
69.55917 2.624143 283.6498 -6.410024E-07
69.65917 2.624149 283.6498 -2.136675E-07
69.75917 2.624155 283.6498 -1.068337E-07
69.85917 2.624159 283.6498 -3.205012E-07
69.95918 2.624161 283.6498 -4.27335E-07
70.05917 2.624161 283.6498 -4.27335E-07
70.15917 2.624161 283.6498 -4.27335E-07
70.25917 2.624161 283.6498 -4.27335E-07
70.35917 2.624161 283.6498 -4.27335E-07
70.45918 2.624161 283.6498 -4.27335E-07
70.55917 2.624161 283.6498 -4.27335E-07
70.65917 2.624161 283.6498 -4.27335E-07
70.75917 2.624161 283.6498 -4.27335E-07
70.85917 2.624161 283.6498 -4.27335E-07
70.95918 2.624161 283.6498 -4.27335E-07
71.05917 2.624161 283.6498 -4.27335E-07
71.15917 2.624161 283.6498 -4.27335E-07
71.25917 2.624161 283.6498 -4.27335E-07
71.35917 2.624161 283.6498 -4.27335E-07
71.45918 2.624161 283.6498 -4.27335E-07
71.55917 2.624161 283.6498 -4.27335E-07
71.65917 2.624161 283.6498 -4.27335E-07
71.75917 2.624161 283.6498 -4.27335E-07
71.85917 2.624161 283.6498 -4.27335E-07
71.95918 2.624161 283.6498 -4.27335E-07
72.05917 2.624161 283.6498 -4.27335E-07
72.15917 2.624161 283.6498 -4.27335E-07
72.25917 2.624161 283.6498 -4.27335E-07
72.35917 2.624161 283.6498 -4.27335E-07
72.45918 2.624161 283.6498 -4.27335E-07
72.55917 2.624161 283.6498 -4.27335E-07
72.65917 2.624161 283.6498 -4.27335E-07
72.75917 2.624161 283.6498 -4.27335E-07
72.85917 2.624161 283.6498 -4.27335E-07
72.95918 2.624161 283.6498 -4.27335E-07
73.05917 2.624161 283.6498 -4.27335E-07
73.15917 2.624161 283.6498 -4.27335E-07
73.25917 2.624161 283.6498 -4.27335E-07
73.35917 2.624161 283.6498 -4.27335E-07
73.45918 2.624161 283.6498 -4.27335E-07
73.55917 2.624161 283.6498 -4.27335E-07
73.65917 2.624161 283.6498 -4.27335E-07
73.75917 2.624161 283.6498 -4.27335E-07
73.85917 2.624161 283.6498 -4.27335E-07
73.95918 2.624161 283.6498 -4.27335E-07
74.05917 2.624161 283.6498 -4.27335E-07
74.15917 2.624161 283.6498 -4.27335E-07
74.25917 2.624161 283.6498 -4.27335E-07
74.35917 2.624161 283.6498 -4.27335E-07
74.45918 2.624161 283.6498 -4.27335E-07
74.55917 2.624161 283.6498 -4.27335E-07
74.65917 2.624161 283.6498 -4.27335E-07
74.75917 2.624161 283.6498 -4.27335E-07
