-0.03333334 358.9935 284.5043 356.7332
0.03333334 358.9431 284.5028 356.708
0.03333334 358.878 284.4951 356.6942
0.03333334 358.8587 284.4894 356.6297
0.06666667 358.8378 284.4599 356.6635
0.1 358.7909 284.3648 356.7221
0.1333333 358.7874 284.2651 356.7417
0.1333333 358.8078 284.2144 356.7345
0.1666667 358.809 284.1491 356.7365
0.1666667 358.8732 282.7659 357.1192
0.1666667 359.0271 282.1488 357.3541
0.4333333 359.0515 282.1043 357.2274
0.5 359.1674 282.0275 357.1813
0.5 359.1847 282.0807 357.1795
0.5333334 359.2634 281.9708 357.165
0.5333334 359.2534 281.9991 357.1539
0.5333334 359.2593 281.9898 357.1285
0.5666667 359.2527 281.9999 357.0978
0.5666667 359.2547 282.0059 357.073
0.6 359.257 282.0491 357.0546
0.6 359.2824 282.0645 357.0223
0.6 359.3074 282.0803 356.9942
0.6333333 359.3237 282.094 356.9779
0.6333333 359.3335 282.102 356.9579
0.6666667 359.3505 282.1018 356.9439
0.6666667 359.366 282.1059 356.9264
0.7 359.3813 282.1014 356.9194
0.7 359.3686 282.0932 356.9219
0.7 359.3268 282.0812 356.9051
0.7333333 359.2952 282.0732 356.89
0.7333333 359.2663 282.0591 356.8796
0.7666667 359.2558 282.0333 356.8888
0.7666667 359.2593 282.0215 356.8929
0.7666667 359.237 281.9905 356.9059
0.8 359.231 281.9662 356.9323
0.8 359.2342 281.9208 356.9352
0.8333333 359.2361 281.8758 356.9283
0.8333333 359.2181 281.8415 356.9192
0.8666667 359.1831 281.8104 356.9085
0.8666667 359.1541 281.7882 356.902
0.8666667 359.1224 281.7813 356.9068
0.9 359.0977 281.783 356.9325
0.9 359.0822 281.7805 356.9594
0.9333333 359.0494 281.7737 356.981
0.9333333 359.0381 281.7445 357.0292
0.9333333 359.03 281.7298 357.0528
0.9666666 359.0136 281.6924 357.0973
0.9666666 359.0063 281.682 357.1066
1 358.9972 281.6782 357.1305
1 358.9922 281.6745 357.1713
1.033333 359.0128 281.6684 357.2098
1.033333 359.0297 281.6637 357.2443
1.033333 359.0544 281.6406 357.2952
1.066667 359.09 281.6273 357.3197
1.066667 359.1145 281.6229 357.3475
1.1 359.0924 281.5927 357.3819
1.1 359.0566 281.5619 357.4032
1.1 359.0137 281.5506 357.423
1.133333 358.9734 281.5325 357.419
1.133333 358.9619 281.5259 357.3558
1.166667 358.9604 281.5393 357.3209
1.166667 358.9438 281.5425 357.3269
1.2 358.9289 281.5546 357.3622
1.2 358.9226 281.5551 357.411
1.2 358.9116 281.5804 357.4072
1.233333 358.8903 281.58 357.3948
1.233333 358.8689 281.6013 357.3681
1.266667 358.8276 281.6199 357.3443
1.266667 358.7986 281.6089 357.3361
1.266667 358.7714 281.6056 357.3437
1.3 358.7714 281.6128 357.3304
1.3 358.7429 281.6028 357.3303
1.333333 358.7203 281.5811 357.3283
1.333333 358.6778 281.5645 357.32
1.366667 358.6163 281.527 357.343
1.366667 358.5843 281.4601 357.3862
1.366667 358.548 281.389 357.4327
1.4 358.5307 281.3052 357.4705
1.4 358.537 281.2244 357.4817
1.433333 358.5258 281.0948 357.5116
1.433333 358.4664 280.8906 357.545
1.466667 358.4476 280.6641 357.5964
1.466667 358.4589 280.3848 357.653
1.466667 358.5002 279.9791 357.7211
1.5 358.5357 279.6183 357.8136
1.5 358.6042 279.1108 357.9057
1.533333 358.6732 278.5762 357.9894
1.533333 358.7155 278.0363 358.0716
1.533333 358.7758 277.4261 358.1485
1.566667 358.8498 276.8744 358.1998
1.566667 358.9249 276.3471 358.2646
1.6 358.9807 275.8448 358.3448
1.6 359.0318 275.3559 358.438
1.633333 359.089 274.9199 358.4899
1.633333 359.1277 274.5216 358.5614
1.666667 359.085 274.085 358.6645
1.666667 358.982 273.6501 358.779
1.666667 358.8984 273.1433 358.9074
1.7 358.8821 272.7551 358.9653
1.7 358.8734 272.3659 358.9896
1.7 358.8524 271.9933 359.0232
1.733333 358.8297 271.6039 359.0685
1.733333 358.7822 271.2524 359.1105
1.766667 358.6906 270.8575 359.1712
1.766667 358.5833 270.4216 359.2138
1.8 358.4983 269.9714 359.2255
1.8 358.4484 269.6105 359.2225
1.833333 358.4199 269.1713 359.2419
1.833333 358.3661 268.7718 359.2803
1.833333 358.3037 268.2278 359.3568
1.866667 358.2648 267.7286 359.3456
1.866667 358.2523 267.2179 359.2888
1.9 358.2723 266.8147 359.1998
1.9 358.2906 266.3901 359.1234
1.9 358.2419 265.9086 359.1047
1.933333 358.1488 265.424 359.0858
1.933333 358.0894 264.9493 359.0163
1.966667 358.0577 264.5027 358.9672
1.966667 358.0576 264.1483 358.9096
1.966667 358.0901 263.6934 358.7828
2 358.1634 263.3264 358.6754
2.033333 358.2561 262.9833 358.5367
2.033333 358.2958 262.7251 358.4644
2.033333 358.3059 262.4153 358.4026
2.066667 358.2398 262.155 358.3242
2.066667 358.2025 261.9592 358.2669
2.066667 358.1481 261.7407 358.2068
2.1 358.133 261.5549 358.1482
2.1 358.1717 261.4285 358.1078
2.133333 358.2272 261.3405 358.0418
2.133333 358.2379 261.2871 358.0236
2.133333 358.1808 261.2014 358.0089
2.166667 358.0923 261.119 357.981
2.166667 358.0253 261.0671 357.9415
2.2 358.0015 261.0338 357.8991
2.2 358.017 261.0197 357.8425
2.233333 358.0466 261.019 357.7939
2.233333 358.0756 261.0298 357.7494
2.233333 358.0576 261.0489 357.713
2.266667 357.9987 261.0559 357.7004
2.266667 357.9294 261.0535 357.7018
2.3 357.8884 261.0768 357.6981
2.3 357.8899 261.1069 357.6731
2.3 357.9089 261.1661 357.6485
2.333333 357.9141 261.1863 357.6196
2.333333 357.8776 261.1905 357.5941
2.366667 357.8282 261.1758 357.5514
2.366667 357.7922 261.1654 357.4874
2.4 357.7793 261.1514 357.4295
2.4 357.8058 261.1568 357.3614
2.4 357.8235 261.1953 357.3003
2.433333 357.8716 261.2488 357.2529
2.433333 357.9035 261.3006 357.2051
2.466667 357.874 261.3387 357.1657
2.466667 357.8441 261.3605 357.131
2.5 357.7908 261.4014 357.0656
2.5 357.7677 261.4491 357.0164
2.5 357.7314 261.5128 356.9792
2.533333 357.7177 261.5742 356.9795
2.533333 357.7048 261.6339 356.9565
2.566667 357.6594 261.6913 356.9011
2.566667 357.6241 261.7454 356.8373
2.566667 357.5883 261.8026 356.7585
2.6 357.579 261.8564 356.6991
2.6 357.5799 261.9014 356.6474
2.633333 357.5835 261.9764 356.5992
2.633333 357.5913 262.0345 356.5616
2.666667 357.5887 262.1024 356.5229
2.666667 357.5728 262.1603 356.4866
2.666667 357.5695 262.2145 356.4473
2.7 357.5803 262.2806 356.4024
2.7 357.6024 262.3537 356.3648
2.733333 357.6276 262.4669 356.318
2.733333 357.6377 262.5495 356.2971
2.733333 357.6476 262.6696 356.2759
2.766667 357.6419 262.7758 356.2804
2.766667 357.6364 262.8815 356.3109
2.8 357.6562 262.9736 356.3581
2.8 357.6438 263.0686 356.4384
2.833333 357.6287 263.155 356.4716
2.833333 357.6331 263.2606 356.4741
2.833333 357.6591 263.3593 356.4855
2.866667 357.6976 263.4403 356.5092
2.866667 357.7533 263.5494 356.5338
2.9 357.7845 263.6802 356.5727
2.9 357.7761 263.813 356.6614
2.9 357.747 263.9337 356.7782
2.933333 357.7084 264.0594 356.901
2.933333 357.6772 264.151 357.0077
2.966667 357.6669 264.2729 356.9855
2.966667 357.6787 264.4326 356.8465
3 357.66 264.5767 356.8016
3 357.5954 264.6527 356.8913
3 357.4644 264.6717 357.1401
3.033333 357.3043 264.682 357.3549
3.033333 357.1127 264.6785 357.5468
3.066667 356.9321 264.6573 357.6921
3.066667 356.7623 264.619 357.8156
3.066667 356.629 264.605 357.8976
3.1 356.5143 264.5822 357.9734
3.1 356.4551 264.5857 358.0399
3.133333 356.4211 264.6216 358.0803
3.133333 356.3944 264.6549 358.1295
3.166667 356.3838 264.6954 358.181
3.166667 356.3845 264.7473 358.218
3.166667 356.3868 264.7838 358.2617
3.2 356.3982 264.8187 358.2999
3.2 356.4128 264.837 358.3328
3.233333 356.4368 264.8546 358.3485
3.233333 356.4937 264.8643 358.3717
3.233333 356.533 264.852 358.3959
3.266667 356.5534 264.8423 358.396
3.266667 356.5724 264.8419 358.3667
3.3 356.5776 264.821 358.3458
3.3 356.5742 264.8075 358.3483
3.333333 356.5945 264.7748 358.3567
3.333333 356.6198 264.7516 358.3709
3.333333 356.6735 264.7458 358.3956
3.366667 356.7203 264.7318 358.4269
3.366667 356.7596 264.7079 358.4536
3.4 356.7851 264.685 358.4859
3.4 356.7976 264.6539 358.5062
3.433333 356.8048 264.6459 358.5077
3.433333 356.8282 264.6322 358.5005
3.433333 356.8498 264.6274 358.4776
3.466667 356.8904 264.6404 358.4387
3.466667 356.9474 264.6569 358.4004
3.5 357.0329 264.6703 358.36
3.5 357.0956 264.6927 358.3252
3.5 357.1361 264.7148 358.3142
3.533333 357.1555 264.7307 358.3022
3.533333 357.1727 264.7633 358.2703
3.566667 357.1865 264.7953 358.2231
3.566667 357.2034 264.8414 358.1692
3.6 357.2124 264.8667 358.1319
3.6 357.2124 264.8876 358.0969
3.6 357.2059 264.9026 358.0644
3.633333 357.207 264.9225 358.0249
3.633333 357.2101 264.9369 357.9793
3.666667 357.2182 264.9531 357.9566
3.666667 357.2159 264.9769 357.9389
3.666667 357.1923 264.9792 357.9266
3.7 357.1662 264.9821 357.917
3.733333 357.1351 264.9899 357.8856
3.733333 357.1201 264.9733 357.8876
3.766667 357.1066 264.9838 357.877
3.766667 357.0758 265.0245 357.7928
3.766667 357.0544 265.0028 357.8366
3.8 357.0325 265.0126 357.8545
3.8 357.0062 265.0135 357.8616
3.833333 356.9807 265.0036 357.8676
3.833333 356.947 265.0072 357.8586
3.866667 356.9184 265.0157 357.8445
3.866667 356.9255 265.0156 357.8354
3.866667 356.916 265.0192 357.8333
3.9 356.8963 265.0332 357.8212
3.9 356.8806 265.0445 357.8129
3.933333 356.8521 265.0601 357.8094
3.933333 356.8308 265.084 357.7913
3.933333 356.8159 265.0906 357.7831
3.966667 356.7946 265.0928 357.7887
3.966667 356.7928 265.1053 357.8132
4 356.7939 265.097 357.8279
4 356.8079 265.1031 357.7929
4 356.8312 265.1083 357.7272
4.033333 356.8563 265.1169 357.6899
4.033333 356.8501 265.1152 357.6812
4.066667 356.8512 265.115 357.7003
4.066667 356.8653 265.1136 357.7131
4.1 356.8745 265.1252 357.7014
4.1 356.8867 265.115 357.7122
4.1 356.8962 265.095 357.7305
4.133333 356.9084 265.0837 357.7488
4.133333 356.908 265.0735 357.771
4.166667 356.9078 265.0504 357.7827
4.166667 356.9169 265.0501 357.7903
4.166667 356.9238 265.0557 357.7974
4.2 356.9437 265.06 357.8007
4.2 356.9344 265.0675 357.8076
4.233333 356.9405 265.0627 357.8278
4.233333 356.9369 265.0661 357.8262
4.266667 356.9458 265.0565 357.8346
4.266667 356.9463 265.0587 357.8331
4.266667 356.9507 265.065 357.8032
4.3 356.9647 265.0644 357.7621
4.3 356.9887 265.0688 357.7537
4.333333 357.0113 265.0733 357.7542
4.333333 357.0273 265.0657 357.7518
4.333333 357.0432 265.0653 357.7512
4.366667 357.0654 265.0601 357.7377
4.366667 357.0809 265.0537 357.7265
4.4 357.0777 265.0441 357.7232
4.4 357.0779 265.0506 357.7074
4.433333 357.0933 265.0659 357.6988
4.433333 357.1073 265.0845 357.6776
4.433333 357.1337 265.0995 357.6565
4.466667 357.1572 265.1242 357.6487
4.466667 357.1513 265.1362 357.6456
4.5 357.1342 265.1614 357.643
4.5 357.1278 265.1743 357.6337
4.5 357.1178 265.1828 357.6339
4.533333 357.1051 265.1959 357.6171
4.533333 357.1012 265.1907 357.6038
4.566667 357.1025 265.1963 357.5706
4.566667 357.1136 265.1907 357.5543
4.6 357.1327 265.1967 357.524
4.6 357.1493 265.1923 357.5185
4.6 357.1565 265.2054 357.5076
4.633333 357.1611 265.2428 357.4986
4.633333 357.1801 265.2645 357.4908
4.666667 357.2042 265.2969 357.468
4.666667 357.2485 265.3398 357.4536
4.7 357.2992 265.3751 357.4298
4.7 357.3348 265.4096 357.4076
4.7 357.3756 265.4397 357.3753
4.733333 357.4158 265.4618 357.3312
4.733333 357.437 265.467 357.2857
4.766667 357.4649 265.4804 357.2611
4.766667 357.4913 265.5249 357.2416
4.766667 357.5323 265.5807 357.2293
4.8 357.566 265.6545 357.2179
4.8 357.6249 265.8083 357.1634
4.833333 357.6874 265.9717 357.1402
4.833333 357.7554 266.1353 357.1435
4.866667 357.8433 266.3499 357.1624
4.866667 357.9031 266.6045 357.1793
4.866667 357.9285 266.9296 357.2399
4.9 357.9108 267.1974 357.3101
4.9 357.8962 267.508 357.3661
4.933333 357.8848 267.7961 357.4418
4.933333 357.8967 268.0729 357.4882
4.933333 357.9248 268.3435 357.5104
4.966667 357.9401 268.5883 357.5143
4.966667 357.9335 268.8256 357.5045
5 357.8972 268.9919 357.5266
5 357.8091 269.0829 357.5549
5.033333 357.7012 269.1328 357.5527
5.033333 357.646 269.1475 357.5111
5.033333 357.6003 269.1299 357.4489
5.066667 357.5699 269.1544 357.3659
5.066667 357.4989 269.2609 357.2856
5.1 357.2866 269.6416 357.1632
5.1 357.0866 270.1466 357.1867
5.1 356.9139 270.6646 357.309
5.133333 356.7719 271.1737 357.4012
5.133333 356.6736 271.6871 357.4974
5.166667 356.6186 272.1669 357.548
5.166667 356.5817 272.7274 357.5508
5.2 356.4843 273.3845 357.5422
5.2 356.3557 274.0517 357.547
5.2 356.2573 274.8244 357.587
5.233333 356.2206 275.7353 357.7115
5.233333 356.1988 276.5202 357.8517
5.266667 356.17 277.135 357.9458
5.266667 356.0938 277.8218 358.0252
5.266667 356.0399 278.3987 358.0064
5.3 355.9691 279.0362 357.9714
5.3 355.9151 279.559 357.9423
5.333333 355.914 280.0855 357.9337
5.333333 355.9443 280.5435 357.948
5.366667 356.0122 280.933 357.9234
5.366667 356.1236 281.2141 357.8932
5.366667 356.3127 281.5602 357.8325
5.4 356.506 281.7842 357.8481
5.4 356.5712 281.8311 357.8581
5.433333 356.5425 281.738 357.7807
5.433333 356.4753 281.5833 357.6821
5.433333 356.3604 281.3817 357.5382
5.466667 356.2892 281.2092 357.4333
5.466667 356.294 281.0317 357.3171
5.5 356.3456 280.9141 357.2465
5.5 356.4219 280.8107 357.1722
5.533333 356.5059 280.7391 357.1557
5.533333 356.5143 280.6804 357.1742
5.533333 356.5181 280.637 357.1815
5.566667 356.4878 280.6714 357.1879
5.566667 356.4115 280.8154 357.1819
5.6 356.304 281.1067 357.2129
5.6 356.2455 281.4668 357.304
5.633333 356.2658 281.9127 357.4122
5.633333 356.3075 282.3267 357.5037
5.633333 356.3329 282.802 357.5828
5.666667 356.3369 283.3773 357.6482
5.666667 356.3393 283.936 357.726
5.7 356.3676 284.5554 357.7952
5.7 356.4246 285.1687 357.9024
5.7 356.4637 285.7509 358.0129
5.733333 356.5188 286.3022 358.0981
5.733333 356.5778 286.7195 358.1558
5.766667 356.642 287.2503 358.2126
5.766667 356.7255 287.7302 358.2838
5.8 356.7894 288.1271 358.3517
5.8 356.8069 288.4551 358.3986
5.8 356.8188 288.7573 358.4448
5.833333 356.8413 289.02 358.4953
5.833333 356.8762 289.2579 358.5164
5.866667 356.925 289.4789 358.5369
5.866667 356.9743 289.6412 358.5762
5.866667 356.9202 289.7057 358.6484
5.9 356.7201 289.6657 358.6663
5.9 356.5038 289.5417 358.6253
5.933333 356.3724 289.4402 358.566
5.933333 356.2822 289.3502 358.5249
5.966667 356.2257 289.2439 358.5044
5.966667 356.2141 289.1714 358.5032
5.966667 356.2382 289.0356 358.5233
6 356.2541 288.9135 358.5499
6 356.2512 288.7606 358.5549
6.033333 356.2275 288.5899 358.5292
6.033333 356.2123 288.4955 358.4958
6.033333 356.2054 288.4043 358.4579
6.066667 356.2215 288.3268 358.4244
6.066667 356.2433 288.2714 358.4149
6.1 356.2591 288.2444 358.4152
6.1 356.2719 288.2561 358.4133
6.133333 356.2794 288.3 358.4079
6.133333 356.2849 288.4202 358.4034
6.133333 356.3228 288.6059 358.3789
6.166667 356.4148 288.8976 358.3502
6.166667 356.4915 289.1483 358.3324
6.2 356.5901 289.4882 358.3315
6.2 356.6438 289.9254 358.3549
6.2 356.661 290.3087 358.3636
6.233333 356.6533 290.8427 358.3658
6.233333 356.6602 291.3709 358.3716
6.266667 356.6874 291.9137 358.4122
6.266667 356.7004 292.4189 358.4987
6.3 356.7131 292.8173 358.5538
6.3 356.7303 293.2362 358.6148
6.3 356.7375 293.5983 358.6664
6.333333 356.7504 293.9229 358.6844
6.333333 356.7682 294.2784 358.6747
6.366667 356.8001 294.5219 358.6339
6.366667 356.8622 294.7237 358.5836
6.366667 356.9136 294.8578 358.5215
6.4 356.9543 294.971 358.4315
6.4 356.9931 295.0783 358.3436
6.433333 357.0192 295.1595 358.2878
6.433333 357.0243 295.1649 358.2784
6.466667 357.0242 295.0598 358.257
6.466667 357.0707 294.9453 358.2274
6.466667 357.1942 294.8146 358.1879
6.5 357.3382 294.6985 358.1581
6.5 357.5363 294.586 358.0946
6.533333 357.7446 294.462 358.0159
6.533333 357.917 294.3624 357.919
6.566667 358.0482 294.2694 357.8135
6.566667 358.151 294.1882 357.7295
6.566667 358.1965 294.126 357.7152
6.6 358.2273 294.0773 357.7974
6.6 358.2367 294.0385 357.9077
6.633333 358.2093 294.0006 358.0209
6.633333 358.171 293.9644 358.0719
6.633333 358.1454 293.9235 358.122
6.666667 358.1198 293.8965 358.2092
6.666667 358.1616 293.8778 358.3533
6.7 358.2584 293.8915 358.4909
6.7 358.416 293.898 358.6345
6.7 358.601 293.9289 358.7148
6.733333 358.7277 293.9903 358.7384
6.733333 358.7968 294.0816 358.7413
6.766667 358.7991 294.223 358.752
6.766667 358.8024 294.3845 358.8454
6.8 358.8548 294.5489 359.0157
6.8 358.9629 294.7216 359.2321
6.833333 359.1083 294.8816 359.3345
6.833333 359.3581 295.0713 359.3332
6.833333 359.6457 295.2982 359.2317
6.866667 359.8819 295.4853 359.1424
6.866667 0.1102678 295.6449 359.117
6.866667 0.2823921 295.7147 359.1532
6.9 0.4200456 295.7328 359.126
6.9 0.5212082 295.7408 358.9597
6.933333 0.5583778 295.7986 358.688
6.933333 0.4964951 295.8883 358.238
6.966667 0.4014219 295.9695 357.9556
6.966667 0.2820978 296.0876 357.7449
6.966667 0.2121029 296.2422 357.6362
7 0.1819097 296.344 357.6147
7 0.1345779 296.466 357.6176
7.033333 0.08555733 296.5629 357.5878
7.033333 359.974 296.7051 357.533
7.066667 359.8156 296.8533 357.5327
7.066667 359.6621 297.0048 357.5931
7.066667 359.5477 297.166 357.6618
7.1 359.5021 297.3381 357.7273
7.1 359.5462 297.5091 357.7672
7.133333 359.6344 297.6507 357.8125
7.133333 359.7356 297.8015 357.8131
7.133333 359.7859 297.9323 357.7796
7.166667 359.7732 298.0615 357.7002
7.166667 359.7627 298.2321 357.5494
7.2 359.7729 298.4167 357.3935
7.2 359.7796 298.6068 357.2969
7.233333 359.8378 298.8238 357.2808
7.233333 359.926 298.9843 357.2881
7.233333 0.009950625 299.1045 357.2314
7.266667 0.09763803 299.2065 357.098
7.266667 0.174547 299.2948 356.8707
7.3 0.2132371 299.3557 356.6445
7.3 0.2092636 299.4606 356.4262
7.3 0.1847764 299.5944 356.3112
7.333333 0.1970075 299.748 356.2474
7.333333 0.2605608 299.8819 356.2484
7.366667 0.3908551 300.0345 356.2641
7.366667 0.544636 300.1687 356.2444
7.4 0.6824049 300.3061 356.2002
7.4 0.7681781 300.4845 356.1589
7.4 0.7923062 300.6612 356.1574
7.433333 0.7906771 300.8286 356.1868
7.433333 0.7548704 300.9657 356.2379
7.466667 0.7314929 301.0546 356.2486
7.466667 0.739296 301.1442 356.2245
7.466667 0.7780693 301.2525 356.145
7.5 0.8315812 301.4101 356.0956
7.5 0.863583 301.5807 356.0997
7.533333 0.9036242 301.7776 356.1466
7.533333 0.9271588 301.9858 356.195
7.566667 0.9246575 304.2068 356.286
7.566667 0.9030524 306.4215 356.3572
7.6 0.8664663 308.627 356.4359
7.6 0.8269692 310.8423 356.5207
7.633333 0.8212141 313.0188 356.5606
7.633333 0.8456116 315.145 356.5742
7.666667 0.8955461 317.275 356.6241
7.666667 0.9658582 319.3373 356.6422
7.7 1.02652 321.388 356.6383
7.7 1.252458 323.905 356.72
7.733333 1.187544 325.6548 356.6711
7.766667 1.327105 328.0093 356.8177
7.766667 1.255828 329.8086 356.8246
7.8 1.240101 331.7499 356.8329
7.8 1.292487 333.9608 356.8474
7.833333 1.251284 335.9522 356.7605
7.833333 1.268587 337.946 356.7466
7.866667 1.442115 340.0287 356.913
7.866667 1.646329 342.1271 357.1438
7.9 1.444019 344.2364 357.0725
7.933333 1.338695 346.4828 357.0834
7.966667 1.171494 348.8958 357.1144
