-0.03333334 0 270 0
0.1 0 270 0
0.1333333 0 270 0
0.1333333 0 270 0
0.1333333 0 270 0
0.1666667 0 270 0
0.1666667 0 270 0
0.1666667 0 270 0
0.2 0 270 0
0.2 0 270 0
0.2333333 0 270 0
0.2333333 0 270 0
0.2333333 0 270 0
0.2666667 0 270 0
0.2666667 0 270 0
0.3 0 270 0
0.3 0 270 0
0.3333333 0 270 0
0.3333333 0 270 0
0.3333333 0 270 0
0.3666667 0 270 0
0.3666667 0 270 0
0.4 0 270 0
0.4 0 270 0
0.4 0 270 0
0.4333333 0 270 0
0.4333333 0 270 0
0.4666667 0 270 0
0.4666667 0 270 0
0.5 0 270 0
0.5 0 270 0
0.5 0 270 0
0.5333334 0 270 0
0.5333334 0 270 0
0.5666667 0 270 0
0.5666667 0 270 0
0.5666667 0 270 0
0.6 0 270 0
0.6 0 270 0
0.6333333 0 270 0
0.6333333 0 270 0
0.6666667 0 270 0
0.6666667 0 270 0
0.6666667 0 270 0
0.7 0 270 0
0.7 0 270 0
0.7333333 0 270 0
0.7333333 0 270 0
0.7333333 0 270 0
0.7666667 0 270 0
0.7666667 0 270 0
0.8 0 270 0
0.8 0 270 0
0.8333333 0 270 0
0.8333333 0 270 0
0.8333333 0 270 0
0.8666667 0 270 0
0.8666667 0 270 0
0.9 0 270 0
0.9 0 270 0
0.9 0 270 0
0.9333333 0 270 0
0.9333333 0 270 0
0.9666666 0 270 0
0.9666666 0 270 0
1 0 270 0
1 0 270 0
1 0 270 0
1.033333 0 270 0
1.033333 0 270 0
1.066667 0 270 0
1.066667 0 270 0
1.066667 0 270 0
1.1 0 270 0
1.1 0 270 0
1.133333 0 270 0
1.133333 0 270 0
1.166667 0 270 0
1.166667 0 270 0
1.166667 0 270 0
1.2 0 270 0
1.2 0 270 0
1.233333 0 270 0
1.233333 0 270 0
1.233333 0 270 0
1.266667 0 270 0
1.266667 0 270 0
1.3 0 270 0
1.3 0 270 0
1.333333 0 270 0
1.366667 0 270 0
1.4 0 270 0
1.433333 0 270 0
1.433333 0 270 0
1.433333 0 270 0
1.466667 0 270 0
1.466667 0 270 0
1.5 0 270 0
1.5 0 270 0
1.5 0 270 0
1.533333 0 270 0
1.533333 0 270 0
1.566667 0 270 0
1.566667 0 270 0
1.566667 0 270 0
1.6 0 270 0
1.6 0 270 0
1.633333 0 270 0
1.633333 0 270 0
1.666667 0 270 0
1.666667 0 270 0
1.666667 0 270 0
1.7 0 270 0
1.7 0 270 0
1.7 0 270 0
1.966667 0 270 0
2 0 270 0
2 0 270 0
2 0 270 0
2.033333 0 270 0
2.033333 0 270 0
2.066667 0 270 0
2.066667 0 270 0
2.066667 0 270 0
2.1 0 270 0
2.1 0 270 0
2.133333 0 270 0
2.133333 0 270 0
2.166667 0 270 0
2.166667 0 270 0
2.166667 0 270 0
2.2 0 270 0
2.2 0 270 0
2.233333 0 270 0
2.233333 0 270 0
2.233333 0 270 0
2.266667 0 270 0
2.266667 0 270 0
2.3 0 270 0
2.3 0 270 0
2.333333 0 270 0
2.333333 0 270 0
2.333333 0 270 0
2.366667 0 270 0
2.366667 0 270 0
2.4 0 270 0
2.4 0 270 0
2.4 0 270 0
2.433333 0 270 0
2.433333 0 270 0
2.466667 0 270 0
2.466667 0 270 0
2.5 0 270 0
2.5 0 270 0
2.5 0 270 0
2.533333 0 270 0
2.533333 0 270 0
2.566667 0 270 0
2.566667 0 270 0
2.566667 0 270 0
2.6 0 270 0
2.6 0 270 0
2.633333 0 270 0
2.633333 0 270 0
2.666667 0 270 0
2.666667 0 270 0
2.666667 0 270 0
2.7 0 270 0
2.7 0 270 0
2.733333 0 270 0
2.733333 0 270 0
2.733333 0 270 0
2.766667 0 270 0
2.766667 0 270 0
2.8 0 270 0
2.8 0 270 0
2.833333 0 270 0
2.833333 0 270 0
2.833333 0 270 0
2.866667 0 270 0
2.866667 0 270 0
2.9 0 270 0
2.9 0 270 0
2.9 0 270 0
2.933333 0 270 0
2.933333 0 270 0
2.966667 0 270 0
2.966667 0 270 0
3 0 270 0
3 0 270 0
3 0 270 0
3.033333 0 270 0
3.033333 0 270 0
3.066667 0 270 0
3.066667 0 270 0
3.066667 0 270 0
3.1 0 270 0
3.1 0 270 0
3.133333 0 270 0
3.133333 0 270 0
3.166667 0 270 0
3.166667 0 270 0
3.166667 0 270 0
3.2 0 270 0
3.2 0 270 0
3.233333 0 270 0
3.233333 0 270 0
3.233333 0 270 0
3.266667 0 270 0
3.266667 0 270 0
3.3 0 270 0
3.3 0 270 0
3.333333 0 270 0
3.333333 0 270 0
3.333333 0 270 0
3.366667 0 270 0
3.366667 0 270 0
3.4 0 270 0
3.4 0 270 0
3.4 0 270 0
3.433333 0 270 0
3.433333 0 270 0
3.466667 0 270 0
3.466667 0 270 0
3.5 0 270 0
3.5 0 270 0
3.5 0 270 0
3.533333 0 270 0
3.533333 0 270 0
3.566667 0 270 0
3.566667 0 270 0
3.566667 0 270 0
3.6 0 270 0
3.6 0 270 0
3.633333 0 270 0
3.633333 0 270 0
3.666667 0 270 0
3.666667 0 270 0
3.666667 0 270 0
3.7 0 270 0
3.7 0 270 0
3.733333 0 270 0
3.733333 0 270 0
3.733333 0 270 0
3.766667 0 270 0
3.766667 0 270 0
3.8 0 270 0
3.8 0 270 0
3.833333 0 270 0
3.833333 0 270 0
3.833333 0 270 0
3.866667 0 270 0
3.866667 0 270 0
3.9 0 270 0
3.9 0 270 0
3.9 0 270 0
3.933333 0 270 0
3.933333 0 270 0
3.966667 0 270 0
3.966667 0 270 0
4 0 270 0
4 0 270 0
4 0 270 0
4.033333 0 270 0
4.033333 0 270 0
4.066667 0 270 0
4.066667 0 270 0
4.066667 0 270 0
4.1 0 270 0
4.1 0 270 0
4.133333 0 270 0
4.133333 0 270 0
4.166667 0 270 0
4.166667 0 270 0
4.166667 0 270 0
4.2 0 270 0
4.2 0 270 0
4.233333 0 270 0
4.233333 0 270 0
4.233333 0 270 0
4.266667 0 270 0
4.266667 0 270 0
4.3 0 270 0
4.3 0 270 0
4.333333 0 270 0
4.333333 0 270 0
4.333333 0 270 0
4.366667 0 270 0
4.366667 0 270 0
4.4 0 270 0
4.4 0 270 0
4.4 0 270 0
4.433333 0 270 0
4.433333 0 270 0
4.466667 0 270 0
4.466667 0 270 0
4.466667 0 270 0
4.5 0 270 0
4.5 0 270 0
4.533333 0 270 0
4.533333 0 270 0
4.566667 0 270 0
4.566667 0 270 0
4.566667 0 270 0
4.6 0 270 0
4.6 0 270 0
4.633333 0 270 0
4.633333 0 270 0
4.666667 0 270 0
4.666667 0 270 0
4.666667 0 270 0
4.7 0 270 0
4.7 0 270 0
4.733333 0 270 0
4.733333 0 270 0
4.733333 0 270 0
4.766667 0 270 0
4.766667 0 270 0
4.8 0 270 0
4.8 0 270 0
4.833333 0 270 0
4.833333 0 270 0
4.833333 0 270 0
4.866667 0 270 0
4.866667 0 270 0
4.9 0 270 0
4.9 0 270 0
4.9 0 270 0
4.933333 0 270 0
4.933333 0 270 0
4.966667 0 270 0
4.966667 0 270 0
5 0 270 0
5 0 270 0
5 0 270 0
5.033333 0 270 0
5.033333 0 270 0
5.066667 0 270 0
5.066667 0 270 0
5.066667 0 270 0
5.1 0 270 0
5.1 0 270 0
5.133333 0 270 0
5.133333 0 270 0
5.166667 0 270 0
5.166667 0 270 0
5.166667 0 270 0
5.2 0 270 0
5.2 0 270 0
5.233333 0 270 0
5.233333 0 270 0
5.233333 0 270 0
5.266667 0 270 0
5.266667 0 270 0
5.3 0 270 0
5.3 0 270 0
5.333333 0 270 0
5.333333 0 270 0
5.333333 0 270 0
5.366667 0 270 0
5.366667 0 270 0
5.4 0 270 0
5.4 0 270 0
5.4 0 270 0
5.433333 0 270 0
5.433333 0 270 0
5.466667 0 270 0
5.466667 0 270 0
5.5 0 270 0
5.5 0 270 0
5.5 0 270 0
5.533333 0 270 0
5.533333 0 270 0
5.566667 0 270 0
5.566667 0 270 0
5.566667 0 270 0
5.6 0 270 0
5.6 0 270 0
5.633333 0 270 0
5.633333 0 270 0
5.633333 0 270 0
5.666667 0 270 0
5.666667 0 270 0
5.7 0 270 0
5.7 0 270 0
5.733333 0 270 0
5.733333 0 270 0
5.733333 0 270 0
5.766667 0 270 0
5.766667 0 270 0
5.8 0 270 0
5.8 0 270 0
5.833333 0 270 0
5.833333 0 270 0
5.833333 0 270 0
5.866667 0 270 0
5.866667 0 270 0
5.9 0 270 0
5.9 0 270 0
5.933333 0 270 0
5.933333 0 270 0
5.933333 0 270 0
5.966667 0 270 0
5.966667 0 270 0
6 0 270 0
6 0 270 0
6 0 270 0
6.033333 0 270 0
6.033333 0 270 0
6.066667 0 270 0
6.066667 0 270 0
6.1 0 270 0
6.1 0 270 0
6.1 0 270 0
6.133333 0 270 0
6.133333 0 270 0
6.166667 0 270 0
6.166667 0 270 0
6.166667 0 270 0
6.2 0 270 0
6.2 0 270 0
6.233333 0 270 0
6.233333 0 270 0
6.266667 0 270 0
6.266667 0 270 0
6.266667 0 270 0
6.3 0 270 0
6.3 0 270 0
6.333333 0 270 0
6.333333 0 270 0
6.333333 0 270 0
6.366667 0 270 0
6.366667 0 270 0
6.4 0 270 0
6.4 0 270 0
6.433333 0 270 0
6.433333 0 270 0
6.433333 0 270 0
6.466667 0 270 0
6.466667 0 270 0
6.5 0 270 0
6.5 0 270 0
6.5 0 270 0
6.533333 0 270 0
6.533333 0 270 0
6.566667 0 270 0
6.566667 0 270 0
6.6 0 270 0
6.6 0 270 0
6.6 0 270 0
6.633333 0 270 0
6.633333 0 270 0
6.666667 0 270 0
6.666667 0 270 0
6.666667 0 270 0
6.7 0 270 0
6.7 0 270 0
6.733333 0 270 0
6.733333 0 270 0
6.766667 0 270 0
6.766667 0 270 0
6.766667 0 270 0
6.8 0 270 0
6.8 0 270 0
6.833333 0 270 0
6.833333 0 270 0
6.833333 0 270 0
6.866667 0 270 0
6.866667 0 270 0
6.9 0 270 0
6.9 0 270 0
6.933333 0 270 0
6.933333 0 270 0
6.933333 0 270 0
6.966667 0 270 0
6.966667 0 270 0
7 0 270 0
7 0 270 0
7.033333 0 270 0
7.033333 0 270 0
7.033333 0 270 0
7.066667 0 270 0
7.066667 0 270 0
7.1 0 270 0
7.1 0 270 0
7.1 0 270 0
7.133333 0 270 0
7.133333 0 270 0
7.166667 0 270 0
7.166667 0 270 0
7.2 0 270 0
7.2 0 270 0
7.2 0 270 0
7.233333 0 270 0
7.233333 0 270 0
7.266667 0 270 0
7.266667 0 270 0
7.266667 0 270 0
7.3 0 270 0
7.3 0 270 0
7.333333 0 270 0
7.333333 0 270 0
7.366667 0 270 0
7.366667 0 270 0
7.366667 0 270 0
7.4 0 270 0
7.4 0 270 0
7.433333 0 270 0
7.433333 0 270 0
7.433333 0 270 0
7.466667 0 270 0
7.466667 0 270 0
7.5 0 270 0
7.5 0 270 0
7.533333 0 270 0
7.533333 0 270 0
7.533333 0 270 0
7.566667 0 270 0
7.566667 0 270 0
7.6 0 270 0
7.6 0 270 0
7.6 0 270 0
7.633333 0 270 0
7.633333 0 270 0
7.666667 0 270 0
7.666667 0 270 0
7.7 0 270 0
7.7 0 270 0
7.7 0 270 0
7.733333 0 270 0
7.733333 0 270 0
7.766667 0 270 0
7.766667 0 270 0
7.766667 0 270 0
7.8 0 270 0
7.8 0 270 0
7.833333 0 270 0
7.833333 0 270 0
7.866667 0 270 0
7.866667 0 270 0
7.866667 0 270 0
7.9 0 270 0
7.9 0 270 0
7.933333 0 270 0
7.933333 0 270 0
7.933333 0 270 0
7.966667 0 270 0
7.966667 0 270 0
8 0 270 0
8 0 270 0
8.033334 0 270 0
8.033334 0 270 0
8.033334 0 270 0
8.066667 0 270 0
8.066667 0 270 0
8.1 0 270 0
8.1 0 270 0
8.1 0 270 0
8.133333 0 270 0
8.133333 0 270 0
8.166667 0 270 0
8.166667 0 270 0
8.2 0 270 0
8.2 0 270 0
8.2 0 270 0
8.233334 0 270 0
8.233334 0 270 0
8.266666 0 270 0
8.266666 0 270 0
8.3 0 270 0
8.3 0 270 0
8.3 0 270 0
8.333333 0 270 0
8.333333 0 270 0
8.366667 0 270 0
8.366667 0 270 0
8.366667 0 270 0
8.4 0 270 0
8.4 0 270 0
8.433333 0 270 0
8.433333 0 270 0
8.466666 0 270 0
8.5 0 270 0
8.5 0 270 0
8.5 0 270 0
8.533334 0 270 0
8.533334 0 270 0
8.533334 0 270 0
8.566667 0 270 0
8.566667 0 270 0
8.6 0 270 0
8.6 0 270 0
8.633333 0 270 0
8.633333 0 270 0
8.633333 0 270 0
8.666667 0 270 0
8.666667 0 270 0
8.7 0 270 0
8.7 0 270 0
8.7 0 270 0
8.733334 0 270 0
8.733334 0 270 0
8.766666 0 270 0
8.766666 0 270 0
8.8 0 270 0
8.8 0 270 0
8.8 0 270 0
8.833333 0 270 0
8.833333 0 270 0
8.866667 0 270 0
8.866667 0 270 0
8.866667 0 270 0
8.9 0 270 0
8.9 0 270 0
8.933333 0 270 0
8.933333 0 270 0
8.966666 0 270 0
8.966666 0 270 0
8.966666 0 270 0
9 0 270 0
9 0 270 0
9.033334 0 270 0
9.033334 0 270 0
9.033334 0 270 0
9.066667 0 270 0
9.066667 0 270 0
9.1 0 270 0
9.1 0 270 0
9.133333 0 270 0
9.133333 0 270 0
9.133333 0 270 0
9.166667 0 270 0
9.166667 0 270 0
9.2 0 270 0
9.2 0 270 0
9.2 0 270 0
9.233334 0 270 0
9.233334 0 270 0
9.266666 0 270 0
9.266666 0 270 0
9.3 0 270 0
9.3 0 270 0
9.3 0 270 0
9.333333 0 270 0
9.333333 0 270 0
9.366667 0 270 0
9.366667 0 270 0
9.4 0 270 0
9.4 0 270 0
9.4 0 270 0
9.433333 0 270 0
9.433333 0 270 0
9.466666 0 270 0
9.466666 0 270 0
9.466666 0 270 0
9.5 0 270 0
9.5 0 270 0
9.533334 0 270 0
9.533334 0 270 0
9.566667 0 270 0
9.566667 0 270 0
9.566667 0 270 0
9.6 0 270 0
9.6 0 270 0
9.633333 0 270 0
9.633333 0 270 0
9.633333 0 270 0
9.666667 0 270 0
9.666667 0 270 0
9.7 0 270 0
9.7 0 270 0
9.733334 0 270 0
9.733334 0 270 0
9.733334 0 270 0
9.766666 0 270 0
9.766666 0 270 0
9.8 0 270 0
9.8 0 270 0
9.8 0 270 0
9.833333 0 270 0
9.833333 0 270 0
9.866667 0 270 0
9.866667 0 270 0
9.9 0 270 0
9.9 0 270 0
9.9 0 270 0
9.933333 0 270 0
9.933333 0 270 0
9.966666 0 270 0
9.966666 0 270 0
9.966666 0 270 0
10 0 270 0
10 0 270 0
10.03333 0 270 0
10.03333 0 270 0
10.06667 0 270 0
10.06667 0 270 0
10.06667 0 270 0
10.1 0 270 0
10.1 0 270 0
10.13333 0 270 0
10.13333 0 270 0
10.13333 0 270 0
10.16667 0 270 0
10.16667 0 270 0
10.2 0 270 0
10.2 0 270 0
10.23333 0 270 0
10.23333 0 270 0
10.23333 0 270 0
10.26667 0 270 0
10.26667 0 270 0
10.3 0 270 0
10.3 0 270 0
10.3 0 270 0
10.33333 0 270 0
10.33333 0 270 0
10.36667 0 270 0
10.36667 0 270 0
10.4 0 270 0
10.4 0 270 0
10.4 0 270 0
10.43333 0 270 0
10.43333 0 270 0
10.46667 0 270 0
10.46667 0 270 0
10.5 0 270 0
10.5 0 270 0
10.5 0 270 0
10.53333 0 270 0
10.53333 0 270 0
10.56667 0 270 0
10.56667 0 270 0
10.56667 0 270 0
10.6 0 270 0
10.6 0 270 0
10.63333 0 270 0
10.63333 0 270 0
10.66667 0 270 0
10.66667 0 270 0
10.66667 0 270 0
10.7 0 270 0
10.7 0 270 0
10.73333 0 270 0
10.73333 0 270 0
10.73333 0 270 0
10.76667 0 270 0
10.76667 0 270 0
10.8 0 270 0
10.8 0 270 0
10.83333 0 270 0
10.83333 0 270 0
10.83333 0 270 0
10.86667 0 270 0
10.86667 0 270 0
10.9 0 270 0
10.9 0 270 0
10.9 0 270 0
10.93333 0 270 0
10.93333 0 270 0
10.96667 0 270 0
10.96667 0 270 0
10.96667 0 270 0
11 0 270 0
11 0 270 0
11.03333 0 270 0
11.03333 0 270 0
11.06667 0 270 0
11.06667 0 270 0
11.06667 0 270 0
11.1 0 270 0
11.1 0 270 0
11.13333 0 270 0
11.13333 0 270 0
11.16667 0 270 0
11.16667 0 270 0
11.16667 0 270 0
11.2 0 270 0
11.2 0 270 0
11.23333 0 270 0
11.23333 0 270 0
11.23333 0 270 0
11.26667 0 270 0
11.26667 0 270 0
11.3 0 270 0
11.3 0 270 0
11.33333 0 270 0
11.33333 0 270 0
11.33333 0 270 0
11.36667 0 270 0
11.36667 0 270 0
11.36667 0 270 0
11.4 0 270 0
11.4 0 270 0
11.4 0 270 0
11.43333 0 270 0
11.43333 0 270 0
11.46667 0 270 0
11.46667 0 270 0
11.5 0 270 0
11.5 0 270 0
11.5 0 270 0
11.53333 0 270 0
11.53333 0 270 0
11.56667 0 270 0
11.56667 0 270 0
11.56667 0 270 0
11.6 0 270 0
11.6 0 270 0
11.63333 0 270 0
11.63333 0 270 0
11.66667 0 270 0
11.66667 0 270 0
11.66667 0 270 0
11.7 0 270 0
11.7 0 270 0
11.73333 0 270 0
11.73333 0 270 0
11.76667 0 270 0
11.76667 0 270 0
11.76667 0 270 0
11.8 0 270 0
11.8 0 270 0
11.83333 0 270 0
11.83333 0 270 0
11.83333 0 270 0
11.86667 0 270 0
11.86667 0 270 0
11.9 0 270 0
11.9 0 270 0
11.93333 0 270 0
11.93333 0 270 0
11.93333 0 270 0
11.96667 0 270 0
11.96667 0 270 0
12 0 270 0
12 0 270 0
12 0 270 0
12.03333 0 270 0
12.03333 0 270 0
12.06667 0 270 0
12.06667 0 270 0
12.1 0 270 0
12.1 0 270 0
12.1 0 270 0
12.13333 0 270 0
12.13333 0 270 0
12.16667 0 270 0
12.16667 0 270 0
12.16667 0 270 0
12.2 0 270 0
12.2 0 270 0
12.23333 0 270 0
12.23333 0 270 0
12.26667 0 270 0
12.26667 0 270 0
12.26667 0 270 0
12.3 0 270 0
12.3 0 270 0
12.33333 0 270 0
12.33333 0 270 0
12.33333 0 270 0
12.36667 0 270 0
12.36667 0 270 0
12.4 0 270 0
12.4 0 270 0
12.43333 0 270 0
12.43333 0 270 0
12.43333 0 270 0
12.46667 0 270 0
12.46667 0 270 0
12.5 0 270 0
12.5 0 270 0
12.5 0 270 0
12.53333 0 270 0
12.53333 0 270 0
12.56667 0 270 0
12.56667 0 270 0
12.6 0 270 0
12.6 0 270 0
12.6 0 270 0
12.63333 0 270 0
12.63333 0 270 0
12.66667 0 270 0
12.66667 0 270 0
12.66667 0 270 0
12.7 0 270 0
12.7 0 270 0
12.73333 0 270 0
12.73333 0 270 0
12.76667 0 270 0
12.76667 0 270 0
12.76667 0 270 0
12.8 0 270 0
12.8 0 270 0
12.83333 0 270 0
12.83333 0 270 0
12.86667 0 270 0
12.86667 0 270 0
12.86667 0 270 0
12.9 0 270 0
12.9 0 270 0
12.93333 0 270 0
12.93333 0 270 0
12.93333 0 270 0
12.96667 0 270 0
12.96667 0 270 0
13 0 270 0
13 0 270 0
13.03333 0 270 0
13.03333 0 270 0
13.03333 0 270 0
13.06667 0 270 0
13.06667 0 270 0
13.1 0 270 0
13.1 0 270 0
13.1 0 270 0
13.13333 0 270 0
13.13333 0 270 0
13.16667 0 270 0
13.16667 0 270 0
13.2 0 270 0
13.2 0 270 0
13.2 0 270 0
13.23333 0 270 0
13.23333 0 270 0
13.26667 0 270 0
13.26667 0 270 0
13.26667 0 270 0
13.3 0 270 0
13.3 0 270 0
13.33333 0 270 0
13.33333 0 270 0
13.36667 0 270 0
13.36667 0 270 0
13.36667 0 270 0
13.4 0 270 0
13.4 0 270 0
13.43333 0 270 0
13.43333 0 270 0
13.43333 0 270 0
13.46667 0 270 0
13.46667 0 270 0
13.5 0 270 0
13.5 0 270 0
13.53333 0 270 0
13.53333 0 270 0
13.53333 0 270 0
13.56667 0 270 0
13.56667 0 270 0
13.6 0 270 0
13.6 0 270 0
13.6 0 270 0
13.63333 0 270 0
13.63333 0 270 0
13.66667 0 270 0
13.66667 0 270 0
13.7 0 270 0
13.7 0 270 0
13.7 0 270 0
13.73333 0 270 0
13.73333 0 270 0
13.76667 0 270 0
13.76667 0 270 0
13.76667 0 270 0
13.8 0 270 0
13.8 0 270 0
13.83333 0 270 0
13.83333 0 270 0
13.86667 0 270 0
13.86667 0 270 0
13.86667 0 270 0
13.9 0 270 0
13.9 0 270 0
13.93333 0 270 0
13.93333 0 270 0
13.93333 0 270 0
13.96667 0 270 0
13.96667 0 270 0
14 0 270 0
14 0 270 0
14.03333 0 270 0
14.03333 0 270 0
14.03333 0 270 0
14.06667 0 270 0
14.06667 0 270 0
14.1 0 270 0
14.1 0 270 0
14.13333 0 270 0
14.13333 0 270 0
14.13333 0 270 0
14.16667 0 270 0
14.16667 0 270 0
14.2 0 270 0
14.2 0 270 0
14.2 0 270 0
14.23333 0 270 0
14.23333 0 270 0
14.26667 0 270 0
14.26667 0 270 0
14.3 0 270 0
14.3 0 270 0
14.3 0 270 0
14.33333 0 270 0
14.33333 0 270 0
14.33333 0 270 0
14.36667 0 270 0
14.36667 0 270 0
14.36667 0 270 0
14.4 0 270 0
14.4 0 270 0
14.43333 0 270 0
14.43333 0 270 0
14.46667 0 270 0
14.46667 0 270 0
14.46667 0 270 0
14.5 0 270 0
14.5 0 270 0
14.53333 0 270 0
14.53333 0 270 0
14.53333 0 270 0
14.56667 0 270 0
14.56667 0 270 0
14.6 0 270 0
14.6 0 270 0
14.63333 0 270 0
14.63333 0 270 0
14.63333 0 270 0
14.66667 0 270 0
14.66667 0 270 0
14.7 0 270 0
14.7 0 270 0
14.7 0 270 0
14.73333 0 270 0
14.73333 0 270 0
14.76667 0 270 0
14.76667 0 270 0
14.8 0 270 0
14.8 0 270 0
14.8 0 270 0
14.83333 0 270 0
14.83333 0 270 0
14.86667 0 270 0
14.86667 0 270 0
14.86667 0 270 0
14.9 0 270 0
14.9 0 270 0
14.93333 0 270 0
14.93333 0 270 0
14.96667 0 270 0
14.96667 0 270 0
14.96667 0 270 0
15 0 270 0
15 0 270 0
15.03333 0 270 0
15.03333 0 270 0
15.03333 0 270 0
15.06667 0 270 0
15.06667 0 270 0
15.1 0 270 0
15.1 0 270 0
15.13333 0 270 0
15.13333 0 270 0
15.13333 0 270 0
15.16667 0 270 0
15.16667 0 270 0
15.2 0 270 0
15.2 0 270 0
15.2 0 270 0
15.23333 0 270 0
15.23333 0 270 0
15.26667 0 270 0
15.26667 0 270 0
15.3 0 270 0
15.3 0 270 0
15.3 0 270 0
15.33333 0 270 0
15.33333 0 270 0
15.36667 0 270 0
15.36667 0 270 0
15.4 0 270 0
15.4 0 270 0
15.4 0 270 0
15.43333 0 270 0
15.43333 0 270 0
15.46667 0 270 0
15.46667 0 270 0
15.46667 0 270 0
15.5 0 270 0
15.5 0 270 0
15.53333 0 270 0
15.53333 0 270 0
15.56667 0 270 0
15.56667 0 270 0
15.56667 0 270 0
15.6 0 270 0
15.6 0 270 0
15.63333 0 270 0
15.63333 0 270 0
15.63333 0 270 0
15.66667 0 270 0
15.66667 0 270 0
15.7 0 270 0
15.73333 0 270 0
15.73333 0 270 0
15.73333 0 270 0
15.76667 0 270 0
15.76667 0 270 0
15.8 0 270 0
15.8 0 270 0
15.8 0 270 0
15.83333 0 270 0
15.83333 0 270 0
15.86667 0 270 0
15.86667 0 270 0
15.9 0 270 0
15.9 0 270 0
15.9 0 270 0
15.93333 0 270 0
15.93333 0 270 0
15.96667 0 270 0
15.96667 0 270 0
15.96667 0 270 0
16 0 270 0
16 0 270 0
16.03333 0 270 0
16.03333 0 270 0
16.06667 0 270 0
16.06667 0 270 0
16.06667 0 270 0
16.1 0 270 0
16.1 0 270 0
16.13333 0 270 0
16.13333 0 270 0
16.13333 0 270 0
16.16667 0 270 0
16.16667 0 270 0
16.2 0 270 0
16.2 0 270 0
16.23333 0 270 0
16.23333 0 270 0
16.23333 0 270 0
16.26667 0 270 0
16.26667 0 270 0
16.3 0 270 0
16.3 0 270 0
16.33333 0 270 0
16.33333 0 270 0
16.33333 0 270 0
16.36667 0 270 0
16.36667 0 270 0
16.4 0 270 0
16.4 0 270 0
16.4 0 270 0
16.43333 0 270 0
16.43333 0 270 0
16.46667 0 270 0
16.46667 0 270 0
16.5 0 270 0
16.5 0 270 0
16.5 0 270 0
16.53333 0 270 0
16.53333 0 270 0
16.56667 0 270 0
16.56667 0 270 0
16.56667 0 270 0
16.6 0 270 0
16.6 0 270 0
16.63333 0 270 0
16.63333 0 270 0
16.66667 0 270 0
16.66667 0 270 0
16.66667 0 270 0
16.7 0 270 0
16.7 0 270 0
16.73333 0 270 0
16.73333 0 270 0
16.73333 0 270 0
16.76667 0 270 0
16.76667 0 270 0
16.8 0 270 0
16.8 0 270 0
16.83333 0 270 0
16.83333 0 270 0
16.83333 0 270 0
16.86667 0 270 0
16.86667 0 270 0
16.9 0 270 0
16.9 0 270 0
16.9 0 270 0
16.93333 0 270 0
16.93333 0 270 0
16.96667 0 270 0
16.96667 0 270 0
17 0 270 0
17 0 270 0
17 0 270 0
17.03333 0 270 0
17.03333 0 270 0
17.06667 0 270 0
17.06667 0 270 0
17.06667 0 270 0
17.1 0 270 0
17.1 0 270 0
17.13333 0 270 0
17.13333 0 270 0
17.16667 0 270 0
17.16667 0 270 0
17.16667 0 270 0
17.2 0 270 0
17.2 0 270 0
17.23333 0 270 0
17.23333 0 270 0
17.23333 0 270 0
17.26667 0 270 0
17.26667 0 270 0
17.3 0 270 0
17.3 0 270 0
17.3 0 270 0
17.33333 0 270 0
17.33333 0 270 0
17.33333 0 270 0
17.36667 0 270 0
17.36667 0 270 0
17.4 0 270 0
17.4 0 270 0
17.43333 0 270 0
17.43333 0 270 0
17.43333 0 270 0
17.46667 0 270 0
17.46667 0 270 0
17.5 0 270 0
17.5 0 270 0
17.5 0 270 0
17.53333 0 270 0
17.53333 0 270 0
17.56667 0 270 0
17.56667 0 270 0
17.56667 0 270 0
17.6 0 270 0
17.6 0 270 0
17.6 0 270 0
17.63333 0 270 0
17.63333 0 270 0
17.66667 0 270 0
17.66667 0 270 0
17.66667 0 270 0
17.7 0 270 0
17.7 0 270 0
17.73333 0 270 0
17.73333 0 270 0
17.76667 0 270 0
17.76667 0 270 0
17.76667 0 270 0
17.8 0 270 0
17.8 0 270 0
17.83333 0 270 0
17.83333 0 270 0
17.83333 0 270 0
17.86667 0 270 0
17.86667 0 270 0
17.9 0 270 0
17.9 0 270 0
17.93333 0 270 0
17.93333 0 270 0
17.93333 0 270 0
17.96667 0 270 0
17.96667 0 270 0
18 0 270 0
18 0 270 0
18 0 270 0
18.03333 0 270 0
18.03333 0 270 0
18.06667 0 270 0
18.06667 0 270 0
18.1 0 270 0
18.1 0 270 0
18.1 0 270 0
18.13333 0 270 0
18.13333 0 270 0
18.16667 0 270 0
18.16667 0 270 0
18.16667 0 270 0
18.2 0 270 0
18.2 0 270 0
18.23333 0 270 0
18.23333 0 270 0
18.26667 0 270 0
18.26667 0 270 0
18.26667 0 270 0
18.3 0 270 0
18.3 0 270 0
18.33333 0 270 0
18.33333 0 270 0
18.33333 0 270 0
18.36667 0 270 0
18.36667 0 270 0
18.4 0 270 0
18.4 0 270 0
18.43333 0 270 0
18.43333 0 270 0
18.43333 0 270 0
18.46667 0 270 0
18.46667 0 270 0
18.5 0 270 0
18.5 0 270 0
18.53333 0 270 0
18.53333 0 270 0
18.53333 0 270 0
18.56667 0 270 0
18.56667 0 270 0
18.6 0 270 0
18.6 0 270 0
18.6 0 270 0
18.63333 0 270 0
18.63333 0 270 0
18.66667 0 270 0
18.66667 0 270 0
18.7 0 270 0
18.7 0 270 0
18.7 0 270 0
18.73333 0 270 0
18.73333 0 270 0
18.76667 0 270 0
18.76667 0 270 0
18.76667 0 270 0
18.8 0 270 0
18.8 0 270 0
18.83333 0 270 0
18.83333 0 270 0
18.86667 0 270 0
18.86667 0 270 0
18.86667 0 270 0
18.9 0 270 0
18.9 0 270 0
18.93333 0 270 0
18.93333 0 270 0
18.93333 0 270 0
18.96667 0 270 0
18.96667 0 270 0
18.96667 0 270 0
19 0 270 0
19 0 270 0
19.03333 0 270 0
19.03333 0 270 0
19.03333 0 270 0
19.06667 0 270 0
19.06667 0 270 0
19.1 0 270 0
19.1 0 270 0
19.1 0 270 0
19.13333 0 270 0
19.13333 0 270 0
19.16667 0 270 0
19.16667 0 270 0
19.2 0 270 0
19.2 0 270 0
19.2 0 270 0
19.23333 0 270 0
19.23333 0 270 0
19.26667 0 270 0
19.26667 0 270 0
19.26667 0 270 0
19.3 0 270 0
19.3 0 270 0
19.33333 0 270 0
19.33333 0 270 0
19.36667 0 270 0
19.36667 0 270 0
19.36667 0 270 0
19.4 0 270 0
19.4 0 270 0
19.43333 0 270 0
19.43333 0 270 0
19.43333 0 270 0
19.46667 0 270 0
19.46667 0 270 0
19.5 0 270 0
19.5 0 270 0
19.53333 0 270 0
19.53333 0 270 0
19.53333 0 270 0
19.56667 0 270 0
19.56667 0 270 0
19.6 0 270 0
19.6 0 270 0
19.63333 0 270 0
19.63333 0 270 0
19.63333 0 270 0
19.66667 0 270 0
19.66667 0 270 0
19.7 0 270 0
19.7 0 270 0
19.7 0 270 0
19.73333 0 270 0
19.73333 0 270 0
19.76667 0 270 0
19.76667 0 270 0
19.8 0 270 0
19.8 0 270 0
19.8 0 270 0
19.83333 0 270 0
19.83333 0 270 0
19.86667 0 270 0
19.86667 0 270 0
19.86667 0 270 0
19.9 0 270 0
19.9 0 270 0
19.93333 0 270 0
19.93333 0 270 0
19.96667 0 270 0
19.96667 0 270 0
19.96667 0 270 0
20 0 270 0
20 0 270 0
20.03333 0 270 0
20.03333 0 270 0
20.03333 0 270 0
20.06667 0 270 0
20.06667 0 270 0
20.1 0 270 0
20.1 0 270 0
20.13333 0 270 0
20.13333 0 270 0
20.13333 0 270 0
20.16667 0 270 0
20.16667 0 270 0
20.2 0 270 0
20.2 0 270 0
20.2 0 270 0
20.23333 0 270 0
20.23333 0 270 0
20.26667 0 270 0
20.26667 0 270 0
20.3 0 270 0
20.3 0 270 0
20.3 0 270 0
20.33333 0 270 0
20.33333 0 270 0
20.36667 0 270 0
20.36667 0 270 0
20.36667 0 270 0
20.4 0 270 0
20.4 0 270 0
20.43333 0 270 0
20.43333 0 270 0
20.46667 0 270 0
20.46667 0 270 0
20.46667 0 270 0
20.5 0 270 0
20.5 0 270 0
20.53333 0 270 0
20.53333 0 270 0
20.53333 0 270 0
20.56667 0 270 0
20.56667 0 270 0
20.6 0 270 0
20.6 0 270 0
20.6 0 270 0
20.63333 0 270 0
20.63333 0 270 0
20.66667 0 270 0
20.66667 0 270 0
20.7 0 270 0
20.7 0 270 0
20.7 0 270 0
20.73333 0 270 0
20.73333 0 270 0
20.76667 0 270 0
20.76667 0 270 0
20.8 0 270 0
20.8 0 270 0
20.8 0 270 0
20.83333 0 270 0
20.83333 0 270 0
20.86667 0 270 0
20.86667 0 270 0
20.9 0 270 0
20.9 0 270 0
20.9 0 270 0
20.93333 0 270 0
20.93333 0 270 0
20.96667 0 270 0
20.96667 0 270 0
20.96667 0 270 0
21 0 270 0
21 0 270 0
21.03333 0 270 0
21.03333 0 270 0
21.06667 0 270 0
21.06667 0 270 0
21.06667 0 270 0
21.1 0 270 0
21.1 0 270 0
21.13333 0 270 0
21.13333 0 270 0
21.13333 0 270 0
21.16667 0 270 0
21.16667 0 270 0
21.2 0 270 0
21.2 0 270 0
21.23333 0 270 0
21.23333 0 270 0
21.23333 0 270 0
21.26667 0 270 0
21.26667 0 270 0
21.3 0 270 0
21.3 0 270 0
21.3 0 270 0
21.33333 0 270 0
21.33333 0 270 0
21.36667 0 270 0
21.36667 0 270 0
21.4 0 270 0
21.4 0 270 0
21.4 0 270 0
21.43333 0 270 0
21.43333 0 270 0
21.46667 0 270 0
21.46667 0 270 0
21.46667 0 270 0
21.5 0 270 0
21.5 0 270 0
21.53333 0 270 0
21.53333 0 270 0
21.56667 0 270 0
21.56667 0 270 0
21.56667 0 270 0
21.6 0 270 0
21.6 0 270 0
21.63333 0 270 0
21.63333 0 270 0
21.63333 0 270 0
21.66667 0 270 0
21.66667 0 270 0
21.7 0 270 0
21.7 0 270 0
21.73333 0 270 0
21.73333 0 270 0
21.73333 0 270 0
21.76667 0 270 0
21.76667 0 270 0
21.8 0 270 0
21.8 0 270 0
21.8 0 270 0
21.83333 0 270 0
21.83333 0 270 0
21.86667 0 270 0
21.86667 0 270 0
21.9 0 270 0
21.9 0 270 0
21.9 0 270 0
21.93333 0 270 0
21.93333 0 270 0
21.96667 0 270 0
21.96667 0 270 0
21.96667 0 270 0
22 0 270 0
22 0 270 0
22.03333 0 270 0
22.03333 0 270 0
22.06667 0 270 0
22.06667 0 270 0
22.06667 0 270 0
22.1 0 270 0
22.1 0 270 0
22.13333 0 270 0
22.13333 0 270 0
22.13333 0 270 0
22.16667 0 270 0
22.16667 0 270 0
22.2 0 270 0
22.2 0 270 0
22.23333 0 270 0
22.23333 0 270 0
22.23333 0 270 0
22.26667 0 270 0
22.26667 0 270 0
22.3 0 270 0
22.3 0 270 0
22.33333 0 270 0
22.33333 0 270 0
22.33333 0 270 0
22.36667 0 270 0
22.36667 0 270 0
22.4 0 270 0
22.4 0 270 0
22.4 0 270 0
22.43333 0 270 0
22.43333 0 270 0
22.46667 0 270 0
22.46667 0 270 0
22.46667 0 270 0
22.5 0 270 0
22.5 0 270 0
22.5 0 270 0
22.53333 0 270 0
22.53333 0 270 0
22.56667 0 270 0
22.56667 0 270 0
22.56667 0 270 0
22.6 0 270 0
22.6 0 270 0
22.63333 0 270 0
22.63333 0 270 0
22.66667 0 270 0
22.66667 0 270 0
22.66667 0 270 0
22.7 0 270 0
22.7 0 270 0
22.73333 0 270 0
22.73333 0 270 0
22.73333 0 270 0
22.76667 0 270 0
22.76667 0 270 0
22.8 0 270 0
22.8 0 270 0
22.83333 0 270 0
22.83333 0 270 0
22.83333 0 270 0
22.86667 0 270 0
22.86667 0 270 0
22.9 0 270 0
22.9 0 270 0
22.9 0 270 0
22.93333 0 270 0
22.93333 0 270 0
22.96667 0 270 0
22.96667 0 270 0
23 0 270 0
23 0 270 0
23 0 270 0
23.03333 0 270 0
23.03333 0 270 0
23.03333 0 270 0
23.06667 0 270 0
23.06667 0 270 0
23.06667 0 270 0
23.1 0 270 0
23.1 0 270 0
23.13333 0 270 0
23.13333 0 270 0
23.13333 0 270 0
23.16667 0 270 0
23.16667 0 270 0
23.16667 0 270 0
23.2 0 270 0
23.2 0 270 0
23.23333 0 270 0
23.23333 0 270 0
23.23333 0 270 0
23.26667 0 270 0
23.26667 0 270 0
23.3 0 270 0
23.3 0 270 0
23.33333 0 270 0
23.33333 0 270 0
23.33333 0 270 0
23.36667 0 270 0
23.4 0 270 0
23.4 0 270 0
23.4 0 270 0
23.43333 0 270 0
23.43333 0 270 0
23.43333 0 270 0
23.46667 0 270 0
23.46667 0 270 0
23.5 0 270 0
23.5 0 270 0
23.5 0 270 0
23.53333 0 270 0
23.53333 0 270 0
23.56667 0 270 0
23.56667 0 270 0
23.6 0 270 0
23.6 0 270 0
23.6 0 270 0
23.63333 0 270 0
23.63333 0 270 0
23.66667 0 270 0
23.66667 0 270 0
23.66667 0 270 0
23.7 0 270 0
23.7 0 270 0
23.73333 0 270 0
23.73333 0 270 0
23.76667 0 270 0
23.76667 0 270 0
23.76667 0 270 0
23.8 0 270 0
23.8 0 270 0
23.83333 0 270 0
23.83333 0 270 0
23.86667 0 270 0
23.86667 0 270 0
23.9 0 270 0
23.9 0 270 0
23.9 0 270 0
23.93333 0 270 0
23.93333 0 270 0
23.96667 0 270 0
23.96667 0 270 0
24 0 270 0
24 0 270 0
24 0 270 0
24.03333 0 270 0
24.03333 0 270 0
24.06667 0 270 0
24.06667 0 270 0
24.1 0 270 0
24.1 0 270 0
24.1 0 270 0
24.13333 0 270 0
24.13333 0 270 0
24.16667 0 270 0
24.16667 0 270 0
24.2 0 270 0
24.2 0 270 0
24.2 0 270 0
24.23333 0 270 0
24.23333 0 270 0
24.26667 0 270 0
24.26667 0 270 0
24.3 0 270 0
24.3 0 270 0
24.33333 0 270 0
24.33333 0 270 0
24.36667 0 270 0
24.36667 0 270 0
24.36667 0 270 0
24.4 0 270 0
24.4 0 270 0
24.43333 0 270 0
24.43333 0 270 0
24.43333 0 270 0
24.46667 0 270 0
24.46667 0 270 0
24.5 0 270 0
24.5 0 270 0
24.5 0 270 0
24.53333 0 270 0
24.53333 0 270 0
24.56667 0 270 0
24.56667 0 270 0
24.6 0 270 0
24.6 0 270 0
24.6 0 270 0
24.63333 0 270 0
24.63333 0 270 0
24.66667 0 270 0
24.66667 0 270 0
24.7 0 270 0
24.7 0 270 0
24.7 0 270 0
24.73333 0 270 0
24.73333 0 270 0
24.76667 0 270 0
24.76667 0 270 0
24.76667 0 270 0
24.8 0 270 0
24.8 0 270 0
24.83333 0 270 0
24.83333 0 270 0
24.86667 0 270 0
24.86667 0 270 0
24.86667 0 270 0
24.9 0 270 0
24.9 0 270 0
24.93333 0 270 0
24.93333 0 270 0
24.93333 0 270 0
24.96667 0 270 0
24.96667 0 270 0
25 0 270 0
25 0 270 0
25.03333 0 270 0
25.03333 0 270 0
25.03333 0 270 0
25.06667 0 270 0
25.06667 0 270 0
25.1 0 270 0
25.1 0 270 0
25.13333 0 270 0
25.13333 0 270 0
25.13333 0 270 0
25.16667 0 270 0
25.16667 0 270 0
25.2 0 270 0
25.2 0 270 0
25.2 0 270 0
25.23333 0 270 0
25.23333 0 270 0
25.26667 0 270 0
25.26667 0 270 0
25.3 0 270 0
25.3 0 270 0
25.3 0 270 0
25.33333 0 270 0
25.33333 0 270 0
25.36667 0 270 0
25.4 0 270 0
25.43333 0 270 0
25.46667 0 270 0
25.46667 0 270 0
