1.498164 0 270 0
1.761238 0 270 0
1.861238 0 270 0
1.961238 0 270 0
2.061238 0 270 0
2.161238 0 270 0
2.261238 0 270 0
2.361238 0 270 0
2.461238 0 270 0
2.561238 0 270 0
2.661238 0 270 0
2.761238 0 270 0
2.861238 0 270 0
2.961238 0 270 0
3.061238 0 270 0
3.161238 0 270 0
3.261238 0 270 0
3.361238 0 270 0
3.461238 0 270 0
3.561238 0 270 0
3.661238 0 270 0
3.761238 0 270 0
3.861238 0 270 0
3.961238 0 270 0
4.061238 0 270 0
4.161238 0 270 0
4.261238 0 270 0
4.361238 0 270 0
4.461238 0 270 0
4.561238 0 270 0
4.661238 0 270 0
4.761238 0 270 0
4.861238 0 270 0
4.961238 0 270 0
5.061238 0 270 0
5.161238 0 270 0
5.261238 0 270 0
5.361238 0 270 0
5.461238 0 270 0
5.561238 0 270 0
5.661238 0 270 0
5.761238 0 270 0
5.861238 0 270 0
5.961238 0 270 0
6.061238 0 270 0
6.161238 0 270 0
6.261238 0 270 0
6.361238 0 270 0
6.461238 0 270 0
6.561238 0 270 0
6.661238 0 270 0
6.761238 0 270 0
6.861238 0 270 0
6.961238 0 270 0
7.061238 0 270 0
7.161238 0 270 0
7.261238 0 270 0
7.361238 0 270 0
7.461238 0 270 0
7.561238 0 270 0
7.661238 0 270 0
7.761238 0 270 0
7.861238 0 270 0
7.961238 359.7 269.1 0
8.061238 357.075 254.175 -2.137218E-07
8.161239 356.7749 237.9749 0
8.261238 355.9498 227.0249 1.069889E-06
8.361238 355.2747 221.9998 1.070857E-06
8.461238 355.1247 221.0248 8.568738E-07
8.561238 355.1247 221.0248 8.568738E-07
8.661239 355.1247 221.0248 8.568738E-07
8.761238 355.1247 221.0248 8.568738E-07
8.861238 355.1247 221.0248 8.568738E-07
8.961238 355.1247 221.0248 8.568738E-07
9.061238 355.1247 221.0248 8.568738E-07
9.161239 355.1247 221.0248 8.568738E-07
9.261238 355.1247 237.5247 1.499529E-06
9.361238 355.6497 242.2497 1.926541E-06
9.461238 355.7998 246.7497 2.3542E-06
9.561238 355.7998 257.3996 2.3542E-06
9.661239 356.0998 269.6245 2.353328E-06
9.761238 356.0998 274.1245 2.353328E-06
9.861238 356.0998 274.6495 2.353328E-06
9.961238 356.0998 274.6495 2.139389E-06
10.06124 356.0998 274.6495 2.139389E-06
10.16124 356.0998 274.6495 2.139389E-06
10.26124 356.0998 274.7245 1.92545E-06
10.36124 356.4748 277.2745 2.031556E-06
10.46124 357.2248 279.4495 2.350635E-06
10.56124 358.7248 283.4245 2.348459E-06
10.66124 358.9498 283.9495 2.241532E-06
10.76124 358.9498 283.9495 2.241532E-06
10.86124 358.9498 283.9495 2.241532E-06
10.96124 358.9498 283.9495 2.241532E-06
11.06124 358.9498 283.9495 2.241532E-06
11.16124 358.9498 283.9495 2.241532E-06
11.26124 358.9498 283.9495 2.241532E-06
11.36124 358.9498 283.9495 2.241532E-06
11.46124 358.9498 283.3495 2.348272E-06
11.56124 357.8247 274.7245 2.34957E-06
11.66124 356.5497 263.6245 2.459057E-06
11.76124 354.8996 252.7496 2.571502E-06
11.86124 353.6995 244.8745 3.006366E-06
11.96124 353.0244 239.9246 3.440561E-06
12.06124 352.7993 238.7996 3.227102E-06
12.16124 352.7243 237.9745 3.442815E-06
12.26124 352.7243 237.4495 3.012464E-06
12.36124 352.7243 237.4495 3.012464E-06
12.46124 352.7243 237.4495 3.012464E-06
12.56124 352.7243 237.4495 3.012464E-06
12.66124 352.7243 237.4495 3.012464E-06
12.76124 352.7243 237.4495 3.012464E-06
12.86124 352.7243 237.4495 3.012464E-06
12.96124 352.7243 237.4495 3.012464E-06
13.06124 352.7243 237.4495 3.012464E-06
13.16124 352.7243 237.4495 3.012464E-06
13.26124 352.7243 237.4495 3.012464E-06
13.36124 352.7243 237.4495 3.012464E-06
13.46124 352.7243 237.4495 3.012464E-06
13.56124 352.7243 237.4495 3.012464E-06
13.66124 352.7243 237.4495 3.012464E-06
13.76124 352.7243 237.4495 3.012464E-06
13.86124 352.7243 237.4495 3.012464E-06
13.96124 352.7243 237.4495 3.012464E-06
14.06124 352.7243 237.4495 3.012464E-06
14.16124 352.7243 237.4495 3.012464E-06
14.26124 352.7243 237.4495 3.012464E-06
14.36124 352.7243 237.4495 3.012464E-06
14.46124 352.7243 237.4495 3.012464E-06
14.56124 352.7243 237.4495 3.012464E-06
14.66124 352.7243 237.4495 3.012464E-06
14.76124 352.7243 237.4495 3.012464E-06
14.86124 352.7243 237.4495 3.012464E-06
14.96124 352.7243 237.4495 3.012464E-06
15.06124 352.7243 237.4495 3.012464E-06
15.16124 352.7243 237.4495 3.012464E-06
15.26124 352.7243 237.4495 3.012464E-06
15.36124 352.7243 237.4495 3.012464E-06
15.46124 352.7243 237.4495 3.012464E-06
15.56124 352.7243 237.4495 3.012464E-06
15.66124 352.7243 237.4495 3.012464E-06
15.76124 352.7243 237.4495 3.012464E-06
15.86124 352.7243 237.4495 3.012464E-06
15.96124 352.7243 237.4495 3.012464E-06
16.06124 352.7243 237.4495 3.012464E-06
16.16124 352.7243 237.4495 3.012464E-06
16.26124 352.7243 237.4495 3.012464E-06
16.36124 352.7243 237.4495 3.012464E-06
16.46124 352.7243 237.4495 3.012464E-06
16.56124 352.7243 237.4495 3.012464E-06
16.66124 352.7243 237.4495 3.012464E-06
16.76124 352.7243 237.4495 3.012464E-06
16.86124 352.7243 237.4495 3.012464E-06
16.96124 352.7243 237.4495 3.012464E-06
17.06124 352.7243 237.4495 3.012464E-06
17.16124 352.7243 237.4495 3.012464E-06
17.26124 352.7243 237.4495 3.012464E-06
17.36124 352.7243 237.4495 3.012464E-06
17.46124 352.7243 237.4495 3.012464E-06
17.56124 352.7243 237.4495 3.012464E-06
17.66124 352.7243 237.4495 3.012464E-06
17.76124 352.7243 237.4495 3.012464E-06
17.86124 352.7243 237.4495 3.012464E-06
17.96124 352.7243 237.4495 3.012464E-06
18.06124 352.7243 237.4495 3.012464E-06
18.16124 352.7243 237.4495 3.012464E-06
18.26124 352.7243 237.4495 3.012464E-06
18.36124 352.7243 237.4495 3.012464E-06
18.46124 352.7243 237.4495 3.012464E-06
18.56124 352.7243 237.4495 3.012464E-06
18.66124 352.7243 237.4495 3.012464E-06
18.76124 352.7243 237.4495 3.012464E-06
18.86124 352.7243 237.4495 3.012464E-06
18.96124 352.7243 237.4495 3.012464E-06
19.06124 352.8743 236.4745 2.796362E-06
19.16124 353.0243 227.0245 2.150351E-06
19.26124 353.5493 218.3996 1.718427E-06
19.36124 354.2244 212.3246 2.252591E-06
19.46124 354.2244 212.2496 9.653961E-07
19.56124 357.2994 233.1746 7.478824E-07
19.66124 359.0244 252.9745 6.404231E-07
19.76124 359.0244 265.1996 6.404231E-07
19.86124 359.0244 266.4745 6.40423E-07
19.96124 355.8744 245.0245 6.419939E-07
20.06124 354.5244 224.6246 1.286531E-06
20.16124 354.5244 220.7245 1.393742E-06
20.26124 354.5244 219.2995 1.286531E-06
20.36124 354.5244 218.4745 9.648983E-07
20.46124 354.5244 218.4745 9.648983E-07
20.56124 354.5244 218.4745 9.648983E-07
20.66124 354.5244 218.4745 9.648983E-07
20.76124 354.5244 218.4745 9.648983E-07
20.86124 354.5244 218.4745 9.648983E-07
20.96124 354.5244 218.4745 9.648983E-07
21.06124 354.5244 218.4745 9.648983E-07
21.16124 354.5244 218.4745 9.648983E-07
21.26124 354.5244 218.4745 9.648983E-07
21.36124 354.5244 218.4745 9.648983E-07
21.46124 354.5244 218.4745 9.648983E-07
21.56124 354.5244 218.4745 9.648983E-07
21.66124 354.5244 218.4745 9.648983E-07
21.76124 354.5244 218.4745 9.648983E-07
21.86124 354.5244 218.4745 9.648983E-07
21.96124 354.5244 218.4745 9.648983E-07
22.06124 354.5244 218.4745 9.648983E-07
22.16124 354.5244 218.4745 9.648983E-07
22.26124 354.5244 218.4745 9.648983E-07
22.36124 354.5244 218.4745 9.648983E-07
22.46124 354.5244 218.4745 9.648983E-07
22.56124 354.5244 218.4745 9.648983E-07
22.66124 354.5244 218.4745 9.648983E-07
22.76124 354.5244 218.4745 9.648983E-07
22.86124 354.5244 218.4745 9.648983E-07
22.96124 354.5244 218.4745 9.648983E-07
23.06124 354.5244 218.4745 9.648983E-07
23.16124 354.5244 218.4745 9.648983E-07
23.26124 354.5244 218.4745 9.648983E-07
23.36124 354.5244 218.4745 9.648983E-07
23.46124 354.5244 218.4745 9.648983E-07
23.56124 354.5244 218.4745 9.648983E-07
23.66124 354.5244 218.4745 9.648983E-07
23.76124 354.5244 218.4745 9.648983E-07
23.86124 354.5244 218.4745 9.648983E-07
23.96124 354.5244 218.4745 9.648983E-07
24.06124 354.5244 218.4745 9.648983E-07
24.16124 354.5244 218.4745 9.648983E-07
24.26124 354.5244 218.4745 9.648983E-07
24.36124 354.5244 218.4745 9.648983E-07
24.46124 354.5244 218.4745 9.648983E-07
24.56124 354.5244 218.4745 9.648983E-07
24.66124 354.5244 218.4745 9.648983E-07
24.76124 354.5244 218.4745 9.648983E-07
24.86124 354.5244 218.4745 9.648983E-07
24.96124 354.5244 218.4745 9.648983E-07
25.06124 354.5244 218.4745 9.648983E-07
25.16124 354.5244 218.4745 9.648983E-07
25.26124 354.5244 218.4745 9.648983E-07
25.36124 354.5244 218.4745 9.648983E-07
25.46124 354.5244 218.4745 9.648983E-07
25.56124 354.5244 218.4745 9.648983E-07
25.66124 354.5244 218.4745 9.648983E-07
25.76124 354.5244 218.4745 9.648983E-07
25.86124 354.5244 218.4745 9.648983E-07
25.96124 354.5244 218.4745 9.648983E-07
26.06124 354.5244 218.4745 9.648983E-07
26.16124 354.5244 218.4745 9.648983E-07
26.26124 354.5244 218.4745 9.648983E-07
26.36124 354.5244 218.4745 9.648983E-07
26.46124 354.5244 218.4745 9.648983E-07
26.56124 354.5244 218.4745 9.648983E-07
26.66124 354.5244 218.4745 9.648983E-07
26.76124 354.5244 218.4745 9.648983E-07
26.86124 354.5244 218.4745 9.648983E-07
26.96124 354.5244 218.4745 9.648983E-07
27.06124 354.5244 218.4745 9.648983E-07
27.16124 354.5244 218.4745 9.648983E-07
27.26124 354.5244 218.4745 9.648983E-07
27.36124 354.5244 218.4745 9.648983E-07
27.46124 354.5244 218.4745 9.648983E-07
27.56124 354.5244 218.4745 9.648983E-07
27.66124 354.5244 218.4745 9.648983E-07
27.76124 354.5244 218.4745 9.648983E-07
27.86124 354.5244 218.4745 9.648983E-07
27.96124 354.5244 218.4745 9.648983E-07
28.06124 354.5244 218.4745 9.648983E-07
28.16124 354.5244 218.4745 9.648983E-07
28.26124 354.5244 218.4745 9.648983E-07
28.36124 354.5244 218.4745 9.648983E-07
28.46124 354.5244 218.4745 9.648983E-07
28.56124 354.5244 218.4745 9.648983E-07
28.66124 354.5244 218.4745 9.648983E-07
28.76124 354.5244 218.4745 9.648983E-07
28.86124 354.5244 218.4745 9.648983E-07
28.96124 354.5244 218.4745 9.648983E-07
29.06124 354.5244 218.4745 9.648983E-07
29.16124 354.5244 218.4745 9.648983E-07
29.26124 354.5244 218.4745 9.648983E-07
29.36124 354.5244 218.4745 9.648983E-07
29.46124 354.5244 218.4745 9.648983E-07
29.56124 354.5244 218.4745 9.648983E-07
29.66124 354.5244 218.4745 9.648983E-07
29.76124 354.5244 218.4745 9.648983E-07
29.86124 354.5244 218.4745 9.648983E-07
29.96124 354.5244 218.4745 9.648983E-07
30.06124 354.5244 218.4745 9.648983E-07
30.16124 354.5244 218.4745 9.648983E-07
30.26124 354.5244 218.4745 9.648983E-07
30.36124 354.5244 218.4745 9.648983E-07
30.46124 354.5244 218.4745 9.648983E-07
30.56124 354.5244 218.4745 9.648983E-07
30.66124 354.5244 218.4745 9.648983E-07
30.76124 354.5244 218.4745 9.648983E-07
30.86124 354.5244 218.4745 9.648983E-07
30.96124 354.5244 218.4745 9.648983E-07
31.06124 354.5244 218.4745 9.648983E-07
31.16124 354.5244 218.4745 9.648983E-07
31.26124 354.5244 218.4745 9.648983E-07
31.36124 354.5244 218.4745 9.648983E-07
31.46124 354.5244 218.4745 9.648983E-07
31.56124 354.5244 218.4745 9.648983E-07
31.66124 354.5244 218.4745 9.648983E-07
31.76124 354.5244 218.4745 9.648983E-07
31.86124 354.5244 218.4745 9.648983E-07
31.96124 354.5244 218.4745 9.648983E-07
32.06124 354.5244 218.4745 9.648983E-07
32.16124 354.5244 218.4745 9.648983E-07
32.26124 354.5244 218.4745 9.648983E-07
32.36124 354.5244 218.4745 9.648983E-07
32.46124 354.5244 218.4745 9.648983E-07
32.56124 354.5244 218.4745 9.648983E-07
32.66124 354.5244 218.4745 9.648983E-07
32.76124 354.5244 218.4745 9.648983E-07
32.86124 354.5244 218.4745 9.648983E-07
32.96124 354.5244 218.4745 9.648983E-07
33.06124 354.5244 218.4745 9.648983E-07
33.16124 354.5244 218.4745 9.648983E-07
33.26124 354.5244 218.4745 9.648983E-07
33.36124 354.5244 218.4745 9.648983E-07
33.46124 354.5244 218.4745 9.648983E-07
33.56124 354.5244 218.4745 9.648983E-07
33.66124 354.5244 218.4745 9.648983E-07
33.76124 354.5244 218.4745 9.648983E-07
33.86124 354.5244 218.4745 9.648983E-07
33.96124 354.5244 218.4745 9.648983E-07
34.06124 354.5244 218.4745 9.648983E-07
34.16124 354.5244 218.4745 9.648983E-07
34.26124 354.5244 218.4745 9.648983E-07
34.36124 354.5244 218.4745 9.648983E-07
34.46124 354.5244 218.4745 9.648983E-07
34.56124 354.5244 218.4745 9.648983E-07
34.66124 354.5244 218.4745 9.648983E-07
34.76124 354.5244 218.4745 9.648983E-07
34.86124 354.5244 218.4745 9.648983E-07
34.96124 354.5244 218.4745 9.648983E-07
35.06124 354.5244 218.4745 9.648983E-07
35.16124 354.5244 218.4745 9.648983E-07
35.26124 354.5244 218.4745 9.648983E-07
35.36124 354.5244 218.4745 9.648983E-07
35.46124 354.5244 218.4745 9.648983E-07
35.56124 354.5244 218.4745 9.648983E-07
35.66124 354.5244 218.4745 9.648983E-07
35.76124 354.5244 218.4745 9.648983E-07
35.86124 354.5244 218.4745 9.648983E-07
35.96124 354.5244 218.4745 9.648983E-07
36.06124 354.5244 218.4745 9.648983E-07
36.16124 354.5244 218.4745 9.648983E-07
36.26124 354.5244 218.4745 9.648983E-07
36.36124 354.5244 218.4745 9.648983E-07
36.46124 354.5244 218.4745 9.648983E-07
36.56124 354.5244 218.4745 9.648983E-07
36.66124 354.5244 218.4745 9.648983E-07
36.76124 354.5244 218.4745 9.648983E-07
36.86124 354.5244 218.4745 9.648983E-07
36.96124 354.5244 218.4745 9.648983E-07
37.06124 354.5244 218.4745 9.648983E-07
37.16124 354.5244 218.4745 9.648983E-07
37.26124 354.5244 218.4745 9.648983E-07
37.36124 354.5244 218.4745 9.648983E-07
37.46124 354.5244 218.4745 9.648983E-07
37.56124 354.5244 218.4745 9.648983E-07
37.66124 354.5244 218.4745 9.648983E-07
37.76124 354.5244 218.4745 9.648983E-07
37.86124 354.5244 218.4745 9.648983E-07
37.96124 354.5244 218.4745 9.648983E-07
38.06124 354.5244 218.4745 9.648983E-07
38.16124 354.5244 218.4745 9.648983E-07
38.26124 354.5244 218.4745 9.648983E-07
38.36124 354.5244 218.4745 9.648983E-07
38.46124 354.5244 218.4745 9.648983E-07
38.56124 354.5244 218.4745 9.648983E-07
38.66124 354.5244 218.4745 9.648983E-07
38.76124 354.5244 218.4745 9.648983E-07
38.86124 354.5244 218.4745 9.648983E-07
38.96124 354.5244 218.4745 9.648983E-07
39.06124 353.1744 210.8995 9.673513E-07
39.16124 349.9495 190.7995 1.517389E-06
39.26124 348.9745 184.4244 1.087286E-06
39.36124 348.9745 184.4244 1.087286E-06
39.46124 348.9745 188.0995 1.794022E-06
39.56124 349.9495 208.6495 5.202477E-06
39.66124 349.9495 224.9994 6.719868E-06
39.76124 350.0245 234.2994 8.668793E-06
39.86124 350.2495 241.6493 1.126174E-05
39.96124 350.2495 243.7494 9.962306E-06
40.06124 350.2495 244.7244 9.962306E-06
40.16124 350.2495 244.7244 9.962306E-06
40.26124 350.2495 244.7244 9.962306E-06
40.36124 350.2495 244.7244 9.962306E-06
40.46124 350.2495 244.7244 9.962306E-06
40.56124 350.2495 244.7244 9.962306E-06
40.66124 350.2495 244.7244 9.962306E-06
40.76124 350.2495 244.7244 9.962306E-06
40.86124 350.2495 244.7244 9.962306E-06
40.96124 350.2495 244.7244 9.962306E-06
41.06124 350.2495 244.7244 9.962306E-06
41.16124 350.2495 244.7244 9.962306E-06
41.26124 350.2495 244.7244 9.962306E-06
41.36124 350.2495 244.7244 9.962306E-06
41.46124 350.2495 244.7244 9.962306E-06
41.56124 350.2495 244.7244 9.962306E-06
41.66124 350.2495 244.7244 9.962306E-06
41.76124 350.2495 244.7244 9.962306E-06
41.86124 350.2495 244.7244 9.962306E-06
41.96124 350.2495 244.7244 9.962306E-06
42.06124 350.2495 244.7244 9.962306E-06
42.16124 350.2495 244.7244 9.962306E-06
42.26124 350.2495 244.7244 9.962306E-06
42.36124 350.2495 244.7244 9.962306E-06
42.46124 350.0245 241.0493 1.040255E-05
42.56124 348.6744 225.7493 1.175485E-05
42.66124 347.3993 211.4993 1.465365E-05
42.76124 345.8993 198.2242 1.914648E-05
42.86124 345.8242 197.6241 1.871251E-05
42.96124 345.8242 197.6241 1.871251E-05
43.06124 345.8242 197.6241 1.871251E-05
43.16124 345.8242 197.6241 1.871251E-05
43.26124 345.8242 197.6241 1.871251E-05
43.36124 345.8242 197.6241 1.871251E-05
43.46124 345.8242 197.6241 1.871251E-05
43.56124 345.8242 197.6241 1.871251E-05
43.66124 345.8242 197.6241 1.871251E-05
43.76124 345.8242 197.6241 1.871251E-05
43.86124 345.8242 197.6241 1.871251E-05
43.96124 345.8242 197.6241 1.871251E-05
44.06124 345.8242 197.6241 1.871251E-05
44.16124 345.8242 197.6241 1.871251E-05
44.26124 345.8242 197.6241 1.871251E-05
44.36124 345.8242 197.9242 1.783192E-05
44.46124 345.2991 202.6492 2.162539E-05
44.56124 344.249 210.6742 2.883021E-05
44.66124 343.0489 218.7741 2.900793E-05
44.76124 341.0238 227.6991 3.385648E-05
44.86124 338.6238 236.6991 3.484015E-05
44.96124 337.4237 243.7491 3.606053E-05
45.06124 337.1237 250.7241 3.61397E-05
45.16124 337.2737 257.549 3.702559E-05
45.26124 337.7238 261.674 3.782793E-05
45.36124 337.7238 261.674 3.782793E-05
45.46124 337.7238 261.674 3.782793E-05
45.56124 337.7238 261.674 3.782793E-05
45.66124 337.7238 261.674 3.782793E-05
45.76124 337.7238 261.674 3.782793E-05
45.86124 337.7238 261.674 3.782793E-05
45.96124 337.7238 261.674 3.782793E-05
46.06124 337.7238 261.674 3.782793E-05
46.16124 337.7238 261.674 3.782793E-05
46.26124 337.7238 261.674 3.782793E-05
46.36124 337.7238 261.674 3.782793E-05
46.46124 337.7238 261.674 3.782793E-05
46.56124 337.7238 261.674 3.782793E-05
46.66124 337.7238 261.674 3.782793E-05
46.76124 337.7238 261.674 3.782793E-05
46.86124 337.7238 261.674 3.782793E-05
46.96124 337.7238 261.674 3.782793E-05
47.06124 337.7238 261.674 3.782793E-05
47.16124 337.7238 261.674 3.782793E-05
47.26124 337.7238 261.674 3.782793E-05
47.36124 337.7238 261.674 3.782793E-05
47.46124 337.7238 261.674 3.782793E-05
47.56124 337.7238 261.674 3.782793E-05
47.66124 337.7238 261.674 3.782793E-05
47.76124 337.7238 261.674 3.782793E-05
47.86124 337.7238 261.674 3.782793E-05
47.96124 337.7238 261.674 3.782793E-05
48.06124 337.7238 261.674 3.782793E-05
48.16124 337.7238 261.674 3.782793E-05
48.26124 337.7238 261.674 3.782793E-05
48.36124 337.7238 261.674 3.782793E-05
48.46124 337.7238 261.674 3.782793E-05
48.56124 337.7238 261.674 3.782793E-05
48.66124 337.7238 261.674 3.782793E-05
48.76124 337.7238 261.674 3.782793E-05
48.86124 337.7238 261.674 3.782793E-05
48.96124 337.7238 261.674 3.782793E-05
49.06124 337.7238 261.674 3.782793E-05
49.16124 337.7238 261.674 3.782793E-05
49.26124 337.7238 261.674 3.782793E-05
49.36124 337.7238 261.674 3.782793E-05
49.46124 337.7238 261.674 3.782793E-05
49.56124 337.7238 261.674 3.782793E-05
49.66124 337.7238 261.674 3.782793E-05
49.76124 337.7238 261.674 3.782793E-05
49.86124 337.7238 261.674 3.782793E-05
49.96124 337.7238 261.674 3.782793E-05
50.06124 337.7238 261.674 3.782793E-05
50.16124 337.7238 261.674 3.782793E-05
50.26124 337.7238 261.674 3.782793E-05
50.36124 337.7238 261.674 3.782793E-05
50.46124 337.7238 261.674 3.782793E-05
50.56124 337.7238 261.674 3.782793E-05
50.66124 337.7987 261.674 3.872983E-05
50.76124 342.3737 263.399 3.762492E-05
50.86124 346.8736 264.9741 3.769723E-05
50.96124 350.6236 265.8741 3.850741E-05
51.06124 353.9235 266.0992 3.842225E-05
51.16124 355.9485 266.0992 3.873004E-05
51.26124 356.3236 266.0992 3.849904E-05
51.36124 356.3236 266.0992 3.849904E-05
51.46124 356.3236 266.0992 3.849904E-05
51.56124 356.3236 266.0992 3.849904E-05
51.66124 356.3236 266.0992 3.849904E-05
51.76124 356.3236 266.0992 3.849904E-05
51.86124 356.3236 266.0992 3.849904E-05
51.96124 356.3236 266.0992 3.849904E-05
52.06124 356.3236 266.0992 3.849904E-05
52.16124 356.3236 266.0992 3.849904E-05
52.26124 356.3236 266.0992 3.849904E-05
52.36124 356.3236 266.0992 3.849904E-05
52.46124 356.3236 266.0992 3.849904E-05
52.56124 356.3236 266.0992 3.849904E-05
52.66124 356.3236 266.0992 3.849904E-05
52.76124 356.3236 266.0992 3.849904E-05
52.86124 356.3236 266.0992 3.849904E-05
52.96124 356.3236 266.0992 3.849904E-05
53.06124 356.3236 266.0992 3.849904E-05
53.16124 356.3236 266.0992 3.849904E-05
53.26124 356.3236 266.0992 3.849904E-05
53.36124 356.3236 266.0992 3.849904E-05
53.46124 356.3236 266.0992 3.849904E-05
53.56124 356.3236 266.0992 3.849904E-05
53.66124 356.3236 266.0992 3.849904E-05
53.76124 356.3236 266.0992 3.849904E-05
53.86124 356.3236 266.0992 3.849904E-05
53.96124 356.3236 266.0992 3.849904E-05
54.06124 356.3236 266.0992 3.849904E-05
54.16124 356.3236 266.0992 3.849904E-05
54.26124 356.3236 266.0992 3.849904E-05
54.36124 356.3236 266.0992 3.849904E-05
54.46124 356.3236 266.0992 3.849904E-05
54.56124 356.3236 266.0992 3.849904E-05
54.66124 356.3236 266.0992 3.849904E-05
54.76124 356.3236 266.0992 3.849904E-05
54.86124 356.3236 266.0992 3.849904E-05
54.96124 356.3236 266.0992 3.849904E-05
55.06124 356.3236 266.0992 3.849904E-05
55.16124 356.3236 266.0992 3.849904E-05
55.26124 356.3236 266.0992 3.849904E-05
55.36124 356.3236 266.0992 3.849904E-05
55.46124 356.3236 266.0992 3.849904E-05
55.56124 356.3236 266.0992 3.849904E-05
55.66124 356.3236 266.0992 3.849904E-05
55.76124 356.3236 266.0992 3.849904E-05
55.86124 356.3236 266.0992 3.849904E-05
55.96124 356.3236 266.0992 3.849904E-05
56.06124 356.3236 266.0992 3.849904E-05
56.16124 356.3236 266.0992 3.849904E-05
56.26124 356.3236 266.0992 3.849904E-05
56.36124 356.3236 266.0992 3.849904E-05
56.46124 356.3236 266.0992 3.849904E-05
56.56124 356.3236 266.0992 3.849904E-05
56.66124 356.3236 266.0992 3.849904E-05
56.76124 356.3236 266.0992 3.849904E-05
56.86124 356.3236 266.0992 3.849904E-05
56.96124 356.3236 266.0992 3.849904E-05
57.06124 356.3236 266.0992 3.849904E-05
57.16124 356.3236 266.0992 3.849904E-05
57.26124 356.3236 266.0992 3.849904E-05
57.36124 356.3236 266.0992 3.849904E-05
57.46124 356.3236 266.0992 3.849904E-05
57.56124 356.3236 266.0992 3.849904E-05
57.66124 356.3236 266.0992 3.849904E-05
57.76124 356.3236 266.0992 3.849904E-05
57.86124 356.3236 266.0992 3.849904E-05
57.96124 356.3236 266.0992 3.849904E-05
58.06124 356.3236 266.0992 3.849904E-05
