-0.03333334 358.0833 256.9392 358.3658
0.03333334 358.1043 256.954 358.3651
0.03333334 358.1297 256.929 358.3776
0.06666667 358.151 256.9069 358.3923
0.1 358.1846 256.8847 358.3835
0.1 358.2333 256.8985 358.3941
0.1333333 358.2359 256.9156 358.3837
0.1333333 358.3673 256.8569 358.3889
0.1333333 358.3982 256.8513 358.3851
0.1333333 358.4135 256.8514 358.3953
0.1333333 358.3881 256.8445 358.3994
0.5333334 358.353 256.8593 358.3687
0.5666667 358.3874 256.8475 358.4051
0.5666667 358.4372 256.8504 358.3905
0.6 358.4424 256.872 358.3686
0.6 358.443 256.8592 358.3642
0.6 358.4423 256.8756 358.3461
0.6333333 358.4303 256.8847 358.3436
0.6333333 358.4153 256.8989 358.3645
0.6666667 358.3916 256.8945 358.3774
0.6666667 358.3782 256.894 358.3887
0.6666667 358.3688 256.9013 358.3828
0.7 358.3813 256.8954 358.3763
0.7 358.3787 256.8922 358.3761
0.7333333 358.3762 256.8794 358.3621
0.7333333 358.3788 256.874 358.3594
0.7333333 358.3763 256.8818 358.3511
0.7666667 358.3685 256.8867 358.3558
0.7666667 358.3598 256.897 358.3588
0.8 358.3607 256.9029 358.3722
0.8 358.3623 256.9151 358.3605
0.8333333 358.3795 256.9231 358.3608
0.8333333 358.3937 256.9225 358.3704
0.8333333 358.3969 256.9182 358.3859
0.8666667 358.3962 256.9172 358.38
0.8666667 358.3914 256.9259 358.3627
0.9 358.3831 256.9286 358.3788
0.9 358.3678 256.8987 358.4028
0.9 358.3718 256.8681 358.4229
0.9333333 358.4074 256.8549 358.4142
0.9333333 358.4184 256.8559 358.3701
0.9666666 358.4293 256.8783 358.321
0.9666666 358.4321 256.9002 358.3019
1 358.4437 256.9207 358.3274
1 358.4549 256.9475 358.3493
1 358.4596 256.9809 358.3525
1.033333 358.4625 257.0233 358.3472
1.033333 358.4415 257.0465 358.3362
1.066667 358.4169 257.0827 358.3271
1.066667 358.3971 257.1012 358.3169
1.1 358.3992 257.1502 358.2962
1.1 358.4088 257.1811 358.3032
1.1 358.4128 257.2273 358.2973
1.133333 358.4174 257.2701 358.2825
1.133333 358.4173 257.3099 358.2803
1.166667 358.417 257.3514 358.2837
1.166667 358.4158 257.3821 358.2888
1.166667 358.4108 257.4087 358.2819
1.2 358.3996 257.4355 358.2823
1.2 358.3831 257.4755 358.307
1.233333 358.3593 257.5158 358.3181
1.233333 358.3384 257.5581 358.2946
1.266667 358.3058 257.6179 358.2777
1.266667 358.2775 257.6809 358.2727
1.266667 358.2419 257.7444 358.2819
1.3 358.1895 257.826 358.297
1.3 358.1274 257.9359 358.2875
1.333333 358.0455 258.0551 358.2882
1.333333 357.9837 258.1672 358.2866
1.366667 357.9442 258.2715 358.2807
1.366667 357.8967 258.3922 358.273
1.366667 357.8409 258.5182 358.2543
1.4 357.7833 258.6198 358.2487
1.4 357.6904 258.7684 358.2495
1.433333 357.6114 258.9071 358.2522
1.433333 357.5331 259.0732 358.2649
1.433333 357.4532 259.1989 358.2885
1.466667 357.3508 259.3696 358.302
1.466667 357.2476 259.5635 358.3105
1.5 357.1548 259.7239 358.3376
1.5 357.058 259.8867 358.3578
1.533333 356.9569 260.0625 358.3921
1.533333 356.8645 260.226 358.4205
1.533333 356.7836 260.3654 358.4411
1.566667 356.6821 260.4884 358.4736
1.566667 356.5815 260.6121 358.5178
1.6 356.5222 260.6911 358.5417
1.6 356.4618 260.7681 358.5528
1.6 356.3798 260.8298 358.5777
1.633333 356.2921 260.8651 358.5944
1.633333 356.179 260.8684 358.6158
1.666667 356.0929 260.8634 358.646
1.666667 356.0441 260.849 358.6387
1.7 355.9747 260.8337 358.6075
1.7 355.914 260.8165 358.5782
1.7 355.8418 260.7982 358.5555
1.733333 355.773 260.7643 358.5654
1.733333 355.6859 260.7446 358.5797
1.766667 355.5945 260.7333 358.5921
1.766667 355.5306 260.7318 358.587
1.766667 355.4672 260.7304 358.5944
1.8 355.4061 260.7383 358.602
1.8 355.3723 260.7515 358.614
1.833333 355.3354 260.7585 358.6332
1.833333 355.3001 260.7585 358.6548
1.866667 355.2599 260.7623 358.6727
1.866667 355.2185 260.7802 358.6711
1.866667 355.1736 260.8082 358.674
1.9 355.1465 260.8171 358.6819
1.9 355.1082 260.8323 358.6865
1.933333 355.0735 260.8427 358.7083
1.933333 355.0629 260.8475 358.7162
1.933333 355.0528 260.8479 358.7187
1.966667 355.0433 260.8648 358.6909
1.966667 355.0384 260.8697 358.6841
2 355.0458 260.8604 358.6951
2 355.0626 260.8352 358.6957
2.033333 355.0795 260.821 358.6981
2.033333 355.0837 260.8008 358.6882
2.033333 355.0936 260.7803 358.6718
2.066667 355.0975 260.7578 358.6562
2.066667 355.1115 260.7405 358.6291
2.1 355.1228 260.7173 358.6376
2.1 355.1088 260.6833 358.6355
2.133333 355.1008 260.6687 358.6483
2.133333 355.0961 260.6723 358.6445
2.133333 355.0942 260.6663 358.6469
2.166667 355.0969 260.6648 358.6494
2.166667 355.0959 260.6626 358.6659
2.2 355.0775 260.6445 358.687
2.2 355.0653 260.6454 358.7043
2.2 355.0493 260.6502 358.7153
2.233333 355.0312 260.6447 358.7094
2.233333 355.0279 260.6445 358.7101
2.266667 355.0244 260.6473 358.7109
2.266667 355.0136 260.6393 358.7071
2.3 355.0019 260.6404 358.7044
2.3 354.9834 260.6339 358.6964
2.3 354.9576 260.6263 358.7086
2.333333 354.9496 260.6093 358.7291
2.333333 354.9454 260.594 358.749
2.366667 354.9843 260.5782 358.7596
2.366667 355.0143 260.5655 358.7504
2.366667 355.0164 260.5631 358.7247
2.4 355.0074 260.5486 358.7022
2.4 355.0004 260.5297 358.7025
2.433333 355.0049 260.5151 358.7083
2.433333 355.0107 260.507 358.7111
2.466667 355.0085 260.5024 358.7151
2.466667 355.0187 260.4966 358.7019
2.466667 355.0168 260.4791 358.7077
2.5 355.0178 260.4684 358.7281
2.5 355.0273 260.4712 358.7433
2.533333 355.0432 260.4619 358.75
2.533333 355.0665 260.4521 358.7611
2.533333 355.0752 260.4487 358.7495
2.566667 355.0726 260.4496 358.7383
2.566667 355.0715 260.4439 358.738
2.6 355.06 260.4345 358.7396
2.6 355.0276 260.433 358.748
2.633333 355.0166 260.4131 358.786
2.633333 355.0198 260.3928 358.808
2.633333 355.0195 260.3755 358.8053
2.666667 355.0422 260.3549 358.7883
2.666667 355.078 260.3372 358.7758
2.7 355.1119 260.2961 358.7881
2.7 355.1221 260.28 358.7902
2.733333 355.1182 260.2613 358.7889
2.733333 355.122 260.2458 358.795
2.733333 355.1441 260.2372 358.797
2.766667 355.1661 260.2182 358.7954
2.766667 355.1713 260.2057 358.7968
2.8 355.1626 260.1885 358.7901
2.8 355.1393 260.1694 358.8025
2.833333 355.1009 260.1438 358.8085
2.833333 355.0327 260.1256 358.8365
2.833333 354.9456 260.0872 358.8593
2.866667 354.8845 260.0473 358.8821
2.866667 354.824 260.0037 358.896
2.9 354.7723 259.9484 358.9073
2.9 354.7061 259.8972 358.9175
2.9 354.6451 259.8359 358.9324
2.933333 354.5845 259.7804 358.9415
2.933333 354.5482 259.7086 358.9574
2.966667 354.5262 259.6184 358.9879
2.966667 354.504 259.5333 359.0165
3 354.4637 259.4172 359.0667
3 354.3937 259.3005 359.1255
3 354.3062 259.1749 359.1671
3.033333 354.1881 259.0447 359.2079
3.033333 354.0623 258.9319 359.257
3.066667 353.9359 258.7636 359.3648
3.066667 353.8513 258.5968 359.4515
3.066667 353.7749 258.4254 359.5275
3.1 353.6958 258.2963 359.5822
3.1 353.6314 258.1489 359.5962
3.133333 353.5949 257.9967 359.6125
3.133333 353.6039 257.8929 359.6457
3.133333 353.6694 257.757 359.7191
3.166667 353.7678 257.6283 359.8035
3.166667 353.9411 257.5036 359.8915
3.2 354.1914 257.395 0.004803877
3.2 354.4655 257.3069 0.09124215
3.233333 354.7967 257.2421 0.177096
3.233333 355.0593 257.2102 0.2552961
3.233333 355.2172 257.1923 0.3281196
3.266667 355.2493 257.2048 0.3842166
3.266667 355.1884 257.2207 0.4199205
3.3 355.1314 257.2415 0.4581358
3.3 355.1606 257.2889 0.4636843
3.3 355.2821 257.3545 0.4538097
3.333333 355.4316 257.4206 0.4560804
3.333333 355.5928 257.4933 0.4481861
3.366667 355.7849 257.592 0.4381
3.366667 355.893 257.7177 0.3875645
3.4 355.8953 257.8063 0.3474242
3.4 355.8456 257.8976 0.3152712
3.4 355.8084 257.9909 0.2612461
3.433333 355.831 258.0955 0.2038471
3.433333 355.8705 258.2092 0.1568067
3.466667 355.8982 258.3474 0.1014314
3.466667 355.8645 258.4728 0.05914294
3.466667 355.7606 258.575 0.02839416
3.5 355.6233 258.6983 359.9894
3.5 355.5303 258.8208 359.9461
3.533333 355.4944 258.964 359.8892
3.533333 355.4823 259.1086 359.8287
3.566667 355.5006 259.2605 359.7679
3.566667 355.521 259.4289 359.7237
3.566667 355.5428 259.5567 359.6993
3.6 355.5667 259.7022 359.6676
3.6 355.5747 259.8423 359.642
3.633333 355.5839 259.9922 359.6122
3.633333 355.5862 260.1078 359.5883
3.666667 355.5935 260.2276 359.567
3.666667 355.6325 260.3627 359.537
3.666667 355.6775 260.4852 359.5064
3.7 355.7184 260.5926 359.4916
3.7 355.7508 260.7022 359.4505
3.733333 355.7744 260.7919 359.4289
3.733333 355.7876 260.8731 359.3922
3.733333 355.8357 260.9496 359.348
3.766667 355.8911 261.0345 359.3063
3.766667 355.9468 261.0997 359.2809
3.8 355.9814 261.1302 359.2614
3.8 356.0467 261.1776 359.2496
3.8 356.1057 261.2164 359.2334
3.833333 356.1263 261.2522 359.2043
3.833333 356.1329 261.2979 359.157
3.866667 356.1458 261.3434 359.1378
3.866667 356.1546 261.3729 359.143
3.9 356.1711 261.401 359.1667
3.9 356.1912 261.4107 359.1868
3.9 356.2059 261.4174 359.2015
3.933333 356.2089 261.4061 359.2336
3.933333 356.2082 261.3739 359.2555
3.966667 356.1951 261.3443 359.2747
3.966667 356.2118 261.3139 359.2737
4 356.2548 261.2646 359.2765
4 356.3037 261.2291 359.2774
4 356.3525 261.1976 359.2921
4.033333 356.3922 261.1621 359.31
4.033333 356.4129 261.1254 359.3414
4.066667 356.4239 261.0947 359.3584
4.066667 356.4511 261.0485 359.3895
4.066667 356.4898 260.9957 359.443
4.1 356.5373 260.9553 359.4818
4.1 356.5603 260.9217 359.5091
4.133333 356.5643 260.8817 359.4908
4.133333 356.5535 260.84 359.4841
4.166667 356.5556 260.8126 359.4868
4.166667 356.5448 260.7658 359.5074
4.166667 356.5547 260.7408 359.5114
4.2 356.5655 260.7139 359.5227
4.2 356.5682 260.6852 359.4995
4.233333 356.5428 260.653 359.4864
4.233333 356.4969 260.6096 359.4651
4.266667 356.46 260.57 359.4577
4.266667 356.416 260.5118 359.4587
4.266667 356.3871 260.4646 359.4731
4.3 356.3622 260.4165 359.4906
4.3 356.3292 260.331 359.5144
4.333333 356.3045 260.241 359.5333
4.333333 356.3028 260.1434 359.5413
4.333333 356.3111 260.0365 359.5406
4.366667 356.297 259.9301 359.524
4.366667 356.2562 259.8365 359.5239
4.4 356.1669 259.724 359.5401
4.4 356.0915 259.598 359.5651
4.4 356.0594 259.5033 359.578
4.433333 356.0723 259.3954 359.5813
4.433333 356.0718 259.2793 359.5788
4.466667 356.0484 259.1943 359.5713
4.466667 356.0049 259.0815 359.5714
4.5 355.9626 258.9746 359.5645
4.5 355.9306 258.8984 359.5639
4.5 355.8911 258.8035 359.5854
4.533333 355.8437 258.678 359.6019
4.533333 355.8386 258.5882 359.6091
4.566667 355.8423 258.5236 359.5813
4.566667 355.8242 258.4769 359.5207
4.6 355.7888 258.4515 359.4842
4.6 355.7427 258.4266 359.4798
4.6 355.7293 258.4104 359.5
4.633333 355.7521 258.4152 359.5283
4.633333 355.7782 258.4368 359.5503
4.666667 355.8173 258.466 359.5605
4.666667 355.8491 258.5067 359.5671
4.666667 355.8777 258.5557 359.5647
4.7 355.9076 258.6082 359.5656
4.7 355.9352 258.6561 359.5634
4.733333 355.9747 258.7003 359.5605
4.733333 356.0174 258.7573 359.5395
4.766667 356.0647 258.8129 359.5222
4.766667 356.1119 258.8599 359.512
4.766667 356.1586 258.9319 359.4926
4.8 356.1822 259.0278 359.46
4.8 356.1814 259.1127 359.4281
4.833333 356.1812 259.2391 359.4136
4.833333 356.1829 259.3661 359.3929
4.833333 356.2047 259.5301 359.3372
4.866667 356.2165 259.7637 359.2722
4.866667 356.2028 260.0808 359.2374
4.9 356.1975 260.3986 359.2293
4.9 356.2072 260.8096 359.2353
4.933333 356.2358 261.2964 359.2281
4.933333 356.2674 261.8023 359.2167
4.933333 356.2789 262.268 359.2227
4.966667 356.2654 262.9605 359.254
4.966667 356.2339 263.5579 359.2785
5 356.2113 264.2032 359.3035
5 356.1973 264.8792 359.304
5 356.1502 265.6196 359.3007
5.033333 356.118 266.2854 359.3018
5.066667 356.0814 267.0105 359.2907
5.066667 356.0561 267.7571 359.2722
5.066667 356.0142 268.4322 359.2514
5.1 355.9574 269.1379 359.2265
5.1 355.9016 269.7066 359.1934
5.1 355.8486 270.3973 359.1415
5.133333 355.8291 271.0953 359.0606
5.133333 355.8061 271.6505 359.0094
5.166667 355.7676 272.3824 358.9882
5.166667 355.7101 273.1011 359.0116
5.2 355.6451 273.7381 359.0477
5.2 355.549 274.3088 359.0489
5.2 355.3882 274.994 359.044
5.233333 355.2058 275.6763 359.0907
5.233333 355.0881 276.2051 359.1479
5.266667 354.9714 276.7803 359.2073
5.266667 354.8608 277.341 359.2349
5.266667 354.7201 277.9032 359.2363
5.3 354.559 278.43 359.2465
5.3 354.4262 278.9781 359.2888
5.333333 354.335 279.5535 359.3323
5.333333 354.2878 279.9551 359.357
5.366667 354.2363 280.4086 359.3726
5.366667 354.1705 280.9282 359.3391
5.4 354.0975 281.3813 359.341
5.4 354.0344 281.9424 359.3669
5.4 354.017 282.3961 359.3932
5.433333 353.8887 283.8343 359.4146
5.433333 353.975 283.3678 359.4162
5.433333 353.9143 283.8185 359.4306
5.466667 353.8291 284.2989 359.4579
5.466667 353.7549 284.7574 359.4846
5.5 353.6855 285.3134 359.5132
5.5 353.6314 285.7781 359.5208
5.533333 353.558 286.3395 359.5477
5.533333 353.5146 286.7941 359.5585
5.566667 353.4533 287.2646 359.5663
5.566667 353.3757 287.7539 359.5579
5.566667 353.3079 288.1916 359.5409
5.6 353.2354 288.7304 359.5359
5.6 353.2032 289.1515 359.5575
5.6 353.1719 289.5246 359.5676
5.633333 353.115 290.0395 359.5774
5.633333 353.0836 290.4412 359.5948
5.666667 353.0446 290.9465 359.5996
5.666667 353.0504 291.349 359.6038
5.7 353.0421 291.7796 359.6192
5.7 353.0161 292.1801 359.6293
5.7 352.9562 292.5647 359.6389
5.733333 352.863 292.9036 359.6259
5.733333 352.7333 293.3251 359.644
5.766667 352.643 293.6744 359.6572
5.766667 352.5861 293.9786 359.6846
5.766667 352.5567 294.2966 359.7159
5.8 352.5492 294.6377 359.7367
5.8 352.5277 294.9349 359.7384
5.833333 352.4656 295.1921 359.7395
5.833333 352.3795 295.4913 359.7426
5.833333 352.3199 295.7447 359.7674
5.866667 352.2803 295.9782 359.7806
5.866667 352.242 296.262 359.7672
5.9 352.1482 296.526 359.7795
5.9 352.0811 296.7656 359.7719
5.933333 352.011 297.0635 359.791
5.933333 351.91 297.3479 359.8039
5.933333 351.8208 297.5793 359.823
5.966667 351.7265 297.8776 359.8246
5.966667 351.6271 298.1902 359.8065
6 351.5423 298.4957 359.7914
6 351.4813 298.7485 359.8018
6.033333 351.4125 299.0795 359.8017
6.033333 351.3292 299.3665 359.7881
6.033333 351.22 299.6745 359.7587
6.066667 351.1229 300.0428 359.7277
6.066667 351.085 300.352 359.7094
6.1 351.0795 300.7449 359.7076
6.1 351.0996 301.1873 359.713
6.1 351.125 301.5979 359.707
6.133333 351.1721 302.1675 359.7353
6.133333 351.2436 302.7841 359.7834
6.166667 351.3382 303.4268 359.8315
6.166667 351.4294 303.9595 359.8687
6.2 351.5598 304.6367 359.8669
6.2 351.6734 305.2553 359.8424
6.233333 351.7786 305.9053 359.8232
6.233333 351.9131 306.5628 359.8073
6.233333 352.0045 307.0923 359.7845
6.266667 352.0687 307.6994 359.7303
6.266667 352.0845 308.2401 359.7034
6.266667 352.1024 308.7159 359.734
6.3 352.1375 309.1774 359.7504
6.3 352.1703 309.5895 359.7206
6.333333 352.1899 309.9618 359.735
6.333333 352.2272 310.3777 359.7907
6.366667 352.2763 310.7098 359.8405
6.366667 352.3159 310.9986 359.8432
6.4 352.3756 311.3079 359.8354
6.4 352.4381 311.5752 359.8413
6.4 352.4863 311.8162 359.8721
6.433333 352.5101 312.0427 359.916
6.433333 352.5206 312.2625 359.9695
6.433333 352.5407 312.4501 0.03480752
6.466667 352.5875 312.6365 0.1040475
6.466667 352.6211 312.8007 0.1578685
6.5 352.661 312.9763 0.2247125
6.5 352.6699 313.1744 0.2740702
6.533333 352.689 313.3844 0.3469639
6.533333 352.6907 313.5503 0.3987664
6.533333 352.6859 313.7372 0.4567248
6.566667 352.683 313.9269 0.5283001
6.566667 352.6658 314.0927 0.6281803
6.6 352.6577 314.2221 0.7129244
6.6 352.6924 314.3751 0.7874964
6.6 352.74 314.4979 0.8373042
6.633333 352.767 314.6202 0.9002627
6.633333 352.765 314.7292 0.9655546
6.666667 352.7478 314.805 0.9956154
6.666667 352.7477 314.9188 1.005374
6.7 352.7813 315.0389 1.029856
6.7 352.8145 315.1718 1.060718
6.7 352.8822 315.3066 1.08915
6.733333 352.9647 315.4513 1.11867
6.733333 353.0062 315.617 1.144235
6.766667 353.0257 315.8195 1.162168
6.766667 353.0575 316.053 1.179215
6.766667 353.1085 316.2598 1.204849
6.8 353.1805 316.5076 1.242195
6.8 353.2644 316.7307 1.239752
6.833333 353.3415 316.9622 1.217008
6.833333 353.4113 317.1945 1.201098
6.866667 353.4818 317.4032 1.234705
6.866667 353.5211 317.5362 1.260471
6.866667 353.5764 317.6562 1.272115
6.9 353.6265 317.7392 1.259783
6.9 353.6455 317.7905 1.27695
6.933333 353.6318 317.8213 1.298402
6.933333 353.6238 317.8217 1.351105
6.933333 353.6285 317.8088 1.389308
6.966667 353.637 317.775 1.420981
6.966667 353.6418 317.7124 1.447631
7 353.6545 317.6519 1.479048
7 353.6647 317.5771 1.51668
7.033333 353.6413 317.5003 1.560875
7.033333 353.6239 317.4139 1.59992
7.033333 353.6071 317.2838 1.676603
7.066667 353.5822 317.1591 1.732067
7.066667 353.5615 317.0591 1.73892
7.1 353.5446 316.9678 1.710086
7.1 353.5128 316.8947 1.706329
7.133333 353.4744 316.8339 1.746444
7.133333 353.4305 316.7632 1.817113
7.133333 353.3952 316.7155 1.862744
7.166667 353.374 316.6916 1.883087
7.166667 353.3554 316.6851 1.921947
7.2 353.3494 316.6819 1.978748
7.2 353.3561 316.6472 2.043685
7.2 353.3552 316.5879 2.107557
7.233333 353.3305 316.5411 2.141616
7.233333 353.2992 316.5136 2.15958
7.266667 353.2806 316.5128 2.210489
7.266667 353.2755 316.4677 2.284922
7.3 353.2964 316.4204 2.331182
7.3 353.3185 316.3549 2.372933
7.3 353.3289 316.3252 2.388328
7.333333 353.3195 316.3053 2.402787
7.333333 353.3148 316.3235 2.421196
7.366667 353.3342 316.3104 2.465978
7.366667 353.3611 316.299 2.500907
7.366667 353.3726 316.2725 2.563049
7.4 353.397 316.2567 2.614596
7.4 353.4286 316.2886 2.620187
7.433333 353.4467 316.3186 2.633207
7.433333 353.4699 316.3393 2.650559
7.466667 353.5291 316.3351 2.672592
7.466667 353.5989 316.3253 2.722841
7.466667 353.6445 316.3413 2.750342
7.5 353.6691 316.3481 2.772233
7.5 353.6963 316.3707 2.796329
7.533333 353.7155 316.3901 2.827302
7.533333 353.7432 316.3851 2.872244
7.533333 353.7671 316.3694 2.900442
7.566667 353.8239 316.3385 2.914845
7.566667 353.8647 316.327 2.910964
7.6 353.8657 316.3227 2.902834
7.6 353.874 316.2991 2.902231
7.633333 353.8773 316.2848 2.914542
7.633333 353.8977 316.2607 2.92854
7.633333 353.9107 316.2254 2.935395
7.666667 353.9181 316.195 2.931393
7.666667 353.9203 316.1876 2.913264
7.7 353.9224 316.1778 2.906023
7.7 353.919 316.1841 2.920989
7.733333 353.9147 316.1631 2.930222
7.733333 353.9475 316.1329 2.9462
7.733333 353.9675 316.101 2.937308
7.766667 353.9722 316.0855 2.926718
7.766667 353.9709 316.0739 2.913243
7.8 353.9618 316.0567 2.929001
7.8 353.9591 316.0196 2.951221
7.8 353.9677 315.9856 2.966632
7.833333 353.9905 315.9535 2.967699
7.833333 354.0001 315.9225 2.939155
7.866667 354.0004 315.8951 2.921712
7.866667 353.9972 315.8835 2.921386
7.9 353.9853 315.8582 2.949703
7.9 353.9693 315.832 2.985621
7.9 353.9669 315.8105 3.011665
7.933333 353.9778 315.7825 3.047001
7.933333 353.9915 315.7628 3.072183
7.966667 353.9908 315.7261 3.083436
7.966667 353.9934 315.6961 3.097349
8 353.9912 315.6694 3.105293
8 354.0133 315.6477 3.125096
8 354.0326 315.6161 3.155193
8.033334 354.0491 315.5834 3.190995
8.033334 354.0886 315.5703 3.217488
8.066667 354.1267 315.5524 3.241964
8.066667 354.1494 315.5391 3.258587
8.066667 354.1734 315.5352 3.287262
8.1 354.1874 315.533 3.279811
8.1 354.2135 315.5282 3.261243
8.133333 354.2406 315.5188 3.259846
8.133333 354.2471 315.497 3.246394
8.133333 354.2482 315.4729 3.255223
8.166667 354.2674 315.4613 3.213495
8.166667 354.2758 315.4503 3.18581
8.2 354.3067 315.4454 3.163276
8.2 354.346 315.434 3.121449
8.233334 354.3734 315.4109 3.10839
8.233334 354.3885 315.3894 3.104846
8.233334 354.3772 315.3557 3.10414
8.266666 354.3811 315.3259 3.09163
8.266666 354.3814 315.285 3.074189
8.3 354.3706 315.2545 3.044649
8.3 354.3621 315.2125 3.014998
8.3 354.3525 315.1844 2.993124
8.333333 354.3532 315.159 2.972985
8.333333 354.354 315.1241 2.960766
8.366667 354.3555 315.0886 2.957678
8.366667 354.3607 315.0426 2.925178
8.4 354.3546 314.9781 2.896995
8.4 354.35 314.9396 2.875934
8.4 354.3546 314.8839 2.826925
8.433333 354.3396 314.8269 2.794324
8.433333 354.338 314.7636 2.780614
8.466666 354.3277 314.6834 2.744388
8.466666 354.319 314.6155 2.6933
8.466666 354.3269 314.5639 2.637674
8.5 354.3141 314.5196 2.620492
8.5 354.305 314.4832 2.59266
8.533334 354.2953 314.4439 2.582762
8.533334 354.2775 314.4075 2.531682
8.566667 354.2588 314.3668 2.470693
8.566667 354.2571 314.351 2.432381
8.566667 354.2458 314.338 2.392093
8.6 354.2352 314.3099 2.371542
8.6 354.2267 314.2949 2.345225
8.633333 354.23 314.2737 2.299023
8.633333 354.2649 314.2764 2.232613
8.633333 354.27 314.2655 2.197151
8.666667 354.2684 314.2605 2.177025
8.666667 354.2696 314.2602 2.169912
8.7 354.27 314.2724 2.163112
8.7 354.2834 314.2697 2.159761
8.733334 354.3203 314.2681 2.146511
8.733334 354.3358 314.2799 2.133236
8.733334 354.3477 314.2808 2.126065
8.766666 354.3382 314.2865 2.120059
8.766666 354.3274 314.3022 2.11346
8.8 354.3179 314.3082 2.125634
8.8 354.3354 314.3252 2.129404
8.8 354.3618 314.3244 2.121369
8.833333 354.3984 314.3466 2.094143
8.833333 354.428 314.3523 2.069604
8.866667 354.4351 314.3442 2.076845
8.866667 354.4251 314.3272 2.078587
8.9 354.4303 314.3276 2.050996
8.9 354.4637 314.3288 2.020295
8.9 354.4993 314.3347 2.020334
8.933333 354.5247 314.3541 2.011382
8.933333 354.546 314.3672 2.007588
8.966666 354.5405 314.3653 2.015855
8.966666 354.5058 314.3793 1.990656
9 354.4474 314.3755 1.988774
9 354.4158 314.3576 1.995312
9 354.3932 314.347 2.011938
9.033334 354.4023 314.3198 2.022823
9.033334 354.4218 314.2969 2.026552
9.066667 354.4341 314.2946 2.006944
9.066667 354.4251 314.2657 2.006975
9.066667 354.4004 314.2546 2.007839
9.1 354.3893 314.2336 2.015654
9.1 354.3811 314.2158 2.032867
9.133333 354.374 314.2063 2.03215
9.133333 354.3703 314.1916 2.030513
9.166667 354.3543 314.1855 2.031338
9.166667 354.3499 314.1863 2.023664
9.166667 354.3372 314.1957 2.013169
9.2 354.3371 314.207 2.006444
9.2 354.3419 314.2224 2.01496
9.233334 354.3833 314.2554 2.020499
9.233334 354.4014 314.27 2.050478
9.233334 354.3893 314.2903 2.079124
9.266666 354.3793 314.3098 2.098951
9.266666 354.3633 314.3233 2.101205
9.3 354.3701 314.3223 2.086206
9.3 354.377 314.3384 2.065869
9.333333 354.3826 314.3355 2.042102
9.333333 354.3936 314.3437 2.037921
9.333333 354.4055 314.3259 2.048842
9.366667 354.401 314.3284 2.064691
9.366667 354.3959 314.3263 2.075439
9.4 354.3887 314.332 2.082609
9.4 354.389 314.3486 2.082015
9.4 354.3932 314.3532 2.079997
9.433333 354.3934 314.3584 2.081256
9.433333 354.3813 314.3428 2.101574
9.466666 354.3705 314.34 2.107459
9.466666 354.3584 314.3397 2.105591
9.5 354.3697 314.3455 2.104773
9.5 354.3924 314.3566 2.102571
9.5 354.4046 314.3603 2.118607
9.533334 354.4012 314.3709 2.126898
9.533334 354.3925 314.3667 2.129759
9.566667 354.3846 314.3827 2.121137
9.566667 354.3836 314.3922 2.122708
9.566667 354.3915 314.3905 2.129681
9.6 354.3836 314.3744 2.147845
9.6 354.3835 314.3674 2.13785
9.633333 354.4009 314.3686 2.105579
9.633333 354.4041 314.3814 2.087344
9.666667 354.4275 314.3833 2.093108
9.666667 354.4766 314.373 2.107373
9.666667 354.5135 314.3611 2.132749
9.7 354.5181 314.3532 2.142373
9.7 354.4992 314.3436 2.159395
9.733334 354.4714 314.3354 2.172888
9.733334 354.4512 314.3413 2.179898
9.766666 354.4497 314.3343 2.18367
9.766666 354.4548 314.326 2.198443
9.766666 354.4597 314.301 2.210469
9.8 354.4645 314.2776 2.22899
9.8 354.4568 314.2607 2.233278
9.833333 354.4516 314.255 2.237697
9.833333 354.4716 314.2444 2.23753
9.833333 354.4879 314.2372 2.236701
9.866667 354.4896 314.2146 2.243335
9.866667 354.4661 314.1825 2.267458
9.9 354.445 314.1702 2.258456
9.9 354.437 314.1648 2.253212
9.933333 354.4082 314.1531 2.256365
9.933333 354.4092 314.1578 2.241095
9.933333 354.4306 314.1449 2.257568
9.966666 354.4773 314.1136 2.267206
9.966666 354.4853 314.0768 2.281446
10 354.4734 314.0388 2.285513
10 354.456 313.9926 2.281279
10 354.4348 313.9385 2.273813
10.03333 354.4232 313.8867 2.256268
10.03333 354.3838 313.8079 2.226987
10.06667 354.3427 313.7198 2.206156
10.06667 354.3079 313.6524 2.170989
10.1 354.2635 313.5763 2.120723
10.1 354.2306 313.5191 2.091322
10.1 354.1987 313.4534 2.080347
10.13333 354.1783 313.3495 2.077887
10.13333 354.151 313.2507 2.066479
10.16667 354.1215 313.1582 2.06471
10.16667 354.0717 313.0496 2.086777
10.16667 354.0423 312.9497 2.111819
10.2 354.0221 312.8603 2.143119
10.2 354.0105 312.7467 2.174576
10.23333 354.003 312.6044 2.196218
10.23333 354.0089 312.4575 2.189528
10.26667 354.0195 312.3091 2.149352
10.26667 354.0049 312.1559 2.074218
10.26667 353.9699 312.01 2.041628
10.3 353.942 311.8336 2.039552
10.3 353.9197 311.6113 2.038806
10.33333 353.918 311.3809 2.028574
10.33333 353.8889 311.1132 2.000386
10.36667 353.8378 310.8591 1.997696
10.36667 353.8081 310.5448 1.977353
10.36667 353.8058 310.273 1.930035
10.4 353.804 309.9244 1.887076
10.4 353.8058 309.5323 1.821465
10.43333 353.8002 309.1776 1.746035
10.43333 353.7629 308.7782 1.680607
10.43333 353.6864 308.3667 1.629306
10.46667 353.6046 307.9304 1.570558
10.46667 353.5558 307.4804 1.501915
10.5 353.53 307.0315 1.385347
10.5 353.5375 306.6571 1.273658
10.53333 353.5155 306.1913 1.182292
10.53333 353.4861 305.7788 1.152975
10.53333 353.4771 305.4096 1.161459
10.56667 353.4779 304.8645 1.12672
10.56667 353.4601 304.4388 1.030298
10.6 353.4364 304.0391 0.967373
10.6 353.4053 303.6302 0.9438406
10.6 353.4029 303.2305 0.9652273
10.63333 353.4273 302.7471 0.9959816
10.63333 353.4558 302.3511 0.9792342
10.66667 353.4999 301.8564 0.8775007
10.66667 353.4844 301.4543 0.7600526
10.7 353.4438 301.1351 0.6875829
10.7 353.4131 300.7242 0.627135
10.7 353.4705 300.2678 0.6262047
10.73333 353.5667 299.8759 0.5972412
10.73333 353.6718 299.4492 0.4810948
10.76667 353.71 299.1446 0.3747079
10.76667 353.6819 298.8546 0.2934234
10.76667 353.6754 298.6485 0.234868
10.8 353.7558 298.4033 0.1775519
10.8 353.872 298.2553 0.1175845
10.83333 354.0128 298.1076 0.07551005
10.83333 354.058 298.0212 0.05354824
10.83333 354.0189 297.9652 0.06919147
10.86667 353.9707 297.9467 0.09930837
10.86667 353.9836 297.9376 0.1317689
10.9 354.0857 297.9614 0.1276298
10.9 354.2018 298.0308 0.09512904
10.93333 354.2906 298.1207 0.0943694
10.93333 354.3215 298.2238 0.1087611
10.93333 354.3208 298.311 0.1119191
10.96667 354.3413 298.3936 0.1077072
10.96667 354.3629 298.4662 0.09392092
11 354.3818 298.5138 0.08994537
11 354.3879 298.5562 0.08239717
11 354.3822 298.5649 0.06957887
11.03333 354.4003 298.5674 0.04852378
11.03333 354.4234 298.5357 0.03103299
11.06667 354.4402 298.5168 359.9747
11.06667 354.4357 298.4785 359.9109
11.1 354.3933 298.4482 359.8687
11.1 354.3416 298.4043 359.8606
11.1 354.2889 298.3544 359.8458
11.13333 354.2666 298.3224 359.812
11.13333 354.2437 298.323 359.7869
11.16667 354.231 298.3269 359.7532
11.16667 354.2389 298.3385 359.7402
11.16667 354.2483 298.3461 359.7505
11.2 354.2451 298.3474 359.7623
11.2 354.2165 298.3589 359.774
11.23333 354.1974 298.3747 359.7879
11.23333 354.1877 298.399 359.7994
11.26667 354.194 298.4372 359.7998
11.26667 354.2198 298.474 359.8063
11.26667 354.2565 298.524 359.8225
11.3 354.285 298.574 359.8288
11.3 354.3078 298.589 359.8473
11.33333 354.3097 298.6316 359.8503
11.33333 354.3247 298.6645 359.8565
11.36667 354.3392 298.6836 359.8586
11.36667 354.3729 298.6965 359.8537
11.36667 354.3898 298.7014 359.842
11.4 354.4034 298.7203 359.8214
11.4 354.4107 298.7306 359.7974
11.43333 354.3968 298.7453 359.7771
11.43333 354.3926 298.7758 359.753
11.43333 354.3942 298.7998 359.7439
11.46667 354.4164 298.8289 359.757
11.46667 354.4329 298.8508 359.7713
11.5 354.435 298.8575 359.7818
11.5 354.4354 298.8878 359.7635
11.53333 354.4377 298.9053 359.7514
11.53333 354.4518 298.9246 359.7373
11.53333 354.4688 298.9425 359.7303
11.56667 354.4896 298.947 359.7424
11.56667 354.5062 298.9659 359.743
11.6 354.5182 298.9571 359.7561
11.6 354.5365 298.9637 359.7697
11.6 354.5567 298.9762 359.7614
11.63333 354.5718 298.9785 359.7587
11.63333 354.5838 298.9798 359.7639
11.66667 354.5966 298.982 359.774
11.66667 354.5898 298.9788 359.7856
11.7 354.5827 298.9819 359.7862
11.7 354.5755 298.9693 359.7875
11.7 354.5784 298.9756 359.7868
11.73333 354.5851 298.9778 359.793
11.73333 354.5813 298.9725 359.7917
11.76667 354.5806 298.9857 359.7924
11.76667 354.575 298.9928 359.7729
11.76667 354.588 298.9967 359.7796
11.8 354.5981 299.0009 359.7875
11.8 354.5854 298.9806 359.8002
11.83333 354.5911 298.9891 359.787
11.83333 354.6192 298.9983 359.7619
11.86667 354.6306 299.0216 359.7543
11.86667 354.6554 299.0407 359.7557
11.86667 354.7098 299.0459 359.7609
11.9 354.7236 299.0453 359.7806
11.9 354.7267 299.0518 359.7817
11.93333 354.6964 299.0622 359.7748
11.93333 354.6764 299.043 359.7773
11.96667 354.656 299.0369 359.7749
11.96667 354.6619 299.0236 359.7813
11.96667 354.6776 299.0215 359.7782
12 354.6844 299.0235 359.7769
12 354.6822 299.022 359.7842
12.03333 354.6717 299.0295 359.7732
12.03333 354.667 299.0337 359.7814
12.03333 354.6662 299.0306 359.778
12.06667 354.664 299.0267 359.7741
12.06667 354.6459 299.0184 359.769
12.1 354.6331 299.0206 359.7667
12.1 354.6263 299.0113 359.7613
12.13333 354.6197 299.0096 359.7584
12.13333 354.6217 299.0242 359.7543
12.13333 354.6295 299.0412 359.7202
12.16667 354.6448 299.0578 359.7183
12.16667 354.6459 299.0689 359.7189
12.2 354.6382 299.0796 359.7304
12.2 354.6328 299.0951 359.7492
12.2 354.6357 299.1046 359.7394
12.23333 354.6523 299.1143 359.7319
12.23333 354.6503 299.1239 359.7334
12.26667 354.6431 299.1378 359.7218
12.26667 354.6296 299.1404 359.7184
12.26667 354.6313 299.1416 359.7152
12.3 354.6472 299.1546 359.7193
12.3 354.6821 299.1658 359.7183
12.33333 354.6992 299.1748 359.7296
12.33333 354.7053 299.1792 359.735
12.36667 354.7104 299.1744 359.7505
12.36667 354.7037 299.1805 359.7643
12.36667 354.6998 299.1768 359.7707
12.4 354.6942 299.1853 359.7773
12.4 354.6911 299.1904 359.7878
12.43333 354.7088 299.1888 359.8012
12.43333 354.7142 299.1998 359.7994
12.46667 354.7236 299.1956 359.799
12.46667 354.7214 299.2072 359.7862
12.46667 354.7291 299.2202 359.7792
12.5 354.7169 299.2275 359.7784
12.5 354.6885 299.2167 359.7914
12.53333 354.6661 299.1942 359.8004
12.53333 354.648 299.1748 359.7981
12.53333 354.6565 299.1743 359.7831
12.56667 354.6526 299.1696 359.7731
12.56667 354.6871 299.1742 359.7565
12.6 354.7258 299.1717 359.7644
12.6 354.7459 299.1685 359.7744
12.63333 354.7298 299.1656 359.7943
12.63333 354.6857 299.1671 359.7963
12.63333 354.6681 299.1602 359.8006
12.66667 354.657 299.1528 359.8087
12.66667 354.657 299.1312 359.8156
12.7 354.6596 299.12 359.8128
12.7 354.6606 299.1124 359.8119
12.7 354.6534 299.1001 359.8057
12.73333 354.6326 299.1077 359.8047
12.73333 354.6217 299.1019 359.8091
12.76667 354.6203 299.0997 359.8108
12.76667 354.6257 299.094 359.8177
12.8 354.6264 299.0892 359.8285
12.8 354.6018 299.0612 359.8338
12.8 354.587 299.0401 359.806
12.83333 354.5508 299.031 359.7962
12.83333 354.5119 299.0312 359.7648
12.86667 354.5093 299.0305 359.7496
12.86667 354.5281 299.0276 359.7521
12.86667 354.54 299.0134 359.7786
12.9 354.5179 298.998 359.7947
12.9 354.4775 298.9903 359.7879
12.93333 354.4306 298.983 359.7739
12.93333 354.3883 298.9793 359.7546
12.96667 354.3302 298.9716 359.7416
12.96667 354.2474 298.9626 359.7376
12.96667 354.1724 298.9481 359.7571
13 354.0723 298.939 359.7672
13 354.0095 298.9331 359.7804
13.03333 353.9799 298.9097 359.7976
13.03333 353.9512 298.8974 359.804
13.06667 353.9369 298.8675 359.7997
13.06667 353.9142 298.8411 359.7962
13.06667 353.8821 298.7962 359.7892
13.1 353.8358 298.7491 359.7874
13.1 353.7751 298.7218 359.7782
13.13333 353.7199 298.6896 359.7725
13.13333 353.6668 298.6618 359.7738
13.13333 353.6194 298.6306 359.7729
13.16667 353.5599 298.6105 359.7706
13.16667 353.4777 298.6017 359.7545
13.2 353.4219 298.5853 359.7423
13.2 353.352 298.5803 359.7371
13.23333 353.2899 298.566 359.7433
13.23333 353.2227 298.5549 359.7439
13.23333 353.1466 298.5366 359.7413
13.26667 353.0866 298.5438 359.7112
13.26667 353.0285 298.5418 359.6902
13.3 352.9662 298.5548 359.6761
13.3 352.903 298.5672 359.6519
13.3 352.8372 298.5648 359.6508
13.33333 352.7658 298.5461 359.6616
13.33333 352.6577 298.5568 359.6553
13.36667 352.5644 298.5551 359.6488
13.36667 352.4766 298.5577 359.6249
13.4 352.392 298.5531 359.6144
13.4 352.3243 298.5651 359.6031
13.4 352.2277 298.5794 359.5935
13.43333 352.1375 298.5825 359.5808
13.43333 352.0433 298.5814 359.5807
13.46667 351.9026 298.5796 359.593
13.46667 351.8043 298.5768 359.6015
13.46667 351.681 298.5657 359.605
13.5 351.5563 298.5648 359.6044
13.5 351.4399 298.5715 359.5979
13.53333 351.2991 298.5707 359.6202
13.53333 351.1458 298.5622 359.6366
13.56667 350.9553 298.5696 359.6318
13.56667 350.8148 298.566 359.619
13.56667 350.6552 298.5745 359.6087
13.6 350.4751 298.5795 359.597
13.6 350.3162 298.585 359.6009
13.63333 350.1083 298.5794 359.6153
13.63333 349.8899 298.5686 359.6267
13.63333 349.7001 298.5635 359.6302
13.66667 349.4271 298.5522 359.6347
13.66667 349.1111 298.5395 359.6288
13.7 348.7271 298.5256 359.6151
13.7 348.2935 298.5268 359.6292
13.73333 347.8235 298.5272 359.6637
13.73333 347.3441 298.5297 359.7125
13.73333 346.9186 298.5437 359.7534
13.76667 346.5077 298.5494 359.8056
13.8 346.1855 298.5422 359.8477
13.8 345.7454 298.5145 359.8822
13.8 345.2735 298.4994 359.8619
13.83333 344.8971 298.4755 359.8439
13.83333 344.4966 298.4393 359.8469
13.83333 343.2419 298.3188 359.9225
13.86667 343.2595 298.2603 359.9362
13.86667 343.1478 298.2058 359.9001
13.9 342.6916 298.1435 359.8791
13.9 342.2375 298.0834 359.8621
13.9 341.9411 298.0543 359.8475
13.93333 341.6513 298.0019 359.8491
13.93333 341.4258 297.9749 359.8375
13.96667 341.1722 297.9393 359.8268
13.96667 340.8806 297.9171 359.8125
14 340.6902 297.8973 359.784
14 340.5373 297.895 359.7574
14 339.8804 297.8701 359.6731
14.03333 339.9746 297.9122 359.666
14.03333 340.0061 297.9435 359.6661
14.06667 339.786 297.9456 359.641
14.06667 339.6239 297.9592 359.6248
14.06667 339.4339 297.9662 359.6129
14.1 339.295 297.9751 359.5944
14.1 339.1425 298.0005 359.5509
14.13333 339.0091 298.0208 359.537
14.13333 338.8435 298.058 359.5391
14.13333 338.6981 298.0842 359.5537
14.16667 338.598 298.1101 359.563
14.16667 338.4742 298.1358 359.567
14.2 338.3636 298.1664 359.5823
14.2 338.1944 298.1958 359.5993
14.23333 338.0156 298.2081 359.6124
14.23333 337.8856 298.2038 359.626
14.23333 337.7828 298.1937 359.6365
14.26667 337.7229 298.1763 359.65
14.26667 337.6952 298.1761 359.6423
14.3 337.6334 298.1672 359.6345
14.3 337.5728 298.1595 359.6161
14.3 337.5094 298.1494 359.6048
14.33333 337.4545 298.1517 359.5778
14.36667 337.398 298.1705 359.5662
14.36667 337.3098 298.1877 359.5621
14.36667 337.1874 298.2042 359.5414
14.4 337.0599 298.2303 359.5221
14.4 336.9465 298.2838 359.4916
14.4 336.87 298.3349 359.4736
14.43333 336.7809 298.4142 359.4547
14.43333 336.6693 298.4821 359.4557
14.46667 336.5754 298.5379 359.4706
14.46667 336.4843 298.5912 359.489
14.46667 336.3949 298.6514 359.491
14.5 336.3127 298.7018 359.5074
14.5 336.2354 298.756 359.5165
14.53333 336.1703 298.8008 359.5121
14.53333 336.1013 298.8439 359.5122
14.56667 336.0267 298.8833 359.5115
14.56667 335.9812 298.9232 359.5252
14.56667 335.9584 298.955 359.5442
14.6 335.9422 298.993 359.5414
14.6 335.9311 299.0385 359.5536
14.63333 335.9558 299.0896 359.5527
14.63333 336.003 299.1499 359.5432
14.63333 336.0685 299.1921 359.5364
14.66667 336.1124 299.247 359.5074
14.66667 336.1706 299.3044 359.4893
14.7 336.2553 299.3912 359.4484
14.7 336.3568 299.4765 359.4362
14.73333 336.4705 299.5613 359.4391
14.73333 336.535 299.6261 359.4574
14.73333 336.5957 299.6959 359.47
14.76667 336.6349 299.7869 359.4841
14.76667 336.6908 299.9261 359.5002
14.8 336.7587 300.087 359.4936
14.8 336.8123 300.2406 359.4868
14.8 336.8944 300.3743 359.4866
14.83333 337.0006 300.5262 359.4584
14.83333 337.0898 300.6667 359.4205
14.86667 337.1522 300.8107 359.3813
14.86667 337.2319 300.9657 359.3098
14.9 337.3065 301.1116 359.2368
14.9 337.4305 301.2969 359.1675
14.9 337.5569 301.4688 359.1201
14.93333 337.7056 301.654 359.088
14.93333 337.8331 301.7843 359.073
14.96667 338.0449 301.9402 359.0373
14.96667 338.25 302.099 358.9788
14.96667 338.3894 302.2644 358.9286
15 338.5206 302.4579 358.9121
15 338.6363 302.6228 358.9313
15.03333 338.7634 302.7631 358.9602
15.03333 338.9573 302.9189 358.9961
15.06667 339.1938 303.0798 359.0275
15.06667 339.3869 303.2065 359.0552
15.06667 339.5757 303.3387 359.0705
15.1 339.7149 303.4592 359.0615
15.1 339.7963 303.5641 359.0324
15.13333 339.8843 303.657 358.9974
15.13333 340.003 303.7499 358.9684
15.16667 340.0876 303.8572 358.9361
15.16667 340.1598 303.9734 358.8965
15.16667 340.1911 304.0713 358.8419
15.2 340.2361 304.1877 358.7992
15.2 340.2794 304.3121 358.7467
15.23333 340.3419 304.4385 358.7079
15.23333 340.4315 304.577 358.6574
15.23333 340.5356 304.7127 358.611
15.26667 340.6774 304.8636 358.5637
15.26667 340.7959 304.9813 358.5412
15.3 340.9617 305.1115 358.5102
15.3 341.1129 305.2747 358.4768
15.33333 341.2308 305.4032 358.4646
15.33333 341.4091 305.5827 358.4579
15.33333 341.5831 305.7307 358.467
15.36667 341.7472 305.8604 358.4831
15.36667 341.9504 306.0241 358.4767
15.4 342.1488 306.2044 358.4591
15.4 342.2995 306.3638 358.4598
15.4 342.4782 306.5206 358.4766
15.43333 342.7058 306.6912 358.4941
15.43333 342.8835 306.8166 358.5334
15.46667 343.067 306.9673 358.5861
15.46667 343.2061 307.1475 358.6162
15.5 343.2942 307.2834 358.6412
15.5 343.4047 307.4338 358.6656
15.5 343.5151 307.5472 358.6833
15.53333 343.6524 307.6475 358.7084
15.53333 343.8036 307.7431 358.7167
15.56667 343.9247 307.8241 358.7239
15.56667 344.0243 307.888 358.7303
15.56667 344.0913 307.9293 358.741
15.6 344.1575 307.9424 358.7704
15.6 344.2038 307.9439 358.7843
15.63333 344.2664 307.9374 358.7961
15.63333 344.3387 307.927 358.8094
15.66667 344.3923 307.8925 358.8309
15.66667 344.4482 307.8461 358.867
15.66667 344.4922 307.8126 358.8709
15.7 344.5321 307.7701 358.8802
15.7 344.5997 307.735 358.9076
15.73333 344.6675 307.6845 358.9365
15.73333 344.7064 307.6289 358.97
15.73333 344.7441 307.5959 358.997
15.76667 344.7742 307.5737 359.0323
15.76667 344.8241 307.5549 359.0566
15.8 344.874 307.535 359.0826
15.8 344.9321 307.5214 359.0954
15.83333 344.9869 307.5082 359.1162
15.83333 345.051 307.4987 359.135
15.83333 345.1226 307.4833 359.157
15.86667 345.1855 307.4734 359.1642
15.86667 345.2432 307.4598 359.1802
15.9 345.3143 307.4388 359.2056
15.9 345.3889 307.4207 359.223
15.9 345.4515 307.3975 359.2287
15.93333 345.5171 307.3734 359.2221
15.93333 345.5633 307.3421 359.2236
15.96667 345.6102 307.2985 359.2426
15.96667 345.6552 307.2439 359.2621
16 345.7088 307.1649 359.3137
16 345.7336 307.097 359.3445
16 345.7662 307.0209 359.3786
16.03333 345.8141 306.9497 359.3786
16.03333 345.8438 306.9131 359.3713
16.06667 345.8577 306.8642 359.3936
16.06667 345.8657 306.7799 359.451
16.06667 345.8936 306.6689 359.531
16.1 345.949 306.5488 359.5714
16.1 345.9962 306.4294 359.5637
16.13333 346.0398 306.3543 359.5446
16.13333 346.0872 306.2767 359.5165
16.16667 346.133 306.1942 359.551
16.16667 346.1684 306.1002 359.6018
16.2 346.2042 305.9856 359.6678
16.2 346.2385 305.8806 359.7083
16.2 346.2974 305.7308 359.7467
16.23333 346.3459 305.576 359.7837
16.23333 346.4007 305.4279 359.8299
16.26667 346.4482 305.2973 359.8671
16.26667 346.5329 305.1342 359.9359
16.26667 346.6376 304.9346 0.02606177
16.3 346.7468 304.7396 0.08763812
16.3 346.8434 304.5026 0.1316069
16.33333 346.9168 304.2789 0.1328582
16.33333 346.9594 304.0811 0.126206
16.33333 346.9929 303.9128 0.1448445
16.36667 347.0441 303.6805 0.1996853
16.36667 347.138 303.438 0.2532322
16.4 347.2273 303.1451 0.3111741
16.4 347.3128 302.834 0.3689927
16.43333 347.3694 302.5371 0.3930146
16.43333 347.4206 302.2265 0.3888336
16.43333 347.4711 301.9405 0.3946488
16.46667 347.5607 301.6711 0.4058543
16.46667 347.7136 301.313 0.423905
16.5 347.8589 301.0359 0.3953396
16.5 347.9384 300.6984 0.3099878
16.5 347.9258 300.4136 0.2432335
16.53333 347.9141 300.1365 0.2028395
16.53333 347.9808 299.7788 0.1959289
16.56667 348.1278 299.4144 0.2069676
16.56667 348.265 299.0856 0.1819473
16.6 348.3387 298.6938 0.1330292
16.6 348.3289 298.3158 0.09755251
16.6 348.3135 297.9857 0.1064499
16.63333 348.365 297.5983 0.1347692
16.63333 348.4858 297.1958 0.1621158
16.66667 348.6097 296.7019 0.1674939
16.66667 348.6444 296.3062 0.135051
16.7 348.605 295.8422 0.06404991
16.7 348.5559 295.451 0.03619867
16.7 348.5726 295.1236 0.03918507
16.73333 348.6299 294.669 0.08232419
16.73333 348.6864 294.2763 0.1505208
16.76667 348.7712 293.7949 0.2221724
16.76667 348.8734 293.2087 0.303061
16.8 348.9437 292.7703 0.3172554
16.8 348.9816 292.2592 0.2587347
16.8 348.9753 291.8177 0.1607685
16.83333 348.9647 291.4933 0.1033957
16.83333 348.9544 291.1479 0.09447514
16.86667 349.0211 290.0317 0.06352572
16.86667 349.044 290.4865 0.1133338
16.86667 349.1593 290.1895 0.1308743
16.9 349.2617 289.9634 0.1356848
16.9 349.3658 289.7177 0.1325922
16.93333 349.4503 289.5096 0.1423848
16.93333 349.595 289.2954 0.142222
16.96667 349.7829 289.059 0.1684191
16.96667 349.9322 288.8524 0.1604311
17 350.0109 288.7339 0.1443359
17 350.0847 288.5743 0.1368153
17.03333 350.2037 288.3633 0.1001463
17.03333 350.2791 288.2615 0.08812486
17.06667 350.6911 287.6856 0.0636945
17.06667 350.7542 287.3753 0.03222947
17.06667 350.631 287.4407 0.02762135
17.1 350.6058 287.3396 0.03503489
17.1 350.6587 287.218 0.08052646
17.13333 350.718 287.0433 0.1461334
17.13333 350.7746 286.8756 0.1709404
17.13333 350.8178 286.7036 0.1783345
17.16667 350.8753 286.5078 0.1444082
17.16667 350.8862 286.3564 0.1093176
17.2 350.902 286.2091 0.09648911
17.2 350.9161 286.0374 0.1053364
17.23333 350.9339 285.8696 0.120409
17.23333 350.9659 285.7073 0.1122966
17.23333 351.0033 285.5424 0.08166888
17.26667 351.054 285.4092 0.01397596
17.26667 351.0805 285.3142 359.9532
17.3 351.0941 285.242 359.9196
17.3 351.1221 285.1469 359.9139
17.33333 351.1435 285.0546 359.9265
17.33333 351.1612 284.9518 359.9152
17.36667 351.1869 284.8509 359.9158
17.36667 351.2081 284.7579 359.9143
17.36667 351.2299 284.6563 359.9467
17.4 351.243 284.5453 359.9773
17.4 351.2653 284.4299 0.009394169
17.43333 351.316 284.3036 0.008230388
17.43333 351.3437 284.1914 359.9839
17.43333 351.3603 284.0961 359.9653
17.46667 351.3613 283.9775 359.9574
17.46667 351.368 283.8444 359.9791
17.5 351.3727 283.7028 359.9923
17.5 351.393 283.5742 359.9839
17.5 351.4096 283.4682 359.9569
17.53333 351.3702 283.3481 359.9254
17.53333 351.3522 283.275 359.9178
17.56667 351.3575 283.2009 359.903
17.56667 351.3902 283.1353 359.885
17.6 351.4248 283.0803 359.8708
17.6 351.4875 283.0428 359.8736
17.6 351.5615 283.0067 359.8562
17.63333 351.5966 282.9919 359.8397
17.63333 351.5756 282.958 359.8357
17.66667 351.555 282.9582 359.8207
17.66667 351.5466 282.9664 359.7981
17.7 351.5788 282.9911 359.7787
17.7 351.6325 283.0212 359.7572
17.7 351.7158 283.0602 359.7458
17.73333 351.7568 283.0841 359.751
17.73333 351.7975 283.1107 359.7322
17.76667 351.8226 283.1657 359.7142
17.76667 351.8424 283.1974 359.6956
17.76667 351.8821 283.2306 359.6754
17.8 351.9157 283.2712 359.6399
17.8 351.9577 283.3101 359.6239
17.83333 352.0205 283.3364 359.6191
17.83333 352.056 283.3641 359.6339
17.86667 352.057 283.3888 359.6321
17.86667 352.0633 283.3912 359.6391
17.86667 352.0715 283.3997 359.6351
17.9 352.1046 283.4102 359.6406
17.9 352.1425 283.396 359.6814
17.93333 352.1569 283.3784 359.7153
17.93333 352.1885 283.36 359.7317
17.93333 352.1992 283.3307 359.7605
17.96667 352.2141 283.2903 359.791
17.96667 352.2243 283.2708 359.7996
18 352.27 283.2491 359.8124
18 352.3587 283.2284 359.822
18.03333 352.438 283.1933 359.8339
18.03333 352.5063 283.1625 359.8328
18.03333 352.5463 283.1417 359.8266
18.06667 352.5711 283.1276 359.811
18.06667 352.6005 283.1249 359.7861
18.1 352.664 283.1256 359.7467
18.1 352.7057 283.1165 359.7099
18.1 352.7253 283.1086 359.6914
18.13333 352.7275 283.0781 359.6847
18.13333 352.7358 283.0588 359.6844
18.16667 352.7901 283.049 359.6958
18.16667 352.8896 283.0677 359.7119
18.2 353.029 283.0904 359.7152
18.2 353.165 283.1538 359.7068
18.23333 353.3148 283.259 359.7475
18.23333 353.4901 283.3626 359.8339
18.26667 353.4045 283.3516 359.8791
18.26667 353.4284 283.3644 359.8991
18.26667 353.4624 283.3841 359.91
18.3 353.5067 283.3946 359.9272
18.3 353.5511 283.4148 359.9279
18.33333 353.6058 283.4238 359.9544
18.33333 353.6445 283.4306 359.9756
18.36667 353.667 283.4237 359.9693
18.36667 353.6802 283.4072 359.9539
18.36667 353.689 283.37 359.927
18.4 353.7109 283.3258 359.9189
18.4 353.7553 283.2897 359.8976
18.43333 353.839 283.2545 359.8776
18.43333 353.9097 283.2288 359.8694
18.43333 353.989 283.1935 359.8718
18.46667 354.0262 283.1752 359.8564
18.46667 354.0471 283.1737 359.85
18.5 354.0474 283.1644 359.8371
18.5 354.0418 283.1902 359.8459
18.53333 354.0274 283.2165 359.8766
18.53333 354.0279 283.2534 359.9054
18.53333 354.0492 283.2864 359.9198
18.56667 354.0518 283.3138 359.9207
18.56667 354.0438 283.3189 359.8855
18.6 354.0088 283.2921 359.8824
18.6 353.9688 283.2128 359.9406
18.6 353.9863 283.1405 0.008968085
18.63333 354.1051 283.0717 0.07416037
18.63333 354.325 283.0394 0.1139367
18.66667 354.4946 283.0195 0.165899
18.66667 354.7028 282.9771 0.2493845
18.7 354.8372 282.9561 0.3258325
18.7 354.9841 282.9538 0.4177712
18.7 355.1435 282.9802 0.5067703
18.73333 355.2841 283.0288 0.5353004
18.73333 355.4624 283.1192 0.5133218
18.76667 355.6326 283.2717 0.437491
18.76667 355.6718 283.4218 0.3711024
18.8 355.6575 283.5215 0.3583659
18.8 355.5817 283.6285 0.3747991
18.8 355.5045 283.6909 0.393701
18.83333 355.4393 283.7481 0.3930988
18.83333 355.3858 283.7946 0.3997379
18.86667 355.3612 283.8229 0.4069834
18.86667 355.3663 283.8267 0.4121147
18.86667 355.3704 283.8175 0.4105687
18.9 355.3618 283.7841 0.4301895
18.9 355.352 283.7637 0.4476229
18.93333 355.3451 283.7345 0.4477266
18.93333 355.3544 283.7158 0.4315431
18.96667 355.3705 283.7133 0.4040274
18.96667 355.3648 283.7015 0.3883499
18.96667 355.3132 283.6818 0.4039423
19 355.2819 283.6502 0.4328525
19 355.2927 283.6171 0.4524075
19.03333 355.335 283.5933 0.466719
19.03333 355.4097 283.5883 0.4601443
19.03333 355.4844 283.5811 0.4275669
19.06667 355.5435 283.5832 0.377436
19.06667 355.5507 283.5649 0.3541688
19.1 355.5037 283.5338 0.3521537
19.1 355.4474 283.512 0.3571935
19.13333 355.4253 283.5087 0.3775762
19.13333 355.4206 283.5168 0.3861029
19.13333 355.4108 283.5021 0.4117734
19.16667 355.378 283.4827 0.4673666
19.16667 355.337 283.4449 0.5250343
19.2 355.2934 283.4034 0.5702004
19.2 355.2707 283.3581 0.5882218
19.2 355.2431 283.3072 0.5795624
19.23333 355.2275 283.2512 0.5890638
19.23333 355.2264 283.1912 0.5958083
19.26667 355.2419 283.1536 0.6041979
19.26667 355.2697 283.1097 0.5969889
19.3 355.2977 283.0757 0.5860986
19.3 355.2875 283.0297 0.5788463
19.3 355.2527 282.999 0.5573366
19.33333 355.2146 282.9875 0.5512639
19.33333 355.2072 282.9881 0.5475323
19.36667 355.2144 282.9982 0.5413686
19.36667 355.2304 283.0085 0.5524448
19.36667 355.245 283.0025 0.5649145
19.4 355.2323 282.9901 0.5760642
19.4 355.2174 282.9334 0.597963
19.43333 355.1955 282.8966 0.6105146
19.43333 355.187 282.851 0.6118317
19.46667 355.2073 282.8254 0.6020018
19.46667 355.2473 282.8167 0.5881654
19.46667 355.3056 282.8017 0.5668811
19.5 355.3365 282.7871 0.5622779
19.5 355.3287 282.7761 0.570206
19.53333 355.3123 282.7524 0.590114
19.53333 355.2944 282.7341 0.6187114
19.56667 355.2891 282.7119 0.6261361
19.56667 355.3073 282.6995 0.6464714
19.56667 355.299 282.6779 0.6566774
19.6 355.2756 282.6691 0.655919
19.6 355.2468 282.637 0.6435112
19.63333 355.2213 282.5987 0.6445996
19.63333 355.2018 282.5675 0.6483467
19.63333 355.1962 282.5144 0.6625773
19.66667 355.1844 282.4675 0.677658
19.66667 355.1782 282.4161 0.6825507
19.7 355.1853 282.3922 0.6671751
19.7 355.199 282.3642 0.6468834
19.73333 355.2133 282.3318 0.6525683
19.73333 355.2221 282.3122 0.664148
19.73333 355.2501 282.2635 0.685751
19.76667 355.2707 282.227 0.6788019
19.76667 355.2677 282.2009 0.660423
19.8 355.2599 282.1779 0.6316738
19.8 355.268 282.1515 0.6075373
19.8 355.2883 282.1279 0.6118842
19.83333 355.2915 282.0934 0.6099817
19.83333 355.2911 282.0489 0.6223581
19.86667 355.2591 281.988 0.6125884
19.86667 355.2365 281.943 0.6141934
19.9 355.2115 281.9118 0.6055243
19.9 355.2145 281.8978 0.5920939
19.9 355.2311 281.897 0.5842026
19.93333 355.2458 281.9007 0.5761947
19.93333 355.2511 281.8996 0.5644331
19.96667 355.2397 281.9035 0.5577177
19.96667 355.2214 281.8996 0.5537274
19.96667 355.2208 281.8982 0.5590757
20 355.2437 281.8697 0.5739834
20 355.2552 281.8362 0.5715016
20.03333 355.26 281.8066 0.5513836
20.03333 355.2487 281.7838 0.5363235
20.06667 355.2143 281.7635 0.5225291
20.06667 355.1905 281.7572 0.5117844
20.06667 355.1982 281.7501 0.5036712
20.1 355.2042 281.7336 0.5120897
20.1 355.2174 281.7226 0.5233772
20.13333 355.2127 281.7086 0.53439
20.13333 355.2159 281.6977 0.5431575
20.13333 355.2325 281.6981 0.5186322
20.16667 355.252 281.6885 0.5091031
20.16667 355.2639 281.6785 0.4966381
20.2 355.2801 281.6677 0.4820223
20.2 355.2763 281.6529 0.4665153
20.23333 355.2843 281.6266 0.4741941
20.23333 355.2866 281.6275 0.4616957
20.23333 355.2874 281.622 0.4588117
20.26667 355.2956 281.6208 0.4684864
20.26667 355.2873 281.6258 0.4984761
20.3 355.2861 281.6209 0.5100588
20.3 355.2839 281.6118 0.5028208
20.33333 355.2935 281.6146 0.4804591
20.33333 355.2911 281.5933 0.479465
20.33333 355.2847 281.585 0.4893192
20.36667 355.2852 281.5721 0.510905
20.36667 355.2938 281.5773 0.5062089
20.4 355.3039 281.6013 0.5153906
20.4 355.3289 281.6306 0.5223631
20.4 355.3352 281.6387 0.5302575
20.43333 355.3599 281.6576 0.5305036
20.43333 355.3724 281.6633 0.5313792
20.46667 355.3866 281.6628 0.5262475
20.46667 355.3914 281.6569 0.5377332
20.5 355.3777 281.6479 0.5373663
20.5 355.3819 281.6399 0.5291516
20.5 355.4092 281.6226 0.5111326
20.53333 355.4357 281.6203 0.4784579
20.53333 355.4562 281.6179 0.4661776
20.56667 355.4879 281.6272 0.4258392
20.56667 355.5272 281.6225 0.3768423
20.56667 355.5756 281.6344 0.2979842
20.6 355.6065 281.6232 0.2277138
20.6 355.5848 281.6221 0.1772545
20.63333 355.5554 281.6136 0.1172788
20.63333 355.5255 281.6372 0.04418277
20.66667 355.5131 281.6393 359.9927
20.66667 355.5275 281.6369 359.954
20.66667 355.5281 281.6198 359.9236
20.7 355.5127 281.595 359.9081
20.7 355.5071 281.5769 359.8926
20.73333 355.4954 281.5497 359.8687
20.73333 355.4901 281.5195 359.8353
20.73333 355.4983 281.4927 359.8137
20.76667 355.4968 281.4515 359.7991
20.76667 355.4984 281.4097 359.7929
20.8 355.5148 281.3702 359.7962
20.8 355.5346 281.3383 359.7905
20.83333 355.562 281.3062 359.787
20.83333 355.5824 281.2724 359.806
20.83333 355.6124 281.2393 359.8377
20.86667 355.6276 281.2283 359.8584
20.86667 355.6429 281.2044 359.9063
20.9 355.6668 281.1953 359.9406
20.9 355.701 281.1812 359.9702
20.9 355.7428 281.1846 359.9847
20.93333 355.776 281.1801 -0.005498296
20.93333 355.7898 281.1865 0.001402693
20.96667 355.8015 281.1806 0.01156809
20.96667 355.8317 281.1793 0.03368638
21 355.8528 281.1588 0.05473297
21 355.8506 281.1498 0.07828475
21 355.8416 281.1369 0.08224798
21.03333 355.8079 281.1215 0.08208606
21.03333 355.7807 281.1147 0.0772672
21.06667 355.7567 281.1178 0.05990788
21.06667 355.7371 281.127 0.04060918
21.06667 355.7206 281.1356 0.02963472
21.1 355.6976 281.1494 0.02879483
21.1 355.6757 281.1625 0.02979187
21.13333 355.6731 281.1719 0.01450769
21.13333 355.6715 281.1927 0.001646717
21.16667 355.6859 281.2087 359.9651
21.16667 355.7007 281.2319 359.9258
21.16667 355.733 281.2552 359.8979
21.2 355.7477 281.2717 359.8847
21.2 355.7329 281.2663 359.9215
21.23333 355.7343 281.2623 359.9501
21.23333 355.7615 281.2619 359.9772
21.23333 355.792 281.2852 359.9737
21.26667 355.8367 281.2821 359.9654
21.26667 355.8681 281.2903 359.9815
21.3 355.8854 281.2884 0.02855678
21.3 355.893 281.2838 0.07608692
21.33333 355.902 281.2751 0.1135441
21.33333 355.923 281.2703 0.1299422
21.33333 355.9423 281.27 0.1256569
21.36667 355.9517 281.2598 0.1310681
21.36667 355.968 281.2534 0.1287025
21.4 355.9771 281.2667 0.1252666
21.4 355.9791 281.2627 0.1278483
21.43333 355.9619 281.263 0.1427492
21.43333 355.9137 281.2583 0.1631433
21.43333 355.8627 281.2487 0.1767517
21.46667 355.825 281.2451 0.1809115
21.46667 355.8073 281.2258 0.1916508
21.5 355.8091 281.2117 0.2030874
21.5 355.8409 281.1955 0.2143677
21.5 355.8615 281.1869 0.2077518
21.53333 355.8748 281.1644 0.1960827
21.53333 355.8952 281.1299 0.1720628
21.56667 355.9046 281.1061 0.1663142
21.56667 355.9163 281.065 0.1518467
21.6 355.9449 281.0428 0.143211
21.6 355.9823 281.0372 0.1276465
21.6 356.0201 281.0359 0.1019596
21.63333 356.0428 281.0416 0.08473419
21.63333 356.057 281.0433 0.08815186
21.66667 356.0436 281.0307 0.09437719
21.66667 356.0023 280.9957 0.1092161
21.66667 355.9671 280.9737 0.1283488
21.7 355.927 280.9286 0.1491837
21.7 355.9177 280.8789 0.1622932
21.73333 355.916 280.8436 0.1606732
21.73333 355.9272 280.7999 0.1597327
21.76667 355.9262 280.7532 0.174204
21.76667 355.9102 280.7275 0.1966764
21.76667 355.9037 280.695 0.2218173
21.8 355.8998 280.6719 0.2302103
21.8 355.9181 280.6718 0.2274113
21.83333 355.9424 280.6804 0.225706
21.83333 355.972 280.6876 0.2393645
21.83333 355.978 280.705 0.2498515
21.86667 355.9685 280.719 0.2737376
21.86667 355.9723 280.7285 0.2904546
21.9 355.981 280.7406 0.2853274
21.9 356.0241 280.7515 0.2893941
21.93333 356.0468 280.743 0.3078123
21.93333 356.028 280.7188 0.3320825
21.93333 356.0224 280.6903 0.3587597
21.96667 356.0202 280.6678 0.3516395
21.96667 356.0374 280.647 0.3309822
22 356.0507 280.619 0.3108768
22 356.0762 280.5768 0.315916
22 356.0875 280.543 0.3511661
22.03333 356.0983 280.5162 0.3830138
22.03333 356.0936 280.4864 0.4096627
22.06667 356.0974 280.4656 0.4158091
22.06667 356.105 280.4435 0.4165151
22.1 356.1247 280.4162 0.4395279
22.1 356.1508 280.3915 0.469948
22.1 356.1856 280.3695 0.4840851
22.13333 356.2217 280.3432 0.516603
22.13333 356.2397 280.3161 0.5239748
22.16667 356.2366 280.2777 0.5392043
22.16667 356.2388 280.2405 0.5653899
22.2 356.2493 280.1917 0.5931981
22.2 356.2796 280.1417 0.6230475
22.2 356.3081 280.0878 0.6447901
22.23333 356.3339 280.0234 0.6828823
22.23333 356.3443 279.9682 0.7008719
22.26667 356.3175 279.8862 0.7255241
22.26667 356.2973 279.811 0.7339347
22.3 356.3094 279.7166 0.7477911
22.3 356.3445 279.5854 0.8258491
22.3 356.3401 279.251 1.005613
22.33333 356.2182 279.1361 1.094371
22.33333 356.0932 278.9755 1.18834
22.36667 356.0707 278.8835 1.225075
22.36667 355.9475 278.6864 1.351324
22.4 355.8657 278.458 1.505814
22.4 355.8713 277.9127 1.843653
22.4 356.1854 277.887 1.894756
22.43333 356.5614 277.6604 2.134571
22.43333 356.8755 277.4536 2.331175
22.43333 357.1689 277.3148 2.3606
22.46667 357.5617 277.2443 2.247474
22.46667 357.6532 277.3769 2.128826
22.5 357.8985 277.3409 2.161468
22.5 357.98 277.3043 2.228204
22.53333 358.3212 277.0465 2.43919
22.53333 357.9984 277.1669 2.394584
22.53333 357.9995 277.1345 2.454537
22.56667 358.0407 277.1351 2.519506
22.56667 358.0998 277.1541 2.547847
22.6 358.1131 277.1774 2.581136
22.6 358.0653 279.1713 2.61517
22.6 357.9722 281.1444 2.671267
22.63333 357.8735 283.1193 2.689681
22.63333 357.7953 285.1268 2.677794
22.66667 357.7004 287.1396 2.651722
22.7 357.5553 289.1358 2.630021
22.7 357.3527 291.0915 2.622186
22.7 357.0294 292.9952 2.62465
22.73333 356.9667 294.915 2.599495
22.73333 356.6447 296.7512 2.622751
22.76667 356.6833 298.7267 2.629822
22.76667 356.7047 300.6681 2.65272
22.8 356.7629 302.6142 2.677953
22.8 356.8679 304.5721 2.681896
22.83333 356.9894 306.5159 2.70884
22.83333 357.0618 308.441 2.731812
22.86667 357.1787 310.3354 2.724764
22.86667 357.308 312.1791 2.695988
22.9 357.336 314.2178 2.640324
22.9 357.3839 316.1919 2.599182
22.93333 357.406 318.1675 2.576243
22.93333 357.4175 320.1042 2.596549
22.93333 357.4167 322.0275 2.620919
22.96667 357.3797 323.9642 2.640948
23 357.3326 325.9165 2.639752
23 357.2748 327.8684 2.658302
23.03333 357.1788 329.8268 2.695873
23.03333 357.0977 331.6918 2.737505
23.03333 357.1115 333.7062 2.747755
23.06667 357.0981 335.6863 2.769046
23.06667 357.0814 337.6537 2.769605
23.1 357.0768 339.6264 2.761825
23.1 357.0717 341.5921 2.743472
23.13333 357.0554 343.5591 2.709579
23.13333 357.0229 345.5029 2.696934
23.16667 357.0074 347.4464 2.68801
23.16667 357.0132 349.3512 2.692621
23.16667 356.9872 351.1437 2.674257
23.2 356.9666 353.0738 2.69167
23.2 356.8943 353.8232 2.694249
23.23333 356.7863 353.6275 2.673174
23.23333 356.7102 353.4414 2.64879
23.23333 356.6571 353.2827 2.634313
23.26667 356.6383 353.1122 2.627923
23.26667 356.6255 352.9604 2.640206
23.3 356.6098 352.8188 2.641526
23.3 356.5419 352.6928 2.627273
23.33333 356.4326 352.6057 2.577453
23.33333 356.2711 352.5619 2.483282
23.33333 356.1028 352.5704 2.40464
23.36667 355.8692 352.6197 2.361362
23.36667 355.5308 352.6813 2.373992
23.4 355.1861 352.7332 2.397197
23.4 354.8368 352.802 2.409569
23.4 354.5945 352.8348 2.403129
23.43333 354.3645 352.8914 2.372854
23.43333 354.2196 352.9192 2.317209
23.46667 354.1122 352.9356 2.254802
23.46667 354.0371 352.9588 2.18302
23.5 353.9505 352.9522 2.119948
23.5 353.8383 352.9542 2.070243
23.5 353.7337 352.9201 2.043553
23.53333 353.6266 352.9012 2.010957
23.53333 353.5564 352.8922 1.978414
23.56667 353.4958 352.9055 1.936247
23.56667 353.4448 352.9306 1.905273
23.6 353.3732 352.9451 1.871807
23.6 353.2912 352.9671 1.826338
23.6 353.229 353.0082 1.806416
23.63333 353.168 353.0599 1.817467
23.63333 353.128 353.1091 1.827927
23.66667 353.1129 353.1597 1.839237
23.66667 353.124 353.1807 1.859919
23.66667 353.1416 353.1873 1.890502
23.7 353.1499 353.1943 1.898576
23.7 353.1925 353.2062 1.88527
23.73333 353.2329 353.2192 1.880604
23.73333 353.2602 353.2195 1.863949
23.76667 353.3084 353.2103 1.839839
23.76667 353.3955 353.1968 1.821326
23.76667 353.4849 353.1829 1.822201
23.8 353.5266 353.1666 1.822412
23.8 353.5115 353.14 1.830793
23.83333 353.4736 353.1121 1.844759
23.83333 353.4652 353.088 1.862915
23.83333 353.5127 353.0588 1.868841
23.86667 353.5839 353.0331 1.874795
23.86667 353.6588 353.0105 1.876094
23.9 353.7354 352.9692 1.874341
23.9 353.7765 352.946 1.850511
23.93333 353.7885 352.9301 1.811605
23.93333 353.7898 352.9227 1.788276
23.93333 353.7802 352.9155 1.777778
23.96667 353.7848 352.9026 1.77458
23.96667 353.8136 352.8897 1.790685
24 353.8356 352.8686 1.808044
24 353.8405 352.8447 1.82198
24 353.8258 352.8319 1.824465
24.03333 353.7633 352.7933 1.827885
24.03333 353.7348 352.7749 1.81585
24.06667 353.7224 352.7641 1.800902
24.06667 353.732 352.7422 1.793738
24.1 353.7307 352.7397 1.784315
24.1 353.6914 352.7021 1.790525
24.1 353.644 352.6709 1.793168
24.13333 353.6232 352.6648 1.766806
24.13333 353.6124 352.6727 1.747879
24.16667 353.616 352.6496 1.744029
24.16667 353.6027 352.6328 1.744043
24.2 353.5969 352.592 1.751587
24.2 353.5854 352.5373 1.759426
24.2 353.5654 352.4966 1.731918
24.23333 353.5697 352.458 1.682302
24.23333 353.6076 352.424 1.63754
24.26667 353.6809 352.4016 1.60567
24.26667 353.79 352.3592 1.583822
24.26667 353.8932 352.3204 1.568905
24.3 353.9702 352.2811 1.547524
24.3 354.0442 352.2437 1.48833
24.33333 354.1137 352.231 1.434798
24.33333 354.1853 352.2147 1.403659
24.36667 354.2581 352.228 1.358401
24.36667 354.3372 352.2574 1.315145
24.36667 354.4065 352.2957 1.260553
24.4 354.4503 352.3431 1.210493
24.4 354.4321 352.3932 1.180692
24.43333 354.3852 352.4501 1.14461
24.43333 354.3384 352.498 1.11579
24.43333 354.2946 352.5417 1.089478
24.46667 354.2696 352.5549 1.099566
24.46667 354.2403 352.5698 1.112798
24.5 354.2287 352.5873 1.09436
24.5 354.2302 352.6001 1.069696
24.53333 354.2418 352.6198 1.044152
24.53333 354.2556 352.6502 1.035525
24.53333 354.247 352.6697 1.043475
24.56667 354.2285 352.6921 1.060824
24.56667 354.1938 352.7049 1.085365
24.6 354.1538 352.7087 1.112632
24.6 354.1211 352.7145 1.121844
24.6 354.088 352.7228 1.108312
24.63333 354.0355 352.7932 1.085951
24.63333 353.9768 352.8649 1.086432
24.66667 353.9003 352.9487 1.091047
24.66667 353.8473 353.0021 1.109393
24.7 353.741 353.1028 1.104779
24.7 353.6011 353.2173 1.080676
24.7 353.4765 353.3296 1.056914
24.73333 353.2584 353.5343 1.036713
24.73333 352.9924 353.7487 1.031214
24.76667 352.6729 353.9735 1.056697
24.76667 352.1859 354.2779 1.100167
24.76667 351.7764 354.5622 1.150223
24.8 351.3802 354.8499 1.197469
24.8 351.0075 355.1698 1.256665
24.83333 350.6603 355.5019 1.312321
24.83333 350.2849 355.8595 1.347756
24.86667 349.9471 356.1741 1.35835
24.86667 349.5464 356.4919 1.372303
24.9 349.1363 356.8248 1.386943
24.9 348.8404 357.1088 1.419712
24.9 348.5885 357.3921 1.459353
24.93333 348.346 357.6983 1.498636
24.93333 348.0804 358.0447 1.492308
24.93333 347.8265 358.3467 1.497079
24.96667 347.5694 358.6458 1.527694
24.96667 347.3656 358.9283 1.585654
25 347.218 359.1943 1.653709
25 347.1374 359.3882 1.68156
25.03333 347.0776 359.6264 1.701179
25.03333 347.0596 359.8277 1.744479
25.03333 347.0556 359.9767 1.78237
25.06667 347.0476 0.1372937 1.853016
25.06667 347.0656 0.2583247 1.944775
25.1 347.1179 0.3578606 2.033118
25.1 347.2104 0.4086876 2.109867
25.13333 347.318 0.4496667 2.163808
25.13333 347.3964 0.4784079 2.208011
25.13333 347.3749 0.4793441 2.25714
25.16667 347.2737 0.4857394 2.291613
25.16667 347.164 0.4765113 2.337657
25.2 347.0794 0.4565668 2.387175
25.2 347.009 0.4540069 2.398453
25.2 346.95 0.4800015 2.395132
25.23333 346.8226 0.5206451 2.39748
25.23333 346.6953 0.569488 2.447102
25.26667 346.6036 0.5999556 2.504538
25.26667 346.5352 0.6322083 2.545678
25.3 346.4712 0.6533437 2.5955
25.3 346.3867 0.6944425 2.616112
25.33333 346.2745 0.7491283 2.619976
25.33333 346.1326 0.8163838 2.631566
25.33333 346.0028 0.8840885 2.666529
25.36667 345.9076 0.9474999 2.690712
25.36667 345.8114 1.012059 2.756716
25.4 345.7416 1.074546 2.815778
25.4 345.6575 1.144137 2.869545
25.4 345.5561 1.201489 2.934054
25.43333 345.5002 1.235821 2.990575
25.43333 345.4576 1.262138 3.047716
25.46667 345.3998 1.266661 3.108711
25.46667 345.3582 1.272275 3.178148
25.46667 345.3256 1.279992 3.254814
25.5 345.2986 1.300207 3.317811
25.5 345.2801 1.294951 3.369722
25.53333 345.2843 1.279627 3.422277
25.53333 345.2968 1.225714 3.462748
25.53333 345.3101 1.198482 3.465838
25.56667 345.3618 1.145116 3.457454
25.56667 345.451 1.083181 3.428041
25.6 345.5458 1.024807 3.400917
25.6 345.6936 0.9538649 3.346762
25.63333 345.8353 0.9035081 3.29378
25.63333 345.9023 0.8846465 3.236865
25.63333 345.8957 0.8882315 3.196136
25.66667 345.9069 0.8995437 3.161891
25.66667 345.9484 0.9076467 3.155152
25.7 346.0394 0.90775 3.163079
25.7 346.1042 0.9276552 3.163654
25.7 346.1336 0.9352575 3.162459
25.73333 346.1349 0.9437566 3.160847
25.73333 346.1144 0.9293773 3.189191
25.76667 346.0992 0.8999035 3.21124
25.76667 346.131 0.8744168 3.231386
25.8 346.2014 0.8452203 3.238387
25.8 346.2462 0.8104453 3.227842
25.8 346.2324 0.7993677 3.203453
25.83333 346.1941 0.7706792 3.207134
25.83333 346.1729 0.7339302 3.222024
25.86667 346.1689 0.7152162 3.23146
25.86667 346.1736 0.6783517 3.242486
25.9 346.1904 0.6621297 3.267512
25.9 346.1714 0.647373 3.278239
25.9 346.125 0.6381142 3.26565
25.93333 346.0929 0.6387588 3.294636
25.93333 346.0813 0.629688 3.305866
25.96667 346.0812 0.6154253 3.317294
25.96667 346.0901 0.5857484 3.32795
25.96667 346.0915 0.5776327 3.315063
26 346.0871 0.5776628 3.299889
26 346.0855 0.5780696 3.285787
26.03333 346.1008 0.6001828 3.277311
26.03333 346.1253 0.6176074 3.261175
26.06667 346.1459 0.6602727 3.250137
26.06667 346.1534 0.6777101 3.251719
26.06667 346.1555 0.7002667 3.261984
26.1 346.1374 0.7081116 3.278727
26.1 346.1165 0.7269438 3.278454
26.13333 346.104 0.7430791 3.260781
26.13333 346.0941 0.7631079 3.242326
26.13333 346.0888 0.7918453 3.229483
26.16667 346.0759 0.7962583 3.231159
26.16667 346.0574 0.8042977 3.218689
26.2 346.0385 0.7998326 3.20674
26.2 346.0217 0.8131246 3.193984
26.23333 346.0078 0.8093743 3.189455
26.23333 345.9895 0.8240525 3.165308
26.23333 345.9785 0.8351553 3.150715
26.26667 345.9625 0.8588939 3.110488
26.26667 345.8995 0.8854012 3.114239
26.3 345.8314 0.88778 3.130893
26.3 345.7643 0.8854786 3.149443
26.33333 345.7232 0.8831242 3.150832
26.33333 345.7003 0.9044665 3.124208
26.33333 345.6888 0.9058673 3.099056
26.36667 345.6801 0.9257933 3.080682
26.36667 345.6531 0.9399803 3.089504
26.4 345.6319 0.9541719 3.103393
26.4 345.5962 0.9571572 3.114642
26.4 345.5582 0.9756967 3.099913
26.43333 345.5337 0.9813047 3.09399
26.43333 345.5107 1.003307 3.073418
26.46667 345.5021 1.031625 3.044994
26.46667 345.5023 1.058929 3.044658
26.5 345.4849 1.100634 3.041666
26.5 345.4584 1.119358 3.056069
26.5 345.4387 1.137804 3.079354
26.53333 345.4197 1.132645 3.083109
26.53333 345.4052 1.131553 3.068882
26.56667 345.3995 1.145555 3.042517
26.56667 345.3923 1.155299 3.037054
26.56667 345.3893 1.160173 3.027826
26.6 345.3958 1.154463 3.039101
26.6 345.3787 1.148786 3.031219
26.63333 345.3525 1.135298 2.997677
26.63333 345.3234 1.135021 2.971853
26.66667 345.3099 1.114007 2.972119
26.66667 345.2979 1.110905 2.970145
26.66667 345.2983 1.086958 2.989006
26.7 345.3049 1.089095 2.983592
26.7 345.3123 1.078905 2.977908
26.73333 345.321 1.064652 2.980729
26.73333 345.3321 1.061096 2.976515
26.73333 345.3201 1.056459 2.979669
26.76667 345.3059 1.044775 2.9866
26.76667 345.2802 1.040713 2.988821
26.8 345.2746 1.02877 2.978041
26.8 345.2959 1.035879 2.952307
26.83333 345.311 1.041015 2.951874
26.83333 345.304 1.047333 2.95349
26.83333 345.274 1.031294 2.974676
26.86667 345.2302 0.9990982 2.986984
26.86667 345.2137 0.976504 2.984607
26.9 345.2206 0.9423452 2.98799
26.9 345.2382 0.9129878 2.964669
26.9 345.2466 0.8692381 2.958339
26.93333 345.2376 0.818502 2.956417
26.93333 345.2282 0.775619 2.94999
26.96667 345.2261 0.6933256 2.941632
26.96667 345.2321 0.6141984 2.925721
27 345.2507 0.4662268 2.932191
27 345.2393 0.3342274 2.934109
27 345.2261 0.1477116 2.934685
27.03333 345.2488 359.9584 2.933778
27.03333 345.2611 359.81 2.908384
27.06667 345.3063 359.6358 2.872026
27.06667 345.3471 359.4529 2.831712
27.06667 345.3753 359.2673 2.811979
27.1 345.3788 359.0918 2.795137
27.1 345.3496 358.9165 2.782303
27.13333 345.3348 358.7918 2.773063
27.13333 345.336 358.6674 2.757277
27.16667 345.3458 358.5401 2.741032
27.16667 345.3614 358.4265 2.746493
27.16667 345.3844 358.3084 2.734978
27.2 345.3934 358.1938 2.721589
27.2 345.3921 358.1075 2.70127
27.23333 345.3945 357.9995 2.685668
27.23333 345.4255 357.9022 2.663971
27.23333 345.4675 357.8164 2.660493
27.26667 345.5507 357.6898 2.635088
27.26667 345.6166 357.5767 2.611649
27.3 345.655 357.4518 2.577771
27.3 345.6732 357.3631 2.545211
27.33333 345.6936 357.2729 2.524257
27.33333 345.749 357.194 2.482203
27.33333 345.8231 357.0837 2.450397
27.36667 345.9125 356.9649 2.431876
27.36667 345.9914 356.8499 2.409231
27.4 346.0531 356.7515 2.368749
27.4 346.1065 356.6629 2.314576
27.43333 346.1545 356.5781 2.272937
27.43333 346.2055 356.5151 2.234448
27.43333 346.2824 356.4123 2.200299
27.46667 346.3323 356.3256 2.179471
27.46667 346.3504 356.2463 2.172401
27.5 346.3586 356.1711 2.153128
27.5 346.4013 356.1211 2.139821
27.5 346.4844 356.0882 2.113309
27.53333 346.6055 356.0506 2.073908
27.53333 346.7417 356.0247 2.042269
27.56667 346.83 356.0096 2.018797
27.56667 346.888 355.9987 2.009615
27.6 346.9676 355.9897 2.01106
27.6 347.0616 355.9705 2.005374
27.6 347.1815 355.9519 1.98612
27.63333 347.3208 355.9121 1.960572
27.63333 347.4494 355.8691 1.9151
27.66667 347.5296 355.8008 1.867506
27.66667 347.5829 355.7334 1.830846
27.66667 347.6555 355.6563 1.782229
27.7 347.7492 355.5699 1.738495
27.73333 347.9151 355.4666 1.708468
27.73333 348.0941 355.3268 1.668745
27.73333 348.2365 355.1707 1.633659
27.76667 348.3721 355.0112 1.580652
27.76667 348.7539 354.6076 1.43216
27.76667 348.6167 354.7194 1.464946
27.8 348.7952 354.5178 1.414434
27.8 349.007 354.3142 1.363001
27.83333 349.3083 354.0538 1.312867
27.83333 349.5814 353.8284 1.249969
27.83333 349.8243 353.6433 1.195344
27.86667 350.1949 353.4525 1.128272
27.86667 350.5178 353.3058 1.107836
27.9 350.9728 353.1161 1.100643
27.9 351.319 352.923 1.081989
27.93333 351.4693 352.7382 1.074941
27.93333 351.4906 352.5533 1.074212
27.93333 351.4922 352.4222 1.069337
27.96667 351.5866 352.3206 1.076376
27.96667 351.801 352.2164 1.090962
28 352.0408 352.1397 1.112503
28 352.2055 352.0753 1.125957
28 352.3556 352.0128 1.14301
28.03333 352.4803 351.9653 1.157767
28.03333 352.6133 351.9369 1.166694
28.06667 352.7589 351.9219 1.141086
28.06667 352.8221 351.9173 1.106046
28.1 352.8146 351.9379 1.109475
28.1 352.7866 351.9731 1.104268
28.1 352.8056 352.0263 1.105093
28.13333 352.8758 352.0685 1.124705
28.13333 352.9926 352.1134 1.116105
28.16667 353.0791 352.1395 1.100677
28.16667 353.1281 352.1583 1.086591
28.16667 353.1676 352.1515 1.090487
28.2 353.2304 352.1536 1.091393
28.2 353.3355 352.1156 1.116341
28.23333 353.4675 352.0653 1.147279
28.23333 353.6275 351.9999 1.163656
28.26667 353.7786 351.9066 1.156683
28.26667 353.9255 351.8131 1.134933
28.26667 354.0742 351.7062 1.111134
28.3 354.2165 351.6043 1.111269
28.3 354.3929 351.4537 1.123932
28.33333 354.5766 351.2804 1.168088
28.33333 354.7682 351.1192 1.20889
28.36667 354.9561 350.9475 1.220146
28.36667 355.0916 350.8083 1.224863
28.36667 355.1642 350.7117 1.210074
28.4 355.1952 350.6298 1.194755
28.4 355.2347 350.5092 1.1769
28.43333 355.252 350.4159 1.182167
28.43333 355.2701 350.2939 1.193799
28.43333 355.2799 350.1564 1.191402
28.46667 355.2365 350.037 1.169684
28.46667 355.1484 349.9487 1.149265
28.5 355.057 349.8929 1.109707
28.5 354.9896 349.845 1.081077
28.53333 354.9572 349.7914 1.102
28.53333 354.9307 349.7155 1.121975
28.53333 354.8937 349.6248 1.143855
28.56667 354.8831 349.5589 1.140193
28.56667 354.8732 349.5142 1.094808
28.6 354.8804 349.4899 1.054997
28.6 354.9162 349.4769 1.013586
28.6 354.984 349.4598 0.9566091
28.63333 355.0419 349.4106 0.8968444
28.63333 355.0727 349.363 0.8435507
28.66667 355.0779 349.2997 0.7908519
28.66667 355.0612 349.2586 0.7710105
28.7 355.0888 349.2327 0.7598114
28.7 355.1429 349.1998 0.7378344
28.7 355.2228 349.1685 0.7013727
28.73333 355.3231 349.128 0.6617566
28.73333 355.3846 349.0999 0.6386923
28.76667 355.4118 349.0656 0.6048876
28.76667 355.4427 349.0291 0.5900908
28.76667 355.4698 348.9892 0.6043473
28.8 355.4943 348.9137 0.6447764
28.8 355.5328 348.8226 0.6926036
28.83333 355.5856 348.702 0.7015433
28.83333 355.6414 348.6173 0.6691547
28.86667 355.7205 348.5031 0.6181661
28.86667 355.7942 348.3929 0.5646639
28.86667 355.8665 348.3036 0.5058038
28.9 355.8956 348.1998 0.4427123
28.9 355.9124 348.0822 0.4221781
28.93333 355.9418 348.0046 0.4247692
28.93333 355.9569 347.8954 0.4085475
28.93333 355.9684 347.8069 0.3709033
28.96667 355.9516 347.7172 0.3404126
28.96667 355.9388 347.6025 0.3424093
29 355.9411 347.4529 0.3689647
29 355.9732 347.3271 0.3951255
29.03333 356.0042 347.2157 0.3841547
29.03333 356.0383 347.0934 0.3265058
29.03333 356.046 346.9898 0.290475
29.06667 356.0146 346.8429 0.2800468
29.06667 356.0016 346.6897 0.2787036
29.1 355.9837 346.5352 0.2877019
29.1 355.9959 346.3865 0.3002262
29.13333 355.9781 346.242 0.2998189
29.13333 355.9937 346.1102 0.3041931
29.13333 356.0127 345.9997 0.2998067
29.16667 356.0428 345.876 0.2911896
29.16667 356.1003 345.755 0.2859496
29.2 356.1255 345.644 0.2871687
29.2 356.1108 345.4995 0.3306952
29.2 356.0658 345.3493 0.367043
29.23333 356.0496 345.2095 0.4002349
29.23333 356.0933 345.0985 0.4198185
29.26667 356.163 344.9872 0.3922578
29.26667 356.1511 344.8693 0.3336385
29.3 356.1463 344.756 0.3288354
29.3 356.1434 344.6385 0.3314156
29.3 356.1617 344.5295 0.3519456
29.33333 356.1917 344.4236 0.3435603
29.33333 356.1971 344.3168 0.3162118
29.36667 356.1806 344.1906 0.326289
29.36667 356.1479 344.0601 0.3865496
29.36667 356.1325 343.9744 0.452318
29.4 356.1496 343.8998 0.4865363
29.4 356.1671 343.8271 0.4953037
29.43333 356.2037 343.7584 0.5293391
29.43333 356.2063 343.6621 0.5848732
29.46667 356.2347 343.5987 0.610661
29.46667 356.3057 343.5838 0.5238881
29.46667 356.3312 343.5854 0.4268244
29.5 356.3648 343.5787 0.3978366
29.5 356.36 343.5992 0.4235224
29.53333 356.3472 343.6071 0.4391147
29.53333 356.3654 343.6443 0.4140705
29.53333 356.4262 343.6913 0.3979161
29.56667 356.5003 341.737 0.4039806
29.56667 356.5598 339.8398 0.3324072
29.6 356.5905 337.9436 0.2524172
29.63333 356.583 336.0447 0.2092493
29.63333 356.5947 334.1229 0.2136273
29.66667 356.5782 332.2098 0.183177
29.66667 356.6401 330.5148 0.05768898
29.7 356.6576 328.4687 0.04040864
29.7 356.6915 326.5296 359.871
29.73333 356.6413 324.6238 359.8379
29.76667 356.6001 322.5433 359.9722
29.76667 356.5404 320.5395 359.9051
29.8 356.4373 318.5518 -0.0002442243
29.83333 356.4361 316.4375 0.1910891
29.83333 356.5322 314.3987 0.1567946
29.86667 356.6177 312.3393 0.1219224
29.86667 356.7071 310.1092 0.3838309
29.9 356.7968 307.894 0.5508005
29.93333 356.8057 305.7413 0.7007327
29.96667 356.7 303.6412 0.4289533
30 356.4774 301.3331 0.5405478
30 356.2932 299.0993 0.66182
30.03333 356.0614 296.9787 0.5670482
30.06667 355.2965 294.2111 0.605788
30.1 354.8474 291.7249 0.5040888
30.13333 354.3141 289.1833 0.4171602
30.13333 353.8851 286.6898 0.4309385
30.16667 353.4492 284.3116 0.3826855
30.2 353.0177 281.8883 0.4887071
30.23333 352.7774 279.605 0.4965084
30.26667 352.4975 277.3101 0.4307948
