1.482222 0 270 0
1.734807 0 270 0
1.834807 0 270 0
1.934807 0 270 0
2.034807 0 270 0
2.134807 0 270 0
2.234807 0 270 0
2.334807 0 270 0
2.434807 0 270 0
2.534807 0 270 0
2.634807 0 270 0
2.734807 0 270 0
2.834807 0 270 0
2.934807 0 270 0
3.034807 0 270 0
3.134807 0 270 0
3.234807 0 270 0
3.334807 0 270 0
3.434807 0 270 0
3.534807 0 270 0
3.634807 0 270 0
3.734807 0 270 0
3.834807 0 270 0
3.934807 0 270 0
4.034807 0 270 0
4.134807 0 270 0
4.234807 0 270 0
4.334807 0 270 0
4.434807 0 270 0
4.534807 0 270 0
4.634807 0 270 0
4.734807 0 270 0
4.834807 0 270 0
4.934807 0 270 0
5.034807 0 270 0
5.134807 0 270 0
5.234807 0 270 0
5.334807 0 270 0
5.434807 0.225 281.325 0
5.534807 357.9 307.8 -1.067934E-07
5.634807 355.875 326.85 0
5.734807 355.8 341.85 2.140182E-07
5.834807 357.3 353.475 -6.677519E-08
5.934807 358.8 6.299979 -6.671569E-09
6.034807 359.5501 18.75 1.534172E-07
6.134807 359.5501 22.04998 5.336249E-08
6.234807 359.5501 22.04998 5.336249E-08
6.334807 359.5501 22.04998 5.336249E-08
6.434807 359.5501 22.04998 5.336249E-08
6.534807 359.5501 22.04998 5.336249E-08
6.634807 359.6251 26.09999 6.003225E-08
6.734807 0.1501467 37.72498 7.670648E-08
6.834807 1.800147 44.47499 2.135488E-07
6.934807 2.475148 46.87497 0
7.034807 2.550149 46.94996 0
7.134807 3.00015 49.34992 -3.206046E-07
7.234807 3.000149 50.77491 1.068682E-07
7.334807 3.000149 50.77491 1.068682E-07
7.434807 3.000149 50.77491 1.068682E-07
7.534807 3.000149 50.77491 1.068682E-07
7.634807 3.000149 50.77491 1.068682E-07
7.734807 3.000149 50.77491 1.068682E-07
7.834807 3.000149 50.77491 1.068682E-07
7.934807 3.000149 50.77491 1.068682E-07
8.034807 3.000149 50.77491 1.068682E-07
8.134807 3.000149 50.77491 1.068682E-07
8.234807 3.000149 50.77491 1.068682E-07
8.334806 3.000149 50.77491 1.068682E-07
8.434807 3.000149 50.77491 1.068682E-07
8.534807 3.000149 50.77491 1.068682E-07
8.634807 3.000149 50.77491 1.068682E-07
8.734807 3.000149 50.77491 1.068682E-07
8.834806 3.000149 50.77491 1.068682E-07
8.934807 3.000149 50.77491 1.068682E-07
9.034807 3.000149 50.77491 1.068682E-07
9.134807 3.000149 50.77491 1.068682E-07
9.234807 3.000149 50.77491 1.068682E-07
9.334806 3.000149 50.77491 1.068682E-07
9.434807 3.000149 50.77491 1.068682E-07
9.534807 3.000149 50.77491 1.068682E-07
9.634807 3.000149 50.77491 1.068682E-07
9.734807 3.000149 50.77491 1.068682E-07
9.834806 3.000149 50.77491 1.068682E-07
9.934807 3.000149 50.77491 1.068682E-07
10.03481 3.000149 50.77491 1.068682E-07
10.13481 3.000149 50.77491 1.068682E-07
10.23481 3.000149 50.77491 1.068682E-07
10.33481 3.000149 50.77491 1.068682E-07
10.43481 3.000149 50.77491 1.068682E-07
10.53481 3.000149 50.77491 1.068682E-07
10.63481 3.000149 50.77491 1.068682E-07
10.73481 3.000149 50.77491 1.068682E-07
10.83481 3.000149 50.77491 1.068682E-07
10.93481 3.000149 50.77491 1.068682E-07
11.03481 3.000149 50.77491 1.068682E-07
11.13481 3.000149 50.77491 1.068682E-07
11.23481 3.000149 50.77491 1.068682E-07
11.33481 3.000149 50.77491 1.068682E-07
11.43481 3.000149 50.77491 1.068682E-07
11.53481 3.000149 50.77491 1.068682E-07
11.63481 3.000149 50.77491 1.068682E-07
11.73481 3.000149 50.77491 1.068682E-07
11.83481 3.000149 50.77491 1.068682E-07
11.93481 3.000149 50.77491 1.068682E-07
12.03481 3.000149 50.77491 1.068682E-07
12.13481 3.000149 50.77491 1.068682E-07
12.23481 3.000149 50.77491 1.068682E-07
12.33481 3.000149 50.77491 1.068682E-07
12.43481 3.000149 50.77491 1.068682E-07
12.53481 3.000149 50.77491 1.068682E-07
12.63481 3.000149 50.77491 1.068682E-07
12.73481 3.000149 50.77491 1.068682E-07
12.83481 3.000149 50.77491 1.068682E-07
12.93481 3.000149 50.77491 1.068682E-07
13.03481 3.000149 50.77491 1.068682E-07
13.13481 3.000149 50.77491 1.068682E-07
13.23481 3.000149 50.77491 1.068682E-07
13.33481 3.000149 50.77491 1.068682E-07
13.43481 3.000149 50.77491 1.068682E-07
13.53481 3.000149 50.77491 1.068682E-07
13.63481 3.000149 50.77491 1.068682E-07
13.73481 3.000149 50.77491 1.068682E-07
13.83481 359.7751 49.64995 5.336127E-08
13.93481 0.3751467 47.47495 4.00215E-08
14.03481 0.2251468 42.89996 8.671204E-08
14.13481 0.2251471 41.17495 2.001048E-08
14.23481 0.2251471 41.17495 2.001048E-08
14.33481 0.2251471 41.17495 2.001048E-08
14.43481 0.2251471 41.17495 2.001048E-08
14.53481 0.2251471 41.17495 2.001048E-08
14.63481 0.2251471 41.17495 2.001048E-08
14.73481 0.2251471 41.17495 2.001048E-08
14.83481 0.2251471 41.17495 2.001048E-08
14.93481 0.2251471 41.17495 2.001048E-08
15.03481 0.2251471 41.17495 2.001048E-08
15.13481 0.2251471 41.17495 2.001048E-08
15.23481 0.2251471 41.17495 2.001048E-08
15.33481 0.2251471 41.17495 2.001048E-08
15.43481 0.2251471 41.17495 2.001048E-08
15.53481 0.2251471 41.17495 2.001048E-08
15.63481 0.2251471 41.17495 2.001048E-08
15.73481 0.2251471 41.17495 2.001048E-08
15.83481 0.2251471 41.17495 2.001048E-08
15.93481 0.2251471 41.17495 2.001048E-08
16.03481 0.2251471 41.17495 2.001048E-08
16.13481 0.2251471 41.17495 2.001048E-08
16.23481 0.2251471 41.17495 2.001048E-08
16.33481 0.2251471 41.17495 2.001048E-08
16.43481 0.2251471 41.17495 2.001048E-08
16.53481 0.2251471 41.17495 2.001048E-08
16.63481 0.2251471 41.17495 2.001048E-08
16.73481 0.2251471 41.17495 2.001048E-08
16.83481 0.2251471 41.17495 2.001048E-08
16.93481 0.2251471 41.17495 2.001048E-08
17.03481 358.4251 25.49994 2.402146E-07
17.13481 356.5502 2.174936 7.550903E-07
17.23481 355.0501 339.5999 8.569698E-07
17.33481 355.0501 339.075 9.105302E-07
17.43481 355.0501 339.075 9.105302E-07
17.53481 355.0501 339.075 9.105302E-07
17.63481 353.325 329.85 5.372502E-07
17.73481 351.075 311.55 2.376653E-06
17.83481 348.75 298.425 2.6115E-06
17.93481 347.8499 293.475 4.366684E-06
18.03481 347.8499 293.475 6.113359E-06
18.13481 347.8499 293.475 6.113359E-06
18.23481 347.8499 293.475 6.113359E-06
18.33481 347.8499 293.475 6.113359E-06
18.43481 347.8499 293.475 6.113359E-06
18.53481 347.8499 293.475 6.113359E-06
18.63481 347.8499 293.475 6.113359E-06
18.73481 347.8499 293.475 6.113359E-06
18.83481 347.8499 293.475 6.113359E-06
18.93481 347.8499 293.475 6.113359E-06
19.03481 347.8499 293.475 6.113359E-06
19.13481 348.9749 295.8 5.218966E-06
19.23481 351.4497 310.95 5.827743E-06
19.33481 352.9497 342.6 3.978787E-06
19.43481 354.0747 20.77499 1.931309E-06
19.53481 354.5997 27.675 2.14395E-06
19.63481 354.5997 27.675 2.14395E-06
19.73481 354.5997 27.675 2.14395E-06
19.83481 355.1246 30.14997 2.570622E-06
19.93481 356.0247 44.17499 2.888436E-06
20.03481 356.3247 57.975 3.422133E-06
20.13481 355.8746 75.45 3.637964E-06
20.23481 355.7996 88.35002 3.852329E-06
20.33481 355.7996 98.25003 4.066348E-06
20.43481 356.9246 105.75 3.847522E-06
20.53481 359.0246 110.625 3.78917E-06
20.63481 359.7746 110.85 3.76197E-06
20.73481 359.7746 110.85 3.76197E-06
20.83481 359.7746 110.85 3.76197E-06
20.93481 359.7746 110.85 3.76197E-06
21.03481 359.7746 110.85 3.76197E-06
21.13481 359.7746 110.85 3.76197E-06
21.23481 359.7746 110.85 3.76197E-06
21.33481 359.7746 110.85 3.76197E-06
21.43481 359.8425 105.8505 3.755284E-06
21.53481 0.0325696 91.85178 3.750268E-06
21.63481 0.1954701 79.85287 3.735281E-06
21.73481 0.3447958 68.85387 3.735327E-06
21.83481 0.534847 54.85516 3.668719E-06
21.93481 0.6977478 42.85627 3.655489E-06
22.03481 0.8606482 30.85734 3.615605E-06
22.13481 1.050699 16.85862 3.762573E-06
22.23481 1.2136 4.859708 3.886209E-06
22.33481 1.3765 352.8608 3.97653E-06
22.43481 1.539401 340.8619 4.27041E-06
22.53481 1.702301 328.863 4.190676E-06
22.63481 1.878777 315.8642 4.377943E-06
22.73481 2.041678 303.8653 4.645343E-06
22.83481 2.086778 300.5432 0
22.93481 2.086778 300.5432 0
23.03481 2.086778 300.5432 0
23.13481 2.086778 300.5432 0
23.23481 2.086778 300.5432 0
23.33481 2.086778 300.5432 0
23.43481 2.086778 300.5432 0
23.53481 2.086778 300.5432 0
23.63481 359.9868 282.8433 -5.252708E-08
23.73481 359.9868 259.8932 -5.085956E-08
23.83481 359.9868 259.8932 -5.085956E-08
23.93481 0.06178226 259.3682 -4.669077E-08
24.03481 0.7367827 242.5682 0
24.13481 1.786783 242.4932 -1.067736E-07
24.23481 1.786783 242.4932 -1.067736E-07
24.33481 1.786783 242.4932 -1.067736E-07
24.43481 1.786783 242.4932 -1.067736E-07
24.53481 1.786783 242.4932 -1.067736E-07
24.63481 1.786783 242.4932 -1.067736E-07
24.73481 1.786783 242.4932 -1.067736E-07
24.83481 1.786783 242.4932 -1.067736E-07
24.93481 1.786783 242.4932 -1.067736E-07
25.03481 1.786783 242.4932 -1.067736E-07
25.13481 1.786783 242.4932 -1.067736E-07
25.23481 1.786783 242.4932 -1.067736E-07
25.33481 1.786783 242.4932 -1.067736E-07
25.43481 1.786783 242.4932 -1.067736E-07
25.53481 1.786783 242.4932 -1.067736E-07
25.63481 1.786783 242.4932 -1.067736E-07
25.73481 1.786783 242.4932 -1.067736E-07
25.83481 1.786783 242.4932 -1.067736E-07
25.93481 1.786783 242.4932 -1.067736E-07
26.03481 1.786783 242.4932 -1.067736E-07
26.13481 1.786783 242.4932 -1.067736E-07
26.23481 1.786783 242.4932 -1.067736E-07
26.33481 1.786783 242.4932 -1.067736E-07
26.43481 1.786783 242.4932 -1.067736E-07
26.53481 1.786783 242.4932 -1.067736E-07
26.63481 1.786783 242.4932 -1.067736E-07
26.73481 1.786783 242.4932 -1.067736E-07
26.83481 1.786783 242.4932 -1.067736E-07
26.93481 1.786783 242.4932 -1.067736E-07
27.03481 1.786783 242.4932 -1.067736E-07
27.13481 1.786783 242.4932 -1.067736E-07
27.23481 1.786783 242.4932 -1.067736E-07
27.33481 1.786783 242.4932 -1.067736E-07
27.43481 1.786783 242.4932 -1.067736E-07
27.53481 1.786783 242.4932 -1.067736E-07
27.63481 1.786783 242.4932 -1.067736E-07
27.73481 1.786783 242.4932 -1.067736E-07
27.83481 1.786783 242.4932 -1.067736E-07
27.93481 1.786783 242.4932 -1.067736E-07
28.03481 1.786783 242.4932 -1.067736E-07
28.13481 1.786783 242.4932 -1.067736E-07
28.23481 1.786783 242.4932 -1.067736E-07
28.33481 1.786783 242.4932 -1.067736E-07
28.43481 1.786783 242.4932 -1.067736E-07
28.53481 1.786783 242.4932 -1.067736E-07
28.63481 1.786783 242.4932 -1.067736E-07
28.73481 1.786783 242.4932 -1.067736E-07
28.83481 1.786783 242.4932 -1.067736E-07
28.93481 1.786783 242.4932 -1.067736E-07
29.03481 1.786783 242.4932 -1.067736E-07
29.13481 1.786783 242.4932 -1.067736E-07
29.23481 1.786783 242.4932 -1.067736E-07
29.33481 1.786783 242.4932 -1.067736E-07
29.43481 1.786783 242.4932 -1.067736E-07
29.53481 1.786783 242.4932 -1.067736E-07
29.63481 1.786783 242.4932 -1.067736E-07
29.73481 1.786783 242.4932 -1.067736E-07
29.83481 1.786783 242.4932 -1.067736E-07
29.93481 1.786783 242.4932 -1.067736E-07
30.03481 1.786783 242.4932 -1.067736E-07
30.13481 1.786783 242.4932 -1.067736E-07
30.23481 1.786783 242.4932 -1.067736E-07
30.33481 1.786783 242.4932 -1.067736E-07
30.43481 1.786783 242.4932 -1.067736E-07
30.53481 1.786783 242.4932 -1.067736E-07
30.63481 1.786783 242.4932 -1.067736E-07
30.73481 1.786783 242.4932 -1.067736E-07
30.83481 1.786783 242.4932 -1.067736E-07
30.93481 1.786783 242.4932 -1.067736E-07
31.03481 1.786783 242.4932 -1.067736E-07
31.13481 1.786783 242.4932 -1.067736E-07
31.23481 1.786783 242.4932 -1.067736E-07
31.33481 1.786783 242.4932 -1.067736E-07
31.43481 1.786783 242.4932 -1.067736E-07
31.53481 1.786783 242.4932 -1.067736E-07
31.63481 1.786783 242.4932 -1.067736E-07
31.73481 1.786783 242.4932 -1.067736E-07
31.83481 1.786783 242.4932 -1.067736E-07
31.93481 1.786783 242.4932 -1.067736E-07
32.03481 1.786783 242.4932 -1.067736E-07
32.13481 1.786783 242.4932 -1.067736E-07
32.23481 1.786783 242.4932 -1.067736E-07
32.33481 1.786783 242.4932 -1.067736E-07
32.43481 1.786783 242.4932 -1.067736E-07
32.53481 1.786783 242.4932 -1.067736E-07
32.63481 1.786783 242.4932 -1.067736E-07
32.73481 1.786783 242.4932 -1.067736E-07
32.83481 1.786783 242.4932 -1.067736E-07
32.93481 1.786783 242.4932 -1.067736E-07
33.03481 1.786783 242.4932 -1.067736E-07
33.13481 1.786783 242.4932 -1.067736E-07
33.23481 1.786783 242.4932 -1.067736E-07
33.33481 1.786783 242.4932 -1.067736E-07
33.43481 1.786783 242.4932 -1.067736E-07
33.53481 1.786783 242.4932 -1.067736E-07
33.63481 1.786783 242.4932 -1.067736E-07
33.73481 1.786783 242.4932 -1.067736E-07
33.83481 1.786783 242.4932 -1.067736E-07
33.93481 1.786783 242.4932 -1.067736E-07
34.03481 1.786783 242.4932 -1.067736E-07
34.13481 1.786783 242.4932 -1.067736E-07
34.23481 1.786783 242.4932 -1.067736E-07
34.33481 1.786783 242.4932 -1.067736E-07
34.43481 1.786783 242.4932 -1.067736E-07
34.53481 1.786783 242.4932 -1.067736E-07
34.63481 1.786783 242.4932 -1.067736E-07
34.73481 1.786783 242.4932 -1.067736E-07
34.83481 1.786783 242.4932 -1.067736E-07
34.93481 1.786783 242.4932 -1.067736E-07
35.03481 1.786783 242.4932 -1.067736E-07
35.13481 1.786783 242.4932 -1.067736E-07
35.23481 1.786783 242.4932 -1.067736E-07
35.33481 1.786783 242.4932 -1.067736E-07
35.43481 1.786783 242.4932 -1.067736E-07
35.53481 1.786783 242.4932 -1.067736E-07
35.63481 1.786783 242.4932 -1.067736E-07
35.73481 1.786783 242.4932 -1.067736E-07
35.83481 1.786783 242.4932 -1.067736E-07
35.93481 1.786783 242.4932 -1.067736E-07
36.03481 1.786783 242.4932 -1.067736E-07
36.13481 1.786783 242.4932 -1.067736E-07
36.23481 1.786783 242.4932 -1.067736E-07
36.33481 1.786783 242.4932 -1.067736E-07
36.43481 1.786783 242.4932 -1.067736E-07
36.53481 1.786783 242.4932 -1.067736E-07
36.63481 1.786783 242.4932 -1.067736E-07
36.73481 1.786783 242.4932 -1.067736E-07
36.83481 1.786783 242.4932 -1.067736E-07
36.93481 1.786783 242.4932 -1.067736E-07
37.03481 1.786783 242.4932 -1.067736E-07
37.13481 1.786783 242.4932 -1.067736E-07
37.23481 1.786783 242.4932 -1.067736E-07
37.33481 1.786783 242.4932 -1.067736E-07
37.43481 1.786783 242.4932 -1.067736E-07
37.53481 1.786783 242.4932 -1.067736E-07
37.63481 1.786783 242.4932 -1.067736E-07
37.73481 1.786783 242.4932 -1.067736E-07
37.83481 1.786783 242.4932 -1.067736E-07
37.93481 1.786783 242.4932 -1.067736E-07
38.03481 1.786783 242.4932 -1.067736E-07
38.13481 1.786783 242.4932 -1.067736E-07
38.23481 1.786783 242.4932 -1.067736E-07
38.33481 1.786783 242.4932 -1.067736E-07
38.43481 1.786783 242.4932 -1.067736E-07
38.53481 1.786783 242.4932 -1.067736E-07
38.63481 1.786783 242.4932 -1.067736E-07
38.73481 1.786783 242.4932 -1.067736E-07
38.83481 1.786783 242.4932 -1.067736E-07
38.93481 1.786783 242.4932 -1.067736E-07
39.03481 1.786783 242.4932 -1.067736E-07
39.13481 1.786783 242.4932 -1.067736E-07
39.23481 1.786783 242.4932 -1.067736E-07
39.33481 1.786783 242.4932 -1.067736E-07
39.43481 1.786783 242.4932 -1.067736E-07
39.53481 1.786783 242.4932 -1.067736E-07
39.63481 1.786783 242.4932 -1.067736E-07
39.73481 1.786783 242.4932 -1.067736E-07
39.83481 1.786783 242.4932 -1.067736E-07
39.93481 1.786783 242.4932 -1.067736E-07
40.03481 1.786783 242.4932 -1.067736E-07
40.13481 1.786783 242.4932 -1.067736E-07
40.23481 1.786783 242.4932 -1.067736E-07
40.33481 1.786783 242.4932 -1.067736E-07
40.43481 1.786783 242.4932 -1.067736E-07
40.53481 1.786783 242.4932 -1.067736E-07
40.63481 1.786783 242.4932 -1.067736E-07
40.73481 1.786783 242.4932 -1.067736E-07
40.83481 1.786783 242.4932 -1.067736E-07
40.93481 1.786783 242.4932 -1.067736E-07
41.03481 1.786783 242.4932 -1.067736E-07
41.13481 1.786783 242.4932 -1.067736E-07
41.23481 1.786783 242.4932 -1.067736E-07
41.33481 1.786783 242.4932 -1.067736E-07
41.43481 1.786783 242.4932 -1.067736E-07
41.53481 1.786783 242.4932 -1.067736E-07
41.63481 1.786783 242.4932 -1.067736E-07
41.73481 1.786783 242.4932 -1.067736E-07
41.83481 1.786783 242.4932 -1.067736E-07
41.93481 1.786783 242.4932 -1.067736E-07
42.03481 1.786783 242.4932 -1.067736E-07
42.13481 1.786783 242.4932 -1.067736E-07
42.23481 1.786783 242.4932 -1.067736E-07
42.33481 1.786783 242.4932 -1.067736E-07
42.43481 1.786783 242.4932 -1.067736E-07
42.53481 1.786783 242.4932 -1.067736E-07
42.63481 1.786783 242.4932 -1.067736E-07
42.73481 1.786783 242.4932 -1.067736E-07
42.83481 1.786783 242.4932 -1.067736E-07
42.93481 1.786783 242.4932 -1.067736E-07
43.03481 1.786783 242.4932 -1.067736E-07
43.13481 1.786783 242.4932 -1.067736E-07
43.23481 1.786783 242.4932 -1.067736E-07
43.33481 1.786783 242.4932 -1.067736E-07
43.43481 1.786783 242.4932 -1.067736E-07
43.53481 1.786783 242.4932 -1.067736E-07
43.63481 1.786783 242.4932 -1.067736E-07
43.73481 1.786783 242.4932 -1.067736E-07
43.83481 1.786783 242.4932 -1.067736E-07
43.93481 1.786783 242.4932 -1.067736E-07
44.03481 1.786783 242.4932 -1.067736E-07
44.13481 1.786783 242.4932 -1.067736E-07
44.23481 1.786783 242.4932 -1.067736E-07
44.33481 1.786783 242.4932 -1.067736E-07
44.43481 1.786783 242.4932 -1.067736E-07
44.53481 1.786783 242.4932 -1.067736E-07
44.63481 1.786783 242.4932 -1.067736E-07
44.73481 1.786783 242.4932 -1.067736E-07
44.83481 1.786783 242.4932 -1.067736E-07
44.93481 1.786783 242.4932 -1.067736E-07
45.03481 1.786783 242.4932 -1.067736E-07
45.13481 1.786783 242.4932 -1.067736E-07
45.23481 1.786783 242.4932 -1.067736E-07
45.33481 1.786783 242.4932 -1.067736E-07
45.43481 1.786783 242.4932 -1.067736E-07
45.53481 1.786783 242.4932 -1.067736E-07
45.63481 1.786783 242.4932 -1.067736E-07
45.73481 1.786783 242.4932 -1.067736E-07
45.83481 1.786783 242.4932 -1.067736E-07
45.93481 1.786783 242.4932 -1.067736E-07
46.03481 1.786783 242.4932 -1.067736E-07
46.13481 1.786783 242.4932 -1.067736E-07
46.23481 1.786783 242.4932 -1.067736E-07
46.33481 1.786783 242.4932 -1.067736E-07
46.43481 1.786783 242.4932 -1.067736E-07
46.53481 1.786783 242.4932 -1.067736E-07
46.63481 1.786783 242.4932 -1.067736E-07
46.73481 1.786783 242.4932 -1.067736E-07
46.83481 1.786783 242.4932 -1.067736E-07
46.93481 1.786783 242.4932 -1.067736E-07
47.03481 1.786783 242.4932 -1.067736E-07
47.13481 1.786783 242.4932 -1.067736E-07
47.23481 1.786783 242.4932 -1.067736E-07
47.33481 1.786783 242.4932 -1.067736E-07
47.43481 1.786783 242.4932 -1.067736E-07
47.53481 1.786783 242.4932 -1.067736E-07
47.63481 1.786783 242.4932 -1.067736E-07
47.73481 1.786783 242.4932 -1.067736E-07
47.83481 1.786783 242.4932 -1.067736E-07
47.93481 1.786783 242.4932 -1.067736E-07
48.03481 1.786783 242.4932 -1.067736E-07
48.13481 1.786783 242.4932 -1.067736E-07
48.23481 1.786783 242.4932 -1.067736E-07
48.33481 1.786783 242.4932 -1.067736E-07
48.43481 1.786783 242.4932 -1.067736E-07
48.53481 1.786783 242.4932 -1.067736E-07
48.63481 1.786783 242.4932 -1.067736E-07
48.73481 1.786783 242.4932 -1.067736E-07
48.83481 1.786783 242.4932 -1.067736E-07
48.93481 1.786783 242.4932 -1.067736E-07
49.03481 1.786783 242.4932 -1.067736E-07
49.13481 1.786783 242.4932 -1.067736E-07
49.23481 1.786783 242.4932 -1.067736E-07
49.33481 1.786783 242.4932 -1.067736E-07
49.43481 1.786783 242.4932 -1.067736E-07
49.53481 1.786783 242.4932 -1.067736E-07
49.63481 1.786783 242.4932 -1.067736E-07
49.73481 1.786783 242.4932 -1.067736E-07
49.83481 1.786783 242.4932 -1.067736E-07
49.93481 1.786783 242.4932 -1.067736E-07
50.03481 1.786783 242.4932 -1.067736E-07
50.13481 1.786783 242.4932 -1.067736E-07
50.23481 1.786783 242.4932 -1.067736E-07
50.33481 1.786783 242.4932 -1.067736E-07
50.43481 1.786783 242.4932 -1.067736E-07
50.53481 1.786783 242.4932 -1.067736E-07
50.63481 1.786783 242.4932 -1.067736E-07
50.73481 1.786783 242.4932 -1.067736E-07
50.83481 1.786783 242.4932 -1.067736E-07
50.93481 1.786783 242.4932 -1.067736E-07
51.03481 1.786783 242.4932 -1.067736E-07
51.13481 1.786783 242.4932 -1.067736E-07
51.23481 1.786783 242.4932 -1.067736E-07
51.33481 1.786783 242.4932 -1.067736E-07
51.43481 1.786783 242.4932 -1.067736E-07
51.53481 1.786783 242.4932 -1.067736E-07
51.63481 1.786785 241.668 -1.067736E-07
51.73481 1.786786 240.8428 0
51.83481 1.786789 240.2427 5.338681E-08
51.93481 1.93679 239.5677 1.067827E-07
52.03481 2.386791 237.5426 -1.068144E-07
52.13481 3.286793 234.1676 -2.137951E-07
52.23481 3.736795 232.0675 -6.416944E-07
52.33481 3.736801 231.7675 -1.069491E-06
52.43481 3.736807 231.7675 -1.069491E-06
52.53481 3.73681 231.7675 -1.283389E-06
52.63481 3.73681 231.7675 -1.283389E-06
52.73481 3.73681 231.7675 -1.283389E-06
52.83481 3.73681 231.7675 -1.283389E-06
52.93481 3.73681 231.7675 -1.283389E-06
53.03481 3.73681 231.7675 -1.283389E-06
53.13481 3.73681 231.7675 -1.283389E-06
53.23481 3.73681 231.7675 -1.283389E-06
53.33481 3.73681 231.7675 -1.283389E-06
53.43481 3.736811 231.7675 -1.069491E-06
53.53481 3.736816 231.1674 -1.069491E-06
53.63481 3.736819 225.7673 -6.416944E-07
53.73481 3.736819 224.8673 -9.625415E-07
53.83481 3.736819 224.7173 -6.416944E-07
53.93481 4.261821 218.5672 -4.280705E-07
54.03481 4.411823 217.8172 -9.633499E-07
54.13481 4.411823 217.8172 -9.633499E-07
54.23481 4.411823 217.8172 -9.633499E-07
54.33481 4.411823 217.8172 -9.633499E-07
54.43481 4.411823 217.8172 -9.633499E-07
54.53481 4.411823 217.8172 -9.633499E-07
54.63481 4.411823 217.8172 -9.633499E-07
54.73481 4.411823 217.8172 -9.633499E-07
54.83481 4.411823 217.8172 -9.633499E-07
54.93481 4.411823 217.8172 -9.633499E-07
55.03481 4.411823 217.8172 -9.633499E-07
55.13481 4.411823 217.8172 -9.633499E-07
55.23481 4.411823 217.8172 -9.633499E-07
55.33481 4.411823 217.8172 -9.633499E-07
55.43481 4.411823 217.8172 -9.633499E-07
55.53481 4.411823 217.8172 -9.633499E-07
55.63481 4.411823 217.8172 -9.633499E-07
55.73481 4.411823 217.8172 -9.633499E-07
55.83481 4.411823 217.8172 -9.633499E-07
55.93481 4.411823 217.8172 -9.633499E-07
56.03481 4.411823 217.8172 -9.633499E-07
56.13481 4.411823 217.8172 -9.633499E-07
56.23481 4.411823 217.8172 -9.633499E-07
56.33481 4.411823 217.8172 -9.633499E-07
56.43481 4.411823 217.8172 -9.633499E-07
56.53481 4.411823 217.8172 -9.633499E-07
56.63481 4.411823 217.8172 -9.633499E-07
56.73481 4.411823 217.8172 -9.633499E-07
56.83481 4.411823 217.8172 -9.633499E-07
56.93481 4.411823 217.8172 -9.633499E-07
57.03481 4.411823 217.8172 -9.633499E-07
57.13481 4.411823 217.8172 -9.633499E-07
57.23481 4.411823 217.8172 -9.633499E-07
57.33481 4.411823 217.8172 -9.633499E-07
57.43481 4.411823 217.8172 -9.633499E-07
57.53481 4.411823 217.8172 -9.633499E-07
57.63481 4.411823 217.8172 -9.633499E-07
57.73481 4.411823 217.8172 -9.633499E-07
57.83481 4.411823 217.8172 -9.633499E-07
57.93481 4.411823 217.8172 -9.633499E-07
58.03481 4.411823 217.8172 -9.633499E-07
58.13481 4.411823 217.8172 -9.633499E-07
58.23481 4.411823 217.8172 -9.633499E-07
58.33481 4.411823 217.8172 -9.633499E-07
58.43481 4.411823 217.8172 -9.633499E-07
58.53481 4.411823 217.8172 -9.633499E-07
58.63481 4.411823 217.8172 -9.633499E-07
58.73481 4.411823 217.8172 -9.633499E-07
58.83481 4.411823 217.8172 -9.633499E-07
58.93481 4.411823 217.8172 -9.633499E-07
59.03481 4.411823 217.8172 -9.633499E-07
59.13481 4.411823 217.8172 -9.633499E-07
59.23481 4.411823 217.8172 -9.633499E-07
59.33481 4.411823 217.8172 -9.633499E-07
59.43481 4.411823 217.8172 -9.633499E-07
59.53481 4.411823 217.8172 -9.633499E-07
59.63481 4.411823 217.8172 -9.633499E-07
59.73481 4.411823 217.8172 -9.633499E-07
59.83481 4.411823 217.8172 -9.633499E-07
59.93481 4.411823 217.8172 -9.633499E-07
60.03481 4.411823 217.8172 -9.633499E-07
60.13481 4.411823 217.8172 -9.633499E-07
60.23481 4.411823 217.8172 -9.633499E-07
60.33481 4.411823 217.8172 -9.633499E-07
60.43481 4.411823 217.8172 -9.633499E-07
60.53481 4.411823 217.8172 -9.633499E-07
60.63481 4.411823 217.8172 -9.633499E-07
60.73481 4.411823 217.8172 -9.633499E-07
60.83481 4.411823 217.8172 -9.633499E-07
60.93481 4.411823 217.8172 -9.633499E-07
61.03481 4.411823 217.8172 -9.633499E-07
61.13481 4.411823 217.8172 -9.633499E-07
61.23481 4.411823 217.8172 -9.633499E-07
61.33481 4.411823 217.8172 -9.633499E-07
61.43481 4.411823 217.8172 -9.633499E-07
61.53481 4.411823 217.8172 -9.633499E-07
61.63481 4.411823 217.8172 -9.633499E-07
61.73481 4.411823 217.8172 -9.633499E-07
61.83481 4.411823 217.8172 -9.633499E-07
61.93481 4.411823 217.8172 -9.633499E-07
62.03481 4.411823 217.8172 -9.633499E-07
62.13481 4.411823 217.8172 -9.633499E-07
62.23481 4.411823 217.8172 -9.633499E-07
62.33481 4.411823 217.8172 -9.633499E-07
62.43481 4.411823 217.8172 -9.633499E-07
62.53481 4.411823 217.8172 -9.633499E-07
62.63481 4.411823 217.8172 -9.633499E-07
62.73481 4.411823 217.8172 -9.633499E-07
62.83481 4.411823 217.8172 -9.633499E-07
62.93481 4.411823 217.8172 -9.633499E-07
63.03481 4.411823 217.8172 -9.633499E-07
63.13481 4.411823 217.8172 -9.633499E-07
63.23481 4.411823 217.8172 -9.633499E-07
63.33481 4.411823 217.8172 -9.633499E-07
63.43481 4.411823 217.8172 -9.633499E-07
63.53481 4.411823 217.8172 -9.633499E-07
63.63481 4.411823 217.8172 -9.633499E-07
63.73481 4.411823 217.8172 -9.633499E-07
63.83481 4.411823 217.8172 -9.633499E-07
63.93481 4.411823 217.8172 -9.633499E-07
64.03481 4.411823 217.8172 -9.633499E-07
64.13481 4.411823 217.8172 -9.633499E-07
64.23481 4.411823 217.8172 -9.633499E-07
64.33481 4.411823 217.8172 -9.633499E-07
64.43481 4.411823 217.8172 -9.633499E-07
64.53481 4.411823 217.8172 -9.633499E-07
64.63481 4.411823 217.8172 -9.633499E-07
64.73481 4.411823 217.8172 -9.633499E-07
64.83481 4.411823 217.8172 -9.633499E-07
64.93481 4.411823 217.8172 -9.633499E-07
65.03481 4.411823 217.8172 -9.633499E-07
65.13481 4.411823 217.8172 -9.633499E-07
65.23481 4.411823 217.8172 -9.633499E-07
65.33481 4.411823 217.8172 -9.633499E-07
65.43481 4.411823 217.8172 -9.633499E-07
65.53481 4.411823 217.8172 -9.633499E-07
65.63481 4.411823 217.8172 -9.633499E-07
65.73481 4.411823 217.8172 -9.633499E-07
65.83481 4.411823 217.8172 -9.633499E-07
65.93481 4.411823 217.8172 -9.633499E-07
66.03481 4.411823 217.8172 -9.633499E-07
66.13481 4.411823 217.8172 -9.633499E-07
66.23481 4.411823 217.8172 -9.633499E-07
66.33481 4.411823 217.8172 -9.633499E-07
66.43481 4.411823 217.8172 -9.633499E-07
66.53481 4.411823 217.8172 -9.633499E-07
66.63481 4.411823 217.8172 -9.633499E-07
66.73481 4.411823 217.8172 -9.633499E-07
66.83481 4.411823 217.8172 -9.633499E-07
66.93481 4.411823 217.8172 -9.633499E-07
67.03481 4.411823 217.8172 -9.633499E-07
67.13481 4.411823 217.8172 -9.633499E-07
67.23481 4.411823 217.8172 -9.633499E-07
67.33481 4.411823 217.8172 -9.633499E-07
67.43481 4.411823 217.8172 -9.633499E-07
67.53481 4.411823 217.8172 -9.633499E-07
67.63481 4.411823 217.8172 -9.633499E-07
67.73481 4.411823 217.8172 -9.633499E-07
67.83481 4.411823 217.8172 -9.633499E-07
67.93481 4.411823 217.8172 -9.633499E-07
68.03481 4.411823 217.8172 -9.633499E-07
68.13481 4.411823 217.8172 -9.633499E-07
68.23481 4.411823 217.8172 -9.633499E-07
68.33481 4.411823 217.8172 -9.633499E-07
68.43481 4.411823 217.8172 -9.633499E-07
68.53481 4.411823 217.8172 -9.633499E-07
68.63481 4.411823 217.8172 -9.633499E-07
68.73481 4.411823 217.8172 -9.633499E-07
68.83481 4.411823 217.8172 -9.633499E-07
68.93481 4.411823 217.8172 -9.633499E-07
69.03481 4.411823 217.8172 -9.633499E-07
69.13481 4.411823 217.8172 -9.633499E-07
69.23481 4.411823 217.8172 -9.633499E-07
69.33481 4.411823 217.8172 -9.633499E-07
69.43481 4.411823 217.8172 -9.633499E-07
69.53481 4.411823 217.8172 -9.633499E-07
69.63481 4.411823 217.8172 -9.633499E-07
69.73481 4.411823 217.8172 -9.633499E-07
69.83481 4.411823 217.8172 -9.633499E-07
69.93481 4.411823 217.8172 -9.633499E-07
70.03481 4.411823 217.8172 -9.633499E-07
70.13481 4.411823 217.8172 -9.633499E-07
70.23481 4.411823 217.8172 -9.633499E-07
70.33481 4.411823 217.8172 -9.633499E-07
70.43481 4.411823 217.8172 -9.633499E-07
70.53481 4.411823 217.8172 -9.633499E-07
70.63481 4.411823 217.8172 -9.633499E-07
70.73481 4.411823 217.8172 -9.633499E-07
70.83481 4.411823 217.8172 -9.633499E-07
70.93481 4.411823 217.8172 -9.633499E-07
71.03481 4.411823 217.8172 -9.633499E-07
71.13481 4.411823 217.8172 -9.633499E-07
71.23481 4.411823 217.8172 -9.633499E-07
71.33481 4.411823 217.8172 -9.633499E-07
71.43481 4.411823 217.8172 -9.633499E-07
71.53481 4.411823 217.8172 -9.633499E-07
71.63481 4.411823 217.8172 -9.633499E-07
71.73481 4.411823 217.8172 -9.633499E-07
71.83481 4.411823 217.8172 -9.633499E-07
71.93481 4.411823 217.8172 -9.633499E-07
72.03481 4.411823 217.8172 -9.633499E-07
72.13481 4.411823 217.8172 -9.633499E-07
72.23481 4.411823 217.8172 -9.633499E-07
72.33481 4.411823 217.8172 -9.633499E-07
72.43481 4.411823 217.8172 -9.633499E-07
72.53481 4.411823 217.8172 -9.633499E-07
72.63481 4.411823 217.8172 -9.633499E-07
72.73481 4.411823 217.8172 -9.633499E-07
72.83481 4.411823 217.8172 -9.633499E-07
72.93481 4.411823 217.8172 -9.633499E-07
73.03481 4.411823 217.8172 -9.633499E-07
73.13481 4.411823 217.8172 -9.633499E-07
73.23481 4.411823 217.8172 -9.633499E-07
73.33481 4.411823 217.8172 -9.633499E-07
73.43481 4.411823 217.8172 -9.633499E-07
73.53481 4.411823 217.8172 -9.633499E-07
73.63481 4.411823 217.8172 -9.633499E-07
73.73481 4.411823 217.8172 -9.633499E-07
73.83481 4.411823 217.8172 -9.633499E-07
73.93481 4.411823 217.8172 -9.633499E-07
74.03481 4.411823 217.8172 -9.633499E-07
74.13481 4.411823 217.8172 -9.633499E-07
74.23481 4.411823 217.8172 -9.633499E-07
74.33481 4.411823 217.8172 -9.633499E-07
74.43481 4.411823 217.8172 -9.633499E-07
74.53481 4.486823 218.1922 -1.177547E-06
74.63481 4.486825 219.0174 -9.634481E-07
74.73481 4.786827 220.5924 -9.638571E-07
74.83481 5.611827 222.4673 -1.072357E-06
74.93481 6.36183 224.3423 -1.288596E-06
75.03481 6.43683 224.4173 -1.288785E-06
75.13481 6.43683 224.4173 -1.288785E-06
75.23481 8.011839 224.8674 -1.293284E-06
75.33481 6.886839 225.3924 -1.934952E-06
75.43481 5.086843 228.0174 -1.285724E-06
75.53481 2.686847 233.7174 -1.175231E-06
75.63481 359.3118 236.2674 -1.494212E-06
75.73481 358.7119 236.5674 -1.494481E-06
75.83481 358.1118 236.6425 -1.388136E-06
75.93481 356.6867 237.1675 -1.603506E-06
76.03481 355.7866 237.5425 -1.17712E-06
76.13481 354.8115 237.6926 -1.714572E-06
76.23481 352.9364 237.9176 -1.720606E-06
76.33481 351.7362 237.9926 8.627318E-07
76.43481 351.3611 237.9926 8.635711E-07
76.53481 351.3611 237.9926 8.635711E-07
76.63481 351.3611 237.9926 8.635711E-07
76.73481 351.3611 237.9926 8.635711E-07
76.83481 351.3611 237.9926 8.635711E-07
76.93481 351.3611 237.9926 8.635711E-07
77.03481 351.3611 237.9926 8.635711E-07
77.13481 351.3611 237.9926 8.635711E-07
77.23481 351.2861 238.0676 1.727487E-06
77.33481 344.3861 241.2176 3.102706E-06
77.43481 338.086 244.3676 9.202675E-07
77.53481 336.3609 245.3426 1.863953E-06
77.63481 335.6858 245.6427 0
77.73481 334.9357 246.0177 1.885057E-06
77.83481 334.9357 246.0177 1.885057E-06
77.93481 334.9357 246.0177 1.885057E-06
78.03481 334.9357 246.0177 1.885057E-06
78.13481 334.9357 246.0177 1.885057E-06
78.23481 334.9357 246.0177 1.885057E-06
78.33481 334.9357 246.0177 1.885057E-06
78.43481 334.9357 246.0177 1.885057E-06
78.53481 334.9357 246.0177 1.885057E-06
78.63481 334.9357 246.0177 1.885057E-06
78.73481 334.9357 246.0177 1.885057E-06
78.83481 334.9357 246.0177 1.885057E-06
78.93481 334.9357 246.0177 1.885057E-06
79.03481 334.9357 246.0177 1.885057E-06
79.13481 334.9357 246.0177 1.885057E-06
79.23481 334.9357 246.0177 1.885057E-06
79.33481 334.9357 246.0177 1.885057E-06
79.43481 334.9357 246.0177 1.885057E-06
79.53481 334.9357 246.0177 1.885057E-06
79.63481 334.9357 246.0177 1.885057E-06
79.73481 334.9357 246.0177 1.885057E-06
79.83481 334.9357 246.0177 1.885057E-06
79.93481 334.9357 246.0177 1.885057E-06
80.03481 334.9357 246.0177 1.885057E-06
80.13481 334.9357 246.0177 1.885057E-06
80.23481 334.9357 246.0177 1.885057E-06
80.33481 334.9357 246.0177 1.885057E-06
80.43481 334.9357 246.0177 1.885057E-06
80.53481 334.9357 246.0177 1.885057E-06
80.63481 334.9357 246.0177 1.885057E-06
80.73481 334.9357 246.0177 1.885057E-06
80.83481 334.9357 246.0177 1.885057E-06
80.93481 334.9357 246.0177 1.885057E-06
81.03481 334.9357 246.0177 1.885057E-06
81.13481 334.9357 246.0177 1.885057E-06
81.23481 334.9357 246.0177 1.885057E-06
81.33481 334.9357 246.0177 1.885057E-06
81.43481 334.9357 246.0177 1.885057E-06
81.53481 334.9357 246.0177 1.885057E-06
81.63481 334.9357 246.0177 1.885057E-06
81.73481 334.9357 246.0177 1.885057E-06
81.83481 334.9357 246.0177 1.885057E-06
81.93481 334.9357 246.0177 1.885057E-06
82.03481 334.9357 246.0177 1.885057E-06
82.13481 334.9357 246.0177 1.885057E-06
82.23481 334.9357 246.0177 1.885057E-06
82.33481 334.9357 246.0177 1.885057E-06
82.43481 334.9357 246.0177 1.885057E-06
82.53481 334.9357 246.0177 1.885057E-06
82.63481 334.9357 246.0177 1.885057E-06
82.73481 334.9357 246.0177 1.885057E-06
82.83481 334.9357 246.0177 1.885057E-06
82.93481 334.9357 246.0177 1.885057E-06
83.03481 334.9357 246.0177 1.885057E-06
83.13481 334.9357 246.0177 1.885057E-06
83.23481 334.9357 246.0177 1.885057E-06
83.33481 334.9357 246.0177 1.885057E-06
83.43481 334.9357 246.0177 1.885057E-06
83.53481 334.9357 246.0177 1.885057E-06
83.63481 334.9357 246.0177 1.885057E-06
83.73481 334.9357 246.0177 1.885057E-06
83.83481 334.9357 246.0177 1.885057E-06
83.93481 334.9357 246.0177 1.885057E-06
84.03481 334.9357 246.0177 1.885057E-06
84.13481 334.9357 246.0177 1.885057E-06
84.23481 334.9357 246.0177 1.885057E-06
84.33481 334.9357 246.0177 1.885057E-06
84.43481 334.9357 246.0177 1.885057E-06
84.53481 334.9357 246.0177 1.885057E-06
84.63481 334.9357 246.0177 1.885057E-06
84.73481 334.9357 246.0177 1.885057E-06
84.83481 334.9357 246.0177 1.885057E-06
84.93481 334.9357 246.0177 1.885057E-06
85.03481 334.9357 246.0177 1.885057E-06
85.13481 334.9357 246.0177 1.885057E-06
85.23481 334.9357 246.0177 1.885057E-06
