1.50052 0 270 0
1.768925 0 270 0
1.868925 0 270 0
1.968925 0 270 0
2.068925 0 270 0
2.168925 0 270 0
2.268924 0 270 0
2.368925 0 270 0
2.468925 0 270 0
2.568925 0 270 0
2.668925 0 270 0
2.768924 0 270 0
2.868925 0 270 0
2.968925 0 270 0
3.068925 0 270 0
3.168925 0 270 0
3.268924 0 270 0
3.368925 0 270 0
3.468925 0 270 0
3.568925 0 270 0
3.668925 0 270 0
3.768924 0 270 0
3.868925 0 270 0
3.968925 0 270 0
4.068924 0 270 0
4.168925 0 270 0
4.268925 0 270 0
4.368925 0 270 0
4.468925 0 270 0
4.568924 0 270 0
4.668925 0 270 0
4.768925 0 270 0
4.868925 0 270 0
4.968925 0 270 0
5.068924 0 270 0
5.168925 0 270 0
5.268925 0 270 0
5.368925 0 270 0
5.468925 0 270 0
5.568924 0 270 0
5.668925 0 270 0
5.768925 0 270 0
5.868925 0 270 0
5.968925 0 270 0
6.068924 0 270 0
6.168925 0 270 0
6.268925 0 270.075 0
6.368925 2.925001 291.9 -2.137218E-07
6.468925 7.575006 326.325 6.459675E-07
6.568924 8.775004 349.05 -1.619785E-06
6.668925 9.07501 9.750018 -1.350931E-06
6.768925 8.775013 12.675 -1.079857E-06
6.868925 8.775013 12.675 -1.079857E-06
6.968925 8.775013 12.675 -1.079857E-06
7.068924 8.775012 14.84999 -1.079857E-06
7.168925 9.450013 39.52499 -2.380178E-06
7.268925 10.20002 61.05 -3.469934E-06
7.368925 10.20002 75.15002 -5.204902E-06
7.468925 9.97503 79.50001 -5.634705E-06
7.568924 9.975037 79.50001 -5.634708E-06
7.668925 9.975037 79.50001 -5.634708E-06
7.768925 9.975037 79.50001 -5.634708E-06
7.868925 9.975037 79.50001 -5.634708E-06
7.968925 9.975037 79.50001 -5.634708E-06
8.068925 9.975037 79.50001 -5.634708E-06
8.168924 9.975037 79.50001 -5.634708E-06
8.268925 9.975037 79.50001 -5.634708E-06
8.368925 9.975037 79.50001 -5.634708E-06
8.468925 9.975037 79.50001 -5.634708E-06
8.568925 9.975037 79.50001 -5.634708E-06
8.668924 9.975037 79.50001 -5.634708E-06
8.768925 9.975037 79.50001 -5.634708E-06
8.868925 9.975037 79.50001 -5.634708E-06
8.968925 9.975037 79.50001 -5.634708E-06
9.068925 9.975037 79.50001 -5.634708E-06
9.168924 9.975037 79.50001 -5.634708E-06
9.268925 9.975037 79.50001 -5.634708E-06
9.368925 9.975037 79.50001 -5.634708E-06
9.468925 9.975037 79.50001 -5.634708E-06
9.568925 9.975037 79.50001 -5.634708E-06
9.668924 9.975037 79.50001 -5.634708E-06
9.768925 9.975037 79.50001 -5.634708E-06
9.868925 9.975037 79.50001 -5.634708E-06
9.968925 9.975037 79.50001 -5.634708E-06
10.06892 9.975037 79.50001 -5.634708E-06
10.16892 9.975037 79.50001 -5.634708E-06
10.26892 9.975037 79.50001 -5.634708E-06
10.36893 9.975037 79.50001 -5.634708E-06
10.46892 9.975037 79.50001 -5.634708E-06
10.56892 9.975037 79.50001 -5.634708E-06
10.66892 9.975037 79.50001 -5.634708E-06
10.76892 9.975037 79.50001 -5.634708E-06
10.86893 9.975037 79.50001 -5.634708E-06
10.96892 9.975038 79.50001 -4.767829E-06
11.06892 9.900044 70.12502 -5.633415E-06
11.16892 9.900054 59.85001 -6.933433E-06
11.26892 9.900052 59.77502 -6.066754E-06
11.36893 9.900053 58.50002 -6.066754E-06
11.46892 9.900055 33.60002 -6.066755E-06
11.56892 9.900059 16.35001 -8.016782E-06
11.66892 9.900058 15.52502 -7.583442E-06
11.76892 9.900058 15.52502 -7.583442E-06
11.86893 9.900058 15.52502 -7.583442E-06
11.96892 9.900058 10.72502 -8.233453E-06
12.06892 9.300065 334.8 -7.786309E-06
12.16892 9.525064 317.85 -9.955654E-06
12.26892 9.525064 317.025 -1.017208E-05
12.36893 9.525064 317.025 -1.017208E-05
12.46892 9.525064 317.025 -1.017208E-05
12.56892 9.525064 317.025 -1.017208E-05
12.66892 9.525064 317.025 -1.017208E-05
12.76892 9.525064 317.025 -1.017208E-05
12.86893 9.525064 317.025 -1.017208E-05
12.96892 9.525064 317.025 -1.017208E-05
13.06892 9.525064 317.025 -1.017208E-05
13.16892 9.525064 317.025 -1.017208E-05
13.26892 9.525064 317.025 -1.017208E-05
13.36893 9.525064 317.025 -1.017208E-05
13.46892 9.525064 317.025 -1.017208E-05
13.56892 9.525064 317.025 -1.017208E-05
13.66892 9.525064 317.025 -1.017208E-05
13.76892 9.525064 317.025 -1.017208E-05
13.86893 9.525064 317.025 -1.017208E-05
13.96892 9.525064 317.025 -1.017208E-05
14.06892 9.525064 317.025 -1.017208E-05
14.16892 9.525064 317.025 -1.017208E-05
14.26892 9.525064 317.025 -1.017208E-05
14.36893 9.525064 317.025 -1.017208E-05
14.46892 9.525064 317.025 -1.017208E-05
14.56892 9.525064 317.025 -1.017208E-05
14.66892 9.525064 317.025 -1.017208E-05
14.76892 9.525064 317.025 -1.017208E-05
14.86893 9.525064 317.025 -1.017208E-05
14.96892 9.525064 317.025 -1.017208E-05
15.06892 9.525064 317.025 -1.017208E-05
15.16892 9.525064 317.775 -1.103779E-05
15.26892 9.525067 321.975 -1.19035E-05
15.36893 9.525069 323.55 -1.125421E-05
15.46892 9.525069 323.55 -1.125421E-05
15.56892 9.525069 323.55 -1.125421E-05
15.66892 9.525069 323.55 -1.125421E-05
15.76892 9.525069 323.55 -1.125421E-05
15.86893 9.525069 323.55 -1.125421E-05
15.96892 9.525069 323.55 -1.125421E-05
16.06892 9.525069 323.55 -1.125421E-05
16.16892 9.525069 323.55 -1.125421E-05
16.26892 9.525069 323.55 -1.125421E-05
16.36893 9.525069 323.55 -1.125421E-05
16.46893 9.525069 323.55 -1.125421E-05
16.56892 9.525069 323.55 -1.125421E-05
16.66892 9.525069 323.55 -1.125421E-05
16.76892 9.525069 323.55 -1.125421E-05
16.86893 9.525069 323.55 -1.125421E-05
16.96893 9.525069 323.55 -1.125421E-05
17.06892 9.525069 323.55 -1.125421E-05
17.16892 9.525069 323.55 -1.125421E-05
17.26892 9.525069 323.55 -1.125421E-05
17.36893 9.900071 319.7249 -1.213351E-05
17.46893 9.975077 317.6249 -1.517036E-05
17.56892 9.975075 317.3249 -1.473692E-05
17.66892 9.975075 317.3249 -1.473692E-05
17.76892 9.975075 317.3249 -1.473692E-05
17.86893 9.975075 317.3249 -1.473692E-05
17.96893 9.975075 317.3249 -1.473692E-05
18.06892 9.975075 317.3249 -1.473692E-05
18.16892 9.975075 317.3249 -1.473692E-05
18.26892 9.975075 317.3249 -1.473692E-05
18.36893 9.975075 317.3249 -1.473692E-05
18.46893 9.975075 317.3249 -1.473692E-05
18.56892 9.975075 317.3249 -1.473692E-05
18.66892 9.975075 317.3249 -1.473692E-05
18.76892 9.975075 317.3249 -1.473692E-05
18.86893 9.975075 317.3249 -1.473692E-05
18.96893 9.975075 317.3249 -1.473692E-05
19.06892 9.975075 317.3249 -1.473692E-05
19.16892 9.975075 317.3249 -1.473692E-05
19.26892 9.975075 317.3249 -1.473692E-05
19.36893 9.975075 317.3249 -1.473692E-05
19.46893 9.975075 317.3249 -1.473692E-05
19.56892 9.975075 317.3249 -1.473692E-05
19.66892 9.975075 317.3249 -1.473692E-05
19.76892 9.975075 317.3249 -1.473692E-05
19.86893 9.975075 317.3249 -1.473692E-05
19.96893 9.975075 317.3249 -1.473692E-05
20.06892 9.975075 317.3249 -1.473692E-05
20.16892 9.975075 317.3249 -1.473692E-05
20.26892 9.975075 317.3249 -1.473692E-05
20.36893 9.975075 317.3249 -1.473692E-05
20.46893 9.975075 317.3249 -1.473692E-05
20.56892 9.975075 317.3249 -1.473692E-05
20.66892 9.975075 317.3249 -1.473692E-05
20.76892 9.975075 317.3249 -1.473692E-05
20.86893 9.975075 317.3249 -1.473692E-05
20.96893 9.975075 317.3249 -1.473692E-05
21.06892 9.975075 317.3249 -1.473692E-05
21.16892 9.975075 317.3249 -1.473692E-05
21.26892 9.975075 317.3249 -1.473692E-05
21.36893 9.975075 317.3249 -1.473692E-05
21.46893 9.975075 317.3249 -1.473692E-05
21.56892 9.975075 317.3249 -1.473692E-05
21.66892 9.975075 317.3249 -1.473692E-05
21.76892 9.975075 317.3249 -1.473692E-05
21.86893 9.975075 317.3249 -1.473692E-05
21.96893 9.975075 317.3249 -1.473692E-05
22.06892 9.975075 317.3249 -1.473692E-05
22.16892 9.975075 317.3249 -1.473692E-05
22.26892 9.975075 317.3249 -1.473692E-05
22.36893 9.975075 317.3249 -1.473692E-05
22.46893 9.975075 317.3249 -1.473692E-05
22.56892 9.975075 317.3249 -1.473692E-05
22.66892 9.975075 317.3249 -1.473692E-05
22.76892 9.975075 317.3249 -1.473692E-05
22.86893 9.975075 317.3249 -1.473692E-05
22.96893 9.975075 317.3249 -1.473692E-05
23.06892 9.975075 317.3249 -1.473692E-05
23.16892 9.975075 317.3249 -1.473692E-05
23.26892 9.975075 317.3249 -1.473692E-05
23.36893 9.975075 317.3249 -1.473692E-05
23.46893 9.975075 317.3249 -1.473692E-05
23.56892 9.975075 317.3249 -1.473692E-05
23.66892 9.975075 317.3249 -1.473692E-05
23.76892 9.975075 317.3249 -1.473692E-05
23.86893 9.975075 317.3249 -1.473692E-05
23.96893 9.975075 317.3249 -1.473692E-05
24.06892 9.975075 317.3249 -1.473692E-05
24.16892 9.975075 317.3249 -1.473692E-05
24.26892 9.975075 317.3249 -1.473692E-05
24.36893 9.975075 317.3249 -1.473692E-05
24.46893 9.975075 317.3249 -1.473692E-05
24.56892 9.975075 317.3249 -1.473692E-05
24.66892 9.975075 317.3249 -1.473692E-05
24.76892 9.975075 317.3249 -1.473692E-05
24.86893 9.975075 317.3249 -1.473692E-05
24.96893 9.975075 317.3249 -1.473692E-05
25.06893 9.975075 317.3249 -1.473692E-05
25.16892 9.975075 317.3249 -1.473692E-05
25.26892 9.975075 317.3249 -1.473692E-05
25.36893 9.975075 317.3249 -1.473692E-05
25.46893 9.975075 317.3249 -1.473692E-05
25.56893 9.975075 317.3249 -1.473692E-05
25.66892 9.975075 317.3249 -1.473692E-05
25.76892 9.975075 317.3249 -1.473692E-05
25.86893 9.975075 317.3249 -1.473692E-05
25.96893 9.975075 317.3249 -1.473692E-05
26.06893 9.975075 317.3249 -1.473692E-05
26.16892 9.975075 317.3249 -1.473692E-05
26.26892 9.975075 317.3249 -1.473692E-05
26.36893 9.975075 317.3249 -1.473692E-05
26.46893 9.975075 317.3249 -1.473692E-05
26.56893 9.975075 317.3249 -1.473692E-05
26.66892 9.975075 317.3249 -1.473692E-05
26.76892 9.975075 317.3249 -1.473692E-05
26.86893 9.975075 317.3249 -1.473692E-05
26.96893 9.975075 317.3249 -1.473692E-05
27.06893 9.975075 317.3249 -1.473692E-05
27.16892 9.975075 317.3249 -1.473692E-05
27.26892 9.975075 317.3249 -1.473692E-05
27.36893 9.975075 317.3249 -1.473692E-05
27.46893 9.975075 317.3249 -1.473692E-05
27.56893 9.975075 317.3249 -1.473692E-05
27.66892 9.975075 317.3249 -1.473692E-05
27.76892 9.975075 317.3249 -1.473692E-05
27.86893 9.975075 317.3249 -1.473692E-05
27.96893 9.975075 317.3249 -1.473692E-05
28.06893 9.975075 317.3249 -1.473692E-05
28.16892 9.975075 317.3249 -1.473692E-05
28.26892 9.975075 317.3249 -1.473692E-05
28.36893 9.975075 317.3249 -1.473692E-05
28.46893 9.975075 317.3249 -1.473692E-05
28.56893 9.975075 317.3249 -1.473692E-05
28.66892 9.975075 317.3249 -1.473692E-05
28.76892 9.975075 317.3249 -1.473692E-05
28.86893 9.975075 317.3249 -1.473692E-05
28.96893 9.975075 317.3249 -1.473692E-05
29.06893 9.975075 317.3249 -1.473692E-05
29.16892 9.975075 317.3249 -1.473692E-05
29.26892 9.975075 317.3249 -1.473692E-05
29.36893 9.975075 317.3249 -1.473692E-05
29.46893 9.975075 317.3249 -1.473692E-05
29.56893 9.975075 317.3249 -1.473692E-05
29.66892 9.975075 317.3249 -1.473692E-05
29.76892 9.975075 317.3249 -1.473692E-05
29.86893 9.975075 317.3249 -1.473692E-05
29.96893 9.975075 317.3249 -1.473692E-05
30.06893 9.975075 317.3249 -1.473692E-05
30.16892 9.975075 317.3249 -1.473692E-05
30.26892 9.975075 317.3249 -1.473692E-05
30.36893 9.975075 317.3249 -1.473692E-05
30.46893 9.975075 317.3249 -1.473692E-05
30.56893 9.975075 317.3249 -1.473692E-05
30.66892 9.975075 317.3249 -1.473692E-05
30.76892 9.975075 317.3249 -1.473692E-05
30.86893 9.975075 317.3249 -1.473692E-05
30.96893 9.975075 317.3249 -1.473692E-05
31.06893 9.975075 317.3249 -1.473692E-05
31.16892 9.975075 317.3249 -1.473692E-05
31.26892 9.975075 317.3249 -1.473692E-05
31.36893 9.975075 317.3249 -1.473692E-05
31.46893 9.975075 317.3249 -1.473692E-05
31.56893 9.975075 317.3249 -1.473692E-05
31.66892 9.975075 317.3249 -1.473692E-05
31.76892 9.975075 317.3249 -1.473692E-05
31.86893 9.975075 317.3249 -1.473692E-05
31.96893 9.975075 317.3249 -1.473692E-05
32.06892 9.975075 317.3249 -1.473692E-05
32.16893 9.975075 317.3249 -1.473692E-05
32.26892 9.975075 317.3249 -1.473692E-05
32.36892 9.975075 317.3249 -1.473692E-05
32.46893 9.975075 317.3249 -1.473692E-05
32.56892 9.975075 317.3249 -1.473692E-05
32.66893 9.975075 317.3249 -1.473692E-05
32.76892 9.975075 317.3249 -1.473692E-05
32.86892 9.975075 317.3249 -1.473692E-05
32.96893 9.975075 317.3249 -1.473692E-05
33.06892 9.975075 317.3249 -1.473692E-05
33.16893 9.975075 317.3249 -1.473692E-05
33.26892 9.975075 317.3249 -1.473692E-05
33.36892 9.975075 317.3249 -1.473692E-05
33.46893 9.975075 317.3249 -1.473692E-05
33.56892 9.975075 317.3249 -1.473692E-05
33.66893 9.975075 317.3249 -1.473692E-05
33.76892 9.975075 317.3249 -1.473692E-05
33.86892 9.975075 317.3249 -1.473692E-05
33.96893 9.975075 317.3249 -1.473692E-05
34.06892 9.975075 317.3249 -1.473692E-05
34.16893 9.975075 317.3249 -1.473692E-05
34.26892 9.975075 317.3249 -1.473692E-05
34.36892 9.975075 317.3249 -1.473692E-05
34.46893 9.975075 317.3249 -1.473692E-05
34.56892 9.975075 317.3249 -1.473692E-05
34.66893 9.975075 317.3249 -1.473692E-05
34.76892 9.975075 317.3249 -1.473692E-05
34.86892 9.975075 317.3249 -1.473692E-05
34.96893 9.975075 317.3249 -1.473692E-05
35.06892 9.975075 317.3249 -1.473692E-05
35.16893 9.975075 317.3249 -1.473692E-05
35.26892 9.975075 317.3249 -1.473692E-05
35.36892 9.975075 317.3249 -1.473692E-05
35.46893 9.975075 317.3249 -1.473692E-05
35.56892 9.975075 317.3249 -1.473692E-05
35.66893 9.975075 317.3249 -1.473692E-05
35.76892 9.975075 317.3249 -1.473692E-05
35.86892 9.975075 317.3249 -1.473692E-05
35.96893 9.975075 317.3249 -1.473692E-05
36.06892 9.975075 317.3249 -1.473692E-05
36.16893 9.975075 317.3249 -1.473692E-05
36.26892 9.975075 317.3249 -1.473692E-05
36.36892 9.975075 317.3249 -1.473692E-05
36.46893 9.975075 317.3249 -1.473692E-05
36.56892 9.975075 317.3249 -1.473692E-05
36.66893 9.975075 317.3249 -1.473692E-05
36.76892 9.975075 317.3249 -1.473692E-05
36.86892 9.975075 317.3249 -1.473692E-05
36.96893 9.975075 317.3249 -1.473692E-05
37.06892 9.975075 317.3249 -1.473692E-05
37.16893 9.975075 317.3249 -1.473692E-05
37.26892 9.975075 317.3249 -1.473692E-05
37.36892 9.975075 317.3249 -1.473692E-05
37.46893 9.975075 317.3249 -1.473692E-05
37.56892 9.975075 317.3249 -1.473692E-05
37.66893 9.975075 317.3249 -1.473692E-05
37.76892 9.975075 317.3249 -1.473692E-05
37.86893 9.975075 317.3249 -1.473692E-05
37.96893 9.975075 317.3249 -1.473692E-05
38.06892 9.975075 317.3249 -1.473692E-05
38.16893 9.975075 317.3249 -1.473692E-05
38.26892 9.975075 317.3249 -1.473692E-05
38.36893 9.975075 317.3249 -1.473692E-05
38.46893 9.975075 317.3249 -1.473692E-05
38.56892 9.975075 317.3249 -1.473692E-05
38.66893 9.975075 317.3249 -1.473692E-05
38.76892 9.975075 317.3249 -1.473692E-05
38.86893 9.975075 317.3249 -1.473692E-05
38.96893 9.975075 317.3249 -1.473692E-05
39.06892 9.975075 317.3249 -1.473692E-05
39.16893 9.975075 317.3249 -1.473692E-05
39.26892 9.975075 317.3249 -1.473692E-05
39.36893 9.975075 317.3249 -1.473692E-05
39.46893 9.975075 317.3249 -1.473692E-05
39.56892 9.975075 317.3249 -1.473692E-05
39.66893 9.975075 317.3249 -1.473692E-05
39.76892 9.975075 317.3249 -1.473692E-05
39.86893 9.975075 317.3249 -1.473692E-05
39.96893 9.975075 317.3249 -1.473692E-05
40.06892 9.975075 317.3249 -1.473692E-05
40.16893 9.975075 317.3249 -1.473692E-05
40.26892 9.975075 317.3249 -1.473692E-05
40.36893 9.975075 317.3249 -1.473692E-05
40.46893 9.975075 317.3249 -1.473692E-05
40.56892 9.975075 317.3249 -1.473692E-05
40.66893 9.975075 317.3249 -1.473692E-05
40.76892 9.975075 317.3249 -1.473692E-05
40.86893 9.975075 317.3249 -1.473692E-05
40.96893 9.975075 317.3249 -1.473692E-05
41.06892 9.975075 317.3249 -1.473692E-05
41.16893 9.975075 317.3249 -1.473692E-05
41.26892 9.975075 317.3249 -1.473692E-05
41.36893 9.975075 317.3249 -1.473692E-05
41.46893 9.975075 317.3249 -1.473692E-05
41.56892 9.975075 317.3249 -1.473692E-05
41.66893 9.975075 317.3249 -1.473692E-05
41.76892 9.975075 317.3249 -1.473692E-05
41.86893 9.975075 317.3249 -1.473692E-05
41.96893 9.975075 317.3249 -1.473692E-05
42.06892 9.975075 317.3249 -1.473692E-05
42.16893 9.975075 317.3249 -1.473692E-05
42.26892 9.975075 317.3249 -1.473692E-05
42.36893 9.975075 317.3249 -1.473692E-05
42.46893 9.975075 317.3249 -1.473692E-05
42.56892 9.975075 317.3249 -1.473692E-05
42.66893 9.975075 317.3249 -1.473692E-05
42.76892 9.975075 317.3249 -1.473692E-05
42.86893 9.975075 317.3249 -1.473692E-05
42.96893 9.975075 317.3249 -1.473692E-05
43.06892 9.975075 317.3249 -1.473692E-05
43.16893 9.975075 317.3249 -1.473692E-05
43.26892 9.975075 317.3249 -1.473692E-05
43.36893 9.975075 317.3249 -1.473692E-05
43.46893 9.975075 317.3249 -1.473692E-05
43.56892 9.975075 317.3249 -1.473692E-05
43.66893 9.975075 317.3249 -1.473692E-05
43.76892 9.975075 317.3249 -1.473692E-05
43.86893 9.975075 317.3249 -1.473692E-05
43.96893 9.975075 317.3249 -1.473692E-05
44.06892 9.975075 317.3249 -1.473692E-05
44.16893 9.975075 317.3249 -1.473692E-05
44.26892 9.975075 317.3249 -1.473692E-05
44.36893 9.975075 317.3249 -1.473692E-05
44.46893 9.975075 317.3249 -1.473692E-05
44.56892 9.975075 317.3249 -1.473692E-05
44.66893 9.975075 317.3249 -1.473692E-05
44.76892 9.975075 317.3249 -1.473692E-05
44.86893 9.975075 317.3249 -1.473692E-05
44.96893 9.975075 317.3249 -1.473692E-05
45.06892 9.975075 317.3249 -1.473692E-05
45.16893 9.975075 317.3249 -1.473692E-05
45.26892 9.975075 317.3249 -1.473692E-05
45.36893 9.975075 317.3249 -1.473692E-05
45.46893 9.975075 317.3249 -1.473692E-05
45.56892 9.975075 317.3249 -1.473692E-05
45.66893 9.975075 317.3249 -1.473692E-05
45.76892 9.975075 317.3249 -1.473692E-05
45.86893 9.975075 317.3249 -1.473692E-05
45.96893 9.975075 317.3249 -1.473692E-05
46.06892 9.975075 317.3249 -1.473692E-05
46.16893 9.975075 317.3249 -1.473692E-05
46.26892 9.975075 317.3249 -1.473692E-05
46.36893 9.975075 317.3249 -1.473692E-05
46.46893 9.975075 317.3249 -1.473692E-05
46.56892 9.975075 317.3249 -1.473692E-05
46.66893 9.975075 317.3249 -1.473692E-05
46.76892 9.975075 317.3249 -1.473692E-05
46.86893 9.975075 317.3249 -1.473692E-05
46.96893 9.975075 317.3249 -1.473692E-05
47.06892 9.975075 317.3249 -1.473692E-05
47.16893 9.975075 317.3249 -1.473692E-05
47.26892 9.975075 317.3249 -1.473692E-05
47.36893 9.975075 317.3249 -1.473692E-05
47.46893 9.975075 317.3249 -1.473692E-05
47.56892 9.975075 317.3249 -1.473692E-05
47.66893 9.975075 317.3249 -1.473692E-05
47.76892 9.975075 317.3249 -1.473692E-05
47.86893 9.975075 317.3249 -1.473692E-05
47.96893 9.975075 317.3249 -1.473692E-05
48.06892 9.975075 317.3249 -1.473692E-05
48.16893 9.975075 317.3249 -1.473692E-05
48.26892 9.975075 317.3249 -1.473692E-05
48.36893 9.975075 317.3249 -1.473692E-05
48.46893 9.975075 317.3249 -1.473692E-05
48.56892 14.25008 318.9749 -1.409404E-05
48.66893 17.32509 319.9499 -1.654547E-05
48.76892 18.1501 320.2499 -1.25787E-05
48.86893 18.2251 320.325 -1.168524E-05
48.96893 18.3001 320.3249 -1.258955E-05
49.06892 19.12512 321.075 -1.039198E-05
49.16893 20.55012 322.3499 -1.094155E-05
49.26892 20.70013 322.4999 -1.186502E-05
49.36893 20.70013 322.4999 -1.186502E-05
49.46893 20.70013 322.4999 -1.186502E-05
49.56892 20.70013 322.4999 -1.186502E-05
49.66893 20.70013 322.4999 -1.186502E-05
49.76892 20.70013 322.4999 -1.186502E-05
49.86893 20.70013 322.4999 -1.186502E-05
49.96893 20.70013 322.4999 -1.186502E-05
50.06892 20.70013 322.4999 -1.186502E-05
50.16893 20.70013 324.825 -8.214247E-06
50.26892 20.92514 330.9749 -6.855433E-06
50.36893 21.07516 334.1249 -3.659907E-06
50.46893 21.07517 334.575 5.032374E-06
50.56892 21.07517 334.575 5.032374E-06
50.66893 21.07517 334.575 5.032374E-06
50.76892 21.07517 334.575 5.032374E-06
50.86893 21.07517 334.575 5.032374E-06
50.96893 21.07517 334.575 5.032374E-06
51.06892 21.07517 334.575 5.032374E-06
51.16893 21.07517 334.575 5.032374E-06
51.26892 21.07517 334.575 5.032374E-06
51.36893 21.07517 334.575 5.032374E-06
51.46893 21.07517 334.575 5.032374E-06
51.56892 21.07517 334.575 5.032374E-06
51.66893 21.07517 334.575 5.032374E-06
51.76892 21.07517 334.575 5.032374E-06
51.86893 21.07517 334.575 5.032374E-06
51.96893 21.07517 334.575 5.032374E-06
52.06892 21.07517 334.575 5.032374E-06
52.16893 21.07517 334.575 5.032374E-06
52.26892 21.07517 334.575 5.032374E-06
52.36893 21.07517 334.575 5.032374E-06
52.46893 21.07517 334.575 5.032374E-06
52.56892 21.07517 334.575 5.032374E-06
52.66893 21.07517 334.575 5.032374E-06
52.76892 21.07517 334.575 5.032374E-06
52.86893 21.07517 334.575 5.032374E-06
52.96893 21.07517 334.575 5.032374E-06
53.06892 21.07517 334.575 5.032374E-06
53.16893 21.07517 334.575 5.032374E-06
53.26892 21.07517 334.575 5.032374E-06
53.36893 21.07517 334.575 5.032374E-06
53.46893 21.07517 334.575 5.032374E-06
53.56892 21.07517 334.575 5.032374E-06
53.66893 21.07517 334.575 5.032374E-06
53.76892 21.07517 334.575 5.032374E-06
53.86893 21.07517 334.575 5.032374E-06
53.96893 21.07517 334.575 5.032374E-06
54.06892 21.07517 334.575 5.032374E-06
54.16893 21.07517 334.575 5.032374E-06
54.26892 21.07517 334.575 5.032374E-06
54.36893 21.07517 334.575 5.032374E-06
54.46893 21.07517 334.575 5.032374E-06
54.56892 21.67517 339.75 3.215572E-06
54.66893 23.2502 353.4 1.068623E-05
54.76892 23.70022 359.625 1.295907E-05
54.86893 23.70022 359.625 1.295907E-05
54.96893 23.70022 359.625 1.295907E-05
55.06892 23.70022 359.625 1.295907E-05
55.16893 23.70022 359.625 1.295907E-05
55.26892 23.77523 358.5 1.524789E-05
55.36893 23.77524 348.5251 2.12246E-05
55.46893 23.62526 340.5751 2.422883E-05
55.56892 23.62527 339.9751 2.422882E-05
55.66893 23.62527 339.9751 2.422882E-05
55.76892 23.62527 339.9751 2.422882E-05
55.86893 23.62527 339.9751 2.422882E-05
55.96893 23.62527 339.9751 2.422882E-05
56.06892 23.62527 339.9751 2.422882E-05
56.16893 23.62527 339.9751 2.422882E-05
56.26892 23.62527 339.9751 2.422882E-05
56.36893 23.62527 339.9751 2.422882E-05
56.46893 23.62527 339.9751 2.422882E-05
56.56892 23.62527 339.9751 2.422882E-05
56.66893 23.62526 339.0001 2.422883E-05
56.76892 23.40027 333.9001 2.000117E-05
56.86893 23.2503 331.5751 2.044323E-05
56.96893 23.2503 331.5751 2.044323E-05
57.06892 23.2503 331.5751 2.044323E-05
57.16893 23.2503 331.5751 2.044323E-05
57.26892 23.2503 331.5751 2.044323E-05
57.36893 23.2503 331.5751 2.044323E-05
57.46893 23.2503 331.5751 2.044323E-05
57.56892 23.2503 331.5751 2.044323E-05
57.66893 23.2503 331.5751 2.044323E-05
57.76892 23.2503 331.5751 2.044323E-05
57.86893 23.2503 331.5751 2.044323E-05
57.96893 23.2503 331.5751 2.044323E-05
58.06892 23.2503 331.5751 2.044323E-05
58.16893 23.2503 331.5751 2.044323E-05
58.26892 23.2503 331.5751 2.044323E-05
58.36893 23.2503 331.5751 2.044323E-05
58.46893 23.2503 331.5751 2.044323E-05
58.56892 23.2503 331.5751 2.044323E-05
58.66893 23.2503 331.5751 2.044323E-05
58.76892 23.2503 331.5751 2.044323E-05
58.86893 23.2503 331.5751 2.044323E-05
58.96893 23.2503 331.5751 2.044323E-05
59.06892 23.2503 331.5751 2.044323E-05
59.16893 23.2503 331.5751 2.044323E-05
59.26892 23.2503 331.5751 2.044323E-05
59.36893 23.2503 331.5751 2.044323E-05
59.46893 23.2503 331.5751 2.044323E-05
59.56892 23.2503 331.5751 2.044323E-05
59.66893 23.2503 331.5751 2.044323E-05
59.76892 23.2503 331.5751 2.044323E-05
59.86893 23.2503 331.5751 2.044323E-05
59.96893 23.2503 331.5751 2.044323E-05
60.06892 23.2503 331.5751 2.044323E-05
60.16893 23.2503 331.5751 2.044323E-05
60.26892 23.2503 331.5751 2.044323E-05
60.36893 23.2503 331.5751 2.044323E-05
60.46893 23.2503 331.5751 2.044323E-05
60.56892 23.2503 331.5751 2.044323E-05
60.66893 23.2503 331.5751 2.044323E-05
60.76892 23.2503 331.5751 2.044323E-05
60.86893 23.2503 331.5751 2.044323E-05
60.96893 23.2503 331.5751 2.044323E-05
61.06892 23.2503 331.5751 2.044323E-05
61.16893 23.2503 331.5751 2.044323E-05
61.26892 23.2503 331.5751 2.044323E-05
61.36893 23.2503 331.5751 2.044323E-05
61.46893 23.2503 331.5751 2.044323E-05
61.56892 23.2503 331.5751 2.044323E-05
61.66893 23.2503 331.5751 2.044323E-05
61.76892 23.2503 331.5751 2.044323E-05
61.86893 23.2503 331.5751 2.044323E-05
61.96893 23.2503 331.5751 2.044323E-05
62.06892 23.2503 331.5751 2.044323E-05
62.16893 23.2503 331.5751 2.044323E-05
62.26892 23.2503 331.5751 2.044323E-05
62.36893 23.2503 331.5751 2.044323E-05
62.46893 23.2503 331.5751 2.044323E-05
62.56892 23.2503 331.5751 2.044323E-05
62.66893 23.2503 331.5751 2.044323E-05
62.76892 23.2503 331.5751 2.044323E-05
62.86893 23.2503 331.5751 2.044323E-05
62.96893 23.2503 331.5751 2.044323E-05
63.06892 23.2503 331.5751 2.044323E-05
63.16893 23.2503 331.5751 2.044323E-05
63.26892 23.2503 331.5751 2.044323E-05
63.36893 23.2503 331.5751 2.044323E-05
63.46893 23.2503 331.5751 2.044323E-05
63.56892 23.2503 331.5751 2.044323E-05
63.66893 23.2503 331.5751 2.044323E-05
63.76892 23.2503 331.5751 2.044323E-05
63.86893 23.2503 331.5751 2.044323E-05
63.96893 23.2503 331.5751 2.044323E-05
64.06892 23.2503 331.5751 2.044323E-05
64.16892 23.2503 331.5751 2.044323E-05
64.26893 23.2503 331.5751 2.044323E-05
64.36893 23.2503 331.5751 2.044323E-05
64.46893 23.2503 331.5751 2.044323E-05
64.56892 23.2503 331.5751 2.044323E-05
64.66892 23.2503 331.5751 2.044323E-05
64.76893 23.2503 331.5751 2.044323E-05
64.86893 23.2503 331.5751 2.044323E-05
64.96893 23.2503 331.5751 2.044323E-05
65.06892 23.2503 331.5751 2.044323E-05
65.16892 23.2503 331.5751 2.044323E-05
65.26893 23.2503 331.5751 2.044323E-05
65.36893 23.2503 331.5751 2.044323E-05
65.46893 23.2503 331.5751 2.044323E-05
65.56892 23.2503 331.5751 2.044323E-05
65.66892 23.2503 331.5751 2.044323E-05
65.76893 23.2503 331.5751 2.044323E-05
65.86893 23.2503 331.5751 2.044323E-05
65.96893 23.2503 331.5751 2.044323E-05
66.06892 23.2503 331.5751 2.044323E-05
66.16892 23.2503 331.5751 2.044323E-05
66.26893 23.2503 331.5751 2.044323E-05
66.36893 23.2503 331.5751 2.044323E-05
66.46893 23.2503 331.5751 2.044323E-05
66.56892 23.2503 331.5751 2.044323E-05
66.66892 23.2503 331.5751 2.044323E-05
66.76893 23.2503 331.5751 2.044323E-05
66.86893 23.2503 331.5751 2.044323E-05
66.96893 23.2503 331.5751 2.044323E-05
67.06892 23.2503 331.5751 2.044323E-05
67.16892 23.2503 331.5751 2.044323E-05
67.26893 23.2503 331.5751 2.044323E-05
67.36893 23.2503 331.5751 2.044323E-05
67.46893 23.2503 331.5751 2.044323E-05
67.56892 23.2503 331.5751 2.044323E-05
67.66892 23.2503 331.5751 2.044323E-05
67.76893 23.2503 331.5751 2.044323E-05
67.86893 23.2503 331.5751 2.044323E-05
67.96893 23.2503 331.5751 2.044323E-05
68.06892 23.2503 331.5751 2.044323E-05
68.16892 23.2503 331.5751 2.044323E-05
68.26893 23.2503 331.5751 2.044323E-05
68.36893 23.2503 331.5751 2.044323E-05
68.46893 23.2503 331.5751 2.044323E-05
68.56892 23.2503 331.5751 2.044323E-05
68.66892 23.2503 331.5751 2.044323E-05
68.76893 23.2503 331.5751 2.044323E-05
68.86893 23.2503 331.5751 2.044323E-05
