1.567289 0 270 0
1.831246 0 270 0
1.931246 0 270 0
2.031246 0 270 0
2.131246 0 270 0
2.231246 0 270 0
2.331246 0 270 0
2.431246 0 270 0
2.531246 0 270 0
2.631246 0 270 0
2.731246 0 270 0
2.831246 0 270 0
2.931246 0 270 0
3.031246 0 270 0
3.131246 0 270 0
3.231246 0 270 0
3.331246 0 270 0
3.431246 0 270 0
3.531246 0 270 0
3.631246 0 270 0
3.731246 0 270 0
3.831246 0 270 0
3.931246 0 270 0
4.031246 0 270 0
4.131246 0 270 0
4.231246 0 270 0
4.331246 0 270 0
4.431246 0 270 0
4.531246 0 270 0
4.631246 0 270 0
4.731246 0 270 0
4.831246 0 270 0
4.931246 0 270 0
5.031246 0 270 0
5.131246 0 270 0
5.231246 0 270 0
5.331246 0 270 0
5.431246 0 270 0
5.531246 0 270 0
5.631246 0 270 0
5.731246 0 270 0
5.831246 0 270 0
5.931246 0 270 0
6.031246 0 270 0
6.131246 0 270 0
6.231246 0 270 0
6.331246 0 270 0
6.431246 0 270 0
6.531246 0 270 0
6.631246 0 270 0
6.731246 0 270 0
6.831246 0 270 0
6.931246 0 270 0
7.031246 0 270 0
7.131246 0 270 0
7.231246 0 270 0
7.331246 0 270 0
7.431246 0 270 0
7.531246 0 270 0
7.631246 359.4 271.575 2.668189E-08
7.731246 358.5748 280.425 5.337736E-08
7.831246 358.4998 283.65 -1.067583E-07
7.931246 356.9998 284.25 2.137364E-07
8.031246 356.6998 284.4 3.206969E-07
8.131247 355.1998 286.2 -4.283893E-07
8.231246 353.3248 290.55 -2.149002E-07
8.331246 353.3248 290.55 -2.149002E-07
8.431246 353.3248 290.55 -2.149002E-07
8.531246 353.3248 290.55 -2.149002E-07
8.631247 353.3248 290.55 -2.149002E-07
8.731246 353.3248 290.55 -2.149002E-07
8.831246 353.3248 290.55 -2.149002E-07
8.931246 353.3248 290.55 -2.149002E-07
9.031246 353.3248 290.55 -2.149002E-07
9.131247 352.9497 290.925 2.150696E-07
9.231246 352.5747 292.725 2.152484E-07
9.331246 352.5747 295.875 -8.609938E-07
9.431246 352.5747 299.325 -6.457453E-07
9.531246 352.5747 301.125 -6.457454E-07
9.631247 352.5747 301.275 -1.076242E-06
9.731246 352.5747 301.275 -1.076242E-06
9.831246 353.4747 294.375 -1.933517E-06
9.931246 354.0747 288.525 -1.931309E-06
10.03125 355.1997 275.7 -2.570336E-06
10.13125 355.3498 271.65 -2.56978E-06
10.23125 355.3498 271.65 -2.56978E-06
10.33125 355.3498 271.65 -2.56978E-06
10.43125 355.3498 271.65 -2.56978E-06
10.53125 353.9248 277.875 -2.575787E-06
10.63125 353.0998 292.8 -2.365007E-06
10.73125 353.0998 292.875 -2.580008E-06
10.83125 353.0998 292.875 -2.580008E-06
10.93125 353.0998 292.875 -2.580008E-06
11.03125 353.0998 292.875 -2.580008E-06
11.13125 353.0998 292.875 -2.580008E-06
11.23125 353.0998 292.875 -2.580008E-06
11.33125 353.0998 292.875 -2.580008E-06
11.43125 353.0998 292.875 -2.580008E-06
11.53125 353.0998 292.875 -2.580008E-06
11.63125 353.1458 284.9507 -2.364779E-06
11.73125 352.8677 271.9537 -3.226618E-06
11.83125 352.4375 258.9611 -3.445061E-06
11.93125 351.7972 246.9785 -1.725197E-06
12.03125 350.7112 234.0245 -4.325587E-07
12.13125 349.3948 222.0978 1.085763E-06
12.23125 347.2327 210.3001 1.750835E-06
12.33125 346.3571 206.4308 -8.785627E-07
12.43125 346.3571 206.4308 -8.785627E-07
12.53125 346.3571 206.4308 -8.785627E-07
12.63125 346.3571 206.4308 -8.785627E-07
12.73125 346.3571 206.4308 -8.785627E-07
12.83125 346.3571 206.4308 -8.785627E-07
12.93125 346.3571 206.4308 -8.785627E-07
13.03125 346.3571 206.4308 -8.785627E-07
13.13125 347.0548 217.4132 -4.380192E-07
13.23125 347.9228 230.3841 2.619295E-06
13.33125 349.2859 242.3029 3.475687E-06
13.43125 353.002 256.8091 4.946045E-06
13.53125 359.4099 268.0035 4.589277E-06
13.63125 0.4511395 266.6891 0
13.73125 0.4511395 266.6891 0
13.83125 0.4511395 266.6891 0
13.93125 0.4511395 266.6891 0
14.03125 0.4511395 266.6891 0
14.13125 0.4511395 266.6891 0
14.23125 0.4511395 266.6891 0
14.33125 0.4511395 266.6891 0
14.43125 0.4511395 266.6891 0
14.53125 0.4511395 266.6891 0
14.63125 0.07613951 256.6391 -3.335056E-09
14.73125 359.4011 241.189 2.668189E-08
14.83125 359.4011 239.1639 5.336377E-08
14.93125 359.4011 239.1639 5.336377E-08
15.03125 359.4011 239.1639 5.336377E-08
15.13125 359.4011 239.1639 5.336377E-08
15.23125 359.4011 239.1639 5.336377E-08
15.33125 359.4011 239.1639 5.336377E-08
15.43125 359.4011 239.1639 5.336377E-08
15.53125 359.4011 239.1639 5.336377E-08
15.63125 359.4011 239.1639 5.336377E-08
15.73125 358.801 234.8138 1.067451E-07
15.83125 358.5759 228.3638 3.20264E-07
15.93125 358.5759 228.3638 3.20264E-07
16.03125 358.6509 228.2138 2.135026E-07
16.13125 0.0009662446 225.5888 2.984872E-07
16.23125 0.0009662448 225.5888 2.984612E-07
16.33125 0.0009662448 225.5888 2.984612E-07
16.43125 0.0009662448 225.5888 2.984612E-07
16.53125 0.0009662448 225.5888 2.984612E-07
16.63125 0.0009662448 225.5888 2.984612E-07
16.73125 0.0009662448 225.5888 2.984612E-07
16.83125 0.0009662448 225.5888 2.984612E-07
16.93125 0.0009662448 225.5888 2.984612E-07
17.03125 0.0009662448 225.5888 2.984612E-07
17.13125 0.0009662448 225.5888 2.984612E-07
17.23125 0.0009662448 225.5888 2.984612E-07
17.33125 0.0009662448 225.5888 2.984612E-07
17.43125 0.0009662448 225.5888 2.984612E-07
17.53125 0.0009662448 225.5888 2.984612E-07
17.63125 0.0009662448 225.5888 2.984612E-07
17.73125 0.0009662448 225.5888 2.984612E-07
17.83125 0.0009662448 225.5888 2.984612E-07
17.93125 0.0009662448 225.5888 2.984612E-07
18.03125 0.0009662448 225.5888 2.984612E-07
18.13125 0.0009662448 225.5888 2.984612E-07
18.23125 0.0009662448 225.5888 2.984612E-07
18.33125 0.0009662448 225.5888 2.984612E-07
18.43125 0.0009662448 225.5888 2.984612E-07
18.53125 0.0009662448 225.5888 2.984612E-07
18.63125 0.0009662446 224.6137 2.984873E-07
18.73125 0.5259666 222.4386 2.668155E-07
18.83125 1.950966 219.0636 3.203508E-07
18.93125 3.225969 215.9136 4.275643E-07
19.03125 3.675969 214.4886 4.27767E-07
19.13125 3.675969 214.4886 4.27767E-07
19.23125 3.675969 214.4886 4.27767E-07
19.33125 3.675969 214.4886 4.27767E-07
19.43125 3.675969 214.4886 4.27767E-07
19.53125 3.675969 214.4886 4.27767E-07
19.63125 3.675969 214.4886 4.27767E-07
19.73125 3.675969 214.4886 4.27767E-07
19.83125 3.675969 214.4886 4.27767E-07
19.93125 3.675969 214.4886 4.27767E-07
20.03125 3.675969 214.4886 4.27767E-07
20.13125 3.675969 214.4886 4.27767E-07
20.23125 3.675969 214.4886 4.27767E-07
20.33125 3.675969 214.4886 4.27767E-07
20.43125 3.675969 214.4886 4.27767E-07
20.53125 3.675969 214.4886 4.27767E-07
20.63125 3.675969 214.4886 4.27767E-07
20.73125 3.675969 214.4886 4.27767E-07
20.83125 3.675969 214.4886 4.27767E-07
20.93125 3.675969 214.4886 4.27767E-07
21.03125 3.675969 214.4886 4.27767E-07
21.13125 3.675969 214.4886 4.27767E-07
21.23125 3.675969 214.4886 4.27767E-07
21.33125 3.675969 214.4886 4.27767E-07
21.43125 3.675969 214.4886 4.27767E-07
21.53125 3.675969 214.4886 4.27767E-07
21.63125 3.675969 214.4886 4.27767E-07
21.73125 3.675969 214.4886 4.27767E-07
21.83125 3.675969 214.4886 4.27767E-07
21.93125 3.675969 214.4886 4.27767E-07
22.03125 3.675969 214.4886 4.27767E-07
22.13125 3.675969 214.4886 4.27767E-07
22.23125 3.675969 214.4886 4.27767E-07
22.33125 3.675969 214.4886 4.27767E-07
22.43125 3.675969 214.4886 4.27767E-07
22.53125 3.675969 214.4886 4.27767E-07
22.63125 3.675969 214.4886 4.27767E-07
22.73125 3.675969 214.4886 4.27767E-07
22.83125 3.675969 214.4886 4.27767E-07
22.93125 3.675969 214.4886 4.27767E-07
23.03125 3.675969 214.4886 4.27767E-07
23.13125 3.675969 214.4886 4.27767E-07
23.23125 3.675969 214.4886 4.27767E-07
23.33125 3.60097 215.3136 4.277313E-07
23.43125 3.300971 223.1135 7.482935E-07
23.53125 3.300971 228.7384 8.551925E-07
23.63125 3.300971 228.7384 8.551925E-07
23.73125 3.300971 228.7384 8.551925E-07
23.83125 3.300971 228.7384 8.551925E-07
23.93125 3.300971 228.7384 8.551925E-07
24.03125 3.300971 228.7384 8.551925E-07
24.13125 3.375972 228.0634 7.483507E-07
24.23125 4.125975 213.8884 1.283988E-06
24.33125 4.725976 207.4384 9.637719E-07
24.43125 4.800975 205.9384 7.496823E-07
24.53125 4.800975 205.9384 7.496823E-07
24.63125 4.800975 205.9384 7.496823E-07
24.73125 4.800975 205.9384 7.496823E-07
24.83125 4.800975 205.9384 7.496823E-07
24.93125 4.800975 205.9384 7.496823E-07
25.03125 4.800975 205.9384 7.496823E-07
25.13125 4.800976 202.7134 -2.141949E-07
25.23125 4.800979 195.5133 -1.285169E-06
25.33125 4.800979 192.1382 -1.445816E-06
25.43125 4.800977 191.4632 -3.480668E-06
25.53125 4.800977 191.4632 -3.480668E-06
25.63125 4.800977 191.4632 -3.480668E-06
25.73125 4.800977 191.4632 -3.480668E-06
25.83125 4.800977 191.4632 -3.480668E-06
25.93125 4.800977 191.4632 -3.480668E-06
26.03125 4.800977 191.4632 -3.480668E-06
26.13125 4.800977 191.4632 -3.480668E-06
26.23125 4.800977 191.4632 -3.480668E-06
26.33125 4.800977 191.4632 -3.480668E-06
26.43125 4.800977 191.4632 -3.480668E-06
26.53125 4.800977 191.4632 -3.480668E-06
26.63125 4.800977 191.4632 -3.480668E-06
26.73125 4.800977 191.4632 -3.480668E-06
26.83125 4.800977 191.4632 -3.480668E-06
26.93125 4.800977 191.4632 -3.480668E-06
27.03125 4.800977 191.4632 -3.480668E-06
27.13125 4.800977 191.4632 -3.480668E-06
27.23125 4.800977 191.4632 -3.480668E-06
27.33125 4.800977 191.4632 -3.480668E-06
27.43125 4.800977 191.4632 -3.480668E-06
27.53125 4.800977 191.4632 -3.480668E-06
27.63125 4.800977 191.4632 -3.480668E-06
27.73125 4.800977 191.4632 -3.480668E-06
27.83125 4.800977 191.4632 -3.480668E-06
27.93125 4.800977 191.4632 -3.480668E-06
28.03125 4.800977 191.4632 -3.480668E-06
28.13125 4.800977 191.4632 -3.480668E-06
28.23125 4.800977 191.4632 -3.480668E-06
28.33125 5.025978 190.5632 -3.588976E-06
28.43125 6.82598 184.4132 -3.331991E-06
28.53125 8.250985 172.1131 -4.960546E-06
28.63125 9.075993 161.838 -4.431067E-06
28.73125 9.076 161.763 -3.350319E-06
28.83125 9.076001 161.763 -3.566468E-06
28.93125 9.076001 161.763 -3.566468E-06
29.03125 9.076001 161.763 -3.566468E-06
29.13125 9.076001 161.763 -3.566468E-06
29.23125 9.076001 161.763 -3.566468E-06
29.33125 9.076001 161.763 -3.566468E-06
29.43125 9.076001 161.763 -3.566468E-06
29.53125 9.076001 161.763 -3.566468E-06
29.63125 9.076001 161.763 -3.566468E-06
29.73125 9.076001 161.763 -3.566468E-06
29.83125 9.076001 161.763 -3.566468E-06
29.93125 9.076001 161.763 -3.566468E-06
30.03125 8.251005 164.538 -3.558652E-06
30.13125 7.201016 173.1629 -3.253998E-06
30.23125 7.201018 174.5879 -4.114559E-06
30.33125 7.35102 173.4629 -3.793116E-06
30.43125 9.076019 158.9129 -5.836041E-06
30.53125 9.826026 149.2379 -4.982287E-06
30.63125 9.826027 149.0879 -5.415528E-06
30.73125 9.826027 149.0879 -5.415528E-06
30.83125 9.826027 149.0879 -5.415528E-06
30.93125 9.826027 149.0879 -5.415528E-06
31.03125 9.826027 149.0879 -5.415528E-06
31.13125 9.826027 149.0879 -5.415528E-06
31.23125 9.826027 149.0879 -5.415528E-06
31.33125 9.826027 149.0879 -5.415528E-06
31.43125 9.826027 149.0879 -5.415528E-06
31.53125 9.826027 149.0879 -5.415528E-06
31.63125 9.826027 148.3379 -5.415528E-06
31.73125 10.12603 131.763 -7.371904E-06
31.83125 11.62603 111.138 -9.152397E-06
31.93125 12.07604 105.813 -7.85785E-06
32.03125 12.07604 105.813 -7.85785E-06
32.13125 12.07604 105.813 -7.85785E-06
32.23125 12.07605 106.113 -8.294396E-06
32.33125 11.55106 110.0129 -7.842805E-06
32.43125 11.32606 132.0629 -8.707306E-06
32.53125 11.32607 142.6379 -1.044877E-05
32.63125 11.32607 142.6379 -1.240791E-05
32.73125 11.32607 142.6379 -1.240791E-05
32.83125 11.32607 142.6379 -1.240791E-05
32.93125 11.32607 142.6379 -1.240791E-05
33.03125 11.32607 142.6379 -1.240791E-05
33.13125 11.32607 142.6379 -1.240791E-05
33.23125 11.32607 142.6379 -1.240791E-05
33.33125 10.20108 147.5128 -1.127732E-05
33.43125 9.226085 165.9628 -1.00552E-05
33.53125 9.226086 169.3378 -1.03255E-05
33.63125 9.226086 169.3378 -1.03255E-05
33.73125 9.226086 169.3378 -1.03255E-05
33.83125 9.226086 169.3378 -1.03255E-05
33.93125 9.226086 169.3378 -1.03255E-05
34.03125 9.226086 169.3378 -1.03255E-05
34.13125 9.226086 169.3378 -1.03255E-05
34.23125 9.226086 169.3378 -1.03255E-05
34.33125 9.226086 169.3378 -1.03255E-05
34.43125 9.226085 169.5628 -9.838959E-06
34.53125 9.226085 169.5628 -9.838959E-06
34.63125 9.001089 170.3878 -1.069718E-05
34.73125 8.401093 176.1628 -1.103066E-05
34.83125 8.401098 176.9128 -1.213642E-05
34.93125 8.401098 176.9128 -1.213642E-05
35.03125 8.401098 176.9128 -1.213642E-05
35.13125 8.401098 176.9128 -1.213642E-05
35.23125 8.401098 176.9128 -1.213642E-05
35.33125 8.401098 176.9128 -1.213642E-05
35.43125 8.401098 176.9128 -1.213642E-05
35.53125 8.401098 176.9128 -1.213642E-05
35.63125 8.401098 176.9128 -1.213642E-05
35.73125 8.401098 176.9128 -1.213642E-05
35.83125 8.401098 176.9128 -1.213642E-05
35.93125 8.401098 176.9128 -1.213642E-05
36.03125 8.401098 176.9128 -1.213642E-05
36.13125 8.401098 176.9128 -1.213642E-05
36.23125 8.401098 176.9128 -1.213642E-05
36.33125 8.401098 176.9128 -1.213642E-05
36.43125 8.401098 176.9128 -1.213642E-05
36.53125 8.401098 176.9128 -1.213642E-05
36.63125 8.401098 176.9128 -1.213642E-05
36.73125 8.401098 176.9128 -1.213642E-05
36.83125 8.401098 176.9128 -1.213642E-05
36.93125 8.401098 176.9128 -1.213642E-05
37.03125 8.401098 176.9128 -1.213642E-05
37.13125 8.401098 176.9128 -1.213642E-05
37.23125 8.401098 176.9128 -1.213642E-05
37.33125 8.401098 176.9128 -1.213642E-05
37.43125 8.401098 176.9128 -1.213642E-05
37.53125 8.401098 176.9128 -1.213642E-05
37.63125 8.401098 176.9128 -1.213642E-05
37.73125 8.401098 176.9128 -1.213642E-05
37.83125 8.401098 176.9128 -1.213642E-05
37.93125 8.401096 177.1378 -1.24196E-05
38.03125 8.401097 177.8878 -1.286461E-05
38.13125 6.151101 182.8377 -1.324303E-05
38.23125 6.076098 183.3627 -1.36034E-05
38.33125 6.076098 183.3627 -1.36034E-05
38.43125 4.801101 189.4377 -1.317299E-05
38.53125 4.126106 200.4627 -1.364238E-05
38.63125 3.826108 212.3876 -1.443961E-05
38.73125 3.826112 221.8376 -1.347697E-05
38.83125 3.751115 228.5875 -1.39036E-05
38.93125 3.751115 228.5875 -1.39036E-05
39.03125 3.751115 228.5875 -1.39036E-05
39.13125 3.751115 228.5875 -1.39036E-05
39.23125 3.751115 228.5875 -1.39036E-05
39.33125 3.751115 228.5875 -1.39036E-05
39.43125 3.751115 228.5875 -1.39036E-05
39.53125 3.751115 228.5875 -1.39036E-05
39.63125 3.751115 228.5875 -1.39036E-05
39.73125 3.751115 228.5875 -1.39036E-05
39.83125 3.751115 228.5875 -1.39036E-05
39.93125 3.751115 228.5875 -1.39036E-05
40.03125 3.751115 228.5875 -1.39036E-05
40.13125 3.751115 228.5875 -1.39036E-05
40.23125 3.751115 228.5875 -1.39036E-05
40.33125 3.751115 228.5875 -1.39036E-05
40.43125 3.751115 228.5875 -1.39036E-05
40.53125 3.751115 228.5875 -1.39036E-05
40.63125 3.751115 228.5875 -1.39036E-05
40.73125 3.751115 228.5875 -1.39036E-05
40.83125 3.751114 228.0625 -1.401056E-05
40.93125 5.026116 213.5875 -1.532011E-05
41.03125 5.476118 198.4374 -1.592084E-05
41.13125 5.476122 197.3124 -1.586723E-05
41.23125 5.476122 197.3124 -1.613526E-05
41.33125 5.476122 197.3124 -1.613526E-05
41.43125 5.476122 197.3124 -1.613526E-05
41.53125 5.476122 197.3124 -1.613526E-05
41.63125 5.476122 197.3124 -1.613526E-05
41.73125 5.476122 197.3124 -1.613526E-05
41.83125 5.476122 197.3124 -1.613526E-05
41.93125 5.006414 201.2618 -1.681948E-05
42.03125 1.544328 214.827 -1.758879E-05
42.13125 358.1116 228.3996 -1.756526E-05
42.23125 354.6608 241.9676 -1.800737E-05
42.33125 351.0401 255.4914 -1.815073E-05
42.43125 347.344 268.9948 -1.706317E-05
42.53125 347.0053 270.2247 -4.381062E-07
42.63125 347.0053 270.2247 -4.381062E-07
42.73125 347.0053 270.2247 -4.381062E-07
42.83125 347.0053 270.2247 -4.381062E-07
42.93125 347.0053 270.2247 -4.381062E-07
43.03125 347.0053 270.2247 -4.381062E-07
43.13125 347.0053 270.2247 -4.381062E-07
43.23125 347.0053 274.2747 0
43.33125 347.0053 286.7247 -4.381064E-07
43.43125 347.0053 301.1997 -1.752425E-06
43.53125 347.0053 320.4747 -4.381063E-07
43.63125 347.1554 324.0747 0
43.73125 347.1554 324.0747 0
43.83125 347.1554 324.0747 0
43.93125 347.1554 324.0747 0
44.03125 347.1554 324.0747 0
44.13125 347.1554 324.0747 0
44.23125 347.1554 324.0747 0
44.33125 347.1554 324.0747 0
44.43125 346.5552 327.3747 -8.778309E-07
44.53125 346.3302 338.7747 -2.855654E-06
44.63125 346.3302 340.5747 -5.491642E-06
44.73125 345.7301 343.5747 -6.386924E-06
44.83125 345.3551 348.4497 -6.728628E-06
44.93125 345.3551 348.4497 -6.728628E-06
45.03125 345.4301 346.8748 -5.733923E-06
45.13125 347.2302 326.8498 -5.25256E-06
45.23125 347.8302 318.5248 -7.860614E-06
45.33125 347.8302 318.5248 -7.860614E-06
45.43125 347.8302 318.5248 -7.860614E-06
45.53125 347.8302 318.5248 -7.860614E-06
45.63125 347.8302 318.5248 -7.860614E-06
45.73125 347.8302 318.5248 -7.860614E-06
45.83125 347.8302 318.5248 -7.860614E-06
45.93125 347.8302 318.5248 -7.860614E-06
46.03125 347.8302 318.5248 -7.860614E-06
46.13125 347.8302 318.5248 -7.860614E-06
46.23125 347.8302 318.5248 -7.860614E-06
46.33125 348.2052 313.2748 -1.177455E-05
46.43125 349.1802 292.1248 -1.260378E-05
46.53125 349.3302 286.2748 -1.085993E-05
46.63125 349.3302 286.2748 -9.991138E-06
46.73125 349.3302 286.2748 -9.991138E-06
46.83125 349.3302 286.2748 -9.991138E-06
46.93125 349.3302 286.2748 -9.991138E-06
47.03125 349.3302 286.2748 -9.991138E-06
47.13125 349.3302 286.2748 -9.991138E-06
47.23125 349.3302 286.2748 -9.991138E-06
47.33125 349.3302 286.2748 -9.991138E-06
47.43125 349.3302 286.2748 -9.991138E-06
47.53125 349.3302 286.2748 -9.991138E-06
47.63125 349.3302 286.2748 -9.991138E-06
47.73125 349.3302 286.2748 -9.991138E-06
47.83125 349.1802 286.7998 -8.692264E-06
47.93125 349.1802 286.4248 -9.561491E-06
48.03125 350.0052 269.9248 -9.969703E-06
48.13125 350.0052 256.1248 -8.669306E-06
48.23125 350.0052 251.9997 -9.969703E-06
48.33125 350.0052 251.9997 -1.040317E-05
48.43125 350.0052 251.9997 -1.040317E-05
48.53125 350.0052 251.9997 -1.040317E-05
48.63125 350.0052 251.9997 -1.040317E-05
48.73125 350.0052 252.6747 -1.040317E-05
48.83125 349.6301 256.2747 -8.679505E-06
48.93125 349.6301 256.2747 -8.245531E-06
49.03125 349.6301 256.2747 -8.245531E-06
49.13125 349.6301 256.2747 -8.245531E-06
49.23125 349.6301 256.2747 -8.245531E-06
49.33125 349.6301 256.2747 -8.245531E-06
49.43125 349.6301 256.2747 -8.245531E-06
49.53125 349.6301 256.2747 -8.245531E-06
49.63125 350.0051 252.5247 -8.235842E-06
49.73125 351.5801 231.1497 -9.062298E-06
49.83125 352.0302 225.2247 -8.83653E-06
49.93125 352.3302 221.4747 -9.476287E-06
50.03125 352.3302 221.2497 -9.476287E-06
50.13125 352.3302 221.2497 -9.476287E-06
50.23125 352.3302 221.2497 -9.476287E-06
50.33125 351.1302 212.3997 -9.073126E-06
50.43125 350.5301 192.7496 -8.114712E-06
50.53125 350.9802 184.4996 -1.056266E-05
50.63125 350.9802 184.4996 -1.056266E-05
50.73125 350.9802 184.4996 -1.056266E-05
50.83125 350.9802 184.4996 -1.056266E-05
50.93125 350.9802 184.4996 -1.056266E-05
51.03125 350.9802 184.4996 -1.056266E-05
51.13125 349.6054 192.3807 -8.571689E-06
51.23125 347.1996 206.1726 -5.909844E-06
51.33125 344.7937 219.9645 -7.962758E-06
51.43125 342.5597 232.7713 -8.949132E-06
51.53125 339.9821 247.5483 -9.995375E-06
51.63125 337.5961 261.3436 -1.292869E-05
51.73125 335.9475 270.9094 1.869907E-06
51.83125 335.9475 270.9094 1.869907E-06
51.93125 335.9475 270.9094 1.869907E-06
52.03125 335.9475 270.9094 1.869907E-06
52.13125 335.9475 270.9094 1.869907E-06
52.23125 335.9475 270.9094 1.869907E-06
52.33125 335.9475 270.9094 1.869907E-06
52.43125 335.9475 270.9094 1.869907E-06
52.53125 335.9475 270.9094 1.869907E-06
52.63125 335.9475 270.9094 1.869907E-06
52.73125 335.9475 270.9094 1.869907E-06
52.83125 335.9475 270.9094 1.869907E-06
52.93125 335.9475 270.9094 1.869907E-06
53.03125 335.9475 270.9094 1.869907E-06
53.13125 335.9475 270.9094 1.869907E-06
53.23125 335.9475 270.9094 1.869907E-06
53.33125 335.9475 270.9094 1.869907E-06
53.43125 335.9475 270.9094 1.869907E-06
53.53125 335.9475 270.9094 1.869907E-06
53.63125 335.9475 270.9094 1.869907E-06
53.73125 335.9475 270.9094 1.869907E-06
53.83125 335.9475 270.9094 1.869907E-06
53.93125 335.9475 270.9094 1.869907E-06
54.03125 335.9475 270.9094 1.869907E-06
54.13125 335.9475 270.9094 1.869907E-06
54.23125 335.9475 270.9094 1.869907E-06
54.33125 335.9475 270.9094 1.869907E-06
54.43125 335.9475 270.9094 1.869907E-06
54.53125 335.9475 270.9094 1.869907E-06
54.63125 335.9475 270.9094 1.869907E-06
54.73125 335.9475 270.9094 1.869907E-06
54.83125 335.9475 270.9094 1.869907E-06
54.93125 335.9475 270.9094 1.869907E-06
55.03125 335.9475 270.9094 1.869907E-06
55.13125 335.9475 270.9094 1.869907E-06
55.23125 335.9475 270.9094 1.869907E-06
55.33125 335.9475 270.9094 1.869907E-06
55.43125 335.9475 270.9094 1.869907E-06
55.53125 335.9475 270.9094 1.869907E-06
55.63125 335.9475 270.9094 1.869907E-06
55.73125 335.9475 270.9094 1.869907E-06
55.83125 335.9475 270.9094 1.869907E-06
55.93125 335.9475 270.9094 1.869907E-06
56.03125 335.9475 270.9094 1.869907E-06
56.13125 335.9475 270.9094 1.869907E-06
56.23125 335.9475 270.9094 1.869907E-06
56.33125 335.9475 270.9094 1.869907E-06
56.43125 335.9475 270.9094 1.869907E-06
56.53125 335.9475 270.9094 1.869907E-06
56.63125 335.9475 270.9094 1.869907E-06
56.73125 335.9475 270.9094 1.869907E-06
56.83125 335.9475 270.9094 1.869907E-06
56.93125 335.9475 270.9094 1.869907E-06
57.03125 335.9475 270.9094 1.869907E-06
57.13125 335.9475 270.9094 1.869907E-06
57.23125 335.9475 270.9094 1.869907E-06
57.33125 335.9475 270.9094 1.869907E-06
57.43125 335.9475 270.9094 1.869907E-06
57.53125 335.9475 270.9094 1.869907E-06
57.63125 335.9475 270.9094 1.869907E-06
57.73125 335.9475 270.9094 1.869907E-06
57.83125 335.9475 270.9094 1.869907E-06
57.93125 335.9475 270.9094 1.869907E-06
58.03125 335.9475 270.9094 1.869907E-06
58.13125 335.9475 270.9094 1.869907E-06
58.23125 335.9475 270.9094 1.869907E-06
58.33125 335.9475 270.9094 1.869907E-06
58.43125 335.9475 270.9094 1.869907E-06
58.53125 335.9475 270.9094 1.869907E-06
58.63125 335.9475 270.9094 1.869907E-06
58.73125 335.9475 270.9094 1.869907E-06
58.83125 335.9475 270.9094 1.869907E-06
58.93125 335.9475 270.9094 1.869907E-06
59.03125 335.9475 270.9094 1.869907E-06
59.13125 335.9475 270.9094 1.869907E-06
59.23125 335.9475 270.9094 1.869907E-06
59.33125 335.9475 270.9094 1.869907E-06
59.43125 335.9475 270.9094 1.869907E-06
59.53125 335.9475 270.9094 1.869907E-06
59.63125 335.9475 270.9094 1.869907E-06
59.73125 335.9475 270.9094 1.869907E-06
59.83125 335.9475 270.9094 1.869907E-06
59.93125 335.9475 270.9094 1.869907E-06
60.03125 335.9475 270.9094 1.869907E-06
60.13125 335.9475 270.9094 1.869907E-06
60.23125 335.9475 270.9094 1.869907E-06
60.33125 335.9475 270.9094 1.869907E-06
60.43125 335.9475 270.9094 1.869907E-06
60.53125 335.9475 270.9094 1.869907E-06
60.63125 335.9475 270.9094 1.869907E-06
60.73125 335.9475 270.9094 1.869907E-06
60.83125 335.9475 270.9094 1.869907E-06
60.93125 335.9475 270.9094 1.869907E-06
61.03125 335.9475 270.9094 1.869907E-06
61.13125 335.9475 270.9094 1.869907E-06
61.23125 335.9475 270.9094 1.869907E-06
61.33125 335.9475 270.9094 1.869907E-06
