-0.03333334 0 270 0
0 0 270 0
0.03333334 0 270 0
0.03333334 0 270 0
0.03333334 0 270 0
0.06666667 0 270 0
0.06666667 0 270 0
0.06666667 0 270 0
0.06666667 0 270 0
0.06666667 0 270 0
0.1 0 270 0
0.1 0 270 0
0.1 0 270 0
0.1 0 270 0
0.1 0 270 0
0.1333333 0 270 0
0.1333333 0 270 0
0.1333333 0 270 0
0.1333333 0 270 0
0.1666667 0 270 0
0.1666667 0 270 0
0.1666667 0 270 0
0.1666667 0 270 0
0.1666667 0 270 0
0.2 0 270 0
0.2 0 270 0
0.2 0 270 0
0.2 0 270 0
0.2333333 0 270 0
0.2333333 0 270 0
0.2333333 0 270 0
0.2333333 0 270 0
0.2333333 0 270 0
0.2666667 0 270 0
0.2666667 0 270 0
0.2666667 0 270 0
0.2666667 0 270 0
0.3 0 270 0
0.3 0 270 0
0.3 0 270 0
0.3 0 270 0
0.3 0 270 0
0.3333333 0 270 0
0.3333333 0 270 0
0.3333333 0 270 0
0.3333333 0 270 0
0.3333333 0 270 0
0.3666667 0 270 0
0.3666667 0 270 0
0.3666667 0 270 0
0.3666667 0 270 0
0.4 0 270 0
0.4 0 270 0
0.4 0 270 0
0.4 0 270 0
0.4 0 270 0
0.4333333 0 270 0
0.4333333 0 270 0
0.4333333 0 270 0
0.4333333 0 270 0
0.4666667 359.85 270.15 -6.67013E-09
0.4666667 359.7 270.3 -1.334039E-08
0.4666667 359.475 270.6 2.668154E-08
0.4666667 359.175 271.05 0
0.5 358.725 271.8 0
0.5 358.275 273 5.338504E-08
0.5 357.675 274.65 0
0.5 357.15 276.975 0
0.5333334 356.625 279.825 3.207214E-07
0.5333334 356.1 283.125 0
0.5333334 355.5 286.5 -2.141034E-07
0.5333334 354.9 289.875 4.285836E-07
0.5666667 354.3 292.95 2.14504E-07
0.5666667 353.775 295.95 4.294188E-07
0.5666667 353.325 298.725 -2.149001E-07
0.5666667 352.95 301.5 -4.301389E-07
0.6 352.8 304.05 0
0.6 352.65 306.75 0
0.6 352.575 309.6 2.152483E-07
0.6 352.575 311.625 2.152483E-07
0.6333333 352.575 314.25 0
0.6333333 352.575 316.575 0
0.6333333 352.7249 318.9 0
0.6333333 352.8749 321.375 4.30209E-07
0.6333333 353.0248 323.325 0
0.6666667 353.2498 325.65 0
0.6666667 353.3998 328.2 -2.148675E-07
0.6666667 353.5498 330.675 1.074016E-07
0.6666667 353.7748 333 -1.073547E-07
0.7 353.8499 335.625 0
0.7 353.9998 337.8 0
0.7 354.0749 340.05 -3.218848E-07
0.7 354.2249 342.225 -4.826977E-07
0.7333333 354.4499 344.55 -6.969584E-07
0.7333333 354.5999 346.8 -8.03981E-07
0.7333333 354.8249 348.675 -5.893718E-07
0.7333333 354.9749 350.55 -9.106346E-07
0.7666667 355.1248 352.35 -7.229872E-07
0.7666667 355.3499 354.45 -1.177816E-06
0.7666667 355.4998 356.325 -8.697953E-07
0.7666667 355.7249 358.05 -8.762221E-07
0.8 355.8748 359.85 -1.195796E-06
0.8 356.0999 1.350001 -1.069694E-06
0.8 356.2498 2.850005 -1.256671E-06
0.8 356.3998 4.200003 -1.309926E-06
0.8333333 356.6998 5.850012 -1.135802E-06
0.8333333 356.9248 7.050011 -1.522977E-06
0.8333333 357.1498 8.100013 -1.669592E-06
0.8333333 357.2998 9.07501 -1.69609E-06
0.8666667 357.5998 10.05001 -1.655639E-06
0.8666667 357.8248 10.65001 -1.802227E-06
0.8666667 357.8248 10.65001 -1.802227E-06
0.9 357.8248 10.65001 -1.802227E-06
0.9 357.8248 10.65001 -1.802227E-06
0.9 357.8248 10.65001 -1.802227E-06
0.9 357.8248 10.65001 -1.802227E-06
0.9333333 357.8248 10.65001 -1.802227E-06
0.9333333 357.8248 10.65001 -1.802227E-06
0.9333333 357.8248 10.65001 -1.802227E-06
0.9333333 357.8248 10.65001 -1.802227E-06
0.9666666 357.8248 10.65001 -1.802227E-06
0.9666666 357.8248 10.65001 -1.802227E-06
0.9666666 357.8248 10.65001 -1.802227E-06
0.9666666 357.8248 10.65001 -1.802227E-06
1 357.8248 10.65001 -1.802227E-06
1 357.8248 10.65001 -1.802227E-06
1 357.8248 10.65001 -1.802227E-06
1 357.8248 10.65001 -1.802227E-06
1.033333 357.8248 10.65001 -1.802227E-06
1.033333 357.8248 10.65001 -1.802227E-06
1.033333 357.8248 10.65001 -1.802227E-06
1.066667 357.8248 10.65001 -1.802227E-06
1.066667 357.8248 10.65001 -1.802227E-06
1.066667 357.8248 10.65001 -1.802227E-06
1.066667 357.8248 10.65001 -1.802227E-06
1.1 357.8248 10.65001 -1.802227E-06
1.1 357.8248 10.65001 -1.802227E-06
1.1 357.8248 10.65001 -1.802227E-06
1.1 357.8248 10.65001 -1.802227E-06
1.133333 357.8248 10.65001 -1.802227E-06
1.133333 357.8248 10.65001 -1.802227E-06
1.133333 357.8248 10.65001 -1.802227E-06
1.133333 357.8248 10.65001 -1.802227E-06
1.133333 357.8248 10.65001 -1.802227E-06
1.166667 357.8248 10.65001 -1.802227E-06
1.166667 357.8248 10.65001 -1.802227E-06
1.166667 357.8248 10.65001 -1.802227E-06
1.166667 357.8248 10.65001 -1.802227E-06
1.2 357.8248 10.65001 -1.802227E-06
1.2 357.8248 10.65001 -1.802227E-06
1.2 357.8248 10.65001 -1.802227E-06
1.233333 357.8248 10.65001 -1.802227E-06
1.233333 357.8248 10.65001 -1.802227E-06
1.233333 357.8248 10.725 -1.57528E-06
1.233333 357.8248 11.025 -1.695429E-06
1.266667 357.8248 11.325 -1.58863E-06
1.266667 357.8248 11.775 -1.642029E-06
1.266667 357.8248 12.075 -1.521881E-06
1.266667 357.8248 12.37501 -1.57528E-06
1.3 357.8248 12.60001 -1.468481E-06
1.3 357.8248 12.67501 -1.60198E-06
1.3 357.8248 12.67502 -1.60198E-06
1.333333 357.8248 12.67502 -1.60198E-06
1.333333 357.8248 12.82501 -1.682079E-06
1.333333 357.8998 13.20002 -1.842187E-06
1.366667 357.8998 14.25002 -1.78879E-06
1.366667 358.0498 15.37501 -1.9488E-06
1.366667 358.1248 16.87502 -1.948714E-06
1.366667 358.2748 18.75001 -1.868477E-06
1.4 358.3498 20.475 -1.921788E-06
1.4 358.4248 22.425 -2.08186E-06
1.4 358.4248 23.85 -2.135241E-06
1.433333 358.4998 24.89999 -2.001718E-06
1.433333 358.5749 25.65001 -1.921585E-06
1.433333 358.6499 26.10001 -1.9749E-06
1.433333 358.7249 26.325 -1.89478E-06
1.466667 358.7249 26.47501 -1.948153E-06
1.466667 358.7999 26.62502 -1.814667E-06
1.466667 358.8749 27.07501 -1.841304E-06
1.5 358.9499 27.75001 -1.787889E-06
1.5 359.0999 28.57501 -1.894544E-06
1.5 359.1749 29.47501 -1.801116E-06
1.5 359.1749 30.45 -1.787774E-06
1.533333 359.2499 31.72501 -1.761059E-06
1.533333 359.3249 33.07501 -1.774371E-06
1.533333 359.3999 34.42501 -1.814368E-06
1.566667 359.4749 35.77501 -1.814345E-06
1.566667 359.55 37.12501 -1.787644E-06
1.566667 359.55 38.32501 -1.774303E-06
1.566667 359.625 39.67503 -1.774286E-06
1.6 359.775 40.95002 -1.780932E-06
1.6 359.85 42.22501 -1.79093E-06
1.6 359.925 43.425 -1.784255E-06
1.6 0.07497817 44.69999 -1.782588E-06
1.633333 0.1499782 45.74999 -1.784259E-06
1.633333 0.1499782 46.725 -1.77759E-06
1.633333 0.2249782 47.70002 -1.767592E-06
1.666667 0.2999782 48.30002 -1.774273E-06
1.666667 0.3749782 48.97502 -1.814308E-06
1.666667 0.3749781 49.65002 -1.787627E-06
1.666667 0.5249784 50.47502 -1.814345E-06
1.7 0.5999783 51.15002 -1.787687E-06
1.7 0.6749784 51.90002 -1.787713E-06
1.7 0.7499783 52.65002 -1.86779E-06
1.733333 0.8249786 53.40003 -1.84114E-06
1.733333 0.8999785 54.15002 -1.894544E-06
1.733333 0.9749786 54.82502 -1.8679E-06
1.733333 1.049978 55.42503 -1.894628E-06
1.766667 1.124978 55.80003 -1.814619E-06
1.766667 1.199979 56.02504 -1.814667E-06
1.766667 1.199979 56.10004 -1.814667E-06
1.766667 1.199979 56.25003 -1.86804E-06
1.8 1.199979 56.25003 -1.86804E-06
1.8 1.199979 56.40003 -1.868039E-06
1.8 1.274979 56.55001 -1.97484E-06
1.833333 1.274979 56.70001 -1.921466E-06
1.833333 1.349979 57.07501 -1.921524E-06
1.833333 1.424979 57.60001 -1.81483E-06
1.833333 1.574979 58.27501 -1.975098E-06
1.866667 1.64998 58.87502 -1.975171E-06
1.866667 1.72498 59.70001 -1.921861E-06
1.866667 1.87498 60.45002 -1.86863E-06
1.866667 2.09998 61.42502 -1.815488E-06
1.9 2.17498 62.17502 -1.708778E-06
1.9 2.32498 63.00001 -1.815764E-06
1.9 2.474981 63.82502 -1.815963E-06
1.9 2.549981 64.50002 -1.816067E-06
1.933333 2.699982 65.40002 -1.709445E-06
1.933333 2.849982 66.22501 -1.923369E-06
1.933333 3.074981 67.425 -1.71001E-06
1.966667 3.224983 68.40002 -1.817147E-06
1.966667 3.374984 69.15 -2.138142E-06
1.966667 3.524984 69.82501 -1.817708E-06
1.966667 3.599983 70.50002 -1.710923E-06
2 3.674984 71.10002 -2.031891E-06
2 3.824985 71.62502 -1.925279E-06
2 3.899985 72.15001 -2.139388E-06
2 4.049984 72.675 -2.139778E-06
2.033333 4.124984 73.19999 -2.353976E-06
2.033333 4.199986 73.72499 -2.140181E-06
2.033333 4.349987 74.39999 -2.1406E-06
2.033333 4.424986 74.92499 -2.140816E-06
2.066667 4.574987 76.04999 -2.569507E-06
2.066667 4.724987 76.72499 -2.570055E-06
2.066667 4.874989 77.47499 -2.57062E-06
2.1 4.949987 78.3 -2.142425E-06
2.1 5.174988 79.49998 -2.786121E-06
2.1 5.324987 80.69998 -2.572423E-06
2.1 5.474989 81.59998 -2.573059E-06
2.133333 5.549991 82.49996 -2.573384E-06
2.133333 5.699989 83.32497 -2.788552E-06
2.133333 5.849991 84.22496 -2.145608E-06
2.133333 5.924989 85.27497 -2.145897E-06
2.166667 5.99999 86.09995 -2.36081E-06
2.166667 6.14999 86.99995 -2.146789E-06
2.166667 6.224991 87.97496 -2.361803E-06
2.2 6.37499 89.02497 -2.577257E-06
2.2 6.449992 90.14996 -2.577636E-06
2.2 6.599992 91.04996 -2.578409E-06
2.2 6.749993 92.02496 -3.223998E-06
2.233333 6.824992 92.92496 -2.364634E-06
2.233333 6.974993 93.74995 -3.010488E-06
2.233333 7.049994 94.42496 -2.150694E-06
2.233333 7.124993 94.94996 -2.796358E-06
2.266667 7.274995 95.69994 -2.582107E-06
2.266667 7.424994 96.37495 -2.152483E-06
2.266667 7.424995 96.67496 -2.58298E-06
2.266667 7.499998 97.04996 -2.152852E-06
2.3 7.574997 97.42495 -2.58387E-06
2.3 7.574999 97.64997 -2.58387E-06
2.3 7.574996 97.79996 -2.153225E-06
2.3 7.574999 97.87495 -2.58387E-06
2.333333 7.574999 97.87495 -2.58387E-06
2.333333 7.574999 97.87495 -2.58387E-06
2.333333 7.574999 97.87495 -2.58387E-06
2.333333 7.574999 97.87495 -2.58387E-06
2.366667 7.574999 97.87495 -2.153225E-06
2.366667 7.574999 97.87495 -2.153225E-06
2.366667 7.574999 97.87495 -2.153225E-06
2.366667 7.574999 97.87495 -2.153225E-06
2.366667 7.574998 98.02494 -1.72258E-06
2.4 7.574999 98.17493 -2.153225E-06
2.4 7.574998 98.47495 -2.153225E-06
2.4 7.574999 98.92494 -1.72258E-06
2.433333 7.574998 99.67494 -2.153225E-06
2.433333 7.575 100.4249 -2.153225E-06
2.433333 7.65 101.5499 -1.722881E-06
2.433333 7.800001 102.5999 -1.723493E-06
2.466667 7.875 103.8749 -2.154755E-06
2.466667 8.025002 105.2249 -1.724434E-06
2.466667 8.175 106.4999 -2.156346E-06
2.466667 8.324999 107.6249 -1.725732E-06
2.5 8.400002 108.6749 -1.726064E-06
2.5 8.475003 109.6499 -1.726399E-06
2.5 8.625002 110.4749 -1.295309E-06
2.533333 8.700004 111.45 -8.637114E-07
2.533333 8.775002 112.3499 -1.295828E-06
2.533333 8.850002 113.3999 -8.640608E-07
2.533333 8.925008 114.2999 -1.296356E-06
2.566667 9.000007 115.3499 -1.296624E-06
2.566667 9.150009 116.4749 -8.647776E-07
2.566667 9.22501 117.1499 -8.649607E-07
2.566667 9.300008 117.4499 -1.297718E-06
2.6 9.300011 117.5249 -8.651453E-07
2.6 9.300012 117.5249 -1.297718E-06
2.6 9.300012 117.5249 -1.297718E-06
2.6 9.300013 117.5249 -8.651453E-07
2.633333 9.300014 117.5249 -1.297718E-06
2.633333 9.300015 117.5249 -1.297718E-06
2.633333 9.300016 117.5249 -8.651453E-07
2.633333 9.300017 117.5249 -1.297718E-06
2.633333 9.300018 117.5249 -1.297718E-06
2.666667 9.30002 117.5249 -1.297718E-06
2.666667 9.300017 117.4499 -8.651455E-07
2.666667 9.300018 117.225 -1.297718E-06
2.666667 9.30002 116.9249 -4.325727E-07
2.7 9.30002 116.5499 -8.651454E-07
2.7 9.300021 116.0999 -8.651454E-07
2.7 9.300018 115.7249 -8.651456E-07
2.733333 9.30002 115.0499 -8.651453E-07
2.733333 9.30002 114.4499 -1.297718E-06
2.733333 9.300019 113.6999 -4.325727E-07
2.733333 9.30002 113.0249 -1.297718E-06
2.766667 9.30002 112.0499 -4.325727E-07
2.766667 9.30002 111.2999 -8.651455E-07
2.766667 9.225019 110.0249 -8.649608E-07
2.766667 9.07502 108.8999 -8.645962E-07
2.8 8.92502 107.7749 -4.321189E-07
2.8 8.775021 106.7249 -8.638855E-07
2.8 8.700024 106.1249 0
2.8 8.625023 105.5999 -4.317698E-07
2.833333 8.550024 105.3749 -8.633689E-07
2.833333 8.550026 105.2999 -8.633689E-07
2.833333 8.550029 105.2999 -4.316844E-07
2.833333 8.55003 105.2999 -4.316844E-07
2.866667 8.550032 105.2999 0
2.866667 8.550033 105.2999 0
2.866667 8.550035 105.2999 4.316844E-07
2.866667 8.550036 105.2999 0
2.9 8.550039 105.2999 0
2.9 8.550041 105.2999 4.316844E-07
2.9 8.550042 105.2999 8.633689E-07
2.9 8.550045 105.2999 1.295053E-06
2.9 8.550046 105.2999 4.316844E-07
2.933333 8.550048 105.2999 8.633689E-07
2.933333 8.550049 105.2999 8.633689E-07
2.933333 8.550051 105.2249 8.633689E-07
2.933333 8.550051 105.2249 8.633689E-07
2.933333 8.550055 105.1499 8.633688E-07
2.966667 8.550055 105.1499 8.633688E-07
2.966667 8.550055 105.0749 1.295053E-06
2.966667 8.550057 105.0749 1.295053E-06
2.966667 8.550058 104.9999 8.633689E-07
3 8.550061 104.9249 2.158422E-06
3 8.550064 104.775 2.158422E-06
3 8.550063 104.5499 1.726738E-06
3 8.550066 104.2499 2.158422E-06
3.033333 8.550067 103.7249 1.726738E-06
3.033333 8.55007 102.9749 1.726738E-06
3.033333 8.475069 102.2249 2.589599E-06
3.033333 8.400069 100.9499 2.589096E-06
3.066667 8.250072 99.67496 2.588105E-06
3.066667 8.175071 98.24995 2.156347E-06
3.066667 7.950072 96.59997 3.017206E-06
3.066667 7.725072 94.72495 2.153983E-06
3.1 7.575072 92.99995 2.58387E-06
3.1 7.425073 91.42496 2.152483E-06
3.1 7.200075 89.84996 1.721119E-06
3.1 6.975073 88.34995 1.720279E-06
3.133333 6.825073 86.47496 1.934701E-06
3.133333 6.525074 84.59997 2.363186E-06
3.133333 6.225074 82.79996 1.717675E-06
3.133333 6.000074 80.69995 1.931572E-06
3.166667 5.700075 78.37496 2.14504E-06
3.166667 5.475075 76.04996 2.358638E-06
3.166667 5.175075 73.64997 2.571804E-06
3.166667 4.875075 71.17495 2.57062E-06
3.2 4.500076 68.02496 2.355138E-06
3.2 4.050076 65.24997 2.353756E-06
3.2 3.750076 63.22498 1.925112E-06
3.2 3.450077 61.19998 2.031394E-06
3.233333 3.150076 59.39997 1.923898E-06
3.233333 2.775077 57.44999 1.923246E-06
3.233333 2.550077 55.64997 1.922895E-06
3.233333 2.175077 53.84997 1.975775E-06
3.266667 1.800077 51.52497 2.028713E-06
3.266667 1.500077 49.04998 2.081787E-06
3.266667 1.125077 46.42497 2.054789E-06
3.266667 0.750077 43.87497 2.054569E-06
3.3 0.3000772 41.47498 2.081102E-06
3.3 359.7751 38.69999 2.074419E-06
3.3 359.4001 36.14998 2.054505E-06
3.3 358.9501 33.37497 2.161477E-06
3.333333 358.5 30.52497 2.188544E-06
3.333333 358.05 27.82497 2.082279E-06
3.333333 357.225 23.69997 1.923246E-06
3.366667 356.7 20.09998 1.817282E-06
3.366667 356.325 17.47498 1.33677E-06
3.366667 355.875 14.54997 1.497984E-06
3.366667 355.5 12.07497 1.659301E-06
3.4 355.2 9.899963 1.900977E-06
3.4 354.9001 7.574973 1.580402E-06
3.4 354.675 5.624981 1.607764E-06
3.4 354.5251 3.97499 1.246326E-06
3.433333 354.375 2.699981 2.265404E-06
3.433333 354.3 1.499987 2.232182E-06
3.433333 354.225 0.5999768 2.862664E-06
3.433333 354.15 359.925 3.15639E-06
3.466667 354.075 359.4 3.245671E-06
3.466667 354.075 359.1 3.128317E-06
3.466667 354.075 358.95 3.342906E-06
3.466667 354.075 358.875 2.876845E-06
3.5 354.075 358.875 2.876845E-06
3.5 354.075 358.875 2.876845E-06
3.5 354.075 358.875 2.876845E-06
3.5 354.075 358.875 2.876845E-06
3.533333 354.075 358.65 3.158493E-06
3.533333 354.075 358.2 3.352965E-06
3.533333 353.925 357.45 2.629448E-06
3.533333 353.7 356.4 3.07347E-06
3.566667 353.55 355.125 3.114644E-06
3.566667 353.325 353.55 3.465264E-06
3.566667 353.025 351.9 3.064246E-06
3.566667 352.8 350.025 2.850603E-06
3.6 352.65 348.375 3.120571E-06
3.6 352.425 346.65 3.014515E-06
3.6 352.275 345.225 2.584778E-06
3.6 352.125 343.725 2.908919E-06
3.633333 352.05 342.6 2.909449E-06
3.633333 351.9 341.475 3.126117E-06
3.633333 351.75 340.275 3.23513E-06
3.666667 351.75 339.6 2.588104E-06
3.666667 351.675 339 2.372881E-06
3.666667 351.675 338.625 2.372881E-06
3.666667 351.675 338.325 2.049306E-06
3.7 351.675 338.025 2.372881E-06
3.7 351.675 337.875 2.157165E-06
3.7 351.675 337.8 1.941449E-06
3.7 351.675 337.65 1.294299E-06
3.733333 351.675 337.575 1.617874E-06
3.733333 351.675 337.35 1.725732E-06
3.733333 351.675 337.2 1.078583E-06
3.733333 351.675 336.9 1.83359E-06
3.766667 351.675 336.675 1.402157E-06
3.766667 351.675 336.225 1.617874E-06
3.766667 351.675 335.85 1.510015E-06
3.766667 351.675 335.475 2.157165E-06
3.8 351.675 335.025 1.941449E-06
3.8 351.675 334.725 1.510015E-06
3.8 351.75 334.425 1.725403E-06
3.833333 351.75 334.35 1.725403E-06
3.833333 351.825 334.2 1.293808E-06
3.833333 351.825 334.2 1.293808E-06
3.833333 351.825 334.2 1.293808E-06
3.866667 351.825 334.2 1.293808E-06
3.866667 351.825 334.2 1.293808E-06
3.866667 351.825 334.2 1.293808E-06
3.866667 351.825 334.2 1.293808E-06
3.866667 351.825 334.2 1.293808E-06
3.9 351.825 334.2 1.293808E-06
3.9 351.825 334.2 1.293808E-06
3.9 351.825 334.2 1.293808E-06
3.9 351.825 334.2 1.293808E-06
3.9 351.825 334.2 1.293808E-06
3.933333 351.825 334.2 1.293808E-06
3.933333 351.825 334.2 1.293808E-06
3.933333 351.825 334.2 1.293808E-06
3.933333 351.825 334.2 1.293808E-06
3.966667 351.825 334.2 1.293808E-06
3.966667 351.825 334.2 1.293808E-06
3.966667 351.825 334.2 1.293808E-06
3.966667 351.825 334.2 1.293808E-06
4 351.825 334.2 1.293808E-06
4 351.825 334.2 1.293808E-06
4 351.825 334.2 1.293808E-06
4 351.825 334.2 1.293808E-06
4.033333 351.825 334.2 1.293808E-06
4.033333 351.825 334.2 1.293808E-06
4.033333 351.825 334.2 1.293808E-06
4.033333 351.825 334.2 1.293808E-06
4.066667 351.825 334.2 1.293808E-06
4.066667 351.825 334.2 1.293808E-06
4.066667 351.825 334.2 1.293808E-06
4.066667 351.825 334.2 1.293808E-06
4.066667 351.825 334.2 1.293808E-06
4.1 351.825 334.2 1.293808E-06
4.1 351.825 334.2 1.293808E-06
4.1 351.825 334.2 1.293808E-06
4.1 351.825 334.2 1.293808E-06
4.133333 351.825 334.2 1.293808E-06
4.133333 351.825 334.2 1.293808E-06
4.133333 351.825 334.2 1.293808E-06
4.133333 351.825 334.2 1.293808E-06
4.166667 351.825 334.2 1.293808E-06
4.166667 351.825 334.2 1.293808E-06
4.166667 351.825 334.2 1.293808E-06
4.166667 351.825 334.2 1.293808E-06
4.2 351.825 334.2 1.293808E-06
4.2 351.825 334.2 1.293808E-06
4.2 351.825 334.2 1.293808E-06
4.2 351.825 334.2 1.293808E-06
4.2 351.825 334.2 1.293808E-06
4.233333 351.825 334.2 1.293808E-06
4.233333 351.825 334.2 1.293808E-06
4.233333 351.825 334.2 1.293808E-06
4.233333 351.825 334.2 1.293808E-06
4.266667 351.825 334.2 1.293808E-06
4.266667 351.825 334.2 1.293808E-06
4.266667 351.825 334.2 1.293808E-06
4.3 351.825 334.2 1.293808E-06
4.3 351.825 334.2 1.293808E-06
4.3 351.825 334.2 1.293808E-06
4.3 351.825 334.2 1.293808E-06
4.3 351.825 334.2 1.293808E-06
4.333333 351.825 334.2 1.293808E-06
4.333333 351.825 334.2 1.293808E-06
4.333333 351.825 334.2 1.293808E-06
4.333333 351.825 334.2 1.293808E-06
4.366667 351.825 334.2 1.293808E-06
4.366667 351.825 334.2 1.293808E-06
4.366667 351.825 334.2 1.293808E-06
4.366667 351.825 334.2 1.293808E-06
4.4 351.825 334.2 1.293808E-06
4.4 351.825 334.2 1.293808E-06
4.4 351.825 334.2 1.293808E-06
4.4 351.825 334.2 1.293808E-06
4.433333 351.825 334.2 1.293808E-06
4.433333 351.825 334.2 1.293808E-06
4.433333 351.825 334.2 1.293808E-06
4.433333 351.825 334.2 1.293808E-06
4.466667 351.825 334.2 1.293808E-06
4.466667 351.825 334.2 1.293808E-06
4.466667 351.825 334.2 1.293808E-06
4.466667 351.825 334.2 1.293808E-06
4.5 351.825 334.2 1.293808E-06
4.5 351.825 334.2 1.293808E-06
4.5 351.825 334.2 1.293808E-06
4.5 351.825 334.2 1.293808E-06
4.533333 351.825 334.2 1.293808E-06
4.533333 351.825 334.2 1.293808E-06
4.533333 351.825 334.2 1.293808E-06
4.533333 351.825 334.2 1.293808E-06
4.566667 351.825 334.2 1.293808E-06
4.566667 351.825 334.2 1.293808E-06
4.566667 351.825 334.2 1.293808E-06
4.566667 351.825 334.2 1.293808E-06
4.6 351.825 334.2 1.293808E-06
4.6 351.825 334.2 1.293808E-06
4.6 351.825 334.2 1.293808E-06
4.6 351.825 334.2 1.293808E-06
4.633333 351.825 334.2 1.293808E-06
4.633333 351.825 334.2 1.293808E-06
4.633333 351.825 334.2 1.293808E-06
4.633333 351.825 334.2 1.293808E-06
4.666667 351.825 334.2 1.293808E-06
4.666667 351.825 334.2 1.293808E-06
4.666667 351.825 334.2 1.293808E-06
4.666667 351.825 334.2 1.293808E-06
4.666667 351.825 334.2 1.293808E-06
4.7 351.825 334.2 1.293808E-06
4.7 351.825 334.2 1.293808E-06
4.7 351.825 334.2 1.293808E-06
4.7 351.825 334.2 1.293808E-06
4.733333 351.825 334.2 1.293808E-06
4.733333 351.825 334.2 1.293808E-06
4.733333 351.825 334.2 1.293808E-06
4.733333 351.825 334.05 1.617259E-06
4.766667 351.825 333.975 1.832894E-06
4.766667 351.825 333.825 1.725077E-06
4.766667 351.825 333.675 1.725077E-06
4.766667 351.825 333.6 2.156346E-06
4.8 351.825 333.45 2.156346E-06
4.8 351.825 333.3 2.156346E-06
4.8 351.825 333.15 1.725077E-06
4.8 351.825 333 1.725077E-06
4.833333 351.825 332.775 2.587615E-06
4.833333 351.825 332.7 2.587615E-06
4.833333 351.825 332.4 2.371981E-06
4.833333 351.825 332.1 2.587615E-06
4.866667 351.825 331.725 1.940711E-06
4.866667 351.825 331.425 1.940711E-06
4.866667 351.825 330.975 1.293808E-06
4.866667 351.825 330.6 1.725077E-06
4.9 351.75 330.15 1.725403E-06
4.9 351.75 329.7 2.156754E-06
4.9 351.75 329.4 1.509727E-06
4.9 351.75 329.175 1.725403E-06
4.933333 351.75 329.025 1.941078E-06
4.933333 351.75 328.8 1.725403E-06
4.933333 351.75 328.65 1.941078E-06
4.933333 351.75 328.5 1.725403E-06
4.966667 351.75 328.275 2.156754E-06
4.966667 351.75 328.05 1.725403E-06
4.966667 351.75 327.75 2.156754E-06
4.966667 351.75 327.525 2.156754E-06
5 351.75 327.15 1.941078E-06
5 351.675 326.625 1.941449E-06
5 351.675 326.1 2.157165E-06
5 351.5999 325.5 1.726064E-06
5.033333 351.45 324.675 1.94258E-06
5.033333 351.3749 324 1.511194E-06
5.033333 351.2999 323.175 2.375207E-06
5.066667 351.2249 322.275 2.591657E-06
5.066667 351.2249 321.75 2.159714E-06
5.066667 351.1499 321.225 2.160152E-06
5.066667 351.0749 320.7 3.024832E-06
5.1 350.9999 320.25 2.377145E-06
5.1 350.9999 319.8 1.944937E-06
5.1 350.9249 319.35 2.593789E-06
5.1 350.8499 318.9 3.026723E-06
5.133333 350.7748 318.525 2.594883E-06
5.133333 350.6998 317.925 2.595438E-06
5.133333 350.6248 317.475 2.379663E-06
5.133333 350.5498 316.875 1.947419E-06
5.166667 350.5498 316.425 1.947419E-06
5.166667 350.4748 315.975 1.731418E-06
5.166667 350.3998 315.6 1.731801E-06
5.166667 350.3998 315.3 1.7318E-06
5.2 350.3998 314.925 1.082375E-06
5.2 350.3248 314.475 1.299139E-06
5.2 350.3248 314.025 1.515662E-06
5.233333 350.2498 313.425 1.082859E-06
5.233333 350.1747 312.675 1.732965E-06
5.233333 350.0997 311.925 1.73336E-06
5.233333 349.9497 310.725 2.601237E-06
5.266667 349.8747 309.675 2.601843E-06
5.266667 349.6497 308.175 1.735793E-06
5.266667 349.3497 305.925 2.171847E-06
5.266667 349.1997 304.65 2.607509E-06
5.3 349.0497 303.3 2.608821E-06
5.3 348.8997 301.875 2.175127E-06
5.3 348.6747 300.675 2.176821E-06
5.3 348.4497 299.4 1.742841E-06
5.333333 348.1497 298.05 2.180915E-06
5.333333 347.9997 296.7 2.182121E-06
5.333333 347.7747 295.5 2.183961E-06
5.366667 347.3997 293.775 3.061953E-06
5.366667 347.1747 292.2 3.064666E-06
5.366667 347.0247 290.925 3.504577E-06
5.366667 346.7997 289.575 3.069305E-06
5.4 346.5747 288.3 1.75552E-06
5.4 346.4247 287.025 2.634935E-06
5.4 346.2747 285.825 1.318305E-06
5.4 346.1247 284.7 2.198589E-06
5.433333 345.8997 283.425 3.081037E-06
5.433333 345.7497 282.225 3.083075E-06
5.433333 345.5997 280.95 2.644403E-06
5.433333 345.3747 279.3 2.205911E-06
5.466667 345.1497 277.725 1.766552E-06
5.466667 344.8497 276 2.653549E-06
5.466667 344.6247 274.35 2.656394E-06
5.466667 344.4747 272.7 2.658317E-06
5.5 344.3247 271.05 2.66026E-06
5.5 344.1747 269.025 1.774817E-06
5.5 344.0247 267.3 2.664211E-06
5.533333 343.9497 266.1 2.665213E-06
5.533333 343.8747 264.825 3.554959E-06
5.533333 343.7247 263.625 8.894159E-07
5.533333 343.6497 262.35 3.559027E-06
5.566667 343.4997 261.15 2.671331E-06
5.566667 343.4247 259.875 2.67237E-06
5.566667 343.3497 258.825 4.45569E-06
5.6 343.2747 257.7 2.674464E-06
5.6 343.1247 256.5 2.676578E-06
5.6 343.1247 255.6749 1.784385E-06
5.6 342.9747 254.4749 3.571619E-06
5.633333 342.8997 253.6499 2.679791E-06
5.633333 342.8246 252.7499 3.574498E-06
5.633333 342.6747 251.6249 2.683054E-06
5.633333 342.4496 250.575 2.686365E-06
5.666667 342.2246 248.8499 2.689726E-06
5.666667 341.9996 247.2749 1.795425E-06
5.666667 341.7746 245.9999 1.797733E-06
5.7 341.6246 244.4249 1.79929E-06
5.7 341.5496 243.1499 1.800074E-06
5.7 341.3246 241.5749 1.80245E-06
5.7 341.1746 240.1499 9.020264E-07
5.733333 341.0246 238.6499 9.028352E-07
5.733333 340.8746 237.2249 3.614607E-06
5.733333 340.7246 235.7249 2.713428E-06
5.733333 340.5746 234.5249 2.715923E-06
5.766667 340.4247 233.0249 9.061476E-07
5.766667 340.3496 231.975 1.813141E-06
5.766667 340.2746 230.9999 1.81399E-06
5.766667 340.2746 230.2499 3.62798E-06
5.8 340.1996 229.4249 1.814844E-06
5.8 340.1246 228.7499 2.723552E-06
5.8 340.1246 228.3749 1.815701E-06
5.8 340.1246 228.0749 -9.078507E-07
5.833333 340.1246 227.9249 0
5.833333 340.1246 227.9249 0
5.833333 340.1246 227.9249 0
5.833333 340.1246 227.9249 0
5.866667 340.1246 227.9249 0
5.866667 340.1246 227.9249 0
5.866667 340.1246 227.9249 0
5.866667 340.1246 227.8499 -9.078507E-07
5.866667 340.1246 227.7749 -9.078506E-07
5.9 340.1246 227.6999 0
5.9 340.1246 227.4749 0
5.9 340.1246 227.3249 -4.539253E-07
5.9 340.1246 227.0998 4.539253E-07
5.933333 340.1246 226.8748 -9.078507E-07
5.933333 340.1246 226.4998 -1.361776E-06
5.933333 340.1246 226.0498 -4.539253E-07
5.933333 340.0496 225.5998 -9.082814E-07
5.966667 339.9745 224.9998 0
5.966667 339.8246 224.1748 0
5.966667 339.7495 223.4998 -9.100235E-07
6 339.6745 222.8998 9.104639E-07
6 339.5995 222.2248 4.554534E-07
6 339.5995 221.7748 4.554533E-07
6 339.5245 221.2498 4.556756E-07
6.033333 339.4495 220.7998 0
6.033333 339.4495 220.4248 4.558988E-07
6.033333 339.3745 219.9748 -2.280616E-06
6.033333 339.3745 219.7498 -9.122464E-07
6.066667 339.2994 219.4498 4.563484E-07
6.066667 339.2994 219.1498 0
6.066667 339.2244 218.7748 -4.565746E-07
6.1 339.2244 218.5498 -9.131492E-07
6.1 339.2244 218.3248 4.565746E-07
6.1 339.2244 218.2498 -1.369724E-06
6.1 339.2244 218.1747 4.565746E-07
6.133333 339.2244 218.1747 4.565746E-07
6.133333 339.2244 218.1747 4.565746E-07
6.133333 339.2244 218.1747 4.565746E-07
6.133333 339.2244 218.1747 4.565746E-07
6.133333 339.2244 218.1747 4.565746E-07
6.166667 339.2244 218.1747 4.565746E-07
6.166667 339.2244 218.1747 4.565746E-07
6.166667 339.2244 218.1747 4.565746E-07
6.166667 339.2244 218.1747 4.565746E-07
6.2 339.2244 218.1747 4.565746E-07
6.2 339.2244 218.1747 4.565746E-07
6.2 339.2244 218.1747 4.565746E-07
6.2 339.2244 218.1747 4.565746E-07
6.2 339.2244 218.1747 4.565746E-07
6.233333 339.2244 218.1747 4.565746E-07
6.233333 339.2244 218.1747 4.565746E-07
6.233333 339.2244 218.1747 4.565746E-07
6.233333 339.2244 218.1747 4.565746E-07
6.266667 339.2244 218.1747 4.565746E-07
6.266667 339.2244 218.1747 4.565746E-07
6.266667 339.2244 218.1747 4.565746E-07
6.266667 339.2244 218.1747 4.565746E-07
6.3 339.2244 218.1747 4.565746E-07
6.3 339.2244 218.1747 4.565746E-07
6.3 339.2244 218.1747 4.565746E-07
6.3 339.2244 218.1747 4.565746E-07
6.3 339.2244 218.1747 4.565746E-07
6.333333 339.2244 218.1747 4.565746E-07
6.333333 339.2244 218.1747 4.565746E-07
6.333333 339.2244 218.1747 4.565746E-07
6.333333 339.2244 218.1747 4.565746E-07
6.366667 339.2244 218.1747 4.565746E-07
6.366667 339.2244 218.1747 4.565746E-07
6.366667 339.2244 218.1747 4.565746E-07
6.366667 339.2244 218.1747 4.565746E-07
6.366667 339.2244 218.1747 4.565746E-07
6.4 339.2244 218.1747 4.565746E-07
6.4 339.2244 218.1747 4.565746E-07
6.4 339.2244 218.1747 4.565746E-07
6.4 339.2244 218.1747 4.565746E-07
6.4 339.2244 218.1747 4.565746E-07
6.433333 339.2244 218.1747 4.565746E-07
6.433333 339.2244 218.1747 4.565746E-07
6.433333 339.2244 218.1747 4.565746E-07
6.433333 339.2244 218.1747 4.565746E-07
6.466667 339.2244 218.1747 4.565746E-07
6.466667 339.2244 218.1747 4.565746E-07
6.466667 339.2244 218.1747 4.565746E-07
6.466667 339.2244 218.1747 4.565746E-07
6.5 339.2244 218.1747 4.565746E-07
6.5 339.2244 218.1747 4.565746E-07
6.5 339.2244 218.1747 4.565746E-07
6.5 339.2244 218.1747 4.565746E-07
6.5 339.2244 218.2498 -1.369724E-06
6.533333 339.2244 218.3248 4.565746E-07
6.533333 339.2244 218.4748 4.565747E-07
6.533333 339.2244 218.6247 1.826299E-06
6.533333 339.2244 218.8498 -4.565747E-07
6.566667 339.2244 218.9997 4.565746E-07
6.566667 339.2244 219.1497 0
6.566667 339.2244 219.3748 9.131492E-07
6.6 339.2244 219.6747 9.131492E-07
6.6 339.2244 220.0497 0
6.6 339.1494 220.4247 -4.568019E-07
6.6 339.1494 220.9498 -1.370406E-06
6.633333 339.1494 221.4747 0
6.633333 339.1494 222.2247 4.56802E-07
6.633333 339.1494 222.9747 0
6.633333 339.0744 223.8747 4.570304E-07
6.666667 338.9994 224.7747 -9.145191E-07
6.666667 338.9244 225.9747 9.149798E-07
6.666667 338.8494 227.3247 9.154422E-07
6.7 338.7744 228.7497 0
6.7 338.6993 230.3247 -2.749122E-06
6.7 338.6243 232.1997 9.168425E-07
6.7 338.6243 234.2247 0
6.733333 338.6243 236.4747 9.168426E-07
6.733333 338.6243 238.7247 9.168426E-07
6.733333 338.6243 242.3247 0
6.733333 338.6243 245.3997 9.168425E-07
6.766667 338.6243 247.8747 0
6.766667 338.6243 250.7247 9.168428E-07
6.766667 338.6243 253.1997 9.168427E-07
6.766667 338.7743 255.8247 9.159073E-07
6.8 338.9993 258.6747 1.829039E-06
6.8 339.2243 261.3748 1.8263E-06
6.8 339.4493 264.2997 2.735396E-06
6.833333 339.8243 267.5997 2.728758E-06
6.833333 340.0493 270.2247 2.724847E-06
6.833333 340.4243 273.0747 1.812298E-06
6.833333 340.7243 275.8497 9.044774E-07
6.866667 340.9493 278.2497 1.806488E-06
6.866667 341.2493 280.9497 1.803252E-06
6.866667 341.6993 284.6247 1.798513E-06
6.866667 341.9993 286.7997 0
6.9 342.3743 289.4247 8.958282E-07
6.9 342.6743 291.8997 1.788706E-06
6.9 342.8993 293.6997 2.679796E-06
6.933333 343.0493 295.1247 8.925496E-07
6.933333 343.1993 296.3997 2.675523E-06
6.933333 343.3493 297.5247 2.673419E-06
6.933333 343.4993 298.8747 1.780891E-06
6.966667 343.7243 300.1497 2.223545E-06
6.966667 343.8743 301.2747 1.777483E-06
6.966667 344.0243 302.6247 4.440362E-07
6.966667 344.1743 303.8997 8.874106E-07
7 344.3242 305.0997 4.433778E-07
7 344.4742 306.5997 0
7 344.6242 307.7247 0
7.033333 344.8492 308.9997 0
7.033333 344.9242 309.9747 1.768411E-06
7.033333 345.0742 311.0997 8.835856E-07
7.033333 345.2992 312.4497 4.413343E-07
7.066667 345.4492 313.4247 8.820655E-07
7.066667 345.5242 314.3247 8.817669E-07
7.066667 345.6742 315.2247 0
7.1 345.7492 315.9747 4.404403E-07
7.1 345.8242 316.7997 0
7.1 345.8992 317.4747 0
7.1 345.9742 318.1497 1.320014E-06
7.133333 346.1242 318.9747 4.397186E-07
7.133333 346.1242 319.4997 0
7.133333 346.2742 320.0997 -8.788721E-07
7.133333 346.3492 320.6997 8.785918E-07
7.166667 346.4243 321.0747 4.391566E-07
7.166667 346.4993 321.4497 -4.390182E-07
7.166667 346.4993 321.7497 0
7.166667 346.5743 322.0497 4.388806E-07
7.2 346.5743 322.1997 -4.388806E-07
7.2 346.5743 322.2747 0
7.2 346.5743 322.4247 0
7.2 346.5743 322.4247 0
7.233333 346.5743 322.4247 0
7.233333 346.5743 322.4247 0
7.233333 346.5743 322.4247 0
7.233333 346.5743 322.4247 0
7.233333 346.5743 322.4247 0
7.266667 346.5743 322.4247 0
7.266667 346.5743 322.4247 0
7.266667 346.5743 322.4247 0
7.266667 346.5743 322.4247 0
7.3 346.5743 322.4247 0
7.3 346.5743 322.4247 0
7.3 346.5743 322.4247 0
7.3 346.5743 322.4247 0
7.3 346.5743 322.4247 0
7.333333 346.5743 322.4247 0
7.333333 346.5743 322.4247 0
7.333333 346.5743 322.4247 0
7.333333 346.5743 322.4247 0
7.366667 346.5743 322.4247 0
7.366667 346.5743 322.4247 0
7.366667 346.5743 322.4247 0
7.366667 346.5743 322.4247 0
7.4 346.5743 322.4247 0
7.4 346.5743 322.4247 0
7.4 346.5743 322.4247 0
7.4 346.5743 322.4247 0
7.4 346.5743 322.4247 0
7.433333 346.5743 322.4247 0
7.433333 346.5743 322.4247 0
7.433333 346.5743 322.4247 0
7.433333 346.5743 322.4247 0
7.466667 346.5743 322.4247 0
7.466667 346.5743 322.4247 0
7.466667 346.5743 322.4247 0
7.466667 346.5743 322.4247 0
7.466667 346.5743 322.4247 0
7.5 346.5743 322.4247 0
7.5 346.5743 322.4247 0
7.5 346.5743 322.4247 0
7.5 346.5743 322.4247 0
7.533333 346.5743 322.4247 0
7.533333 346.5743 322.4247 0
7.533333 346.5743 322.4247 0
7.533333 346.5743 322.4247 0
7.566667 346.5743 322.4247 0
7.566667 346.5743 322.4247 0
7.566667 346.5743 322.4247 0
7.566667 346.5743 322.4247 0
7.566667 346.5743 322.4247 0
7.6 346.5743 322.4247 0
7.6 346.5743 322.4247 0
7.6 346.5743 322.4247 0
7.6 346.5743 322.4247 0
7.6 346.5743 322.4247 0
7.633333 346.5743 322.4247 0
7.633333 346.5743 322.4247 0
7.633333 346.5743 322.4247 0
7.633333 346.5743 322.4247 0
7.666667 346.5743 322.4247 0
7.666667 346.5743 322.4247 0
7.666667 346.5743 322.4247 0
7.7 346.5743 322.4247 0
7.7 346.5743 322.4247 0
7.7 346.5743 322.4247 0
7.7 346.5743 322.4247 0
7.7 346.5743 322.4247 0
7.733333 346.5743 322.4247 0
7.733333 346.5743 322.4247 0
7.733333 346.5743 322.4247 0
7.733333 346.5743 322.4247 0
7.766667 346.5743 322.4247 0
7.766667 346.5743 322.4247 0
7.766667 346.5743 322.4247 0
7.766667 346.5743 322.4247 0
7.766667 346.5743 322.4247 0
7.8 346.5743 322.4247 0
7.8 346.5743 322.4247 0
7.8 346.5743 322.4247 0
7.8 346.5743 322.4247 0
7.833333 346.5743 322.4247 0
7.833333 346.5743 322.4247 0
7.833333 346.5743 322.4247 0
7.833333 346.5743 322.4247 0
7.866667 346.5743 322.4247 0
7.866667 346.5743 322.4247 0
7.866667 346.5743 322.4247 0
7.866667 346.5743 322.4247 0
7.9 346.5743 322.4247 0
7.9 346.5743 322.4247 0
7.9 346.5743 322.4247 0
7.9 346.5743 322.4247 0
7.933333 346.5743 322.4247 0
7.933333 346.5743 322.4247 0
7.933333 346.5743 322.4247 0
7.933333 346.5743 322.4247 0
7.933333 346.5743 322.4247 0
7.966667 346.5743 322.4247 0
7.966667 346.5743 322.4247 0
7.966667 346.5743 322.4247 0
7.966667 346.5743 322.4247 0
8 346.5743 322.4247 0
8 346.5743 322.4247 0
8 346.5743 322.4247 0
8 346.5743 322.4247 0
8.033334 346.5743 322.4247 0
8.033334 346.5743 322.4247 0
8.033334 346.5743 322.4247 0
8.033334 346.5743 322.4247 0
8.066667 346.5743 322.4247 0
8.066667 346.5743 322.4247 0
8.066667 346.5743 322.4247 0
8.066667 346.5743 322.4247 0
8.1 346.5743 322.4247 0
8.1 346.5743 322.4247 0
8.1 346.5743 322.4247 0
8.1 346.5743 322.4247 0
8.133333 346.5743 322.4247 0
8.133333 346.5743 322.4247 0
8.133333 346.5743 322.4247 0
8.133333 346.5743 322.4247 0
8.133333 346.5743 322.4247 0
8.166667 346.5743 322.4247 0
8.166667 346.5743 322.4247 0
8.166667 346.5743 322.4247 0
8.166667 346.5743 322.4247 0
8.2 346.5743 322.4247 0
8.2 346.5743 322.4247 0
8.2 346.5743 322.4247 0
8.2 346.5743 322.4247 0
8.2 346.5743 322.4247 0
8.233334 346.5743 322.4247 0
8.233334 346.5743 322.4247 0
8.233334 346.5743 322.4247 0
8.233334 346.5743 322.4247 0
8.266666 346.5743 322.4247 0
8.266666 346.5743 322.4247 0
8.266666 346.5743 322.4247 0
8.266666 346.5743 322.4247 0
8.3 346.5743 322.4247 0
8.3 346.5743 322.4247 0
8.3 346.5743 322.4247 0
8.3 346.5743 322.4247 0
8.3 346.5743 322.4247 0
8.333333 346.5743 322.4247 0
8.333333 346.5743 322.4247 0
8.333333 346.5743 322.4247 0
8.333333 346.5743 322.4247 0
8.333333 346.5743 322.4247 0
8.366667 346.5743 322.4247 0
8.366667 346.5743 322.4247 0
8.366667 346.5743 322.4247 0
8.366667 346.5743 322.4247 0
8.4 346.5743 322.4247 0
8.4 346.5743 322.4247 0
8.4 346.5743 322.4247 0
8.4 346.5743 322.4247 0
8.4 346.5743 322.4247 0
8.433333 346.5743 322.4247 0
8.433333 346.5743 322.4247 0
8.433333 346.5743 322.4247 0
8.433333 346.5743 322.4247 0
8.466666 346.5743 322.4247 0
8.466666 346.5743 322.4247 0
8.466666 346.5743 322.4247 0
8.466666 346.5743 322.4247 0
8.466666 346.5743 322.4247 0
8.5 346.5743 322.4247 0
8.5 346.5743 322.4247 0
8.5 346.5743 322.4247 0
8.5 346.5743 322.4247 0
8.533334 346.5743 322.4247 0
8.533334 346.5743 322.4247 0
8.533334 346.5743 322.4247 0
8.533334 346.5743 322.4247 0
8.566667 346.5743 322.4247 0
8.566667 346.5743 322.4247 0
8.566667 346.5743 322.4247 0
8.566667 346.5743 322.4247 0
8.6 346.5743 322.4247 0
8.6 346.5743 322.4247 0
8.6 346.5743 322.4247 0
8.6 346.5743 322.4247 0
8.6 346.5743 322.4247 0
8.633333 346.5743 322.4247 0
8.633333 346.5743 322.4247 0
8.633333 346.5743 322.4247 0
8.633333 346.5743 322.4247 0
8.633333 346.5743 322.4247 0
8.666667 346.5743 322.4247 0
8.666667 346.5743 322.4247 0
8.666667 346.5743 322.4247 0
8.666667 346.5743 322.4247 0
8.7 346.5743 322.4247 0
8.7 346.5743 322.4247 0
8.7 346.5743 322.4247 0
8.7 346.5743 322.4247 0
8.733334 346.5743 322.4247 0
8.733334 346.5743 322.4247 0
8.733334 346.5743 322.4247 0
8.733334 346.5743 322.4247 0
8.766666 346.6493 322.1997 0
8.766666 346.6493 321.7497 -8.77488E-07
8.766666 346.6493 321.3747 -8.774879E-07
8.766666 346.6493 320.9997 -8.774878E-07
8.8 346.6493 320.6247 0
8.8 346.6493 320.0997 -4.387439E-07
8.8 346.6493 319.7997 -8.774878E-07
8.8 346.6493 319.4997 -8.774879E-07
8.833333 346.6493 319.1997 -8.774878E-07
8.833333 346.6493 318.9747 -8.774878E-07
8.833333 346.6493 318.7497 -8.774878E-07
8.833333 346.6493 318.4497 -8.774878E-07
8.866667 346.6493 318.2247 -2.19372E-06
8.866667 346.6493 317.9247 -1.754976E-06
8.866667 346.6493 317.5497 -1.754976E-06
8.866667 346.6493 317.0997 -2.193719E-06
8.9 346.6493 316.4997 -2.19372E-06
8.9 346.6493 316.1247 -2.632464E-06
8.9 346.6493 315.7497 -2.193719E-06
8.933333 346.5743 315.3747 -2.194403E-06
8.933333 346.5743 315.0747 -3.511045E-06
8.933333 346.5743 314.7747 -4.388807E-06
8.933333 346.4993 314.3997 -2.195091E-06
8.966666 346.4993 314.1747 -3.073128E-06
8.966666 346.4243 313.7997 -3.513254E-06
8.966666 346.3492 313.3497 -2.196479E-06
8.966666 346.3492 313.1247 -1.757184E-06
9 346.2742 312.6747 -2.19718E-06
9 346.1992 312.2247 -1.758308E-06
9 346.1992 311.6997 -2.637463E-06
9 346.1242 311.1747 -2.638312E-06
9.033334 346.0492 310.7247 -2.199307E-06
9.033334 346.0492 310.2747 -2.199308E-06
9.033334 345.9742 309.6747 -2.640029E-06
9.033334 345.8991 309.1497 -3.081044E-06
9.066667 345.8991 308.6247 -3.961344E-06
9.066667 345.8241 308.2497 -3.522355E-06
9.066667 345.8241 307.9497 -3.522356E-06
9.066667 345.7491 307.5747 -3.083083E-06
9.1 345.7491 307.2747 -3.963964E-06
9.1 345.7491 306.9747 -2.642642E-06
9.1 345.7491 306.7498 -3.083083E-06
9.1 345.7491 306.5997 -3.523523E-06
9.133333 345.7491 306.4497 -3.083083E-06
9.133333 345.7491 306.2997 -2.642642E-06
9.133333 345.7491 306.1497 -3.083083E-06
9.133333 345.7491 306.0747 -3.083083E-06
9.166667 345.7491 305.8497 -3.083083E-06
9.166667 345.7491 305.6997 -3.083083E-06
9.166667 345.7491 305.4747 -3.963964E-06
9.2 345.7491 305.1747 -4.404405E-06
9.2 345.7491 304.8748 -4.404404E-06
9.2 345.7491 304.6497 -5.725726E-06
9.2 345.7491 304.3498 -5.725726E-06
9.233334 345.7491 304.1997 -5.725726E-06
9.233334 345.7491 303.9748 -5.725725E-06
9.233334 345.7491 303.7498 -6.606608E-06
9.233334 345.7491 303.5998 -6.166166E-06
9.266666 345.7491 303.3748 -6.166167E-06
9.266666 345.7491 303.1497 -7.487486E-06
9.266666 345.7491 302.9248 -7.487486E-06
9.266666 345.7491 302.6248 -6.606607E-06
9.3 345.7491 302.3998 -6.606607E-06
9.3 345.6741 302.1748 -6.60881E-06
9.3 345.6741 301.8748 -7.930571E-06
9.333333 345.6741 301.6498 -7.930573E-06
9.333333 345.6741 301.3498 -6.608811E-06
9.333333 345.6741 301.1998 -6.608811E-06
9.333333 345.6741 300.8248 -7.489984E-06
9.366667 345.6741 300.5248 -7.489984E-06
9.366667 345.6741 300.2998 -7.049397E-06
9.366667 345.5991 299.9998 -7.933232E-06
9.366667 345.5991 299.6998 -8.373966E-06
9.4 345.524 299.3248 -6.613256E-06
9.4 345.449 299.0248 -7.497565E-06
9.4 345.449 298.6498 -6.174465E-06
9.4 345.374 298.2748 -7.058934E-06
9.433333 345.374 297.8998 -7.50012E-06
9.433333 345.299 297.4498 -7.502689E-06
9.433333 345.224 297.1498 -7.505272E-06
9.466666 345.224 296.7748 -7.063787E-06
9.466666 345.149 296.3248 -6.182954E-06
9.466666 345.149 295.9498 -7.066232E-06
9.466666 345.149 295.6498 -8.391152E-06
9.5 345.149 295.3498 -7.507873E-06
9.5 345.074 294.9748 -7.510487E-06
9.5 344.9989 294.4498 -8.397012E-06
9.5 344.9239 293.9998 -8.399967E-06
9.533334 344.8489 293.4748 -7.076157E-06
9.533334 344.7739 292.8748 -7.521089E-06
9.533334 344.6239 292.1998 -7.526479E-06
9.566667 344.5488 291.2998 -7.529197E-06
9.566667 344.3988 290.5498 -7.091461E-06
9.566667 344.3238 289.8748 -7.09406E-06
9.566667 344.1738 288.9748 -7.099298E-06
9.6 344.0988 288.2248 -7.101942E-06
9.6 343.9488 287.5498 -7.995675E-06
9.6 343.8738 286.9498 -7.998695E-06
9.6 343.7988 286.2748 -7.112649E-06
9.633333 343.6488 285.7498 -8.897608E-06
9.633333 343.5738 285.1498 -8.010933E-06
9.633333 343.4238 284.4748 -8.907941E-06
9.633333 343.3488 284.0248 -8.020281E-06
9.666667 343.2737 283.3498 -9.806413E-06
9.666667 343.1987 282.5998 -9.810282E-06
9.666667 343.1237 282.0748 -8.921972E-06
9.7 343.0487 281.6998 -9.818075E-06
9.7 343.0487 281.1748 -8.925523E-06
9.7 342.9737 280.7998 -8.036186E-06
9.733334 342.9737 280.4998 -8.036185E-06
9.733334 342.9737 280.2748 -8.929095E-06
9.733334 342.8987 280.0498 -7.146147E-06
9.733334 342.8987 279.8248 -7.146146E-06
9.766666 342.8987 279.5998 -8.039416E-06
9.766666 342.8987 279.3748 -8.039415E-06
9.766666 342.8237 279.1498 -7.149034E-06
9.766666 342.8237 278.9248 -8.93629E-06
9.8 342.8237 278.6998 -6.255404E-06
9.8 342.8237 278.4748 -8.936292E-06
9.8 342.8237 278.1748 -8.042661E-06
9.833333 342.8237 277.9498 -8.93629E-06
9.833333 342.8237 277.7248 -7.149032E-06
9.833333 342.8237 277.5748 -9.829919E-06
9.833333 342.8237 277.4998 -8.042661E-06
9.866667 342.8237 277.3498 -7.149032E-06
9.866667 342.8237 277.2748 -8.936291E-06
9.866667 342.8237 277.1998 -8.93629E-06
9.866667 342.8237 277.0498 -8.042661E-06
9.9 342.8237 276.9748 -7.149032E-06
9.9 342.8237 276.8248 -7.149032E-06
9.9 342.8237 276.6748 -7.149032E-06
9.9 342.8237 276.5248 -7.149033E-06
9.9 342.8237 276.3748 -8.936291E-06
9.933333 342.8237 276.1498 -8.042662E-06
9.933333 342.8237 276.0748 -7.149032E-06
9.933333 342.8237 275.9998 -7.149032E-06
9.933333 342.8237 275.9248 -8.93629E-06
9.966666 342.8237 275.8498 -7.149032E-06
9.966666 342.8237 275.6248 -8.042661E-06
9.966666 342.8237 275.4748 -8.042663E-06
10 342.8237 275.3998 -6.255403E-06
10 342.8237 275.1748 -6.255403E-06
10 342.8237 275.0248 -8.042661E-06
10 342.8237 274.7998 -8.936291E-06
10.03333 342.8237 274.4998 -6.255403E-06
10.03333 342.8237 274.1998 -7.149033E-06
10.03333 342.8237 273.8998 -7.149033E-06
10.03333 342.7487 273.5248 -8.045925E-06
10.06667 342.7487 273.2248 -8.045925E-06
10.06667 342.6736 272.8498 -8.049205E-06
10.06667 342.6736 272.5498 -8.943561E-06
10.06667 342.5986 272.0998 -8.052501E-06
10.1 342.5986 271.7998 -7.157779E-06
10.1 342.5236 271.3498 -8.055814E-06
10.1 342.3736 270.6748 -8.062486E-06
10.13333 342.2986 269.9998 -7.169643E-06
10.13333 342.2236 269.2498 -8.069227E-06
10.13333 342.0736 268.6498 -7.178696E-06
10.16667 341.9985 267.8998 -8.079462E-06
10.16667 341.9236 267.2248 -7.184806E-06
10.16667 341.8485 266.5498 -8.08637E-06
10.16667 341.7735 265.8748 -8.988722E-06
10.2 341.6985 265.1248 -6.294825E-06
10.2 341.6235 264.4498 -6.297558E-06
10.2 341.4735 263.6248 -8.103935E-06
10.2 341.3984 262.7998 -7.206667E-06
10.23333 341.2484 262.0498 -7.213048E-06
10.23333 341.1734 261.0748 -8.118293E-06
10.23333 341.0234 260.1748 -6.319891E-06
10.23333 340.8734 259.1998 -7.229267E-06
10.26667 340.7234 258.3748 -9.949309E-06
10.26667 340.6484 257.3997 -7.23918E-06
10.26667 340.4984 256.4247 -8.151603E-06
10.26667 340.4234 255.0747 -9.061547E-06
10.3 340.1984 253.6497 -7.25943E-06
10.3 340.1234 252.5997 -9.078576E-06
10.3 339.9734 251.3997 -8.178486E-06
10.3 339.8234 249.9747 -5.457551E-06
10.33333 339.6734 248.7747 -6.373295E-06
10.33333 339.4484 247.1997 -6.38263E-06
10.33333 339.2234 245.7747 -7.305246E-06
10.33333 339.0734 244.2747 -5.4844E-06
10.36667 338.8484 242.8497 -6.408141E-06
10.36667 338.6984 241.1997 -7.331041E-06
10.36667 338.4734 239.6997 -5.506755E-06
10.36667 338.3234 237.8997 -4.593721E-06
10.4 338.1734 236.3247 -5.518225E-06
10.4 337.9484 234.7497 -6.448121E-06
10.4 337.7984 233.0997 -7.377132E-06
10.4 337.6484 231.5246 -7.385045E-06
10.43333 337.4234 229.7997 -1.017094E-05
10.43333 337.2734 227.9997 -8.330777E-06
10.43333 337.0484 226.2747 -1.019891E-05
10.43333 336.8984 224.6996 -9.282061E-06
10.46667 336.6733 223.0497 -1.022748E-05
10.46667 336.4483 221.3997 -9.313554E-06
10.46667 336.2983 219.8247 -1.118907E-05
10.46667 336.0733 218.1746 -1.120848E-05
10.5 335.9233 216.8246 -1.168912E-05
10.5 335.6983 214.9496 -1.077298E-05
10.5 335.5483 213.5246 -1.031682E-05
10.5 335.3233 211.6496 -1.033535E-05
10.53333 335.0983 210.0746 -9.883474E-06
10.53333 334.9483 208.3496 -7.539456E-06
10.53333 334.7983 207.0746 -5.189744E-06
10.53333 334.5733 205.4996 -5.199392E-06
10.53333 334.4983 204.1496 -6.621536E-06
10.56667 334.3483 202.9496 -6.629837E-06
10.56667 334.1983 201.7496 -8.060678E-06
10.56667 334.1233 200.7746 -8.540248E-06
10.56667 333.9733 199.7246 -1.140152E-05
10.6 333.8983 198.7496 -1.045808E-05
10.6 333.7483 197.7746 -9.043612E-06
10.6 333.6732 196.9496 -1.14309E-05
10.6 333.5982 196.1246 -1.096172E-05
10.63333 333.5232 195.3746 -1.216113E-05
10.63333 333.4482 194.6246 -1.193047E-05
10.63333 333.3732 193.9497 -1.337089E-05
10.63333 333.2982 193.1996 -1.36186E-05
10.66667 333.2231 192.5247 -1.482299E-05
10.66667 333.2231 191.9246 -1.362759E-05
10.66667 333.1481 191.3246 -1.626824E-05
10.66667 333.1481 190.8746 -1.674672E-05
10.7 333.1481 190.5746 -2.009605E-05
10.7 333.1481 190.2746 -2.081377E-05
10.7 333.1481 190.0496 -1.937834E-05
10.7 333.1481 189.8246 -2.057453E-05
10.7 333.1481 189.6747 -2.105301E-05
10.73333 333.1481 189.5997 -1.818215E-05
10.73333 333.1481 189.4497 -1.937834E-05
10.73333 333.1481 189.2997 -2.105301E-05
10.73333 333.1481 189.1497 -1.889987E-05
10.76667 333.1481 188.8497 -1.985682E-05
10.76667 333.0731 188.2497 -2.08276E-05
10.76667 333.0731 187.7997 -1.939121E-05
10.76667 332.9981 187.1247 -1.940413E-05
10.8 332.9231 186.5247 -2.121498E-05
10.8 332.8481 185.9247 -2.038964E-05
10.8 332.773 185.0997 -2.016332E-05
10.8 332.698 184.4997 -2.101763E-05
10.83333 332.623 183.8247 -1.94094E-05
10.83333 332.623 183.2997 -2.025068E-05
10.83333 332.548 182.8497 -1.990364E-05
10.83333 332.473 182.3247 -2.14817E-05
10.86667 332.398 181.4247 -2.167703E-05
10.86667 332.323 180.8997 -2.181241E-05
10.86667 332.2479 180.1497 -2.197816E-05
10.86667 332.1729 179.3997 -1.971556E-05
10.9 332.1729 178.5747 -2.166147E-05
10.9 332.1729 177.7497 -1.773947E-05
10.9 332.1729 176.9247 -1.924794E-05
10.9 332.1729 176.3247 -2.057538E-05
10.93333 332.1729 175.8747 -1.954962E-05
10.93333 332.1729 175.6497 -1.894624E-05
10.93333 332.1729 175.6497 -1.894624E-05
10.93333 332.1729 175.6497 -1.894624E-05
10.93333 332.1729 175.6497 -1.894624E-05
10.96667 332.1729 175.7247 -2.196316E-05
10.96667 332.1729 176.0247 -2.172181E-05
10.96667 332.1729 176.3997 -1.991166E-05
10.96667 332.1729 176.9247 -1.91876E-05
11 332.1729 177.5247 -2.298891E-05
11 332.1729 178.2747 -1.933844E-05
11 332.1729 179.1747 -1.669864E-05
11 332.1729 180.4497 -1.901412E-05
11.03333 332.1729 181.9497 -1.985132E-05
11.03333 332.1729 183.8997 -1.894624E-05
11.03333 332.3229 185.8497 -2.036629E-05
11.03333 332.3979 187.9497 -2.047276E-05
11.06667 332.4729 190.1997 -2.045878E-05
11.06667 332.5479 192.3747 -2.309065E-05
11.06667 332.6229 194.6997 -2.043097E-05
11.06667 332.6979 196.9497 -2.161815E-05
11.1 332.8479 199.5747 -2.062954E-05
11.1 332.9979 201.6747 -2.060195E-05
11.1 333.1479 203.7747 -2.105305E-05
11.1 333.2979 205.8747 -1.959172E-05
11.13333 333.4479 207.8247 -1.861158E-05
11.13333 333.5979 209.9247 -2.001713E-05
11.13333 333.6729 211.8747 -2.095672E-05
11.13333 333.8229 213.8997 -2.092968E-05
11.16667 333.9729 216.0747 -2.090285E-05
11.16667 334.1229 217.8747 -2.277408E-05
11.16667 334.1979 219.8247 -2.370796E-05
11.16667 334.3479 221.8497 -2.557232E-05
11.2 334.4979 223.7997 -2.648624E-05
11.2 334.5729 226.1247 -2.457903E-05
11.2 334.7229 228.2247 -2.549274E-05
11.2 334.9479 230.3247 -2.356087E-05
11.2 335.0979 232.4247 -2.541473E-05
11.23333 335.3229 234.4497 -2.44291E-05
11.23333 335.4728 236.6247 -2.439984E-05
11.23333 335.6228 238.1997 -2.437082E-05
11.23333 335.7728 239.9997 -2.715073E-05
11.26667 335.9978 241.7247 -2.710305E-05
11.26667 336.1478 243.5997 -2.520458E-05
11.26667 336.3728 245.0247 -2.702487E-05
11.26667 336.5228 246.8247 -2.606321E-05
11.3 336.6728 248.2497 -2.603371E-05
11.3 336.8228 249.8247 -2.600444E-05
11.3 336.8978 251.4747 -2.598989E-05
11.3 337.0478 252.8997 -2.596098E-05
11.33333 337.1228 254.3997 -2.501995E-05
11.33333 337.1978 255.8246 -2.593232E-05
11.33333 337.4228 257.2496 -2.496514E-05
11.33333 337.5728 258.5996 -2.586172E-05
11.36667 337.7978 260.0997 -2.674221E-05
11.36667 338.0228 261.5246 -2.485827E-05
11.36667 338.2478 263.1746 -2.38999E-05
11.36667 338.5478 264.8246 -2.385041E-05
11.4 338.8477 266.5496 -2.471722E-05
11.4 339.1477 268.4246 -2.558119E-05
11.4 339.3727 270.2996 -2.463093E-05
11.4 339.6727 272.3246 -2.458282E-05
11.43333 339.9727 274.0496 -2.544429E-05
11.43333 340.1977 275.8496 -2.359326E-05
11.43333 340.4227 277.2746 -2.537244E-05
11.43333 340.7227 278.7746 -2.442114E-05
11.46667 340.8727 279.9746 -2.259156E-05
11.46667 341.0977 281.0996 -2.346345E-05
11.46667 341.3227 282.2996 -2.253088E-05
11.46667 341.4727 283.1996 -2.521236E-05
11.5 341.6227 284.0996 -2.519035E-05
11.5 341.7726 284.9246 -2.606742E-05
11.5 341.9226 285.8246 -2.335075E-05
11.5 341.9977 286.4996 -2.513624E-05
11.53333 342.0727 286.9496 -2.602291E-05
11.53333 342.1477 287.3246 -2.511495E-05
11.53333 342.1477 287.6996 -2.511495E-05
11.53333 342.2227 287.9996 -2.42078E-05
11.56667 342.2977 288.5246 -2.419767E-05
11.56667 342.3727 288.8246 -2.508341E-05
11.56667 342.4477 289.1996 -2.328208E-05
11.56667 342.5227 289.4996 -2.416756E-05
11.6 342.5977 289.8746 -2.505235E-05
11.6 342.5977 290.1746 -2.326289E-05
11.6 342.6727 290.5496 -2.414773E-05
11.63333 342.6727 290.6996 -2.414773E-05
11.63333 342.6727 290.8496 -2.414773E-05
11.63333 342.6727 290.9246 -2.325338E-05
11.63333 342.6727 290.9996 -2.325338E-05
11.63333 342.6727 290.9996 -2.593646E-05
11.66667 342.6727 290.9996 -2.593646E-05
11.66667 342.6727 290.9996 -2.593646E-05
11.66667 342.6727 290.9996 -2.593646E-05
11.66667 342.6727 291.0746 -2.683081E-05
11.7 342.6727 291.2246 -2.683082E-05
11.7 342.7477 291.3746 -2.681989E-05
11.7 342.7477 291.5996 -2.681988E-05
11.7 342.8228 291.8996 -2.680901E-05
11.73333 342.8228 292.2746 -2.770264E-05
11.73333 342.8978 292.8746 -2.679819E-05
11.73333 342.9728 293.2496 -2.768032E-05
11.73333 342.9728 293.6246 -2.768033E-05
11.76667 343.0478 293.9246 -2.856182E-05
11.76667 343.0478 294.1496 -2.856182E-05
11.76667 343.1228 294.5246 -2.944265E-05
11.76667 343.1228 294.6746 -2.855044E-05
11.8 343.1978 294.8996 -2.943099E-05
11.8 343.1978 294.9746 -3.032284E-05
11.8 343.1978 295.1246 -3.032284E-05
11.8 343.1978 295.1996 -3.032284E-05
11.83333 343.1978 295.2747 -3.032284E-05
11.83333 343.1978 295.2747 -3.032284E-05
11.83333 343.1978 295.2747 -3.032284E-05
11.83333 343.1978 295.2747 -3.032284E-05
11.86667 343.1978 295.2747 -3.032284E-05
11.86667 343.1978 295.2747 -3.032284E-05
11.86667 343.1978 295.3496 -3.032284E-05
11.86667 343.1978 295.4247 -3.032284E-05
11.9 343.1978 295.4996 -3.121469E-05
11.9 343.1978 295.4996 -3.121469E-05
11.9 343.1978 295.5746 -3.121469E-05
11.9 343.1978 295.5746 -3.121469E-05
11.9 343.1978 295.5746 -3.121469E-05
11.93333 343.1978 295.5746 -3.121469E-05
11.93333 343.1978 295.5746 -3.121469E-05
11.93333 343.1978 295.5746 -3.121469E-05
11.93333 343.1978 295.5746 -3.121469E-05
11.96667 343.1978 295.5746 -3.121469E-05
11.96667 343.1978 295.5746 -3.121469E-05
11.96667 343.1978 295.5746 -3.121469E-05
11.96667 343.1978 295.5746 -3.121469E-05
12 343.1978 295.5746 -3.121469E-05
12 343.1978 295.5746 -3.121469E-05
12 343.1978 295.5746 -3.121469E-05
12 343.1978 295.5746 -3.121469E-05
12 343.1978 295.5746 -3.121469E-05
12.03333 343.1978 295.5746 -3.121469E-05
12.03333 343.1978 295.5746 -3.121469E-05
12.03333 343.1978 295.5746 -3.121469E-05
12.03333 343.1978 295.5746 -3.121469E-05
12.06667 343.1978 295.5746 -3.121469E-05
12.06667 343.1978 295.5746 -3.121469E-05
12.06667 343.1978 295.5746 -3.121469E-05
12.06667 343.1978 295.5746 -3.121469E-05
12.06667 343.1978 295.5746 -3.121469E-05
12.1 343.1978 295.5746 -3.121469E-05
12.1 343.1978 295.5746 -3.121469E-05
12.1 343.1978 295.5746 -3.121469E-05
12.1 343.1978 295.5746 -3.121469E-05
12.1 343.1978 295.5746 -3.121469E-05
12.13333 343.1978 295.5746 -3.121469E-05
12.13333 343.1978 295.5746 -3.121469E-05
12.13333 343.1978 295.5746 -3.121469E-05
12.13333 343.1978 295.5746 -3.121469E-05
12.16667 343.1978 295.5746 -3.121469E-05
12.16667 343.1978 295.5746 -3.121469E-05
12.16667 343.1978 295.5746 -3.121469E-05
12.16667 343.1978 295.5746 -3.121469E-05
12.16667 343.1978 295.5746 -3.121469E-05
12.2 343.1978 295.5746 -3.121469E-05
12.2 343.1978 295.5746 -3.121469E-05
12.2 343.1978 295.5746 -3.121469E-05
12.2 343.1978 295.5746 -3.121469E-05
12.23333 343.1978 295.5746 -3.121469E-05
12.23333 343.1978 295.5746 -3.121469E-05
12.23333 343.1978 295.5746 -3.121469E-05
12.23333 343.1978 295.5746 -3.121469E-05
12.26667 343.1978 295.5746 -3.121469E-05
12.26667 343.1978 295.5746 -3.121469E-05
12.26667 343.1978 295.5746 -3.121469E-05
12.26667 343.1978 295.5746 -3.121469E-05
12.3 343.1978 295.5746 -3.121469E-05
12.3 343.1978 295.5746 -3.121469E-05
12.3 343.1978 295.5746 -3.121469E-05
12.3 343.1978 295.5746 -3.121469E-05
12.33333 343.1978 295.5746 -3.121469E-05
12.33333 343.1978 295.5746 -3.121469E-05
12.33333 343.1978 295.5746 -3.121469E-05
12.33333 343.1978 295.5746 -3.121469E-05
12.33333 343.1978 295.5746 -3.121469E-05
12.36667 343.1978 295.5746 -3.121469E-05
12.36667 343.1978 295.5746 -3.121469E-05
12.36667 343.1978 295.5746 -3.121469E-05
12.36667 343.1978 295.5746 -3.121469E-05
12.36667 343.1978 295.5746 -3.121469E-05
12.4 343.1978 295.5746 -3.121469E-05
12.4 343.1978 295.5746 -3.121469E-05
12.4 343.1978 295.5746 -3.121469E-05
12.4 343.1978 295.5746 -3.121469E-05
12.43333 343.1978 295.5746 -3.121469E-05
12.43333 343.1978 295.5746 -3.121469E-05
12.43333 343.1978 295.5746 -3.121469E-05
12.43333 343.1978 295.5746 -3.121469E-05
12.46667 343.1978 295.5746 -3.121469E-05
12.46667 343.1978 295.5746 -3.121469E-05
12.46667 343.1978 295.5746 -3.121469E-05
12.46667 343.1978 295.5746 -3.121469E-05
12.46667 343.1978 295.5746 -3.121469E-05
12.5 343.1978 295.5746 -3.121469E-05
12.5 343.1978 295.5746 -3.121469E-05
12.5 343.1978 295.5746 -3.121469E-05
12.5 343.1978 295.5746 -3.121469E-05
12.53333 343.1978 295.5746 -3.121469E-05
12.53333 343.1978 295.5746 -3.121469E-05
12.53333 343.1978 295.5746 -3.121469E-05
12.53333 343.1978 295.5746 -3.121469E-05
12.53333 343.1978 295.5746 -3.121469E-05
12.56667 343.1978 295.5746 -3.121469E-05
12.56667 343.1978 295.5746 -3.121469E-05
12.56667 343.1978 295.5746 -3.121469E-05
12.56667 343.1978 295.5746 -3.121469E-05
12.6 343.1978 295.5746 -3.121469E-05
12.6 343.1978 295.5746 -3.121469E-05
12.6 343.1978 295.5746 -3.121469E-05
12.6 343.1978 295.5746 -3.121469E-05
12.63333 343.1978 295.5746 -3.121469E-05
12.63333 343.1978 295.5746 -3.121469E-05
12.63333 343.1978 295.5746 -3.121469E-05
12.63333 343.1978 295.5746 -3.121469E-05
12.63333 343.1978 295.5746 -3.121469E-05
12.66667 343.1978 295.5746 -3.121469E-05
12.66667 343.1978 295.5746 -3.121469E-05
12.66667 343.1978 295.5746 -3.121469E-05
12.66667 343.1978 295.5746 -3.121469E-05
12.7 343.1978 295.5746 -3.121469E-05
12.7 343.1978 295.5746 -3.121469E-05
12.7 343.1978 295.5746 -3.121469E-05
12.7 343.1978 295.5746 -3.121469E-05
12.73333 343.1978 295.5746 -3.121469E-05
12.73333 343.1978 295.5746 -3.121469E-05
12.73333 343.1978 295.5746 -3.121469E-05
12.73333 343.1978 295.5746 -3.121469E-05
12.76667 343.1978 295.5746 -3.121469E-05
12.76667 343.1978 295.5746 -3.121469E-05
12.76667 343.1978 295.5746 -3.121469E-05
12.76667 343.1978 295.5746 -3.121469E-05
12.8 343.1978 295.4996 -3.121469E-05
12.8 343.1978 295.4996 -3.121469E-05
12.8 343.1978 295.4996 -3.121469E-05
12.8 343.1978 295.4996 -3.121469E-05
12.8 343.1978 295.4996 -3.121469E-05
12.83333 343.1978 295.4247 -3.121469E-05
12.83333 343.1978 295.1996 -3.121469E-05
12.83333 343.1978 294.8997 -3.121469E-05
12.83333 343.1978 294.4496 -3.121469E-05
12.86667 343.1978 293.7747 -3.210654E-05
12.86667 343.1978 292.9496 -3.210654E-05
12.86667 343.1227 291.9746 -3.301147E-05
12.86667 343.1227 291.2246 -3.122706E-05
12.9 343.0477 290.2496 -3.12395E-05
12.9 342.8977 289.1996 -3.215783E-05
12.9 342.8227 288.5247 -3.217082E-05
12.9 342.8227 288.2246 -3.217082E-05
12.93333 342.8227 288.1497 -3.127718E-05
12.93333 342.8227 288.1497 -3.127718E-05
12.93333 342.8227 288.1497 -3.127718E-05
12.93333 342.8227 288.1497 -3.127718E-05
12.96667 342.8227 288.1497 -3.127718E-05
12.96667 342.8227 288.1497 -3.127718E-05
12.96667 342.8227 288.1497 -3.127718E-05
12.96667 342.8227 288.1497 -3.127718E-05
12.96667 342.8227 288.1497 -3.127718E-05
13 342.8227 288.1497 -3.127718E-05
13 342.8227 288.1497 -3.127718E-05
13 342.8227 288.1497 -3.127718E-05
13 342.8227 288.1497 -3.127718E-05
13 342.8227 288.1497 -3.127718E-05
13.03333 342.8227 288.1497 -3.127718E-05
13.03333 342.8227 288.1497 -3.127718E-05
13.03333 342.8227 288.1497 -3.127718E-05
13.03333 342.8227 288.1497 -3.127718E-05
13.06667 342.8227 288.1497 -3.127718E-05
13.06667 342.8227 288.1497 -3.127718E-05
13.06667 342.8227 288.1497 -3.127718E-05
13.06667 342.8227 288.1497 -3.127718E-05
13.1 342.8227 288.1497 -3.127718E-05
13.1 342.8227 288.1497 -3.127718E-05
13.1 342.8227 288.1497 -3.127718E-05
13.1 342.8227 288.1497 -3.127718E-05
13.1 342.8227 288.1497 -3.127718E-05
13.13333 342.8227 288.1497 -3.127718E-05
13.13333 342.8227 288.1497 -3.127718E-05
13.13333 342.8227 288.1497 -3.127718E-05
13.13333 342.8227 288.1497 -3.127718E-05
13.16667 342.8227 288.1497 -3.127718E-05
13.16667 342.8227 288.1497 -3.127718E-05
13.16667 342.8227 288.1497 -3.127718E-05
13.16667 342.8227 288.1497 -3.127718E-05
13.16667 342.8227 288.1497 -3.127718E-05
13.2 342.8227 288.1497 -3.127718E-05
13.2 342.8227 288.1497 -3.127718E-05
13.2 342.8227 288.1497 -3.127718E-05
13.23333 342.8227 288.1497 -3.127718E-05
13.23333 342.8227 288.1497 -3.127718E-05
13.23333 342.8227 288.1497 -3.127718E-05
13.23333 342.8227 288.1497 -3.127718E-05
13.23333 342.8227 288.1497 -3.127718E-05
13.26667 342.8227 288.1497 -3.127718E-05
13.26667 342.8227 288.1497 -3.127718E-05
13.26667 342.8227 288.1497 -3.127718E-05
13.26667 342.8227 288.1497 -3.127718E-05
13.3 342.8227 288.1497 -3.127718E-05
13.3 342.8227 288.1497 -3.127718E-05
13.3 342.8227 288.1497 -3.127718E-05
