-0.03333334 1.039424 322.4036 1.872056
0.03333334 1.073043 322.3483 1.906807
0.03333334 1.131999 322.2637 1.967331
0.06666667 1.107035 322.1114 2.136344
0.06666667 0.9613436 322.0609 2.180758
0.1 0.8855604 322.0247 2.187413
0.1333333 0.9025627 321.9626 2.340425
0.1333333 0.930998 321.9733 2.333721
0.1666667 0.9292459 321.9553 2.315541
0.1666667 1.259398 321.2348 2.543344
0.1666667 1.414024 321.0794 2.701773
0.4333333 1.375599 321.0878 2.648074
0.5 1.282931 321.0698 2.505867
0.5 1.193677 321.04 2.393042
0.5333334 1.151577 321.0528 2.2997
0.5666667 1.155291 321.0713 2.239701
0.5666667 1.111515 321.0703 2.080803
0.6 1.104053 321.0814 2.059321
0.6 1.08299 321.0892 2.027907
0.6 1.098158 321.1089 2.048295
0.6333333 1.106281 321.1114 2.047868
0.6333333 1.10216 321.1136 2.065245
0.6666667 1.119842 321.1358 2.071221
0.6666667 1.163645 321.1474 2.029355
0.7 1.23001 321.176 1.991614
0.7 1.299427 321.2135 1.94984
0.7 1.359881 321.2527 1.92235
0.7333333 1.42487 321.2898 1.883237
0.7333333 1.502523 321.3293 1.867012
0.7666667 1.55186 321.3616 1.842119
0.7666667 1.562669 321.3727 1.819563
0.7666667 1.560456 321.3443 1.858564
0.8 1.57793 321.3101 1.894678
0.8 1.592147 321.2483 1.935678
0.8333333 1.603373 321.175 1.914474
0.8333333 1.644342 321.1092 1.84553
0.8666667 1.707724 321.0313 1.796227
0.8666667 1.772511 320.8795 1.791791
0.8666667 1.844725 320.6121 1.81811
0.9 1.92614 320.3585 1.840829
0.9 2.005082 320.1588 1.845051
0.9333333 2.131784 319.9009 1.793454
0.9333333 2.241496 319.6472 1.75832
0.9333333 2.322779 319.4483 1.731647
0.9666666 2.460547 319.2679 1.690149
0.9666666 2.685624 319.1125 1.689652
1 2.915573 318.983 1.700968
1 3.03776 318.9052 1.709829
1.033333 3.060433 318.8483 1.692667
1.033333 3.023247 318.7902 1.678723
1.066667 2.976713 318.7167 1.647931
1.066667 2.988339 318.6346 1.683545
1.066667 3.051796 318.5657 1.712368
1.1 3.138195 318.5181 1.736403
1.1 3.253198 318.5009 1.73128
1.1 3.390878 318.4843 1.713371
1.133333 3.438289 318.4821 1.695924
1.133333 3.436088 318.45 1.664122
1.166667 3.473221 318.3806 1.662921
1.166667 3.543583 318.2595 1.674302
1.2 3.638877 318.1555 1.665014
1.2 3.715694 318.0658 1.59598
1.233333 3.795084 317.9714 1.490058
1.233333 3.830188 317.8663 1.385764
1.233333 3.845472 317.7116 1.37069
1.266667 3.860689 317.513 1.451566
1.266667 3.867998 317.2909 1.561021
1.3 3.848601 317.0021 1.697859
1.3 3.829169 316.7427 1.701666
1.3 3.806876 316.4953 1.605462
1.333333 3.763206 316.3334 1.47028
1.333333 3.74616 316.1323 1.400835
1.366667 3.719515 315.9809 1.458024
1.366667 3.642596 315.8521 1.556506
1.366667 3.572276 315.7315 1.671776
1.4 3.514045 315.6766 1.699724
1.4 3.453285 315.6551 1.649295
1.433333 3.385309 315.6933 1.58852
1.433333 3.32834 315.7727 1.586924
1.466667 3.24187 315.8814 1.649427
1.466667 3.159191 315.983 1.711582
1.466667 3.044624 316.1484 1.764542
1.5 2.947432 316.2978 1.806686
1.5 2.852778 316.4344 1.824979
1.533333 2.759729 316.5784 1.807673
1.533333 2.614973 316.7852 1.712849
1.533333 2.47532 317.0014 1.609208
1.566667 2.356261 317.203 1.490117
1.566667 2.247914 317.4011 1.438166
1.6 2.199382 317.5512 1.431677
1.6 2.162391 317.633 1.476389
1.633333 2.100029 317.6328 1.419802
1.633333 2.048426 317.5898 1.311398
1.633333 2.017709 317.5349 1.156655
1.666667 2.037626 317.4723 0.9320491
1.666667 2.149924 317.3805 0.7802618
1.7 2.255876 317.2752 0.7760422
1.7 2.298037 317.1177 0.811922
1.733333 2.308782 316.9385 0.8579678
1.733333 2.380064 316.7236 0.8686388
1.733333 2.584464 316.5251 0.8263197
1.766667 2.762479 316.3884 0.739157
1.766667 2.984324 316.2735 0.6427301
1.8 3.104797 316.2026 0.5765708
1.8 3.156524 314.1276 0.5242958
1.8 3.183243 311.9996 0.4873251
1.833333 3.188583 309.9184 0.5028251
1.866667 3.218958 307.8033 0.5414118
1.866667 3.315148 305.704 0.606219
1.9 3.467243 303.5586 0.8201448
1.933333 3.494229 301.319 1.091339
1.933333 3.565104 298.8073 1.299463
1.966667 3.410691 296.5999 1.119387
1.966667 3.500128 293.5823 1.156454
2 3.435948 291.6315 0.9657726
2.033333 3.379091 289.4868 0.8770044
2.033333 3.35924 287.2312 0.6249137
2.066667 3.385605 285.3766 0.5916814
2.066667 3.54637 283.2686 0.6059601
2.1 3.911921 281.3511 0.7452964
2.133333 3.99483 279.588 0.6071337
2.166667 4.385467 277.8427 0.4439074
2.2 4.418099 276.001 0.6017953
2.2 4.507061 274.1046 0.588976
2.233333 4.518374 272.0852 0.4105617
2.266667 4.531659 270.0481 0.345097
2.266667 4.451713 267.9205 0.4877242
2.3 4.342288 265.8633 0.5145085
2.333333 4.146364 263.7961 0.4672602
2.366667 3.943225 261.6143 0.5946161
2.366667 3.882814 259.4408 0.725865
2.4 3.874643 257.3575 0.8176811
2.433333 3.833808 255.2608 0.7941908
2.466667 3.784989 253.0061 0.7483541
2.5 3.814677 250.7105 0.5900338
2.533333 3.753813 248.561 0.3998573
2.566667 3.637726 246.4276 0.3374263
2.566667 3.509876 244.2196 0.3431045
2.6 3.446159 242.0721 0.3164928
2.633333 3.344624 239.9928 0.3508701
2.666667 3.156179 237.8844 0.3540344
2.7 3.049963 235.7785 0.3310122
2.733333 2.952989 233.6776 0.3944282
2.733333 2.845357 231.6544 0.4144875
2.766667 2.738261 229.6836 0.3515486
2.8 2.648023 227.7468 0.2758408
2.833333 2.558438 225.7206 0.2186226
2.866667 2.56947 223.6722 0.1423699
2.866667 2.49512 221.5928 0.03040593
2.9 2.519933 219.5913 359.9745
2.933333 2.54087 217.5601 359.8926
2.966667 2.604759 215.4734 359.8229
3 2.708044 213.4004 359.8859
3 2.743506 211.358 359.9934
3.033333 2.661156 209.2172 359.9451
3.066667 2.703247 207.1245 359.9155
3.1 2.774401 204.9481 359.9258
3.1 2.791805 203.0187 359.9483
3.133333 2.822248 200.9862 359.9445
3.133333 2.807408 198.8911 359.969
3.166667 2.791114 196.8056 0.05200863
3.2 2.815969 194.8146 0.04352081
3.2 2.896717 192.7406 359.9668
3.233333 2.938964 190.7275 359.9341
3.266667 2.955067 188.6683 359.916
3.266667 2.994227 186.5126 359.8857
3.3 2.934686 184.5324 359.8792
3.333333 2.994004 182.3905 359.8997
3.333333 3.073257 180.2893 359.9836
3.366667 3.113755 178.2474 359.9865
3.4 3.083225 176.2093 359.9709
3.433333 3.068467 174.1083 0.05444185
3.466667 3.060738 172.001 0.0286596
3.466667 3.052083 169.9806 359.9251
3.5 3.053464 167.972 359.8851
3.533333 3.053377 166.0549 359.9435
3.566667 3.028668 164.0377 0.002286077
3.566667 2.944621 162.0708 359.9134
3.6 2.847775 160.068 359.8513
3.633333 2.846494 158.0616 359.9205
3.666667 2.829026 156.0378 359.9843
3.7 2.774491 154.0232 0.0006016552
3.733333 2.732535 151.9685 0.03223032
3.733333 2.69267 149.8878 0.07233123
3.766667 2.700837 147.8445 0.1033763
3.8 2.696238 145.8349 0.1396721
3.833333 2.609197 143.8051 0.08047131
3.866667 2.531291 141.8036 -0.001294944
3.9 2.500239 140.7992 359.9903
3.9 2.513564 140.9038 359.9718
3.933333 2.446128 141.0564 359.9652
3.966667 2.390089 141.235 359.8606
4 2.368972 141.4254 359.8109
4.033333 2.316143 141.6368 359.8348
4.033333 2.261084 141.9821 359.7455
4.066667 2.185435 142.42 359.6912
4.1 2.13711 142.7609 359.6986
4.133333 2.108303 142.9304 359.7268
4.166667 2.122402 142.9358 359.8056
4.2 2.144841 142.7626 359.7347
4.2 2.184151 142.4722 359.5442
4.233333 2.136235 142.3109 359.3819
4.266667 2.071844 142.341 359.2292
4.3 2.024507 142.4054 359.2443
4.3 1.902382 142.4015 359.1646
4.333333 1.904895 142.4027 359.2631
4.333333 1.884853 142.4009 359.2478
4.366667 1.89842 142.4028 359.2042
4.366667 1.906782 142.4052 359.1387
4.366667 1.91356 142.4174 359.0733
4.4 1.925842 142.4183 359.0244
4.4 1.93585 142.4028 358.9997
4.433333 1.943041 142.3706 359.011
4.433333 1.977862 142.316 359.0911
4.433333 2.028682 142.2634 359.1483
4.466667 2.078763 142.2108 359.2236
4.466667 2.129649 142.16 359.2591
4.5 2.158652 142.115 359.266
4.5 2.190122 142.0432 359.296
4.5 2.209801 141.9703 359.3366
4.533333 2.210645 141.9227 359.3906
4.533333 2.209838 141.8782 359.4612
4.566667 2.181411 141.8478 359.5093
4.566667 2.154563 141.8299 359.5587
4.6 2.115543 141.8232 359.5859
4.6 2.083898 141.8247 359.5864
4.6 2.086148 141.8252 359.6066
4.633333 2.099184 141.8368 359.6433
4.633333 2.113167 141.8459 359.6618
4.666667 2.130594 141.8537 359.6866
4.666667 2.146503 141.8478 359.7315
4.666667 2.133026 141.836 359.792
4.7 2.12599 141.7966 359.8515
4.7 2.108763 141.7835 359.8846
4.733333 2.101648 141.7655 359.8698
4.733333 2.114512 141.7595 359.8568
4.766667 2.140375 141.7454 359.8792
4.766667 2.17542 141.7337 359.9078
4.766667 2.190316 141.7292 359.9229
4.8 2.205265 141.7359 359.8868
4.8 2.25052 141.7369 359.846
4.833333 2.283832 141.7504 359.8346
4.833333 2.313196 141.7696 359.82
4.833333 2.327552 141.807 359.7861
4.866667 2.318329 141.8559 359.754
4.866667 2.2942 141.9091 359.7234
4.9 2.27899 141.9584 359.7479
4.9 2.272057 141.9959 359.7787
4.933333 2.267337 142.0027 359.8251
4.933333 2.266996 142.0054 359.8499
4.933333 2.257597 141.9874 359.864
4.966667 2.259469 141.9586 359.8522
4.966667 2.304 141.9244 359.8051
5 2.325793 141.8987 359.7567
5 2.329695 141.8668 359.737
5 2.34076 141.8487 359.7522
5.033333 2.367086 141.8451 359.8102
5.033333 2.406779 141.842 359.8732
5.066667 2.403941 141.8338 359.9171
5.066667 2.411132 141.8206 359.9286
5.1 2.431526 141.8302 359.924
5.1 2.47361 141.8228 359.9339
5.1 2.538859 141.8119 359.9614
5.133333 2.591029 141.8019 359.9814
5.133333 2.618807 141.79 359.9886
5.166667 2.652097 141.7777 359.9744
5.166667 2.656933 141.7738 359.9301
5.166667 2.658035 141.7697 359.8924
5.2 2.675578 141.7755 359.8537
5.2 2.700214 141.7924 359.8461
5.233333 2.742725 141.8092 359.8427
5.233333 2.783576 141.8386 359.8336
5.266667 2.815595 141.8627 359.8098
5.266667 2.850836 141.8835 359.7834
5.266667 2.861026 141.9107 359.7616
5.3 2.850506 141.8981 359.779
5.3 2.832904 141.8851 359.8099
5.333333 2.810894 141.864 359.8236
5.333333 2.803565 141.847 359.8407
5.333333 2.798587 141.8127 359.8463
5.366667 2.803371 141.7951 359.8456
5.366667 2.787949 141.7777 359.8807
5.4 2.778935 141.7706 359.8943
5.4 2.757982 141.7684 359.8877
5.433333 2.734123 141.7569 359.8669
5.433333 2.723698 141.7576 359.8506
5.433333 2.747631 141.7539 359.8749
5.466667 2.77046 141.7733 359.9096
5.466667 2.795244 141.7963 359.9792
5.5 2.809613 141.8071 0.05502512
5.5 2.798545 141.8077 0.09780727
5.5 2.798033 141.7904 0.1496815
5.533333 2.778758 141.7643 0.2022122
5.533333 2.78668 141.7422 0.2144186
5.566667 2.814681 141.7382 0.2139401
5.566667 2.851202 141.7522 0.195087
5.6 2.880883 141.7709 0.1798027
5.6 2.889249 141.7899 0.1811784
5.6 2.885861 141.7988 0.1566031
5.633333 2.897744 141.827 0.1090889
5.633333 2.904548 141.8807 0.0907286
5.666667 2.896924 141.932 0.08351596
5.666667 2.88915 141.9793 0.06941745
5.666667 2.883263 142.0261 0.02873662
5.7 2.915582 142.0681 0.008758248
5.7 2.948084 142.1061 359.9916
5.733333 3.001005 142.1561 359.9593
5.733333 3.0577 142.2194 359.8895
5.766667 3.067346 142.2617 359.8664
5.766667 3.065803 142.3246 359.838
5.766667 3.041266 142.3596 359.8094
5.8 3.023383 142.3956 359.8044
5.8 3.02344 142.4186 359.8089
5.833333 3.032075 142.4531 359.787
5.833333 3.015591 142.4835 359.7301
5.866667 2.986644 142.5015 359.694
5.866667 2.946228 142.5282 359.7056
5.866667 2.916868 142.5362 359.6938
5.9 2.868282 142.5382 359.703
5.9 2.847754 142.5321 359.7076
5.933333 2.811828 142.5311 359.7057
5.933333 2.750874 142.5005 359.7029
5.933333 2.683242 142.4746 359.6981
5.966667 2.61452 142.4347 359.68
5.966667 2.548466 142.4032 359.669
6 2.494318 142.3693 359.6597
6 2.473592 142.3465 359.6634
6.033333 2.460877 142.32 359.6609
6.033333 2.458377 142.2998 359.6597
6.033333 2.445194 142.2795 359.6841
6.066667 2.4333 142.2716 359.707
6.066667 2.427868 142.2642 359.7477
6.1 2.423442 142.2591 359.7899
6.1 2.43547 142.2364 359.8213
6.1 2.444834 142.2132 359.8198
6.133333 2.45842 142.1962 359.8022
6.133333 2.463938 142.1772 359.7805
6.166667 2.485089 142.1532 359.7496
6.166667 2.504829 142.1449 359.7396
6.2 2.515514 142.1385 359.728
6.2 2.538027 142.1357 359.7269
6.2 2.540354 142.1455 359.7226
6.233333 2.544 142.1592 359.7134
6.233333 2.541593 142.1683 359.6995
6.266667 2.543421 142.1708 359.6856
6.266667 2.539422 142.1711 359.6805
6.266667 2.534032 142.1762 359.6732
6.3 2.518321 142.1863 359.6524
6.3 2.502095 142.1843 359.6494
6.333333 2.484626 142.1848 359.6617
6.333333 2.47334 142.1553 359.7077
6.366667 2.450854 142.1327 359.7351
6.366667 2.437264 142.1093 359.7138
6.366667 2.447172 142.0901 359.6576
6.4 2.461863 142.0714 359.6218
6.4 2.472035 142.0586 359.6
6.433333 2.492836 142.052 359.6008
6.433333 2.509498 142.0578 359.5956
6.433333 2.554964 142.0615 359.6204
6.466667 2.572535 142.0684 359.6437
6.466667 2.580008 142.0679 359.6598
6.5 2.59966 142.0524 359.6718
6.5 2.610062 142.0381 359.6819
6.533333 2.622733 142.013 359.7099
6.533333 2.630605 141.9904 359.7196
6.533333 2.630747 141.959 359.7088
6.566667 2.62707 141.9444 359.7014
6.566667 2.639562 141.9243 359.7014
6.6 2.64352 141.9068 359.6999
6.6 2.641953 141.904 359.6982
6.6 2.647415 141.8989 359.7254
6.633333 2.654033 141.9043 359.7508
6.633333 2.61762 141.9167 359.7746
6.666667 2.608567 141.9304 359.7467
6.666667 2.601379 141.9517 359.7227
6.7 2.591997 141.9595 359.7357
6.7 2.577471 141.9508 359.7534
6.7 2.564995 141.9524 359.7709
6.733333 2.556185 141.9478 359.778
6.733333 2.5515 141.9128 359.7624
6.766667 2.539574 141.8847 359.7379
6.766667 2.527148 141.8535 359.7252
6.766667 2.519601 141.8449 359.7122
6.8 2.506823 141.8396 359.7068
6.8 2.500225 141.8423 359.7054
6.833333 2.497263 141.8467 359.7024
6.833333 2.502223 141.8528 359.711
6.866667 2.515188 141.867 359.6972
6.866667 2.521951 141.8752 359.7028
6.866667 2.526319 141.8807 359.6927
6.9 2.522213 141.8826 359.697
6.9 2.512966 141.8756 359.6967
6.933333 2.510627 141.8596 359.688
6.933333 2.513016 141.8648 359.694
6.933333 2.516411 141.8496 359.7056
6.966667 2.520272 141.8334 359.7108
6.966667 2.537737 141.8226 359.7134
7 2.549731 141.8119 359.7117
7 2.567845 141.7922 359.7349
7.033333 2.575002 141.787 359.7661
7.033333 2.587854 141.7717 359.7946
7.033333 2.599695 141.7453 359.8186
7.066667 2.640591 141.7309 359.8159
7.066667 2.665634 141.7118 359.7932
7.1 2.684983 141.7033 359.7724
7.1 2.701853 141.695 359.7812
7.1 2.73424 141.6967 359.8095
7.133333 2.76654 141.6863 359.8604
7.133333 2.834971 141.6664 359.8814
7.166667 2.881167 141.6491 359.9224
7.166667 2.908101 141.6037 359.936
7.2 2.95144 141.5861 359.8878
7.2 3.020509 141.5706 359.8433
7.2 3.095092 141.5593 359.8483
7.233333 3.135396 141.5567 359.8598
7.233333 3.165482 141.5409 359.8721
7.266667 3.194948 141.5535 359.8716
7.266667 3.19015 141.5735 359.8847
7.266667 3.17716 141.5744 359.8797
7.3 3.145118 141.5763 359.881
7.3 3.131987 141.5837 359.8915
7.333333 3.12609 141.5847 359.9079
7.333333 3.131056 141.5944 359.9121
7.366667 3.131667 141.5877 359.9104
7.366667 3.135641 141.5803 359.9099
7.366667 3.144324 141.5798 359.9041
7.4 3.149539 141.5698 359.9187
7.4 3.153616 141.5626 359.9226
7.433333 3.141372 141.5463 359.9298
7.433333 3.164854 141.5434 359.9489
7.466667 3.16586 141.5287 359.9633
7.466667 3.144303 141.521 359.9627
7.466667 3.125935 141.513 359.953
7.5 3.129973 141.4967 359.9904
7.5 3.157494 141.4892 0.004216573
7.533333 3.190974 141.4713 0.007339318
7.533333 3.222748 141.4608 0.005512462
7.533333 3.233007 141.4367 359.9735
7.566667 3.232188 141.4241 359.9331
7.566667 3.233923 141.4312 359.8992
7.6 3.237371 141.4303 359.8781
7.6 3.253804 141.4538 359.8557
7.633333 3.253752 141.492 359.835
7.633333 3.261839 141.5334 359.8442
7.633333 3.294204 141.5532 359.8603
7.666667 3.31345 141.5868 359.8857
7.666667 3.315185 141.5793 359.9056
7.7 3.304155 141.5613 359.9106
7.7 3.288985 141.5478 359.9302
7.7 3.278441 141.5209 359.9433
7.733333 3.2873 141.489 359.9618
7.733333 3.294416 141.4593 359.9622
7.766667 3.300679 141.4163 359.9734
7.766667 3.299333 141.379 359.9792
7.8 3.301781 141.3394 359.9797
7.8 3.309064 141.3006 359.9866
7.8 3.321356 141.2891 359.9812
7.833333 3.322769 141.2661 359.9809
7.833333 3.322479 141.2756 -0.001535959
7.866667 3.334785 141.2848 0.00300557
7.866667 3.339511 141.3038 -0.002625864
7.866667 3.349574 141.3187 -0.001737409
7.9 3.359262 141.3472 359.9936
7.9 3.3802 141.36 359.9789
7.933333 3.371958 141.3748 359.9649
7.933333 3.373679 141.3905 359.9874
7.966667 3.353082 141.3897 0.01578833
7.966667 3.358654 141.382 0.03929637
7.966667 3.390585 141.3603 0.04397567
8 3.4155 141.3652 359.9851
8 3.460015 141.3658 359.9844
8.033334 3.487037 141.3487 359.9916
8.033334 3.487742 141.3414 -0.001056581
8.033334 3.472286 141.3287 0.0155386
8.066667 3.45226 141.3364 0.01018319
8.066667 3.442876 141.3245 -0.002132306
8.1 3.453119 141.3251 359.9923
8.1 3.481633 141.3258 359.99
8.133333 3.515122 141.3227 0.005228422
8.133333 3.540868 141.3161 0.01502147
8.133333 3.555664 141.3084 0.01829145
8.166667 3.564847 141.2981 0.01212645
8.166667 3.569381 141.2759 0.01123986
8.2 3.569601 141.2584 0.02033087
8.2 3.549644 141.252 0.02783038
8.2 3.527429 141.2382 0.04343617
8.233334 3.516884 141.2232 0.05786121
8.233334 3.501143 141.2381 0.04871152
8.266666 3.482669 141.2342 0.01591117
8.266666 3.487022 141.2392 0.01733381
8.3 3.494775 141.2393 0.02888832
8.3 3.508146 141.2323 0.03790249
8.3 3.503487 141.2431 0.04449261
8.333333 3.489096 141.2562 0.05666178
8.333333 3.460417 141.2628 0.04415017
8.366667 3.448671 141.2569 0.02841596
8.366667 3.435332 141.2455 0.0004706346
8.366667 3.424107 141.2399 -0.002446694
8.4 3.43953 141.2322 359.9825
8.4 3.456975 141.2216 359.9673
8.433333 3.474787 141.2212 359.9565
8.433333 3.477926 141.2309 359.9445
8.466666 3.485222 141.2251 359.9425
8.466666 3.476098 141.2282 359.9508
8.466666 3.482563 141.2359 359.9806
8.5 3.480129 141.2243 359.9849
8.5 3.468312 141.235 359.9924
8.533334 3.462526 141.2142 359.9814
8.533334 3.455843 141.2074 359.9518
8.533334 3.447717 141.2024 359.9251
8.566667 3.438922 141.179 359.926
8.566667 3.438973 141.1755 359.9317
8.6 3.439536 141.1688 359.9442
8.6 3.440793 141.1706 359.9521
8.633333 3.43891 141.1828 359.9453
8.633333 3.41954 141.1919 359.9449
8.633333 3.405028 141.1836 359.9434
8.666667 3.384097 141.2045 359.9348
8.666667 3.365218 141.2075 359.9185
8.7 3.345049 141.1982 359.9288
8.7 3.331687 141.2031 359.9485
8.7 3.340662 141.1904 359.9597
8.733334 3.361988 141.1811 359.9386
8.733334 3.379254 141.1793 359.8554
8.766666 3.410655 141.1763 359.8287
8.766666 3.427134 141.1763 359.8398
8.8 3.431904 141.1774 359.8402
8.8 3.431216 141.185 359.828
8.8 3.426798 141.2084 359.8159
8.833333 3.430472 141.2252 359.811
8.833333 3.4352 141.2246 359.8119
8.866667 3.4648 141.2349 359.8264
8.866667 3.484802 141.2318 359.8234
8.9 3.509793 141.2202 359.8278
8.9 3.524118 141.1919 359.8284
8.9 3.532541 141.171 359.8383
8.933333 3.537065 141.1333 359.8547
8.933333 3.540726 141.1107 359.863
8.966666 3.537695 141.0822 359.8629
8.966666 3.531915 141.073 359.8574
8.966666 3.544274 141.0603 359.8684
9 3.53767 141.058 359.8914
9 3.532296 141.053 359.9094
9.033334 3.521559 141.0583 359.8982
9.033334 3.525477 141.0532 359.9044
9.033334 3.521038 141.0411 359.9148
9.066667 3.525044 141.0303 359.92
9.066667 3.525119 141.0212 359.9179
9.1 3.521047 141.013 359.9169
9.1 3.515546 140.9958 359.9237
9.133333 3.505131 140.9945 359.9191
9.133333 3.492922 140.9722 359.9171
9.133333 3.483324 140.9685 359.9149
9.166667 3.491983 140.9516 359.9067
9.166667 3.519083 140.9523 359.8932
9.2 3.53066 140.9444 359.8947
9.2 3.544067 140.9542 359.8901
9.2 3.565198 140.961 359.8624
9.233334 3.604134 140.9491 359.833
9.233334 3.654411 140.9224 359.836
9.266666 3.658445 140.8922 359.847
9.266666 3.652227 140.8563 359.8705
9.3 3.634037 140.819 359.8995
9.3 3.610844 140.7893 359.9128
9.3 3.607426 140.7594 359.9126
9.333333 3.620096 140.7371 359.9191
9.333333 3.631809 140.7178 359.9251
9.366667 3.650965 140.6986 359.9396
9.366667 3.658523 140.6891 359.9566
9.4 3.64388 140.6864 359.9663
9.4 3.621278 140.6783 359.9717
9.4 3.610545 140.6889 359.9647
9.433333 3.590179 140.6863 359.9619
9.433333 3.583818 140.699 359.9542
9.466666 3.57646 140.6997 359.9524
9.466666 3.565621 140.7155 359.9505
9.466666 3.552569 140.73 359.9477
9.5 3.547536 140.7334 359.9649
9.5 3.529454 140.7316 0.006766718
9.533334 3.5244 140.7122 0.03370691
9.533334 3.524073 140.6977 -0.003573396
9.566667 3.52974 140.6852 359.9308
9.566667 3.525093 140.6825 359.8987
9.566667 3.519884 140.6736 359.9076
9.6 3.50144 140.6844 359.9056
9.6 3.490468 140.6988 359.9027
9.633333 3.495347 140.7262 359.897
9.633333 3.493948 140.7405 359.8988
9.633333 3.506596 140.7512 359.9072
9.666667 3.526149 140.7547 359.9224
9.666667 3.550333 140.7409 359.949
9.7 3.571172 140.727 359.9507
9.7 3.584795 140.7056 359.9544
9.733334 3.604492 140.6838 359.9498
9.733334 3.614737 140.6725 359.9439
9.733334 3.613935 140.6487 359.9574
9.766666 3.613672 140.6259 359.9591
9.766666 3.624187 140.6146 359.9553
9.8 3.61938 140.6065 359.9575
9.8 3.61167 140.5942 359.9865
9.8 3.59307 140.604 0.004096561
9.833333 3.583026 140.6093 -0.004228682
9.833333 3.579506 140.621 359.9812
9.866667 3.581391 140.6361 0.001261887
9.866667 3.596869 140.6413 0.02130541
9.9 3.598221 140.6436 0.04242216
9.9 3.599593 140.6498 0.05756036
9.9 3.591954 140.6438 0.06479789
9.933333 3.569578 140.6281 0.06113087
9.933333 3.55586 140.6098 0.05482637
9.966666 3.553945 140.6059 0.04159719
9.966666 3.551212 140.5919 0.03411561
9.966666 3.567805 140.5848 0.0454817
10 3.593628 140.5997 0.04830331
10 3.611091 140.5965 0.05082147
10.03333 3.636531 140.602 0.06290774
10.03333 3.638421 140.6012 0.06253958
10.06667 3.64651 140.5876 0.05694792
10.06667 3.649525 140.5732 0.0531443
10.06667 3.662807 140.5755 0.05378491
10.1 3.679863 140.5616 0.06639626
10.1 3.694055 140.5456 0.08099442
10.13333 3.708513 140.5341 0.06832235
10.13333 3.711889 140.5174 0.06572629
10.13333 3.722104 140.5123 0.0713421
10.16667 3.720982 140.5114 0.06599518
10.16667 3.720618 140.5028 0.06736856
10.2 3.712671 140.5078 0.05491824
10.2 3.706527 140.5099 0.02621938
10.23333 3.699394 140.5177 0.01868161
10.23333 3.704082 140.5216 0.01172632
10.23333 3.700619 140.5303 0.01379266
10.26667 3.705569 140.5497 0.01742064
10.26667 3.70229 140.5539 0.01448216
10.3 3.694426 140.5542 0.01179635
10.3 3.688973 140.5546 0.01769719
10.3 3.669231 140.5503 0.00664873
10.33333 3.680436 140.5484 0.01604497
10.33333 3.682241 140.5407 0.04874449
10.36667 3.706015 140.5311 0.08276055
10.36667 3.727811 140.519 0.07098321
10.4 3.770383 140.519 0.00161264
10.4 3.804635 140.5201 359.9738
10.4 3.838954 140.5163 359.986
10.43333 3.842518 140.5056 0.02196521
10.43333 3.82728 140.5188 0.04989439
10.46667 3.804088 140.5302 0.05770693
10.46667 3.805229 140.5235 0.06375588
10.46667 3.834599 140.5066 0.06385486
10.5 3.865639 140.4813 0.06362028
10.5 3.901248 140.4554 0.07166984
10.53333 3.916784 140.4288 0.07912324
10.53333 3.94663 140.4022 0.08730575
10.56667 3.963901 140.3878 0.09400973
10.56667 3.979067 140.3527 0.1197972
10.56667 3.996448 140.3137 0.1167938
10.6 3.974024 140.2712 0.1343358
10.6 3.970678 140.2377 0.139375
10.63333 3.966034 140.2019 0.116818
10.63333 3.990397 140.1617 0.09314299
10.63333 3.943914 140.1104 0.07411296
10.66667 3.879456 140.0692 0.08914531
10.66667 3.881213 140.0126 0.09088072
10.7 3.951097 139.9248 0.1087181
10.7 4.004087 139.8407 0.1318864
10.73333 4.033178 139.7709 0.1575687
10.73333 4.072498 139.7044 0.1781501
10.73333 4.056557 139.6402 0.1808323
10.76667 4.028976 139.6048 0.1837718
10.76667 4.012886 139.5744 0.1832513
10.8 4.03064 139.5621 0.1808679
10.8 4.042241 139.5499 0.1784011
10.8 4.052137 139.5345 0.2019657
10.83333 4.071273 139.5207 0.2386749
10.83333 4.097863 139.5324 0.2546655
10.86667 4.124504 139.5284 0.2788524
10.86667 4.153732 139.5363 0.2886356
10.9 4.150743 139.5398 0.3264079
10.9 4.154675 139.5446 0.3520585
10.9 4.154201 139.5464 0.3927034
10.93333 4.150954 139.5505 0.4075621
10.93333 4.149168 139.5469 0.430832
10.96667 4.145339 139.5447 0.4197367
10.96667 4.127995 139.5249 0.409647
10.96667 4.136399 139.5417 0.3878864
11 4.133604 139.5706 0.351367
11 4.121467 139.608 0.3160764
11.03333 4.093361 139.6321 0.2984365
11.03333 4.080369 139.6889 0.266652
11.06667 4.060987 139.7248 0.2419817
11.06667 4.03751 139.7448 0.2193582
11.06667 4.002285 139.7551 0.1939879
11.1 3.985172 139.7639 0.1640279
11.1 3.985494 139.7757 0.12745
11.13333 3.993452 139.7766 0.1104686
11.13333 3.964028 139.7678 0.1345485
11.16667 3.948911 139.7646 0.150047
11.16667 3.956667 139.7454 0.1290872
11.16667 3.955945 139.7466 0.04392266
11.2 3.961797 139.7307 -0.0009754193
11.2 3.951801 139.7368 -0.004949139
11.23333 3.945531 139.7399 359.993
11.23333 3.921864 139.744 0.006943138
11.23333 3.894243 139.7486 0.03136953
11.26667 3.877421 139.7377 0.03882501
11.26667 3.893556 139.7211 0.02278945
11.3 3.915813 139.7008 359.9818
11.3 3.960823 139.678 359.9474
11.33333 4.029426 139.6718 359.9174
11.33333 4.093665 139.6716 359.8941
11.33333 4.136205 139.6841 359.8365
11.36667 4.153661 139.7069 359.7845
11.36667 4.125542 139.7298 359.7361
11.4 4.093592 139.7415 359.6767
11.4 4.066473 139.7617 359.6301
11.4 4.065917 137.7669 359.6124
11.43333 4.048775 135.7846 359.5986
11.46667 4.028231 133.7905 359.6031
