1.872692 0 270 0
1.920735 0 270 0
2.1597 7.654869 228.7802 3.188298
2.173589 7.654869 228.7802 3.188298
2.187478 7.654869 228.7802 3.188298
2.201367 7.654869 228.7802 3.188298
2.215256 7.654869 228.7802 3.188298
2.229145 7.654869 228.7802 3.188298
2.243034 7.654869 228.7802 3.188298
2.256922 7.654869 228.7802 3.188298
2.270811 7.654869 228.7802 3.188298
2.2847 7.654869 228.7802 3.188298
2.298589 7.654869 228.7802 3.188298
2.312478 7.654869 228.7802 3.188298
2.326367 7.654869 228.7802 3.188298
2.340256 7.654869 228.7802 3.188298
2.354145 7.654869 228.7802 3.188298
2.368034 7.654869 228.7802 3.188298
2.381922 7.654869 228.7802 3.188298
2.395811 7.654869 228.7802 3.188298
2.4097 7.654869 228.7802 3.188298
2.423589 7.654869 228.7802 3.188298
2.437478 7.654869 228.7802 3.188298
2.451367 7.654869 228.7802 3.188298
2.465256 7.654869 228.7802 3.188298
2.479145 7.654869 228.7802 3.188298
2.493034 7.654869 228.7802 3.188298
2.506922 7.654869 228.7802 3.188298
2.520811 7.654869 228.7802 3.188298
2.5347 7.654869 228.7802 3.188298
2.548589 7.654869 228.7802 3.188298
2.562478 7.654869 228.7802 3.188298
2.576367 7.654869 228.7802 3.188298
2.590256 7.654869 228.7802 3.188298
2.604145 7.654869 228.7802 3.188298
2.618034 7.654869 228.7802 3.188298
2.631922 7.654869 228.7802 3.188298
2.645811 7.654869 228.7802 3.188298
2.6597 7.654869 228.7802 3.188298
2.673589 7.654869 228.7802 3.188298
2.687478 7.654869 228.7802 3.188298
2.790593 1.011119 241.1665 2.670125
2.804482 1.011119 241.1665 2.670125
2.818371 1.037948 241.1578 2.607574
2.832259 1.179677 241.298 2.669891
2.846148 1.179677 241.298 2.669891
2.860037 1.227469 241.5479 2.793822
2.873926 1.208136 241.6032 2.919231
2.887815 1.208136 241.6032 2.919231
2.901704 1.225145 241.5487 2.857974
2.915593 1.225145 241.5487 2.857974
2.929482 1.314591 241.5736 2.910682
2.943371 1.314591 241.5736 2.910682
2.957259 1.24103 241.5925 3.016641
2.971148 1.24103 241.5925 3.016641
2.985037 1.250614 241.6078 3.083148
2.998926 1.250614 241.6078 3.083148
3.012815 1.250614 241.6078 3.083148
3.026704 1.250614 241.6078 3.083148
3.040593 1.250614 241.6078 3.083148
3.054482 1.250614 241.6078 3.083148
3.068371 1.250614 241.6078 3.083148
3.082259 1.250614 241.6078 3.083148
3.096148 1.250614 241.6078 3.083148
3.110037 1.250614 241.6078 3.083148
3.123926 1.250614 241.6078 3.083148
3.137815 1.250614 241.6078 3.083148
3.151704 1.250614 241.6078 3.083148
3.165593 1.250614 241.6078 3.083148
3.179482 1.250614 241.6078 3.083148
3.193371 1.250614 241.6078 3.083148
3.207259 1.250614 241.6078 3.083148
3.221148 1.250614 241.6078 3.083148
3.235037 1.250614 241.6078 3.083148
3.248926 1.250614 241.6078 3.083148
3.262815 1.250614 241.6078 3.083148
3.276704 2.662776 240.3338 2.580225
3.290593 2.662776 240.3338 2.580225
3.304482 2.662776 240.3338 2.580225
3.318371 2.662776 240.3338 2.580225
3.332259 2.662776 240.3338 2.580225
3.346148 2.662776 240.3338 2.580225
3.360037 2.662776 240.3338 2.580225
3.373926 2.662776 240.3338 2.580225
3.387815 2.662776 240.3338 2.580225
3.401704 4.513326 240.3851 2.155393
3.415593 4.513326 240.3851 2.155393
3.429482 4.459382 240.4922 2.149848
3.443371 4.459382 240.4922 2.149848
3.457259 4.780856 240.5908 2.113551
3.471148 4.780856 240.5908 2.113551
3.485037 5.006911 240.571 2.014769
3.498926 5.006911 240.571 2.014769
3.512815 5.135723 240.6339 1.896744
3.526704 5.135723 240.6339 1.896744
3.540593 5.394523 240.7429 1.911404
3.554482 5.394523 240.7429 1.911404
3.568371 5.659781 240.8461 1.875362
3.582259 5.827926 240.8253 1.853559
3.596148 5.827926 240.8253 1.853559
3.610037 6.220865 240.612 1.797864
3.623926 6.220865 240.612 1.797864
3.637815 6.308201 240.2727 1.724823
3.651704 6.308201 240.2727 1.724823
3.665593 6.524559 239.7397 1.582118
3.679482 6.524559 239.7397 1.582118
3.693371 7.065061 238.6981 1.468596
3.707259 7.065061 238.6981 1.468596
3.721148 7.232082 236.8491 1.208615
3.735037 7.232082 236.8491 1.208615
3.748926 7.206544 234.9494 1.073271
3.762815 7.206544 234.9494 1.073271
3.776704 7.549302 233.3084 0.9942349
3.790593 7.549302 233.3084 0.9942349
3.804482 7.793339 231.0739 0.9033656
3.818371 7.793339 231.0739 0.9033656
3.832259 7.824931 228.3909 0.7012679
3.846148 7.824931 228.3909 0.7012679
3.860037 7.720378 225.2728 0.4656499
3.873926 7.720378 225.2728 0.4656499
3.887815 7.785303 222.4652 0.5086866
3.901704 7.785303 222.4652 0.5086866
3.915593 7.908913 219.2546 0.3563871
3.929482 7.908913 219.2546 0.3563871
3.943371 7.960438 216.4066 0.33889
3.957259 7.960438 216.4066 0.33889
3.971148 8.207956 213.0568 0.2964583
3.985037 8.207956 213.0568 0.2964583
3.998926 8.487403 210.2587 0.1834646
4.012815 8.758749 209.7169 0.02032849
4.026704 8.758749 209.7169 0.02032849
4.040593 9.496066 205.5993 359.8687
4.054482 9.496066 205.5993 359.8687
4.068371 9.986191 202.7392 359.9738
4.08226 9.986191 202.7392 359.9738
4.096148 10.64908 199.849 359.9486
4.110037 10.64908 199.849 359.9486
4.123926 11.39335 197.4572 359.961
4.137815 11.39335 197.4572 359.961
4.151704 11.95842 195.6817 359.968
4.165593 11.95842 195.6817 359.968
4.179482 13.11838 194.427 0.1778553
4.193371 13.11838 194.427 0.1778553
4.20726 14.28381 193.3684 0.109111
4.221148 14.28381 193.3684 0.109111
4.235037 15.61206 192.5364 0.0381789
4.248926 15.61206 192.5364 0.0381789
4.262815 18.03218 191.7021 359.5957
4.276704 18.03218 191.7021 359.5957
4.290593 20.57049 191.2065 359.2753
4.304482 20.57049 191.2065 359.2753
4.318371 21.92946 191.4566 359.0197
4.33226 21.92946 191.4566 359.0197
4.346148 22.89857 192.013 358.9124
4.360037 22.89857 192.013 358.9124
4.373926 24.12074 192.8498 358.725
4.387815 24.12074 192.8498 358.725
4.401704 24.60015 194.258 358.8337
4.415593 24.60015 194.258 358.8337
4.429482 25.2196 195.8766 359.2468
4.443371 25.2196 195.8766 359.2468
4.45726 25.89731 197.299 359.4135
4.471148 25.89731 197.299 359.4135
4.485037 26.17712 199.0531 359.4194
4.498926 26.17712 199.0531 359.4194
4.512815 26.01066 200.9241 359.6252
4.526704 26.01066 200.9241 359.6252
4.540593 25.76845 202.6498 359.7911
4.554482 25.76845 202.6498 359.7911
4.568371 25.57452 204.7366 359.8081
4.58226 25.57452 204.7366 359.8081
4.596148 25.37103 206.6993 359.9846
4.610037 25.37103 206.6993 359.9846
4.623926 25.16899 209.1346 0.3539077
4.637815 25.16899 209.1346 0.3539077
4.651704 25.14638 211.2299 0.467014
4.665593 25.14638 211.2299 0.467014
4.679482 25.05925 213.3585 0.5565105
4.693371 25.05925 213.3585 0.5565105
4.70726 25.28 215.306 0.551074
4.721148 25.28 215.306 0.551074
4.735037 25.62736 216.9545 0.5088157
4.748926 25.62736 216.9545 0.5088157
4.762815 25.77485 218.8271 0.5407637
4.776704 25.77485 218.8271 0.5407637
4.790593 26.12119 220.4453 0.4071655
4.804482 26.12119 220.4453 0.4071655
4.818371 26.43163 222.2294 0.4279108
4.83226 26.47799 222.0202 0.5168653
4.846148 26.47799 222.0202 0.5168653
4.860037 27.21031 224.3977 0.5061368
4.873926 27.21031 224.3977 0.5061368
4.887815 27.21031 224.3977 0.5061368
4.901704 27.41737 226.0286 0.6136952
4.915593 27.24543 227.1667 0.4744032
4.929482 27.24543 227.1667 0.4744032
4.943371 27.22835 228.3084 0.3681941
4.95726 27.12234 227.752 0.2883869
4.971148 27.12234 227.752 0.2883869
4.985037 27.12234 227.752 0.2883869
4.998926 27.87155 229.1777 0.1365212
5.012815 27.87155 229.1777 0.1365212
5.026704 29.08945 229.94 359.9194
5.040593 30.49566 230.6041 359.6145
5.054482 30.49566 230.6041 359.6145
5.068371 31.99507 231.361 359.5293
5.08226 31.99507 231.361 359.5293
5.096148 31.99507 231.361 359.5293
5.110037 33.29529 231.3893 359.184
5.123926 33.29529 231.3893 359.184
5.137815 36.00163 231.7428 358.2304
5.151704 36.00163 231.7428 358.2304
5.165593 36.00163 231.7428 358.2304
5.179482 38.00389 231.7425 357.8558
5.193371 39.29199 232.0478 357.9077
5.20726 39.29199 232.0478 357.9077
5.221148 39.29199 232.0478 357.9077
5.235037 40.89978 232.397 357.7783
5.248926 43.1273 232.6182 357.3665
5.262815 43.1273 232.6182 357.3665
5.276704 43.1273 232.6182 357.3665
5.290593 44.5197 232.0765 356.59
5.304482 44.5197 232.0765 356.59
5.318371 46.02752 231.3596 355.5078
5.33226 46.02752 231.3596 355.5078
5.346148 48.2496 230.1246 353.8564
5.360037 48.2496 230.1246 353.8564
5.373926 50.58421 229.1911 352.8727
5.387815 51.81781 229.1652 353.4054
5.401704 51.81781 229.1652 353.4054
5.415593 56.01725 228.6213 353.1748
5.429482 56.01725 228.6213 353.1748
5.443371 56.85581 228.9416 353.6676
5.45726 56.85581 228.9416 353.6676
5.471148 56.80302 228.9517 353.6763
5.485037 56.80302 228.9517 353.6763
5.498926 54.31345 229.3951 354.0541
5.512815 54.31345 229.3951 354.0541
5.526704 55.56261 229.1798 353.8718
5.540593 55.56261 229.1798 353.8718
5.554482 56.83084 228.9464 353.6717
5.568371 58.09858 228.6964 353.4548
5.58226 58.35533 228.6435 353.4086
5.596148 58.35533 228.6435 353.4086
5.610037 58.35533 228.6435 353.4086
5.623926 58.35533 228.6435 353.4086
5.637815 58.35533 228.6435 353.4086
5.651704 58.35533 228.6435 353.4086
5.665593 58.35533 228.6435 353.4086
5.679482 58.35533 228.6435 353.4086
5.693371 58.35533 228.6435 353.4086
5.70726 58.35533 228.6435 353.4086
5.721148 58.35533 228.6435 353.4086
5.735037 58.35533 228.6435 353.4086
5.748926 58.35533 228.6435 353.4086
5.762815 58.35533 228.6435 353.4086
5.776704 58.35533 228.6435 353.4086
5.790593 58.35533 228.6435 353.4086
5.804482 58.35533 228.6435 353.4086
5.818371 58.35533 228.6435 353.4086
5.83226 58.35533 228.6435 353.4086
5.846148 58.35533 228.6435 353.4086
5.860037 58.35533 228.6435 353.4086
5.873926 58.35533 228.6435 353.4086
5.887815 58.35533 228.6435 353.4086
5.901704 58.35533 228.6435 353.4086
5.915593 58.35533 228.6435 353.4086
5.929482 58.35533 228.6435 353.4086
5.943371 58.35533 228.6435 353.4086
5.95726 58.35533 228.6435 353.4086
5.971148 58.35533 228.6435 353.4086
5.985037 58.35533 228.6435 353.4086
5.998926 58.35533 228.6435 353.4086
6.012815 58.35533 228.6435 353.4086
6.026704 58.35533 228.6435 353.4086
6.040593 58.35533 228.6435 353.4086
6.054482 58.35533 228.6435 353.4086
6.068371 58.35533 228.6435 353.4086
6.08226 58.35533 228.6435 353.4086
6.096148 58.35533 228.6435 353.4086
6.110037 58.35533 228.6435 353.4086
6.123926 58.35533 228.6435 353.4086
6.137815 58.35533 228.6435 353.4086
6.151704 58.35533 228.6435 353.4086
6.165593 58.35533 228.6435 353.4086
6.179482 58.35533 228.6435 353.4086
6.193371 58.35533 228.6435 353.4086
6.20726 58.35533 228.6435 353.4086
6.221148 58.35533 228.6435 353.4086
6.235037 58.35533 228.6435 353.4086
6.248926 58.35533 228.6435 353.4086
6.262815 58.35533 228.6435 353.4086
6.276704 58.35533 228.6435 353.4086
6.290593 58.35533 228.6435 353.4086
6.304482 58.35533 228.6435 353.4086
6.318371 58.35533 228.6435 353.4086
6.33226 58.35533 228.6435 353.4086
6.346148 58.35533 228.6435 353.4086
6.360037 58.35533 228.6435 353.4086
6.373926 58.35533 228.6435 353.4086
6.387815 58.35533 228.6435 353.4086
6.401704 58.35533 228.6435 353.4086
6.415593 58.35533 228.6435 353.4086
6.429482 58.35533 228.6435 353.4086
6.443371 58.35533 228.6435 353.4086
6.45726 58.35533 228.6435 353.4086
6.471148 58.35533 228.6435 353.4086
6.485037 58.35533 228.6435 353.4086
6.498926 58.35533 228.6435 353.4086
6.512815 58.35533 228.6435 353.4086
6.526704 58.35533 228.6435 353.4086
6.540593 58.35533 228.6435 353.4086
6.554482 58.35533 228.6435 353.4086
6.568371 58.35533 228.6435 353.4086
6.58226 58.35533 228.6435 353.4086
6.596148 58.35533 228.6435 353.4086
6.610037 58.35533 228.6435 353.4086
6.623926 58.35533 228.6435 353.4086
6.637815 58.35533 228.6435 353.4086
6.651704 58.35533 228.6435 353.4086
6.665593 58.35533 228.6435 353.4086
6.679482 58.35533 228.6435 353.4086
6.693371 58.35533 228.6435 353.4086
6.70726 58.35533 228.6435 353.4086
6.721148 58.35533 228.6435 353.4086
6.735037 58.35533 228.6435 353.4086
6.748926 58.35533 228.6435 353.4086
6.762815 58.35533 228.6435 353.4086
6.776704 58.35533 228.6435 353.4086
6.790593 58.35533 228.6435 353.4086
6.804482 58.35533 228.6435 353.4086
6.818371 58.35533 228.6435 353.4086
6.83226 58.35533 228.6435 353.4086
6.846148 58.35533 228.6435 353.4086
6.860037 58.35533 228.6435 353.4086
6.873926 58.35533 228.6435 353.4086
6.887815 58.35533 228.6435 353.4086
6.901704 58.35533 228.6435 353.4086
6.915593 58.35533 228.6435 353.4086
6.929482 58.35533 228.6435 353.4086
6.943371 58.35533 228.6435 353.4086
6.95726 58.35533 228.6435 353.4086
6.971148 58.35533 228.6435 353.4086
6.985037 58.35533 228.6435 353.4086
6.998926 58.35533 228.6435 353.4086
7.012815 58.35533 228.6435 353.4086
7.026704 58.35533 228.6435 353.4086
7.040593 58.35533 228.6435 353.4086
7.054482 58.35533 228.6435 353.4086
7.068371 58.35533 228.6435 353.4086
7.08226 58.35533 228.6435 353.4086
7.096148 58.35533 228.6435 353.4086
7.110037 58.35533 228.6435 353.4086
7.123926 58.35533 228.6435 353.4086
7.137815 58.35533 228.6435 353.4086
7.151704 58.35533 228.6435 353.4086
7.165593 58.35533 228.6435 353.4086
7.179482 58.35533 228.6435 353.4086
7.193371 58.35533 228.6435 353.4086
