1.504025 0 270 0
1.767744 0 270 0
1.867744 0 270 0
1.967744 0 270 0
2.067744 0 270 0
2.167744 0 270 0
2.267744 0 270 0
2.367744 0 270 0
2.467744 0 270 0
2.567744 0 270 0
2.667744 0 270 0
2.767744 0 270 0
2.867744 0 270 0
2.967744 0 270 0
3.067744 0 270 0
3.167744 0 270 0
3.267744 0 270 0
3.367744 0 270 0
3.467744 0 270 0
3.567744 0 270 0
3.667744 0 270 0
3.767744 0 270 0
3.867744 0 270 0
3.967744 0 270 0
4.067744 0 270 0
4.167744 0 270 0
4.267744 0 270 0
4.367743 0 270 0
4.467744 0 270 0
4.567744 0 270 0
4.667744 0 270 0
4.767744 0 270 0
4.867743 0 270 0
4.967744 0 270 0
5.067744 0 270 0
5.167744 0 270 0
5.267744 0 270 0
5.367743 0 270 0
5.467744 356.325 311.175 0
5.567744 353.6248 5.399994 4.832359E-07
5.667744 353.2498 18.29998 2.041867E-06
5.767744 353.2498 24.29996 3.009067E-06
5.867743 353.2498 27.44995 2.149334E-06
5.967744 353.2498 27.44995 2.149334E-06
6.067744 354.0748 2.099945 2.55496E-06
6.167744 357.6747 305.55 2.136193E-06
6.267744 359.6997 286.05 2.054421E-06
6.367743 -0.0002358689 284.925 2.040193E-06
6.467744 -0.0002358689 284.925 2.040193E-06
6.567744 -0.0002358689 284.925 2.040193E-06
6.667744 -0.0002358689 284.925 2.040193E-06
6.767744 -0.0002358689 284.925 2.040193E-06
6.867744 1.349764 270.975 2.028275E-06
6.967744 4.574766 230.4 1.498879E-06
7.067744 4.724769 229.2 2.141712E-06
7.167744 4.724769 229.2 2.141712E-06
7.267744 4.724769 229.2 2.141712E-06
7.367744 4.724769 227.625 2.034627E-06
7.467744 4.199774 209.9249 2.24719E-06
7.567744 4.199774 209.9249 2.24719E-06
7.667744 4.199774 209.9249 2.24719E-06
7.767744 4.199774 209.9249 2.24719E-06
7.867744 4.199774 209.9249 2.24719E-06
7.967744 4.199774 209.9249 2.24719E-06
8.067743 4.199774 209.9249 2.24719E-06
8.167744 4.199774 209.9249 2.24719E-06
8.267744 4.199774 209.9249 2.24719E-06
8.367743 4.199774 209.9249 2.24719E-06
8.467744 4.199774 209.9249 2.24719E-06
8.567743 4.199774 209.9249 2.24719E-06
8.667744 4.199774 209.9249 2.24719E-06
8.767744 4.032938 213.9215 2.246719E-06
8.867743 3.584135 225.913 2.031686E-06
8.967744 3.514381 227.9118 2.138455E-06
9.067743 3.514381 227.9118 2.138455E-06
9.167744 3.514381 227.9118 2.138455E-06
9.267744 3.514381 227.9118 2.138455E-06
9.367743 3.514381 227.9118 2.138455E-06
9.467744 3.514381 227.9118 2.138455E-06
9.567743 3.514381 227.9118 2.138455E-06
9.667744 3.514381 227.9118 2.138455E-06
9.767744 3.514381 227.9118 2.138455E-06
9.867743 3.514381 227.9118 2.138455E-06
9.967744 3.514381 227.9118 2.138455E-06
10.06774 3.514381 227.9118 2.138455E-06
10.16774 3.514381 227.9118 2.138455E-06
10.26774 3.514381 227.9118 2.138455E-06
10.36774 3.514381 227.9118 2.138455E-06
10.46774 3.289381 229.3369 2.672446E-06
10.56774 3.289387 230.4618 2.672445E-06
10.66774 2.464391 234.5119 3.097794E-06
10.76774 2.014392 236.3119 2.77648E-06
10.86774 2.014392 236.3119 2.77648E-06
10.96774 2.014393 230.6118 2.77648E-06
11.06774 2.014395 218.7618 2.402723E-06
11.16774 1.264395 212.3868 2.42851E-06
11.26774 359.3894 200.5367 2.374692E-06
11.36774 358.7893 195.7366 2.281685E-06
11.46774 358.7143 195.5115 2.468561E-06
11.56774 358.7143 195.5115 2.535279E-06
11.66774 358.7143 195.5115 2.535279E-06
11.76774 358.7143 195.5115 2.535279E-06
11.86774 358.7143 195.5115 2.535279E-06
11.96774 358.7143 195.5115 2.535279E-06
12.06774 358.9394 199.1865 2.535075E-06
12.16774 1.33936 218.2365 2.588709E-06
12.26774 1.33936 218.4614 2.401895E-06
12.36774 1.33936 218.4614 2.401895E-06
12.46774 1.26436 218.2364 2.348449E-06
12.56774 359.1644 212.2365 2.401494E-06
12.66774 358.3393 208.1864 2.482322E-06
12.76774 358.4143 207.1364 2.295396E-06
12.86774 359.3894 205.1863 2.454739E-06
12.96774 359.3894 205.1863 2.454739E-06
13.06774 359.3894 205.1863 2.454739E-06
13.16774 359.3894 205.1863 2.454739E-06
13.26774 359.3894 205.1863 2.454739E-06
13.36774 359.3894 205.1863 2.454739E-06
13.46774 359.3894 205.1863 2.454739E-06
13.56774 359.3894 205.1863 2.454739E-06
13.66774 359.3894 205.1863 2.454739E-06
13.76774 359.3894 205.1863 2.454739E-06
13.86774 356.9894 193.9363 2.912185E-06
13.96774 357.7394 182.0862 3.674753E-06
14.06774 358.3395 179.6112 3.483676E-06
14.16774 358.3395 179.6112 3.483676E-06
14.26774 358.3395 179.6112 3.483676E-06
14.36774 358.3395 179.6112 3.483676E-06
14.46774 358.3395 179.6112 3.483676E-06
14.56774 358.3395 179.9112 3.48868E-06
14.66774 358.7145 189.7361 3.762886E-06
14.76774 359.6146 205.7111 3.775365E-06
14.86774 359.4646 209.0861 3.748763E-06
14.96774 359.3896 210.4361 3.775495E-06
15.06774 359.3896 210.5111 3.775495E-06
15.16774 359.3896 210.5111 3.775495E-06
15.26774 359.3896 210.5111 3.775495E-06
15.36774 359.3896 210.5111 3.775495E-06
15.46774 359.3896 210.5111 3.775495E-06
15.56774 359.3896 210.5111 3.775495E-06
15.66774 359.3896 210.5111 3.775495E-06
15.76774 359.3896 210.8111 3.762153E-06
15.86774 0.3645918 226.2611 3.788697E-06
15.96774 0.964592 241.1112 3.762474E-06
16.06774 0.964592 241.1112 3.762474E-06
16.16774 0.964592 241.1112 3.762474E-06
16.26774 0.964592 241.1112 3.762474E-06
16.36774 0.9645928 234.5112 3.735788E-06
16.46774 0.9645926 216.8861 3.86921E-06
16.56774 0.9645926 213.6611 3.869211E-06
16.66774 1.039593 210.286 3.895983E-06
16.76774 1.564595 208.186 3.443059E-06
16.86774 2.914596 207.6609 4.060678E-06
16.96774 4.489597 207.4359 4.174957E-06
17.06774 4.5646 207.4359 3.854206E-06
17.16774 4.5646 207.4359 3.854206E-06
17.26774 4.5646 207.4359 3.854206E-06
17.36774 4.5646 207.4359 3.854206E-06
17.46774 4.5646 207.4359 3.854206E-06
17.56774 4.5646 207.4359 3.854206E-06
17.66774 4.5646 207.4359 3.854206E-06
17.76774 4.5646 207.4359 3.854206E-06
17.86774 4.5646 207.4359 3.854206E-06
17.96774 3.814602 207.7359 3.636595E-06
18.06774 0.4396029 208.336 3.208416E-06
18.16774 356.6145 208.336 3.367611E-06
18.26774 349.0395 208.336 4.348185E-06
18.36774 338.4646 207.8858 6.424936E-06
18.46774 332.0896 207.8107 1.787389E-05
18.56774 327.8144 207.8107 1.916716E-05
18.66774 325.8643 207.8107 2.166125E-05
18.76774 325.7892 207.8107 2.271294E-05
18.86774 326.9142 207.8107 1.834201E-05
18.96774 338.9141 207.9607 2.150351E-05
19.06774 344.9141 208.4858 2.475893E-05
19.16774 348.2891 209.0108 2.942741E-05
19.26774 348.9642 209.1608 3.740395E-05
19.36774 349.1142 209.1608 4.49924E-05
19.46774 349.1142 209.1608 4.49924E-05
19.56774 349.1142 209.1608 4.49924E-05
19.66774 349.1142 209.1608 4.49924E-05
19.76774 349.1142 209.1608 4.49924E-05
19.86774 349.1142 209.1608 4.49924E-05
19.96774 349.1142 209.1608 4.49924E-05
20.06774 349.1142 209.1608 4.49924E-05
20.16774 349.1142 209.1608 4.49924E-05
20.26774 349.1142 209.1608 4.49924E-05
20.36774 349.1142 209.1608 4.49924E-05
20.46774 349.0391 206.2358 4.565602E-05
20.56774 349.0391 205.2608 4.456897E-05
20.66774 349.0391 205.2608 4.456897E-05
20.76774 349.0391 205.2608 4.456897E-05
20.86774 349.0391 205.2608 4.456897E-05
20.96774 349.0391 205.2608 4.456897E-05
21.06774 349.0391 205.2608 4.456897E-05
21.16774 349.0391 205.2608 4.456897E-05
21.26774 349.0391 205.2608 4.456897E-05
21.36774 349.0391 205.2608 4.456897E-05
21.46774 349.0391 205.2608 4.456897E-05
21.56774 349.0391 205.2608 4.456897E-05
21.66774 349.0391 205.2608 4.456897E-05
21.76774 349.0391 205.2608 4.456897E-05
21.86774 349.0391 205.2608 4.456897E-05
21.96774 349.0391 205.2608 4.456897E-05
22.06774 349.0391 205.2608 4.456897E-05
22.16774 349.0391 205.2608 4.456897E-05
22.26774 349.0391 205.2608 4.456897E-05
22.36774 349.0391 205.2608 4.456897E-05
22.46774 349.0391 205.2608 4.456897E-05
22.56774 349.0391 205.2608 4.456897E-05
22.66774 348.9641 208.1857 4.523269E-05
22.76774 348.9641 209.6856 4.45803E-05
22.86774 348.9641 210.1357 4.479776E-05
22.96774 348.8891 212.0856 4.611436E-05
23.06774 348.8891 212.0856 4.611436E-05
23.16774 348.8891 212.0856 4.611436E-05
23.26774 348.8891 212.0856 4.611436E-05
23.36774 348.8891 212.0856 4.611436E-05
23.46774 348.8891 212.0856 4.611436E-05
23.56774 348.8891 212.0856 4.611436E-05
23.66774 348.8891 212.0856 4.611436E-05
23.76774 348.8891 212.0856 4.611436E-05
23.86774 348.8891 212.0856 4.611436E-05
23.96774 348.8891 212.0856 4.611436E-05
24.06774 348.8891 212.0856 4.611436E-05
24.16774 348.8891 212.0856 4.611436E-05
24.26774 348.8891 212.0856 4.611436E-05
24.36774 348.8891 212.0856 4.611436E-05
24.46774 349.0391 210.9606 4.565601E-05
24.56774 351.2141 198.1355 5.086273E-05
24.66774 353.2391 188.8354 5.29285E-05
24.76774 355.0391 181.1103 5.288194E-05
24.86774 355.3391 178.5602 5.417365E-05
24.96774 355.3391 177.0601 5.575972E-05
25.06774 355.3391 176.535 5.617463E-05
25.16774 355.3391 176.535 5.617463E-05
25.26774 355.3391 176.535 5.617463E-05
25.36774 355.3391 176.535 5.617463E-05
25.46774 355.3391 176.535 5.617463E-05
25.56774 355.3391 176.535 5.617463E-05
25.66774 355.3391 175.86 5.621479E-05
25.76774 354.5891 170.16 5.569007E-05
25.86774 354.6641 165.0598 5.857724E-05
25.96774 355.5641 163.9348 5.972963E-05
26.06774 358.2641 166.1848 6.023202E-05
26.16774 359.1642 171.5847 6.015743E-05
26.26774 359.1642 175.9346 6.010404E-05
26.36774 359.1642 178.7095 6.01791E-05
26.46774 359.1642 181.3345 6.016826E-05
26.56774 359.1642 183.8846 6.031752E-05
26.66774 359.1642 183.8846 6.031752E-05
26.76774 359.1642 183.8846 6.031752E-05
26.86774 359.1642 183.8846 6.031752E-05
26.96774 359.1642 183.8846 6.031752E-05
27.06774 359.1642 183.8846 6.031752E-05
27.16774 358.7141 183.8846 6.035298E-05
27.26774 356.9892 183.1345 6.055478E-05
27.36774 354.8141 181.3343 6.200565E-05
27.46774 352.6392 177.6594 6.31393E-05
27.56774 352.0391 176.0842 6.635334E-05
27.66774 352.0391 176.0842 6.635334E-05
27.76774 352.0391 176.0842 6.635334E-05
27.86774 352.0391 176.0842 6.635334E-05
27.96774 352.0391 176.0842 6.635334E-05
28.06774 352.0391 176.0842 6.635334E-05
28.16774 352.0391 176.0842 6.635334E-05
28.26774 352.0391 176.0842 6.635334E-05
28.36774 352.0391 176.0842 6.635334E-05
28.46774 352.0391 176.0842 6.635334E-05
28.56774 352.0391 176.0842 6.635334E-05
28.66774 352.0391 176.0842 6.635334E-05
28.76774 352.0391 176.0842 6.635334E-05
28.86774 352.0391 176.0842 6.635334E-05
28.96774 352.0391 176.0842 6.635334E-05
29.06774 352.0391 176.0842 6.635334E-05
29.16774 352.0391 176.0842 6.635334E-05
29.26774 352.0391 176.0842 6.635334E-05
29.36774 352.0391 176.0842 6.635334E-05
29.46774 352.0391 176.0842 6.635334E-05
29.56774 352.0391 176.0842 6.635334E-05
29.66774 352.0391 176.0842 6.635334E-05
29.76774 352.0391 176.0842 6.635334E-05
29.86774 352.0391 176.0842 6.635334E-05
29.96774 352.0391 176.0842 6.635334E-05
30.06774 352.0391 176.0842 6.635334E-05
30.16774 352.0391 176.0842 6.635334E-05
30.26774 352.0391 176.0842 6.635334E-05
30.36774 352.0391 176.0842 6.635334E-05
30.46774 352.0391 176.0842 6.635334E-05
30.56774 352.0391 176.0842 6.635334E-05
30.66774 352.0391 176.0842 6.635334E-05
30.76774 352.0391 176.0842 6.635334E-05
30.86774 352.0391 176.0842 6.635334E-05
30.96774 352.0391 176.0842 6.635334E-05
31.06774 352.0391 176.0842 6.635334E-05
31.16774 352.0391 176.0842 6.635334E-05
31.26774 352.0391 176.0842 6.635334E-05
31.36774 352.0391 176.0842 6.635334E-05
31.46774 352.0391 176.0842 6.635334E-05
31.56774 352.0391 176.0842 6.635334E-05
31.66774 352.0391 176.0842 6.635334E-05
31.76774 352.0391 176.0842 6.635334E-05
31.86774 352.0391 176.0842 6.635334E-05
31.96774 352.0391 176.0842 6.635334E-05
32.06775 352.0391 176.0842 6.635334E-05
32.16774 352.0391 176.0842 6.635334E-05
32.26775 352.0391 176.0842 6.635334E-05
32.36774 352.0391 176.0842 6.635334E-05
32.46774 352.0391 176.0842 6.635334E-05
32.56775 352.0391 176.0842 6.635334E-05
32.66774 352.0391 176.0842 6.635334E-05
32.76775 352.0391 176.0842 6.635334E-05
32.86774 352.0391 176.0842 6.635334E-05
32.96774 352.0391 176.0842 6.635334E-05
33.06775 352.0391 176.0842 6.635334E-05
33.16774 352.0391 176.0842 6.635334E-05
33.26775 352.0391 176.0842 6.635334E-05
33.36774 352.0391 176.0842 6.635334E-05
33.46774 352.0391 176.0842 6.635334E-05
33.56775 352.0391 176.0842 6.635334E-05
33.66774 352.0391 176.0842 6.635334E-05
33.76775 352.0391 176.0842 6.635334E-05
33.86774 352.0391 176.0842 6.635334E-05
33.96774 352.0391 176.0842 6.635334E-05
34.06775 352.0391 176.0842 6.635334E-05
34.16774 352.0391 176.0842 6.635334E-05
34.26775 352.0391 176.0842 6.635334E-05
34.36774 352.0391 176.0842 6.635334E-05
34.46774 352.0391 176.0842 6.635334E-05
34.56775 352.0391 176.0842 6.635334E-05
34.66774 352.0391 176.0842 6.635334E-05
34.76775 352.0391 176.0842 6.635334E-05
34.86774 352.0391 176.0842 6.635334E-05
34.96774 352.0391 176.0842 6.635334E-05
35.06775 352.0391 176.0842 6.635334E-05
35.16774 352.0391 176.0842 6.635334E-05
35.26775 352.0391 176.0842 6.635334E-05
35.36774 352.0391 176.0842 6.635334E-05
35.46774 352.0391 176.0842 6.635334E-05
35.56775 352.0391 176.0842 6.635334E-05
35.66774 352.0391 176.0842 6.635334E-05
35.76775 352.0391 176.0842 6.635334E-05
35.86774 352.0391 176.0842 6.635334E-05
35.96774 352.0391 176.0842 6.635334E-05
36.06775 352.0391 176.0842 6.635334E-05
36.16774 352.0391 176.0842 6.635334E-05
36.26775 352.0391 176.0842 6.635334E-05
36.36774 352.0391 176.0842 6.635334E-05
36.46774 352.0391 176.0842 6.635334E-05
36.56775 352.0391 176.0842 6.635334E-05
36.66774 352.0391 176.0842 6.635334E-05
36.76775 352.0391 176.0842 6.635334E-05
36.86774 352.0391 176.0842 6.635334E-05
36.96774 352.0391 176.0842 6.635334E-05
37.06775 352.0391 176.0842 6.635334E-05
37.16774 353.2294 187.0197 6.969505E-05
37.26775 354.5276 198.9494 7.215256E-05
37.36774 355.9201 211.8745 7.403905E-05
37.46774 357.2298 224.8083 7.329674E-05
37.56775 358.5514 239.7498 7.39284E-05
37.66774 359.6766 254.7073 7.407937E-05
37.76775 0.6793662 268.3897 -2.66823E-08
37.86774 0.6793662 268.3897 -2.66823E-08
37.96774 0.6793662 268.3897 -2.66823E-08
38.06775 0.6793662 268.3897 -2.66823E-08
38.16774 0.6793662 268.3897 -2.66823E-08
38.26775 0.6793662 268.3897 -2.66823E-08
38.36774 0.6793662 268.3897 -2.66823E-08
38.46774 0.6793662 268.3897 -2.66823E-08
38.56775 0.6793662 268.3897 -2.66823E-08
38.66774 0.6793662 268.3897 -2.66823E-08
38.76775 0.6793662 268.3897 -2.66823E-08
38.86774 0.6793662 268.3897 -2.66823E-08
38.96774 0.6793662 268.3897 -2.66823E-08
39.06775 0.6793662 268.3897 -2.66823E-08
39.16774 0.6793662 268.3897 -2.66823E-08
39.26775 0.6793662 268.3897 -2.66823E-08
39.36774 0.6793662 268.3897 -2.66823E-08
39.46774 0.6793662 268.3897 -2.66823E-08
39.56775 0.6793662 268.3897 -2.66823E-08
39.66774 0.6793662 268.3897 -2.66823E-08
39.76775 0.6793662 268.3897 -2.66823E-08
39.86774 0.6793662 268.3897 -2.66823E-08
39.96774 0.6793662 268.3897 -2.66823E-08
40.06775 0.6793662 268.3897 -2.66823E-08
40.16774 0.6793662 268.3897 -2.66823E-08
40.26775 0.6793662 268.3897 -2.66823E-08
40.36774 0.6793662 268.3897 -2.66823E-08
40.46774 0.6793662 268.3897 -2.66823E-08
40.56775 0.6793662 268.3897 -2.66823E-08
40.66774 0.6793662 268.3897 -2.66823E-08
40.76775 0.6793662 268.3897 -2.66823E-08
40.86774 0.6793662 268.3897 -2.66823E-08
40.96774 0.6793662 268.3897 -2.66823E-08
41.06775 0.6793662 268.3897 -2.66823E-08
41.16774 0.6793662 268.3897 -2.66823E-08
41.26775 0.6793662 268.3897 -2.66823E-08
41.36774 0.6793662 268.3897 -2.66823E-08
41.46774 0.6793662 268.3897 -2.66823E-08
41.56775 0.6793662 268.3897 -2.66823E-08
41.66774 0.6793662 268.3897 -2.66823E-08
41.76775 0.6793662 268.3897 -2.66823E-08
41.86774 0.6793662 268.3897 -2.66823E-08
41.96774 0.6793662 268.3897 -2.66823E-08
42.06775 0.6793662 268.3897 -2.66823E-08
42.16774 0.6793662 268.3897 -2.66823E-08
42.26775 0.6793662 268.3897 -2.66823E-08
42.36774 0.6793662 268.3897 -2.66823E-08
42.46774 0.6793662 268.3897 -2.66823E-08
42.56775 0.6793662 268.3897 -2.66823E-08
42.66774 0.6793662 268.3897 -2.66823E-08
42.76775 0.6793662 268.3897 -2.66823E-08
42.86774 0.6793662 268.3897 -2.66823E-08
42.96774 0.6793662 268.3897 -2.66823E-08
43.06775 0.6793662 268.3897 -2.66823E-08
43.16774 0.6793662 268.3897 -2.66823E-08
43.26775 0.6793662 268.3897 -2.66823E-08
43.36774 0.6793662 268.3897 -2.66823E-08
43.46774 0.6793662 268.3897 -2.66823E-08
43.56775 0.6793662 268.3897 -2.66823E-08
43.66774 0.6793662 268.3897 -2.66823E-08
43.76775 0.6793662 268.3897 -2.66823E-08
43.86774 0.6793662 268.3897 -2.66823E-08
43.96774 0.6793662 268.3897 -2.66823E-08
44.06775 0.6793662 268.3897 -2.66823E-08
44.16774 0.6793662 268.3897 -2.66823E-08
44.26775 0.6793662 268.3897 -2.66823E-08
44.36774 0.6793662 268.3897 -2.66823E-08
44.46774 0.6793662 268.3897 -2.66823E-08
44.56775 0.6793662 268.3897 -2.66823E-08
44.66774 0.6793662 268.3897 -2.66823E-08
44.76775 0.6793662 268.3897 -2.66823E-08
44.86774 0.6793662 268.3897 -2.66823E-08
44.96774 0.6793662 268.3897 -2.66823E-08
45.06775 0.6793662 268.3897 -2.66823E-08
45.16774 0.6793662 268.3897 -2.66823E-08
45.26775 0.6793662 268.3897 -2.66823E-08
45.36774 0.6793662 268.3897 -2.66823E-08
45.46774 0.6793662 268.3897 -2.66823E-08
45.56775 0.6793662 268.3897 -2.66823E-08
45.66774 0.6793662 268.3897 -2.66823E-08
45.76775 0.6793662 268.3897 -2.66823E-08
45.86774 0.6793662 268.3897 -2.66823E-08
45.96774 0.6793662 268.3897 -2.66823E-08
46.06775 0.6793662 268.3897 -2.66823E-08
46.16774 0.6793662 268.3897 -2.66823E-08
46.26775 0.6793662 268.3897 -2.66823E-08
46.36774 0.6793662 268.3897 -2.66823E-08
46.46774 0.6793662 268.3897 -2.66823E-08
46.56775 0.6793662 268.3897 -2.66823E-08
46.66774 0.6793662 268.3897 -2.66823E-08
46.76775 0.6793662 268.3897 -2.66823E-08
46.86774 0.6793662 268.3897 -2.66823E-08
46.96774 0.6793662 268.3897 -2.66823E-08
47.06775 0.6793662 268.3897 -2.66823E-08
47.16774 0.6793662 268.3897 -2.66823E-08
47.26775 0.6793662 268.3897 -2.66823E-08
47.36774 0.6793662 268.3897 -2.66823E-08
47.46774 0.6793662 268.3897 -2.66823E-08
47.56775 0.6793662 268.3897 -2.66823E-08
47.66774 0.6793662 268.3897 -2.66823E-08
47.76775 0.6793662 268.3897 -2.66823E-08
47.86774 0.6793662 268.3897 -2.66823E-08
47.96774 0.6793662 268.3897 -2.66823E-08
48.06775 0.6793662 268.3897 -2.66823E-08
48.16774 0.6793662 268.3897 -2.66823E-08
48.26775 0.6793662 268.3897 -2.66823E-08
48.36774 0.6793662 268.3897 -2.66823E-08
48.46774 0.6793662 268.3897 -2.66823E-08
48.56775 0.6793662 268.3897 -2.66823E-08
48.66774 0.6793662 268.3897 -2.66823E-08
48.76775 0.6793662 268.3897 -2.66823E-08
48.86774 0.6793662 268.3897 -2.66823E-08
48.96774 0.6793662 268.3897 -2.66823E-08
49.06775 0.6793662 268.3897 -2.66823E-08
49.16774 0.6793662 268.3897 -2.66823E-08
49.26775 0.6793662 268.3897 -2.66823E-08
49.36774 0.6793662 268.3897 -2.66823E-08
49.46774 0.6793662 268.3897 -2.66823E-08
49.56775 0.6793662 268.3897 -2.66823E-08
49.66774 0.6793662 268.3897 -2.66823E-08
49.76775 0.6793662 268.3897 -2.66823E-08
49.86774 0.6793662 268.3897 -2.66823E-08
49.96774 0.6793662 268.3897 -2.66823E-08
50.06775 0.6793662 268.3897 -2.66823E-08
50.16774 0.6793662 268.3897 -2.66823E-08
50.26775 0.6793662 268.3897 -2.66823E-08
50.36774 0.6793662 268.3897 -2.66823E-08
50.46774 0.6793662 268.3897 -2.66823E-08
50.56775 0.6793662 268.3897 -2.66823E-08
50.66774 0.6793662 268.3897 -2.66823E-08
50.76775 0.6793662 268.3897 -2.66823E-08
50.86774 0.6793662 268.3897 -2.66823E-08
50.96774 0.6793662 268.3897 -2.66823E-08
51.06775 0.6793662 268.3897 -2.66823E-08
51.16774 0.6793662 268.3897 -2.66823E-08
51.26775 0.6793662 268.3897 -2.66823E-08
51.36774 0.6793662 268.3897 -2.66823E-08
51.46774 0.6793662 268.3897 -2.66823E-08
51.56775 0.6793662 268.3897 -2.66823E-08
51.66774 0.6793662 268.3897 -2.66823E-08
51.76775 0.6793662 268.3897 -2.66823E-08
51.86774 0.6793662 268.3897 -2.66823E-08
51.96774 0.6793662 268.3897 -2.66823E-08
52.06775 0.6793662 268.3897 -2.66823E-08
52.16774 0.6793662 268.3897 -2.66823E-08
52.26775 0.6793662 268.3897 -2.66823E-08
52.36774 0.6793662 268.3897 -2.66823E-08
52.46774 0.6793662 268.3897 -2.66823E-08
52.56775 0.6793662 268.3897 -2.66823E-08
52.66774 0.6793662 268.3897 -2.66823E-08
52.76775 0.6793662 268.3897 -2.66823E-08
52.86774 0.6793662 268.3897 -2.66823E-08
52.96774 0.6793662 268.3897 -2.66823E-08
53.06775 0.6793662 268.3897 -2.66823E-08
53.16774 0.6793662 268.3897 -2.66823E-08
53.26775 0.6793662 268.3897 -2.66823E-08
53.36774 0.6793662 268.3897 -2.66823E-08
53.46774 0.6793662 268.3897 -2.66823E-08
53.56775 0.6793662 268.3897 -2.66823E-08
53.66774 0.6793662 268.3897 -2.66823E-08
53.76775 0.6793662 268.3897 -2.66823E-08
53.86774 0.6793662 268.3897 -2.66823E-08
53.96774 0.6793662 268.3897 -2.66823E-08
54.06775 0.6793662 268.3897 -2.66823E-08
54.16774 0.6793662 268.3897 -2.66823E-08
54.26775 0.6793662 268.3897 -2.66823E-08
54.36774 0.6793662 268.3897 -2.66823E-08
54.46774 0.6793662 268.3897 -2.66823E-08
54.56775 0.6793662 268.3897 -2.66823E-08
54.66774 0.6793662 268.3897 -2.66823E-08
54.76775 0.6793662 268.3897 -2.66823E-08
54.86774 0.6793662 268.3897 -2.66823E-08
54.96774 0.6793662 268.3897 -2.66823E-08
55.06775 0.6793662 268.3897 -2.66823E-08
55.16774 0.6793662 268.3897 -2.66823E-08
55.26775 0.6793662 268.3897 -2.66823E-08
55.36774 0.6793662 268.3897 -2.66823E-08
55.46774 0.6793662 268.3897 -2.66823E-08
55.56775 0.6793662 268.3897 -2.66823E-08
55.66774 0.6793662 268.3897 -2.66823E-08
55.76775 0.6793662 268.3897 -2.66823E-08
55.86774 0.6793662 268.3897 -2.66823E-08
55.96774 0.6793662 268.3897 -2.66823E-08
56.06775 0.6793662 268.3897 -2.66823E-08
56.16774 0.6793662 268.3897 -2.66823E-08
56.26775 0.6793662 268.3897 -2.66823E-08
56.36774 0.6793662 268.3897 -2.66823E-08
56.46774 0.6793662 268.3897 -2.66823E-08
56.56775 0.6793662 268.3897 -2.66823E-08
56.66774 0.6793662 268.3897 -2.66823E-08
56.76775 0.6793662 268.3897 -2.66823E-08
56.86774 0.6793662 268.3897 -2.66823E-08
56.96774 0.6793662 268.3897 -2.66823E-08
