-0.03333334 6.212757 261.3825 358.4392
0.03333334 6.268114 261.3248 358.5354
0.03333334 6.418902 261.3778 358.4573
0.06666667 6.569579 261.4704 358.5769
0.1 6.372561 261.6339 358.4258
0.1333333 6.458714 261.7026 358.2947
0.1333333 6.443318 260.6943 358.4305
0.1333333 6.448588 260.6713 358.4357
0.1333333 6.622515 260.7097 358.44
0.1333333 6.746164 260.7905 358.5027
0.1333333 6.711779 260.9415 358.5104
0.1333333 6.659202 260.9515 358.4791
0.6333333 6.633298 260.9334 358.4815
0.6333333 6.599084 260.9021 358.4765
0.6666667 6.562682 260.8387 358.4807
0.6666667 6.521375 260.765 358.5119
0.7 6.478319 260.6816 358.5284
0.7 6.445747 260.5859 358.5596
0.7 6.417516 260.4922 358.5956
0.7333333 6.399966 260.4004 358.6317
0.7333333 6.425052 260.3054 358.6641
0.7666667 6.48986 260.1759 358.7051
0.7666667 6.545702 260.0452 358.7213
0.7666667 6.569167 259.8826 358.7475
0.8 6.56947 259.7151 358.754
0.8 6.538097 259.5157 358.7426
0.8333333 6.475332 259.3354 358.7335
0.8333333 6.423609 259.0858 358.6901
0.8333333 6.351446 258.8177 358.6645
0.8666667 6.26476 258.6119 358.6508
0.8666667 6.158084 258.392 358.646
0.9 6.029426 258.2243 358.6028
0.9 5.881763 258.1145 358.554
0.9 5.806031 258.1961 358.5236
0.9333333 5.610767 258.1554 358.4743
0.9333333 5.459691 258.1515 358.4518
0.9666666 5.357554 258.1743 358.4518
0.9666666 5.213939 258.2043 358.5112
1 5.061533 258.251 358.6023
1 4.947693 258.2736 358.6527
1 4.839087 258.319 358.6567
1.033333 4.721374 258.3568 358.6261
1.033333 4.596785 258.4059 358.5683
1.033333 4.458979 258.4597 358.4869
1.066667 4.312121 258.5092 358.3878
1.066667 4.148519 258.5584 358.3147
1.1 4.004734 258.5969 358.2679
1.1 3.923515 258.6324 358.196
1.1 3.889168 258.6932 358.1576
1.133333 3.848056 258.7727 358.169
1.166667 3.842174 258.8197 358.153
1.166667 3.874222 258.8709 358.08
1.166667 3.862815 258.9148 357.9713
1.2 3.857124 258.927 357.8972
1.2 3.87492 258.9597 357.8112
1.2 3.920439 258.9838 357.7279
1.233333 3.969945 259.0266 357.714
1.233333 4.076274 259.118 357.6791
1.266667 4.207545 259.1916 357.6208
1.266667 4.337902 259.3086 357.6027
1.266667 4.435251 259.4331 357.5809
1.3 4.529036 259.5569 357.565
1.3 4.523796 259.6087 357.5847
1.3 4.574136 259.7512 357.6089
1.333333 4.621349 259.8881 357.6569
1.333333 4.712677 260.0473 357.6975
1.366667 4.815481 260.203 357.7258
1.366667 5.006928 260.4312 357.7397
1.366667 5.166952 260.6058 357.753
1.4 5.368781 260.8248 357.7608
1.4 5.591508 261.0306 357.7593
1.433333 5.896207 261.2742 357.7462
1.433333 6.12186 261.5016 357.7617
1.466667 6.341606 261.7854 357.7932
1.466667 6.558467 262.0263 357.8386
1.466667 6.739532 262.24 357.8754
1.5 6.900221 262.4731 357.9
1.5 7.036634 262.6634 357.9005
1.533333 7.159833 262.8289 357.9124
1.533333 7.272087 262.9877 357.9208
1.566667 7.43038 263.121 357.9167
1.566667 7.47742 263.2405 358.0151
1.566667 7.537754 263.3656 358.1196
1.6 7.695621 263.4795 358.0282
1.6 7.818436 263.5327 357.862
1.633333 7.875284 263.5705 357.7353
1.633333 7.905634 263.5781 357.6653
1.633333 7.895329 263.5633 357.6209
1.666667 7.832522 263.5184 357.6624
1.666667 7.855297 263.4688 357.6934
1.7 7.898938 263.3947 357.6648
1.7 7.912886 263.3231 357.694
1.7 7.90413 263.2123 357.7422
1.733333 7.92872 263.0896 357.7859
1.766667 7.996984 262.9828 357.7842
1.766667 8.110801 262.8425 357.7654
1.766667 8.184281 262.7271 357.7932
1.8 8.242736 262.6083 357.8354
1.8 8.261263 262.4899 357.8859
1.8 8.28443 262.334 357.9608
1.833333 8.328987 262.1799 358.0274
1.833333 8.361148 262.0443 358.0862
1.866667 8.38009 261.9402 358.1444
1.866667 8.368744 261.8443 358.2406
1.866667 8.344581 261.7917 358.2847
1.9 8.293371 261.728 358.3593
1.9 8.20887 261.6787 358.4288
1.933333 8.154972 261.6572 358.4724
1.933333 8.103283 261.6334 358.5232
1.966667 8.073114 261.6114 358.543
1.966667 8.046474 261.5731 358.5709
1.966667 8.059736 261.5363 358.576
2 8.071926 261.5141 358.5818
2 8.050346 261.4818 358.5795
2.033333 8.016757 261.4132 358.5636
2.033333 7.973634 261.3236 358.5202
2.033333 7.942679 261.2404 358.5124
2.066667 7.910372 261.1487 358.4844
2.066667 7.850573 261.0546 358.4699
2.1 7.777898 260.9598 358.448
2.1 7.700291 260.8536 358.4308
2.133333 7.650514 260.7687 358.4388
2.133333 7.580341 260.682 358.4641
2.133333 7.531229 260.601 358.4806
2.166667 7.532467 260.556 358.4846
2.166667 7.539112 260.5219 358.4981
2.2 7.53823 260.5096 358.5055
2.2 7.570664 260.5206 358.5129
2.233333 7.551097 260.5373 358.5139
2.233333 7.519188 260.5567 358.5305
2.233333 7.484973 260.5634 358.5457
2.266667 7.460952 260.5676 358.5262
2.266667 7.459591 260.5693 358.5089
2.3 7.454544 260.5664 358.4732
2.3 7.467278 260.561 358.4479
2.3 7.457656 260.5709 358.4393
2.333333 7.461189 260.5702 358.4353
2.333333 7.419691 260.5441 358.3983
2.366667 7.395585 260.5082 358.3751
2.366667 7.366664 260.4639 358.3558
2.4 7.342514 260.413 358.3399
2.4 7.346587 260.3838 358.3246
2.4 7.315245 260.3459 358.3331
2.433333 7.272039 260.3121 358.3198
2.433333 7.253273 260.3156 358.3097
2.466667 7.270487 260.3102 358.283
2.466667 7.273859 260.2977 358.2697
2.466667 7.26199 260.2697 358.2723
2.5 7.251831 260.2608 358.2632
2.5 7.245966 260.2744 358.2436
2.533333 7.238798 260.2858 358.2148
2.533333 7.23122 260.3012 358.186
2.566667 7.223557 260.3335 358.1445
2.566667 7.22436 260.3593 358.1324
2.566667 7.212809 260.3898 358.1292
2.6 7.24484 260.4158 358.1144
2.6 7.259024 260.4479 358.1094
2.633333 7.283773 260.4722 358.1035
2.633333 7.282035 260.5037 358.0774
2.633333 7.273086 260.5479 358.079
2.666667 7.271784 260.5988 358.0624
2.666667 7.250845 260.6348 358.0478
2.7 7.235044 260.6699 358.0309
2.7 7.246314 260.6867 358.0096
2.733333 7.275928 260.7092 357.9991
2.733333 7.305474 260.7153 357.9792
2.766667 7.323561 260.7402 357.9763
2.766667 7.3347 260.7617 357.9752
2.766667 7.359556 260.7939 357.9566
2.8 7.367287 260.8069 357.9444
2.8 7.37685 260.8247 357.9244
2.8 7.381098 260.8259 357.9061
2.833333 7.406317 260.8455 357.8902
2.833333 7.423905 260.8538 357.8797
2.866667 7.429831 260.8706 357.8936
2.866667 7.418355 260.8817 357.9027
2.9 7.43132 260.9031 357.9062
2.9 7.455608 260.9416 357.8834
2.9 7.513938 260.9644 357.8613
2.933333 7.533563 260.9846 357.8538
2.933333 7.535203 261.002 357.8884
2.966667 7.541178 261.0047 357.9243
2.966667 7.532533 261.0104 357.9727
2.966667 7.546505 261.0211 358.023
3 7.554707 261.02 358.0622
3 7.564337 261.0172 358.0993
3.033333 7.6147 260.9795 358.1178
3.033333 7.66684 260.9512 358.1339
3.066667 7.706445 260.9144 358.1596
3.066667 7.757913 260.8957 358.2029
3.066667 7.802104 260.8529 358.2355
3.1 7.847444 260.8127 358.3206
3.1 7.863937 260.7588 358.382
3.133333 7.896427 260.7061 358.4651
3.133333 7.909264 260.6659 358.5277
3.166667 7.967189 260.6237 358.5822
3.166667 8.021823 260.5903 358.6259
3.166667 8.089757 260.5731 358.6378
3.2 8.16025 260.5393 358.6446
3.2 8.20918 260.5206 358.6469
3.233333 8.239756 260.5222 358.632
3.233333 8.276528 260.5295 358.6326
3.233333 8.315835 260.5571 358.6471
3.266667 8.383957 260.5696 358.6245
3.266667 8.446402 260.5782 358.5779
3.3 8.507588 260.5943 358.5438
3.3 8.559501 260.614 358.52
3.333333 8.611639 260.6459 358.504
3.333333 8.670839 260.6614 358.4829
3.333333 8.744369 260.6762 358.4586
3.366667 8.804972 260.6931 358.4302
3.366667 8.835348 260.6978 358.4057
3.4 8.852907 260.7262 358.3854
3.4 8.85205 260.724 358.3562
3.433333 8.883558 260.7348 358.3436
3.433333 8.911298 260.7233 358.33
3.433333 8.9516 260.7128 358.3248
3.466667 9.006345 260.7149 358.3198
3.466667 9.043503 260.7137 358.3304
3.5 9.069082 260.7338 358.3173
3.5 9.10785 260.7175 358.308
3.5 9.141324 260.7062 358.2922
3.533333 9.216935 260.6585 358.2733
3.533333 9.265006 260.6139 358.2433
3.566667 9.321511 260.5785 358.2264
3.566667 9.384232 260.5282 358.2008
3.6 9.466263 260.4763 358.1714
3.6 9.512638 260.4435 358.1647
3.6 9.556867 260.4094 358.1359
3.633333 9.620098 260.379 358.1127
3.633333 9.710788 260.3409 358.0671
3.666667 9.840468 260.3258 358.0269
3.666667 9.996728 260.3143 358.0013
3.666667 10.17566 260.2927 357.9875
3.7 10.3312 260.2421 357.9806
3.7 10.50105 260.1589 357.9454
3.733333 10.64829 260.0737 357.9119
3.733333 10.90114 259.921 357.8103
3.766667 11.15755 259.7575 357.729
3.766667 11.41997 259.6121 357.6592
3.766667 11.68567 259.4303 357.5519
3.8 11.87808 259.2937 357.493
3.8 12.05545 259.174 357.4651
3.833333 12.21352 259.0466 357.3954
3.833333 12.36056 258.9182 357.3331
3.833333 12.41725 258.8397 357.312
3.866667 12.47968 258.7639 357.3087
3.866667 12.44833 258.6892 357.3025
3.9 12.35051 258.6169 357.2631
3.9 12.25928 258.5439 357.2374
3.933333 12.15837 258.467 357.1886
3.933333 12.08673 258.3821 357.1869
3.933333 12.06314 258.3262 357.2298
3.966667 12.09349 258.268 357.2822
3.966667 12.16059 258.2372 357.321
4 12.2077 258.1963 357.3609
4 12.2398 258.1305 357.4097
4 12.30129 258.0462 357.4391
4.033333 12.33661 257.9114 357.4786
4.033333 12.38336 257.7324 357.494
4.066667 12.44487 257.5029 357.4954
4.066667 12.5128 257.2574 357.5009
4.1 12.63684 256.9894 357.4937
4.1 12.77422 256.6531 357.4754
4.1 12.9153 256.3156 357.4439
4.133333 13.06768 255.9228 357.4376
4.133333 13.17626 255.5316 357.4427
4.166667 13.25498 255.188 357.4636
4.166667 13.31143 254.7881 357.4778
4.166667 13.30987 254.4399 357.4886
4.2 13.26636 254.0768 357.5017
4.2 13.22419 253.7804 357.4944
4.233333 13.18782 253.4453 357.4904
4.233333 13.12129 253.1307 357.475
4.266667 13.03405 252.8231 357.42
4.266667 12.97463 252.5028 357.3381
4.266667 12.96367 252.1523 357.2523
4.3 12.96681 251.8617 357.1944
4.3 12.94509 251.5459 357.1611
4.333333 12.92774 251.2538 357.1501
4.333333 12.8875 250.9455 357.157
4.366667 12.8781 250.7044 357.1638
4.366667 12.88358 250.4756 357.1476
4.4 12.87968 250.2523 357.1296
4.4 12.88704 250.0374 357.1031
4.4 12.8744 249.8405 357.1085
4.433333 12.85324 249.6944 357.1243
4.433333 12.83441 249.5408 357.1565
4.433333 12.82869 249.4028 357.1902
4.466667 12.86144 249.263 357.2253
4.466667 12.87142 249.1888 357.2699
4.5 12.90183 249.1107 357.3428
4.5 12.94042 249.0807 357.4072
4.533333 12.93025 249.0699 357.4808
4.533333 12.91558 249.0755 357.5446
4.533333 12.89701 249.0769 357.6067
4.566667 12.89658 249.1 357.6331
4.566667 12.92185 249.1122 357.623
4.6 12.93028 249.1308 357.6298
4.6 12.91913 249.1407 357.6442
4.6 12.89596 249.1339 357.6762
4.633333 12.83124 249.1257 357.6989
4.633333 12.76733 249.1212 357.7038
4.666667 12.73758 249.1085 357.7128
4.666667 12.70888 249.1093 357.6996
4.7 12.70606 249.0921 357.7035
4.7 12.67457 249.0635 357.6948
4.7 12.63418 249.0544 357.6899
4.733333 12.62223 249.044 357.7222
4.733333 12.58967 249.0566 357.7475
4.766667 12.58703 249.0829 357.7783
4.766667 12.59556 249.1129 357.8015
4.766667 12.58731 249.175 357.8408
4.8 12.56523 249.2137 357.8599
4.8 12.58131 249.2798 357.8582
4.833333 12.59159 249.3332 357.8413
4.833333 12.61394 249.4001 357.8462
4.866667 12.61875 249.4514 357.8662
4.866667 12.64225 249.4876 357.867
4.866667 12.6431 249.5053 357.8665
4.9 12.64589 249.5171 357.877
4.9 12.6445 249.5491 357.8899
4.933333 12.65077 249.5583 357.8937
4.933333 12.66174 249.5673 357.8757
4.933333 12.66634 249.5758 357.8623
4.966667 12.67486 249.5707 357.8483
4.966667 12.68253 249.5575 357.8412
5 12.67989 249.5418 357.8178
5 12.68089 249.5372 357.7987
5.033333 12.67132 249.5277 357.7887
5.033333 12.6646 249.5396 357.7823
5.033333 12.66879 249.5656 357.77
5.066667 12.65522 249.5734 357.7765
5.066667 12.65031 249.6018 357.7834
5.1 12.62933 249.6279 357.8024
5.1 12.64862 249.6624 357.812
5.133333 12.66127 249.6927 357.8055
5.133333 12.69405 249.7324 357.7762
5.133333 12.71068 249.78 357.7688
5.166667 12.7348 249.8327 357.7632
5.166667 12.73115 249.8857 357.7617
5.2 12.71007 249.9317 357.784
5.2 12.68948 249.9558 357.8118
5.2 12.68772 249.9766 357.8263
5.233333 12.70417 249.9895 357.8205
5.233333 12.72224 249.9859 357.8192
5.266667 12.73551 249.9843 357.8043
5.266667 12.73633 249.9903 357.8061
5.3 12.74133 249.9783 357.8044
5.3 12.7654 249.9767 357.7981
5.3 12.76167 249.9772 357.7734
5.333333 12.74146 249.9883 357.7644
5.333333 12.71963 250.0005 357.7487
5.366667 12.72154 250.0215 357.7255
5.366667 12.71429 250.0114 357.731
5.366667 12.70704 250.0225 357.7486
5.4 12.70991 250.0298 357.7684
5.4 12.69987 250.036 357.764
5.433333 12.68238 250.0519 357.7739
5.433333 12.67376 250.0443 357.7857
5.466667 12.68041 250.0455 357.7881
5.466667 12.70211 250.0363 357.785
5.466667 12.72045 250.0282 357.7808
5.5 12.78585 250.0085 357.7529
5.5 12.84177 249.9993 357.7581
5.533333 12.91205 249.9837 357.7496
5.533333 13.01306 249.9877 357.7313
5.533333 13.1196 250.0247 357.7008
5.566667 13.28716 250.0564 357.6618
5.566667 13.42535 250.1292 357.6331
5.6 13.58506 250.2445 357.5841
5.6 13.79005 250.3902 357.5009
5.633333 13.995 250.5714 357.4194
5.633333 14.25018 250.8149 357.3401
5.633333 14.55282 251.0991 357.2804
5.666667 14.87683 251.3975 357.2735
5.666667 15.12386 251.6432 357.3026
5.7 15.35949 251.9575 357.2978
5.7 15.48053 252.2409 357.3067
5.733333 15.57137 252.5576 357.3186
5.733333 15.61857 252.8865 357.2702
5.766667 15.66114 253.1301 357.2417
5.766667 15.66956 253.38 357.2017
5.766667 15.68841 253.6352 357.1511
5.8 15.91758 254.3447 357.0274
5.8 15.9339 254.3059 356.9893
5.833333 16.0584 254.488 356.9084
5.833333 16.21769 254.7184 356.8275
5.833333 16.31128 254.8816 356.8187
5.866667 16.34534 254.9967 356.8423
5.866667 16.32889 255.0729 356.8419
5.9 16.30968 255.0696 356.8364
5.9 16.27766 255.0605 356.8308
5.9 16.23084 255.0602 356.7685
5.933333 16.16993 254.9389 356.7465
5.933333 16.1464 255.0135 356.6795
5.966667 16.09777 254.8709 356.7425
5.966667 16.06762 254.8195 356.7564
5.966667 16.00253 254.7587 356.8096
6 15.92742 254.7012 356.8481
6 15.84646 254.6439 356.8926
6.033333 15.75041 254.5844 356.9547
6.033333 15.70352 254.5675 356.9979
6.066667 15.67948 254.5652 357.0589
6.066667 15.68479 254.5857 357.109
6.066667 15.70508 254.6304 357.1359
6.1 15.70726 254.7009 357.1789
6.1 15.73988 254.7839 357.1991
6.133333 15.85448 254.8909 357.1782
6.133333 15.98019 255.0262 357.1463
6.133333 16.08939 255.1729 357.1456
6.166667 16.19565 255.4065 357.1016
6.166667 16.27837 255.7097 357.0708
6.2 16.34679 256.0114 357.0605
6.2 16.42687 256.4642 357.073
6.2 16.45485 256.9178 357.0886
6.233333 16.47873 257.4392 357.1099
6.233333 16.48762 257.9508 357.1466
6.266667 16.48026 258.4639 357.2293
6.266667 16.4672 259.024 357.359
6.3 16.48646 259.4956 357.4612
6.3 16.57074 259.9351 357.5039
6.333333 16.6577 260.3401 357.5149
6.333333 16.76284 260.7058 357.4792
6.333333 16.86903 261.0536 357.4153
6.366667 16.94521 261.3729 357.4336
6.366667 16.99784 261.6827 357.5247
6.366667 17.07184 261.9902 357.588
6.4 17.17113 262.3053 357.6209
6.4 17.31647 262.6044 357.6215
6.433333 17.43602 262.8036 357.5986
6.433333 17.58691 262.9878 357.5696
6.466667 17.63357 263.0641 357.5435
6.466667 17.60093 263.0672 357.5105
6.466667 17.51881 263.0309 357.4795
6.5 17.40349 262.9512 357.4552
6.5 17.31525 262.8558 357.4123
6.533333 17.22004 262.6799 357.373
6.533333 17.20588 262.5029 357.2934
6.566667 17.2294 262.3422 357.2068
6.566667 17.26039 262.1925 357.172
6.566667 17.24478 262.0938 357.1699
6.6 17.21126 262.0448 357.1909
6.6 17.19601 262.0326 357.1982
6.633333 17.19991 262.0391 357.1903
6.633333 17.20227 262.0518 357.1846
6.633333 17.21237 262.0971 357.19
6.666667 17.25879 262.1355 357.1833
6.666667 17.2929 262.1966 357.1516
6.7 17.33161 262.2858 357.1086
6.7 17.37362 262.3561 357.0956
6.733333 17.39549 262.4117 357.087
6.733333 17.42117 262.468 357.0837
6.733333 17.48736 262.5184 357.0483
6.766667 17.55007 262.5637 357.0057
6.766667 17.60322 262.6205 356.9775
6.8 17.6722 262.6523 356.9536
6.8 17.73429 262.6792 356.912
6.833333 17.78551 262.6801 356.8614
6.833333 17.88102 262.6906 356.8374
6.833333 17.88809 262.6885 356.7803
6.866667 17.79355 262.6649 356.746
6.866667 17.66581 262.6161 356.7403
6.9 17.5935 262.5881 356.7459
6.9 17.51151 262.515 356.7466
6.9 17.45114 262.4848 356.7727
6.933333 17.41704 262.4536 356.7734
6.933333 17.41265 262.4198 356.7662
6.966667 17.40232 262.3926 356.7974
6.966667 17.38487 262.3925 356.8635
6.966667 17.32834 262.3865 356.8818
7 17.26155 262.3675 356.9159
7 17.23829 262.3417 356.9299
7.033333 17.23025 262.3145 356.9429
7.033333 17.22217 262.2794 356.9599
7.066667 17.23006 262.2786 356.9832
7.066667 17.2256 262.2695 357.0024
7.066667 17.19915 262.2836 357.0354
7.1 17.18734 262.3076 357.0269
7.1 17.20267 262.3265 357.0148
7.133333 17.21146 262.3588 357.0135
7.133333 17.19694 262.383 357.0135
7.166667 17.18628 262.4 357.0125
7.166667 17.20265 262.4218 357.0024
7.166667 17.20924 262.442 357.0073
7.2 17.23421 262.459 357.0112
7.2 17.27799 262.4742 357.0052
7.233333 17.27075 262.4809 356.9987
7.233333 17.28222 262.4808 356.9862
7.233333 17.2892 262.4578 356.9819
7.266667 17.29105 262.4349 356.9875
7.266667 17.29996 262.4216 356.9745
7.3 17.30601 262.4056 356.9796
7.3 17.29989 262.4012 357.0089
7.3 17.29568 262.3914 357.0203
7.333333 17.31135 262.3875 357.0447
7.333333 17.3345 262.3748 357.0565
7.366667 17.33477 262.3582 357.0811
7.366667 17.31415 262.3562 357.1198
7.4 17.31911 262.3431 357.1419
7.4 17.3171 262.3441 357.1276
7.4 17.32751 262.3458 357.0995
7.433333 17.35458 262.3585 357.0791
7.433333 17.36383 262.3563 357.0869
7.466667 17.37184 262.3492 357.1217
7.466667 17.38283 262.3412 357.1527
7.466667 17.38125 262.3293 357.1796
7.5 17.39717 262.329 357.1838
7.5 17.41139 262.3335 357.177
7.533333 17.42567 262.3288 357.1862
7.533333 17.4311 262.3061 357.1898
7.566667 17.43406 262.2879 357.2052
7.566667 17.44092 262.2845 357.195
7.6 17.44532 262.2818 357.1889
7.6 17.44902 262.2745 357.1966
7.6 17.43743 262.2808 357.2184
7.633333 17.41473 262.2946 357.2752
7.633333 17.41844 262.2976 357.2982
7.666667 17.42664 262.3016 357.3214
7.666667 17.42867 262.3037 357.3321
7.666667 17.37683 262.3211 357.3449
7.7 17.29245 262.3378 357.3697
7.7 17.21806 262.341 357.4156
7.733333 17.17209 262.3809 357.4864
7.733333 17.17783 262.4144 357.521
7.733333 17.15095 262.4771 357.5829
7.766667 17.13554 262.555 357.6456
7.766667 17.11691 262.6302 357.7032
7.8 17.0671 262.7215 357.7733
7.8 16.99423 262.7887 357.836
7.833333 16.9395 262.8995 357.8885
7.833333 16.88932 263.0138 357.9533
7.833333 16.81429 263.1182 358.0401
7.866667 16.69176 263.2563 358.1706
7.866667 16.58263 263.379 358.2482
7.9 16.4241 263.5539 358.3607
7.9 16.26984 263.7454 358.4323
7.9 16.20153 263.8859 358.4183
7.933333 16.1859 264.0045 358.3901
7.933333 16.19378 264.0891 358.369
7.966667 16.16846 264.146 358.3744
7.966667 16.17304 264.2112 358.3938
8 16.20366 264.2502 358.3862
8 16.24553 264.2721 358.3659
8 16.30198 264.2751 358.3452
8.033334 16.36555 264.252 358.3161
8.033334 16.3826 264.2222 358.292
8.066667 16.36808 264.1853 358.2712
8.066667 16.37593 264.109 358.2602
8.1 16.38361 264.0349 358.2489
8.1 16.36345 263.9606 358.2408
8.1 16.31173 263.8962 358.2198
8.133333 16.2843 263.8394 358.2066
8.133333 16.27536 263.8029 358.1902
8.166667 16.29982 263.7899 358.1632
8.166667 16.34442 263.7822 358.1597
8.166667 16.34628 263.7913 358.1697
8.2 16.35602 263.8033 358.1869
8.2 16.35359 263.8295 358.202
8.233334 16.33216 263.8601 358.2288
8.233334 16.32675 263.898 358.2546
8.233334 16.32812 263.9244 358.2739
8.266666 16.34007 263.9399 358.2867
8.266666 16.37192 263.9398 358.2946
8.3 16.40031 263.921 358.3065
8.3 16.44567 263.9256 358.3025
8.333333 16.47519 263.9205 358.3119
8.333333 16.50138 263.9367 358.3165
8.333333 16.52522 263.9548 358.3098
8.366667 16.57361 263.9861 358.3032
8.366667 16.57085 264.0129 358.2964
8.4 16.60083 264.0346 358.3053
8.4 16.67448 264.0498 358.3121
8.4 16.73046 264.0607 358.3004
8.433333 16.79028 264.0781 358.2802
8.433333 16.81415 264.0993 358.2608
8.466666 16.79728 264.1198 358.2603
8.466666 16.80064 264.1208 358.259
8.5 16.77203 264.116 358.2694
8.5 16.75249 264.123 358.2833
8.5 16.74054 264.1281 358.2914
8.533334 16.73357 264.1174 358.2704
8.533334 16.72866 264.0992 358.266
8.566667 16.73588 264.0815 358.2676
8.566667 16.72956 264.073 358.2858
8.6 16.73041 264.0733 358.2968
8.6 16.70223 264.0784 358.3033
8.633333 16.6909 264.0687 358.2914
8.633333 16.68897 264.0704 358.2935
8.633333 16.68813 264.0639 358.2942
8.666667 16.69741 264.0732 358.2993
8.666667 16.7028 264.0659 358.3173
8.666667 16.70105 264.0602 358.3075
8.7 16.73535 264.0666 358.3084
8.7 16.76055 264.0613 358.3055
8.733334 16.79341 264.068 358.3145
8.733334 16.80754 264.0582 358.3147
8.766666 16.81952 264.0574 358.2995
8.766666 16.83932 264.0629 358.2692
8.766666 16.83973 264.0602 358.2499
8.8 16.82159 264.0503 358.2542
8.8 16.80988 264.0333 358.2731
8.833333 16.81202 264.0408 358.2794
8.833333 16.8449 264.0594 358.2955
8.833333 16.91133 264.1097 358.318
8.866667 16.98534 264.1715 358.3502
8.866667 17.00331 264.2059 358.3608
8.9 16.9766 264.2137 358.3578
8.9 16.92766 264.1954 358.3404
8.933333 16.89065 264.1638 358.3002
8.933333 16.94139 264.1074 358.247
8.933333 17.02057 264.0716 358.2103
8.966666 17.0995 264.0084 358.2079
8.966666 17.13228 263.9189 358.2595
9 17.10582 263.8614 358.3329
9 17.08824 263.8057 358.3762
9 17.12204 263.7936 358.4101
9.033334 17.16797 263.8226 358.4236
9.033334 17.22314 263.8455 358.4373
9.066667 17.32595 263.9025 358.4646
9.066667 17.41038 263.9677 358.4836
9.1 17.45818 264.0501 358.4865
9.1 17.50557 264.1046 358.4775
9.1 17.51023 266.1266 358.4164
9.133333 17.52172 268.1528 358.3689
9.166667 17.528 270.1658 358.3369
9.166667 17.52573 272.1688 358.3265
9.2 17.48967 274.1652 358.2967
9.233334 17.48334 276.1869 358.2662
9.233334 17.52711 278.259 358.1426
9.266666 17.50279 280.2297 358.1231
9.3 17.39594 282.1135 358.1302
9.3 17.36194 284.0103 358.0477
9.333333 17.41714 285.8662 358.0429
9.366667 17.41903 287.696 357.9905
9.366667 17.4046 289.7344 358.0437
9.4 17.41849 291.6882 358.0255
9.433333 17.46868 293.8748 358.0036
9.433333 17.52686 296.1288 357.8724
9.466666 17.46137 298.3118 357.7747
9.5 17.38816 300.4053 357.7487
9.5 17.34358 302.44 357.7451
9.533334 17.22204 304.5507 357.8474
9.566667 16.91267 306.8053 357.9546
9.6 16.41953 309.1209 357.9886
9.633333 15.73314 311.4041 358.0605
9.666667 15.28188 313.722 358.2264
9.666667 15.08866 316.0034 358.5178
9.7 15.14143 318.3063 358.6837
9.733334 14.99306 320.6755 358.7343
9.766666 14.92408 323.1237 358.8194
9.8 14.81095 325.6104 358.932
9.833333 14.67313 328.233 358.9667
9.833333 14.56876 330.673 359.0697
9.866667 14.70025 332.5995 359.0696
9.9 14.64749 335.0465 359.1081
9.933333 14.71331 337.1834 359.0121
9.966666 14.84704 339.1284 358.8742
9.966666 14.89757 340.8822 358.6955
10 14.88232 341.922 358.4155
10.03333 14.69529 341.6669 358.2958
10.06667 14.66576 341.462 358.2792
10.06667 14.68774 341.3317 358.3809
10.1 14.75219 341.246 358.4852
10.13333 14.72102 341.0626 358.5616
10.16667 14.68161 340.7912 358.6591
10.2 14.6767 340.5983 358.6649
10.23333 14.6973 340.4224 358.6755
10.23333 14.66312 340.3678 358.7604
10.26667 14.68281 340.384 358.8024
10.3 14.68962 340.4212 358.8092
10.33333 14.70973 340.4522 358.8582
10.36667 14.69731 340.4864 358.8403
10.36667 14.70842 340.4534 358.8975
10.4 14.67112 340.4589 358.9262
10.4 14.63297 340.4295 358.9625
10.4 14.60892 340.3781 358.9608
10.43333 14.57251 340.3479 358.9626
10.43333 14.54219 340.3068 358.9678
10.46667 14.49293 340.2693 359.0076
10.46667 14.476 340.1911 359.0486
10.5 14.4754 340.1086 359.0566
10.5 14.48246 339.9846 359.0536
10.5 14.4645 339.8871 359.0348
10.53333 14.43922 339.7952 359.0471
10.53333 14.39747 339.6812 359.0583
10.56667 14.34145 339.5573 359.0821
10.56667 14.29573 339.4598 359.1172
10.6 14.25293 339.3362 359.1716
10.6 14.18918 339.2242 359.2405
10.6 14.1385 339.0778 359.2982
10.63333 14.10964 338.9607 359.3505
10.63333 14.11751 338.8187 359.3884
10.66667 14.14105 338.6878 359.4275
10.66667 14.18454 338.5749 359.4552
10.7 14.19094 338.4517 359.4954
10.7 14.13857 338.3623 359.5248
10.7 14.0949 338.2913 359.5373
10.73333 14.04494 338.2235 359.5446
10.73333 14.02282 338.1633 359.5601
10.76667 14.02312 338.1308 359.5691
10.76667 14.08335 338.1287 359.5673
10.76667 14.14722 338.1276 359.5628
10.8 14.14533 338.1236 359.5811
10.8 14.09826 338.1024 359.5916
10.83333 14.05357 338.038 359.6089
10.83333 13.97029 337.9439 359.6289
10.86667 13.88882 337.7853 359.6515
10.86667 13.80801 337.5758 359.7068
10.86667 13.6783 337.2024 359.7739
10.9 13.45908 336.5253 359.876
10.9 13.17071 335.606 359.9304
10.93333 12.78569 334.435 359.9709
10.93333 12.39428 333.0847 0.02816872
10.96667 12.12114 331.8167 0.04730264
10.96667 12.00677 330.9104 0.05579927
10.96667 11.91865 329.8614 359.9715
11 11.86718 329.0022 359.9335
11 11.84648 328.1413 359.8422
11.03333 11.79643 327.3593 359.697
11.03333 11.7552 326.7598 359.6593
11.03333 11.6791 326.3779 359.6607
11.06667 11.61654 325.9549 359.7012
11.06667 11.58644 325.6581 359.7561
11.1 11.59746 325.3662 359.7528
11.1 11.63034 325.1339 359.697
11.13333 11.67188 324.9874 359.6432
11.13333 11.75729 324.9127 359.5842
11.13333 11.85989 324.8768 359.5418
11.16667 11.99691 324.8634 359.5013
11.16667 12.13047 324.8593 359.4643
11.2 12.22175 324.8259 359.2711
11.2 12.29364 324.7669 358.9709
11.23333 12.33784 324.7186 358.6345
11.23333 12.39216 324.669 358.1768
11.23333 12.52239 324.6355 357.6445
11.26667 12.66537 324.588 357.0834
11.26667 12.70365 324.5618 356.7053
11.26667 12.59146 324.5469 356.4146
11.3 12.45401 324.5243 356.2194
11.3 12.36115 324.4617 356.0352
11.33333 12.27419 324.3568 355.9417
11.33333 12.25024 324.271 355.879
11.36667 12.32109 324.1419 355.7637
11.36667 12.4408 323.9967 355.6419
11.36667 12.50692 323.8964 355.6258
11.4 12.50371 323.8243 355.6082
11.4 12.46485 323.7931 355.5899
11.43333 12.44152 323.7722 355.5431
11.43333 12.41738 323.7597 355.493
11.43333 12.35213 323.7778 355.5006
11.46667 12.2916 323.8207 355.5419
11.46667 12.26306 323.8702 355.5849
11.5 12.23969 323.9488 355.6522
11.5 12.28481 324.0493 355.6996
11.53333 12.32943 324.1521 355.7274
11.53333 12.34866 324.2151 355.7514
11.53333 12.34895 324.2859 355.7705
11.56667 12.32042 324.3267 355.8014
11.56667 12.27135 324.343 355.8389
11.6 12.20629 324.3436 355.8484
11.6 12.13069 324.3495 355.7922
11.63333 12.05771 324.3359 355.755
11.63333 11.98676 324.3381 355.6692
11.63333 11.90104 324.3323 355.5609
11.66667 11.82251 324.3381 355.4753
11.66667 11.75816 324.3259 355.3929
11.7 11.67415 324.3141 355.2536
11.7 11.64974 324.3344 355.1063
11.7 11.71542 324.3499 354.9551
11.73333 11.77522 324.3783 354.8089
11.73333 11.86635 324.4568 354.6771
11.76667 11.93966 324.5172 354.5734
11.76667 12.0725 324.622 354.4703
11.8 12.1807 324.7238 354.3402
11.8 12.23233 324.8151 354.3112
11.8 12.27093 324.9003 354.3272
11.83333 12.27116 324.9845 354.3563
11.83333 12.25622 325.0565 354.4055
11.86667 12.22566 325.1439 354.4853
11.86667 12.17277 325.1967 354.5538
11.86667 12.11482 325.2462 354.6797
11.9 12.05191 325.2688 354.7974
11.9 12.02009 325.288 354.9174
11.93333 12.0014 325.2956 355.0507
11.93333 11.99281 325.2989 355.1703
11.96667 12.01502 325.2983 355.2461
11.96667 12.02242 325.3127 355.3133
11.96667 12.01479 325.3181 355.3617
12 12.03757 325.329 355.3936
12 12.08843 325.3263 355.3959
12.03333 12.13789 325.3304 355.3582
12.03333 12.18813 325.3352 355.335
12.03333 12.24521 325.3255 355.2939
12.06667 12.23462 325.3365 355.2732
12.06667 12.20753 325.3302 355.2614
12.1 12.19676 325.3279 355.2381
12.1 12.19282 325.3295 355.1885
12.13333 12.18208 325.3607 355.1541
12.13333 12.15889 325.3953 355.1416
12.13333 12.16289 325.437 355.1396
12.16667 12.17125 325.4595 355.1373
12.16667 12.20727 325.4803 355.132
12.2 12.21959 325.4959 355.1214
12.2 12.19778 325.5214 355.125
12.23333 12.16953 325.554 355.1448
12.23333 12.12661 325.5827 355.1918
12.23333 12.10137 325.5971 355.2501
12.26667 12.07303 325.5805 355.3264
12.26667 12.0737 325.5389 355.3921
12.3 12.10012 325.5031 355.438
12.3 12.14301 325.4467 355.4626
12.3 12.16256 325.3961 355.4651
12.33333 12.18639 325.3602 355.4647
12.33333 12.20305 325.314 355.4694
12.36667 12.18866 325.2939 355.4979
12.36667 12.1909 325.2756 355.4993
12.36667 12.2049 325.262 355.4897
12.4 12.19319 325.272 355.4783
12.4 12.18983 325.2843 355.456
12.43333 12.18191 325.2959 355.4394
12.43333 12.1768 325.3259 355.4393
12.46667 12.17475 325.3727 355.43
12.46667 12.19364 325.4073 355.4166
12.46667 12.21 325.4324 355.3898
12.5 12.21241 325.4596 355.3687
12.5 12.20055 325.485 355.3447
12.53333 12.20729 325.5093 355.3217
12.53333 12.19459 325.5173 355.325
12.56667 12.20179 325.5251 355.323
12.56667 12.21109 325.5416 355.33
12.56667 12.22678 325.5441 355.3336
12.6 12.21206 325.5645 355.3334
12.6 12.18569 325.5716 355.3319
12.63333 12.17701 325.583 355.3468
12.63333 12.18574 325.604 355.3652
12.63333 12.20447 325.6242 355.3925
12.66667 12.21549 325.6528 355.4175
12.66667 12.21004 325.6698 355.4264
12.7 12.19541 325.7011 355.422
12.7 12.20026 325.7344 355.4119
12.73333 12.19202 325.7496 355.4058
12.73333 12.21022 325.7573 355.4012
12.73333 12.21063 325.7565 355.3958
12.76667 12.23388 325.7566 355.4016
12.76667 12.2529 325.7599 355.3924
12.8 12.24815 325.7498 355.3744
12.8 12.2168 325.7464 355.3546
12.8 12.19804 325.7602 355.3266
12.83333 12.18382 325.762 355.2997
12.83333 12.20574 325.792 355.2698
12.86667 12.25054 325.825 355.2671
12.86667 12.28599 325.8551 355.2477
12.9 12.28977 325.8799 355.2439
12.9 12.29485 325.8647 355.249
12.9 12.28224 325.8815 355.2632
12.93333 12.29512 325.877 355.2629
12.93333 12.30114 325.8806 355.2707
12.96667 12.3182 325.8944 355.2874
12.96667 12.32819 325.9046 355.3013
13 12.34703 325.9331 355.3136
13 12.35727 325.9657 355.3334
13 12.37363 326.0009 355.3332
13.03333 12.38782 326.0468 355.3282
13.03333 12.38534 326.0859 355.318
13.06667 12.3563 326.1358 355.3292
13.06667 12.36178 326.1614 355.3177
13.06667 12.35286 326.1654 355.3077
13.1 12.34897 326.1463 355.3143
13.1 12.37768 326.1443 355.2937
13.13333 12.40247 326.1198 355.2469
13.13333 12.42314 326.1041 355.2146
13.16667 12.42637 326.0929 355.2204
13.16667 12.43306 326.0968 355.2177
13.16667 12.42188 326.1157 355.229
13.2 12.42654 326.1192 355.2222
13.2 12.43753 326.1401 355.2007
13.23333 12.44246 326.1414 355.1903
13.23333 12.45475 326.1596 355.1958
13.23333 12.45055 326.1687 355.2104
13.26667 12.45279 326.1942 355.2255
13.26667 12.45235 326.2079 355.2449
13.3 12.4473 326.2251 355.2424
13.3 12.43079 326.2273 355.2385
13.33333 12.44576 326.2329 355.2184
13.33333 12.46775 326.2338 355.2134
13.33333 12.46306 326.2366 355.2184
13.36667 12.46574 326.2344 355.211
13.36667 12.46439 326.2354 355.2034
13.4 12.45368 326.2315 355.2025
13.4 12.45807 326.2335 355.2126
13.4 12.45837 326.2312 355.2148
13.43333 12.46364 326.2321 355.2323
13.43333 12.48435 326.2463 355.2127
13.46667 12.49189 326.2722 355.2116
13.46667 12.48416 326.2851 355.2062
13.5 12.4763 326.3146 355.1993
13.5 12.49172 326.3453 355.1966
13.5 12.48083 326.3506 355.2057
13.53333 12.48843 326.3416 355.1988
13.53333 12.46687 326.3445 355.1994
13.56667 12.45793 326.3227 355.1872
13.56667 12.45402 326.3126 355.1808
13.56667 12.45763 326.2952 355.173
13.6 12.43804 326.2848 355.1791
13.6 12.39761 326.2918 355.2002
13.63333 12.38051 326.306 355.1978
13.63333 12.36744 326.2923 355.1824
13.66667 12.37335 326.3026 355.1528
13.66667 12.40407 326.3126 355.1288
13.66667 12.42505 326.3137 355.1095
13.7 12.43261 326.32 355.0992
13.7 12.418 326.3061 355.105
13.73333 12.39348 326.2846 355.1097
13.73333 12.39433 326.2529 355.1033
13.73333 12.3906 326.2397 355.0796
13.76667 12.37988 326.206 355.0611
13.76667 12.35512 326.1783 355.0555
13.8 12.3446 326.1465 355.0815
13.8 12.31633 326.1428 355.0947
13.83333 12.24755 326.1595 355.1138
13.83333 12.20826 326.1729 355.118
13.83333 12.16618 326.2035 355.1279
13.86667 12.13876 326.227 355.1442
13.86667 12.14181 326.2574 355.1888
13.9 12.11459 326.2795 355.2259
13.9 12.09987 326.3055 355.2623
13.9 12.113 326.329 355.2766
13.93333 12.12849 326.3718 355.2789
13.93333 12.14991 326.3922 355.2825
13.96667 12.1673 326.3992 355.2768
13.96667 12.17147 326.4115 355.2772
14 12.16 326.4249 355.2717
14 12.14167 326.4443 355.2776
14 12.12777 326.4678 355.2719
14.03333 12.12393 326.4864 355.2403
14.03333 12.06522 326.4864 355.2232
14.06667 11.98746 326.5119 355.2254
14.06667 11.93591 326.5423 355.2245
14.06667 11.91958 326.5781 355.2284
14.1 11.92184 326.6071 355.2364
14.1 11.92497 326.629 355.2565
14.13333 11.89869 326.6486 355.2848
14.13333 11.88649 326.6746 355.3116
14.16667 11.87516 326.7031 355.3071
14.16667 11.84131 326.7372 355.3236
14.16667 11.82924 326.7622 355.3378
14.2 11.82301 326.7981 355.3655
14.2 11.8204 326.8329 355.3862
14.23333 11.81968 326.8841 355.3952
14.23333 11.83292 326.9288 355.399
14.26667 11.83619 326.962 355.41
14.26667 11.8575 326.9935 355.4038
14.3 11.86649 327.0049 355.3814
14.3 11.85953 327.0125 355.3707
14.3 11.85273 327.0052 355.3549
14.33333 11.81001 327.0057 355.3644
14.33333 11.76027 327.007 355.3603
14.36667 11.69472 327.0096 355.3424
14.36667 11.66883 327.0063 355.3817
14.36667 11.65463 327.0129 355.37
14.4 11.67053 327.0032 355.3844
14.4 11.64555 326.9998 355.3988
14.43333 11.65445 327.0009 355.4096
14.43333 11.67289 327.0089 355.4095
14.43333 11.67504 327.0257 355.3917
14.46667 11.70208 327.0657 355.3731
14.46667 11.73397 327.0922 355.3702
14.5 11.7399 327.1373 355.3679
14.5 11.74404 327.1709 355.3715
14.5 11.73743 327.2051 355.3757
14.53333 11.73797 327.2614 355.3724
14.53333 11.7623 327.2918 355.3759
14.56667 11.77914 327.3366 355.388
14.56667 11.82282 327.3639 355.3984
14.6 11.8485 327.3954 355.397
14.6 11.87872 327.4333 355.4009
14.6 11.87289 327.4818 355.4021
14.63333 11.85159 327.5275 355.4068
14.63333 11.82219 327.6024 355.4247
14.66667 11.77499 327.6551 355.4523
14.66667 11.74906 327.6994 355.5059
14.66667 11.70778 327.7483 355.562
14.7 11.66483 327.7713 355.5975
14.7 11.61848 327.7987 355.6263
14.73333 11.48234 327.831 355.6823
14.73333 11.22989 327.8759 355.7734
14.76667 10.81286 327.9728 355.9474
14.76667 10.42592 328.1118 356.1287
14.76667 9.900575 328.2847 356.2304
14.8 9.405272 328.4877 356.3632
14.8 8.833948 328.7927 356.4962
14.83333 8.392782 329.0841 356.5684
14.83333 7.934946 329.47 356.6676
14.83333 7.539251 329.9377 356.84
14.86667 7.230974 330.3607 356.9543
14.86667 6.923298 330.7648 357.0398
14.9 6.553354 331.2205 357.14
14.9 6.203299 331.6897 357.2704
14.93333 5.917436 332.1433 357.3683
14.93333 5.681575 332.6938 357.4725
14.93333 5.503048 333.1731 357.6078
14.96667 5.265453 333.6935 357.7829
14.96667 5.031978 334.3185 357.964
15 4.874152 334.9327 358.0932
15 4.754672 335.4655 358.1408
15 4.546527 336.1523 358.1739
15.03333 4.213733 336.8261 358.2384
15.06667 3.90691 337.3689 358.3058
15.06667 3.579846 338.0111 358.3551
15.06667 3.308067 338.5183 358.4011
15.1 3.029562 339.0578 358.5034
15.1 2.763274 339.5368 358.513
15.1 2.491967 339.9335 358.518
15.13333 2.226737 340.2769 358.5378
15.13333 1.923341 340.5464 358.5723
15.16667 1.637303 340.6961 358.6236
15.16667 1.406416 340.7886 358.678
15.2 1.173846 340.8391 358.7081
15.2 1.022998 340.824 358.6529
15.2 0.8783362 340.7674 358.5586
15.23333 0.7181498 340.7009 358.471
15.23333 0.5876266 340.5977 358.4119
15.23333 0.464128 340.4372 358.3458
15.26667 0.3742227 340.2465 358.3024
15.26667 0.3000593 340.0056 358.2692
15.3 0.2626399 339.7994 358.2481
15.3 0.2287335 339.5406 358.2621
15.33333 0.1821224 339.3318 358.2486
15.33333 0.1828969 339.1413 358.2254
15.33333 0.1982666 338.9815 358.2077
15.36667 0.2113508 338.808 358.1809
15.36667 0.2539613 338.6523 358.183
15.4 0.2502617 338.5339 358.1973
15.4 0.214796 338.4405 358.2263
15.43333 0.143884 338.352 358.2721
15.43333 0.08389121 338.276 358.3082
15.43333 0.0200037 338.1844 358.3376
15.46667 359.9699 338.1286 358.3358
15.46667 359.9387 338.0687 358.3101
15.5 359.9487 338.0241 358.236
15.5 359.9881 337.9883 358.1992
15.5 0.03344733 337.9498 358.1604
15.53333 0.05939136 337.9141 358.1116
15.53333 0.07034126 337.8875 358.0608
15.56667 0.04178499 337.8766 357.9967
15.56667 0.02348206 337.8666 357.9229
15.6 0.03486028 337.8584 357.8624
15.6 0.08116872 337.8349 357.81
15.6 0.1220448 337.8213 357.7883
15.63333 0.1977433 337.8181 357.7427
15.63333 0.2768702 337.7974 357.7329
15.66667 0.316981 337.7949 357.714
15.66667 0.3641354 337.8012 357.7112
15.7 0.4202468 337.7907 357.7131
15.7 0.4812801 337.7655 357.7325
15.7 0.533507 337.7358 357.7474
15.73333 0.5602762 337.7033 357.7576
15.73333 0.5893099 337.6689 357.7934
15.76667 0.6012511 337.6339 357.8043
15.76667 0.6299713 337.5851 357.8033
15.76667 0.652002 337.5311 357.801
15.8 0.6725796 337.476 357.8156
15.8 0.6663761 337.4034 357.8509
15.83333 0.6745327 337.343 357.8737
15.83333 0.7134392 337.2865 357.9058
15.86667 0.7289837 337.2143 357.9592
15.86667 0.7731821 337.1497 357.9903
15.86667 0.8073221 337.0648 358.0245
15.9 0.8377421 336.9886 358.0631
15.9 0.8720582 336.9166 358.1154
15.93333 0.9048718 336.8301 358.1745
15.93333 0.9411479 336.7383 358.2324
15.93333 1.013896 336.6319 358.2686
15.96667 1.072059 336.5225 358.3198
15.96667 1.121656 336.4331 358.3379
16 1.198544 336.3566 358.3423
16 1.307724 336.2791 358.336
16.03333 1.392573 336.2107 358.3267
16.03333 1.48731 336.1518 358.3546
16.03333 1.583939 336.0554 358.3609
16.06667 1.654844 335.974 358.3874
16.06667 1.729064 335.886 358.4128
16.1 1.794693 335.8011 358.4327
16.1 1.887123 335.7391 358.4325
16.13333 1.958491 335.6792 358.443
16.13333 2.037421 335.6294 358.4327
16.13333 2.07714 335.6033 358.4412
16.16667 2.091986 335.5758 358.4692
16.16667 2.079564 335.5597 358.469
16.2 2.044087 335.5568 358.4744
16.2 2.002459 335.5475 358.4847
16.2 1.997989 335.5494 358.505
16.23333 1.99357 335.5586 358.5312
16.23333 1.992219 335.577 358.56
16.26667 1.990957 335.5941 358.5706
16.26667 2.005926 335.6043 358.5738
16.26667 2.035705 335.6052 358.5707
16.3 2.056727 335.6034 358.5673
16.3 2.081656 335.6052 358.5791
16.33333 2.105222 335.5942 358.6015
16.33333 2.148975 335.5737 358.6049
16.36667 2.193974 335.5365 358.6232
16.36667 2.225127 335.4963 358.6228
16.36667 2.278398 335.4407 358.6188
16.4 2.331684 335.3939 358.6191
16.4 2.383168 335.3405 358.6233
16.43333 2.443241 335.2694 358.6669
16.43333 2.533712 335.1825 358.6907
16.43333 2.622087 335.1085 358.7137
16.46667 2.67775 335.0533 358.7295
16.46667 2.746417 334.9989 358.7334
16.5 2.815737 334.946 358.726
16.5 2.880976 334.8659 358.7208
16.53333 2.943944 334.7857 358.7139
16.53333 2.9938 334.7184 358.7074
16.53333 3.022491 334.638 358.7161
16.56667 3.051092 334.5171 358.724
16.56667 3.104236 334.3809 358.7277
16.6 3.17921 334.2495 358.7198
16.6 3.248679 334.0839 358.7055
16.6 3.339426 333.9479 358.7023
16.63333 3.417448 333.8028 358.6937
16.63333 3.494565 333.6371 358.6914
16.66667 3.563027 333.4468 358.6939
16.66667 3.646344 333.2427 358.6972
16.7 3.731997 333.0292 358.6881
16.7 3.837102 332.7562 358.6831
16.73333 3.940768 332.485 358.6646
16.73333 4.035589 332.1725 358.6286
16.73333 4.135585 331.8545 358.6088
16.76667 4.209824 331.6051 358.5413
16.76667 4.317984 331.2924 358.4577
16.8 4.376679 331.0484 358.4463
16.8 4.449641 330.695 358.3936
16.8 4.514989 330.3436 358.2903
16.83333 4.565199 329.9943 358.2468
16.83333 4.704343 329.622 358.1339
16.86667 4.827905 329.305 358.0115
16.86667 4.888244 329.0513 357.9294
16.86667 4.893091 328.7184 357.9098
16.9 4.918223 328.3964 357.9156
16.9 4.935829 328.0953 357.9102
16.93333 4.911343 327.8386 357.8811
16.93333 4.915705 327.5865 357.8002
16.96667 4.981541 327.4065 357.7176
16.96667 5.074246 327.1952 357.6318
16.96667 5.169399 326.9107 357.5831
17 5.252728 326.6729 357.5392
17 5.333436 326.4077 357.5244
17.03333 5.382856 326.1196 357.5277
17.03333 5.40167 325.838 357.5415
17.06667 5.458399 325.445 357.5815
17.06667 5.563192 324.9982 357.5862
17.06667 5.676645 324.5445 357.5655
17.1 5.798789 324.0545 357.4744
17.1 5.902957 323.4518 357.3781
17.13333 5.951654 322.879 357.2913
17.13333 6.046108 322.214 357.2139
17.13333 6.097438 321.6793 357.1498
17.16667 6.151299 321.1457 357.0839
17.16667 6.178882 320.5974 356.9876
17.2 6.147245 320.2216 356.9834
17.2 6.146449 319.7759 356.9893
17.2 6.190438 319.4325 357.0221
17.23333 6.226641 319.0753 357.0187
17.26667 6.229957 318.8665 357.0311
17.26667 6.191471 318.6547 357.0672
17.26667 6.161847 318.4677 357.1095
17.3 6.152692 318.3395 357.1436
17.3 6.135303 318.2354 357.2082
17.3 6.141223 318.2062 357.2278
17.33333 6.120575 318.1815 357.2555
17.33333 6.072272 318.149 357.2918
17.36667 6.054367 318.1153 357.2581
17.36667 6.028605 318.0804 357.2854
17.36667 6.025848 318.0443 357.3053
17.4 6.016263 318.0014 357.2605
17.4 6.020604 317.9531 357.241
17.43333 6.024605 317.8631 357.2003
17.43333 6.002965 317.7508 357.1704
17.46667 5.97762 317.6317 357.1465
17.46667 6.013793 317.4634 357.0814
17.46667 6.089355 317.2393 357.0103
17.5 6.127856 316.9939 356.9598
17.5 6.14472 316.7632 356.8715
17.53333 6.148789 316.5096 356.8028
17.53333 6.126913 316.2264 356.7792
17.53333 6.119643 315.972 356.736
17.56667 6.111136 315.6559 356.6656
17.56667 6.074877 315.3986 356.626
17.6 6.066243 315.1994 356.575
17.6 6.066935 315.0241 356.5984
17.63333 6.081024 314.873 356.6106
17.63333 6.110342 314.7627 356.6224
17.63333 6.093547 314.696 356.6555
17.66667 6.087334 314.6463 356.6906
17.66667 6.065259 314.6458 356.7221
17.7 6.041779 314.6841 356.7939
17.7 6.044235 314.7228 356.8515
17.73333 6.045851 314.7283 356.8582
17.73333 6.059728 314.7055 356.8565
17.73333 6.072447 314.6489 356.8469
17.76667 6.065891 314.6155 356.8422
17.76667 6.085173 314.5688 356.8375
17.8 6.091788 314.4982 356.8142
17.8 6.118464 314.4162 356.8111
17.8 6.12623 314.3511 356.7923
17.83333 6.103337 314.2861 356.7357
17.83333 6.08292 314.2156 356.6695
17.86667 6.089984 314.0923 356.6284
17.86667 6.108979 313.9592 356.6146
17.86667 6.128722 313.8368 356.6117
17.9 6.148791 313.6957 356.6211
17.9 6.161911 313.507 356.6014
17.93333 6.160732 313.167 356.5783
17.93333 6.167469 312.8284 356.5328
17.96667 6.208263 312.3631 356.4417
17.96667 6.251152 311.825 356.3225
17.96667 6.292906 311.1957 356.1832
18 6.349542 310.4623 355.9984
18 6.434923 309.6713 355.7926
18.03333 6.526861 308.7461 355.6359
18.03333 6.607353 307.9173 355.4853
18.06667 6.639982 307.2106 355.3961
18.06667 6.628144 306.4742 355.3532
18.1 6.652881 305.8958 355.3324
18.1 6.68027 305.443 355.2927
18.1 6.770612 304.9396 355.2619
18.13333 6.859237 304.6182 355.2552
18.13333 6.889322 304.2634 355.2913
18.13333 6.918417 304.0092 355.3685
18.16667 6.898112 303.872 355.445
18.16667 6.824662 303.7917 355.5691
18.2 6.799273 303.7868 355.6899
18.2 6.800283 303.8218 355.7632
18.23333 6.824526 303.8775 355.8193
18.23333 6.847 303.9971 355.8643
18.23333 6.852877 304.0971 355.8849
18.26667 6.833458 304.1868 355.8872
18.26667 6.824538 304.2286 355.8599
18.3 6.838991 304.2017 355.8171
18.3 6.843208 304.1018 355.7877
18.3 6.836787 303.9343 355.7576
18.33333 6.820618 303.6294 355.7157
18.33333 6.80031 303.2317 355.6833
18.36667 6.763182 302.6995 355.6388
18.36667 6.72335 302.0584 355.5568
18.4 6.691257 301.3067 355.4513
18.4 6.643505 300.3542 355.3186
18.43333 6.580298 299.2524 355.2001
18.43333 6.457325 298.3274 355.1588
18.46667 6.299355 297.1631 355.135
18.46667 6.121774 296.0657 354.9529
18.46667 5.903478 294.7705 354.5043
18.5 5.780594 293.6757 354.1747
18.5 5.680297 292.4222 353.8469
18.53333 5.634066 291.398 353.6396
18.53333 5.506482 288.2166 353.026
18.56667 5.636317 288.1802 353.111
18.56667 5.724264 287.4059 353.1234
18.6 5.650754 284.8774 352.8157
18.6 5.675025 285.2263 352.9111
18.6 5.646301 284.7359 352.9723
18.63333 5.629083 284.3625 353.0669
18.63333 5.636086 284.1369 353.1901
18.66667 5.681348 284.0354 353.3287
18.66667 5.777571 284.5607 353.4871
18.7 5.888012 284.6738 353.6534
18.7 6.006385 285.0355 353.8204
18.7 6.144461 285.1758 354.0843
18.73333 6.113126 285.8012 354.1268
18.73333 6.159067 286.4961 354.1877
18.73333 6.250382 287.1443 354.2242
18.76667 6.353925 287.7966 354.2301
18.76667 6.429729 288.3188 354.2267
18.8 6.485207 288.5056 354.1751
18.8 6.656186 288.9428 354.08
18.8 6.891292 289.3406 353.9825
18.83333 7.17346 289.7014 353.918
18.83333 7.530805 290.1256 353.8353
18.86667 7.818473 290.5267 353.7253
18.86667 8.206118 291.0929 353.5399
18.9 8.548326 291.6232 353.4163
18.9 8.959137 292.4163 353.4126
18.9 9.339996 293.2125 353.5644
18.93333 9.712547 293.9501 353.7524
18.93333 10.25479 295.0395 353.9407
18.96667 10.76851 296.0621 354.0055
18.96667 11.25512 297.267 354.0362
19 11.57792 298.2965 354.0848
19 11.79334 299.4349 354.2119
19.03333 12.00695 300.8345 354.4638
19.03333 12.24909 301.9456 354.6626
19.03333 12.5809 303.1862 354.8067
19.06667 12.84703 304.2741 354.947
19.06667 13.00277 305.4248 355.2239
19.1 13.04492 306.1646 355.4283
19.1 13.0976 306.959 355.6098
19.1 13.11902 307.5758 355.7272
19.13333 13.13705 308.1429 355.8378
19.13333 13.10773 308.7504 356.0133
19.16667 13.04673 309.17 356.247
19.16667 13.03148 309.4683 356.4184
19.16667 13.08771 309.5573 356.437
19.2 13.24246 309.6628 356.3809
19.2 13.39837 309.7862 356.2954
19.23333 13.43919 309.9738 356.2588
19.23333 13.42727 310.1404 356.3037
19.23333 13.38254 310.2086 356.3786
19.26667 13.32047 310.1448 356.4557
19.26667 13.36039 310.0124 356.4627
19.3 13.48815 309.9306 356.3176
19.3 13.64476 309.9463 356.1528
19.33333 13.80865 309.9798 355.9357
19.33333 13.90349 309.9856 355.7777
19.36667 13.93816 309.9312 355.7075
19.36667 13.98328 309.8053 355.5463
19.36667 13.97068 309.6555 355.3889
19.4 13.92611 309.5692 355.2506
19.4 13.92293 309.5117 355.1041
19.4 13.93739 309.4827 354.9437
19.43333 13.9353 309.4984 354.8492
19.43333 13.96224 309.4918 354.8099
19.46667 13.98985 309.4691 354.7904
19.46667 13.96799 309.4419 354.7839
19.46667 13.93975 309.4224 354.7524
19.5 13.93431 309.4183 354.7045
19.5 13.93083 309.4305 354.6981
19.53333 13.96291 309.4421 354.734
19.53333 14.0084 309.4886 354.8081
19.56667 14.05711 309.5237 354.8441
19.56667 14.15253 309.6176 354.8139
19.56667 14.19917 309.7119 354.7636
19.6 14.27551 309.8578 354.675
19.6 14.3271 309.9969 354.6015
19.63333 14.34261 310.1396 354.5375
19.63333 14.32048 310.2575 354.4925
19.63333 14.25616 310.3874 354.4011
19.66667 14.2289 310.5067 354.3087
19.66667 14.20636 310.661 354.1647
19.7 14.24019 310.8229 353.9794
19.7 14.2708 310.9905 353.8494
19.73333 14.30335 311.1373 353.7065
19.73333 14.29295 311.2739 353.562
19.76667 14.27444 311.3814 353.4677
19.76667 14.25229 311.4708 353.3905
19.76667 14.21301 311.5606 353.3282
19.8 14.20345 311.6409 353.2547
19.8 14.22144 311.6859 353.1323
19.83333 14.23496 311.7047 353.0356
19.83333 14.2486 311.7088 352.9395
19.83333 14.25298 311.7089 352.8574
19.86667 14.25584 311.7194 352.8192
19.86667 14.26935 311.7806 352.7598
19.9 14.312 311.8265 352.6818
19.9 14.33678 311.9063 352.6254
19.9 14.3433 311.983 352.5782
19.93333 14.34543 312.0717 352.5661
19.93333 14.32225 312.1697 352.5809
19.96667 14.28942 312.2759 352.5588
19.96667 14.28428 312.3735 352.5438
19.96667 14.26394 312.4705 352.5627
20 14.24744 312.5452 352.5607
20 14.23097 312.6008 352.573
20.03333 14.21252 312.6392 352.553
20.03333 14.1804 312.664 352.5455
20.06667 14.16362 312.7021 352.5328
20.06667 14.14917 312.7332 352.5081
20.06667 14.15128 310.784 352.4995
20.1 14.15119 308.8144 352.4754
20.13333 14.14622 306.8618 352.4422
20.13333 14.11677 304.9169 352.3924
20.16667 14.09701 302.9529 352.3158
20.16667 14.0917 300.958 352.2748
20.2 14.06583 299.0299 352.1868
20.23333 14.05609 296.963 352.3014
20.23333 13.9827 294.9966 352.3823
20.26667 14.04539 292.9833 352.4388
20.3 14.12977 291.101 352.3975
20.3 14.13227 289.2357 352.4072
20.33333 13.9934 287.282 352.5825
20.33333 13.82889 285.472 352.8383
20.36667 13.84276 283.3603 352.8759
20.4 13.82269 281.2642 352.8995
20.43333 13.63766 279.1124 352.9438
20.43333 13.4 276.9277 353.0137
20.46667 13.40283 274.7815 352.9651
20.5 13.49777 272.7307 352.8523
20.53333 13.52504 270.7303 352.8755
20.56667 13.48954 268.8145 352.9458
20.6 13.54937 267.0182 352.9252
20.6 13.5598 265.1636 352.9786
20.63333 13.48337 263.2184 353.0313
20.66667 13.47648 261.1794 353.0301
20.7 13.45938 259.1433 353.0313
20.73333 13.42806 257.1676 352.9533
20.76667 13.39107 255.1825 352.9394
20.8 13.30364 253.1481 353.1076
20.8 13.34457 251.1739 353.0108
20.83333 13.26255 249.1969 352.9398
20.86667 13.1341 247.0781 353.0406
20.9 13.06835 245.1644 352.9749
20.93333 13.00236 243.2817 353.0342
20.93333 12.95958 241.2466 353.2278
20.96667 12.8144 239.106 353.3492
21 12.58727 237.1096 353.3511
21 12.47092 234.8818 353.6475
21.03333 12.50774 233.4432 354.0018
21.06667 12.56734 233.4745 354.0904
21.1 12.5986 233.7417 353.8743
21.1 12.4197 233.8481 354.1536
21.13333 12.39474 233.8839 354.6536
21.16667 12.43584 234.0549 354.8122
21.16667 12.52054 234.494 354.6297
21.2 12.49269 235.2028 354.3963
21.23333 12.42425 235.8176 354.4186
21.26667 12.42915 236.0971 354.5473
21.3 12.57547 236.3596 354.3027
21.33333 12.7239 236.5957 354.0803
21.36667 12.70926 236.7146 354.0463
21.36667 12.59525 236.6102 354.1324
21.4 12.58249 236.8778 354.1484
21.4 12.61092 236.7124 354.2173
21.43333 12.61684 236.709 354.2621
21.43333 12.64325 236.6708 354.2989
21.46667 12.66981 236.5992 354.3094
21.46667 12.67404 236.5238 354.311
21.46667 12.65373 236.4368 354.3175
21.5 12.64023 236.3481 354.342
21.5 12.62592 236.2546 354.3788
21.53333 12.62225 236.162 354.4418
21.53333 12.62323 236.0963 354.5153
21.53333 12.63786 236.0188 354.5554
21.56667 12.65703 235.9663 354.557
21.56667 12.64819 235.9026 354.5746
21.6 12.65922 235.8521 354.5976
21.6 12.6605 235.8306 354.6
21.6 12.61499 235.83 354.6093
21.63333 12.61009 235.8459 354.6125
21.63333 12.6447 235.8593 354.5686
21.66667 12.70054 235.8747 354.5379
21.66667 12.75811 235.896 354.5132
21.7 12.77886 235.9331 354.4897
21.7 12.76947 235.9642 354.4652
21.7 12.76117 236.0029 354.4554
21.73333 12.75142 236.0413 354.4404
21.73333 12.74263 236.0808 354.4268
21.76667 12.76933 236.1118 354.4228
21.76667 12.78403 236.117 354.4074
21.76667 12.77592 236.1059 354.388
21.8 12.78366 236.0869 354.3719
21.8 12.79166 236.0618 354.3948
21.83333 12.78084 236.0407 354.424
21.83333 12.77742 236.0206 354.4343
21.86667 12.79728 236.0036 354.431
21.86667 12.81077 235.9942 354.4459
21.86667 12.82322 235.994 354.4635
21.9 12.81102 235.9936 354.4929
21.9 12.7845 235.9962 354.5016
21.93333 12.7782 235.985 354.4959
21.93333 12.78063 235.9739 354.4649
21.93333 12.80531 235.9586 354.4272
21.96667 12.83623 235.9581 354.4044
21.96667 12.81999 235.9591 354.372
22 12.79268 235.9661 354.3651
22 12.79023 235.9665 354.3451
22.03333 12.81637 235.9741 354.3163
22.03333 12.86269 235.9939 354.2772
22.03333 12.89912 236.029 354.2466
22.06667 12.91043 236.0769 354.2173
22.06667 12.89281 236.1154 354.2008
22.1 12.88145 236.1553 354.2042
22.1 12.87366 236.18 354.2059
22.13333 12.87265 236.2181 354.219
22.16667 12.8334 236.2464 354.2485
22.16667 12.81069 236.3138 354.2676
22.2 12.83378 236.2993 354.2462
22.2 12.85569 236.3057 354.2625
22.2 12.86749 236.2849 354.2885
22.23333 12.85551 236.2699 354.2843
22.23333 12.84471 236.2534 354.2762
22.26667 12.86358 236.2188 354.2671
22.26667 12.86807 236.177 354.2689
22.26667 12.8774 236.1411 354.283
22.3 12.86245 236.1173 354.2885
22.3 12.85912 236.1077 354.2953
22.33333 12.84635 236.0977 354.2868
22.33333 12.85456 236.1003 354.275
22.36667 12.8501 236.1013 354.2686
22.36667 12.85309 236.1245 354.2611
22.36667 12.84055 236.1324 354.2702
22.4 12.82575 236.1576 354.2845
22.4 12.81351 236.1715 354.2832
22.43333 12.78794 236.1847 354.2961
22.43333 12.78738 236.1971 354.292
22.43333 12.77127 236.2097 354.2856
22.46667 12.73664 236.2067 354.2556
22.46667 12.69117 236.2109 354.2504
22.5 12.642 236.2096 354.2614
22.5 12.59514 236.1898 354.2204
22.53333 12.53635 236.1709 354.1742
22.53333 12.43376 236.1476 354.1091
22.53333 12.30669 236.122 354.0705
22.56667 12.18711 236.1182 354.0354
22.56667 12.0818 236.1248 354.0165
22.6 12.05868 236.1182 354.03
22.6 12.10298 236.1095 353.9841
22.6 12.18324 236.0984 353.9835
22.63333 12.26605 236.1082 353.9974
22.63333 12.34976 236.1097 353.9952
22.66667 12.38373 236.118 354.041
22.66667 12.32931 236.1381 354.0473
22.7 12.24342 236.1685 354.0477
22.7 12.19431 236.1945 354.0148
22.7 12.16656 236.239 353.9613
22.73333 12.17786 236.2916 353.9211
22.73333 12.20065 236.3324 353.8639
22.76667 12.19549 236.3748 353.8444
22.76667 12.18938 236.4152 353.8246
22.8 12.17791 236.4229 353.8133
22.8 12.21327 236.4293 353.8033
22.8 12.23426 236.4255 353.7672
22.83333 12.26327 236.4238 353.7277
22.83333 12.27941 236.4236 353.6945
22.86667 12.29409 236.4167 353.6508
22.86667 12.28901 236.4165 353.6281
22.86667 12.24129 236.4295 353.6213
22.9 12.22536 236.4469 353.6275
22.9 12.22126 236.4617 353.6124
22.93333 12.21166 236.4722 353.6083
22.93333 12.18322 236.4743 353.5942
22.96667 12.15973 236.4626 353.5936
22.96667 12.12976 236.4429 353.6067
22.96667 12.12399 236.4255 353.6042
23 12.12694 236.4351 353.6017
23 12.1301 236.4367 353.5695
23.03333 12.13696 236.4445 353.5424
23.03333 12.1334 236.4507 353.5347
23.03333 12.11318 236.4648 353.5407
23.06667 12.12444 236.4822 353.5259
23.06667 12.12312 236.5119 353.5018
23.1 12.11494 236.5262 353.4897
23.1 12.10185 236.538 353.472
23.13333 12.1003 236.5436 353.4605
23.13333 12.09164 236.5531 353.4569
23.13333 12.10785 236.5707 353.4466
23.16667 12.11589 236.5809 353.4411
23.16667 12.10555 236.5769 353.4455
23.2 12.07133 236.5809 353.4815
23.2 12.03552 236.5729 353.4828
23.2 12.00724 236.5612 353.4849
23.23333 11.97449 236.5332 353.4932
23.23333 11.94227 236.5315 353.5093
23.26667 11.92374 236.5267 353.5429
23.26667 11.88847 236.5384 353.569
23.3 11.8593 236.5647 353.5988
23.3 11.81556 236.5796 353.6201
23.3 11.77827 236.5959 353.6445
23.33333 11.74041 236.6193 353.6681
23.33333 11.70319 236.6573 353.6834
23.36667 11.69961 236.6731 353.6968
23.36667 11.66545 236.6927 353.7023
23.36667 11.64301 236.7126 353.7092
23.4 11.62086 236.715 353.7237
23.4 11.63271 236.7082 353.7025
23.43333 11.62628 236.6954 353.6829
23.43333 11.58045 236.6861 353.6775
23.46667 11.52991 236.6693 353.6785
23.46667 11.49206 236.634 353.6713
23.46667 11.46694 236.6232 353.6393
23.5 11.49422 236.617 353.5967
23.5 11.52977 236.6029 353.5785
23.53333 11.55401 236.5789 353.5493
23.53333 11.56006 236.5484 353.5548
23.56667 11.5126 236.5151 353.5688
23.56667 11.437 236.4982 353.6007
23.56667 11.34038 236.4769 353.6077
23.6 11.27955 236.4745 353.62
23.6 11.2172 236.4753 353.6474
23.63333 11.14762 236.4775 353.6859
23.63333 11.0812 236.478 353.7169
23.63333 11.02241 236.4781 353.7447
23.66667 10.9055 236.4597 353.7577
23.66667 10.77327 236.4169 353.7789
23.7 10.63658 236.3843 353.782
23.7 10.48273 236.3248 353.7839
23.73333 10.37995 236.2625 353.7892
23.73333 10.29697 236.2167 353.7907
23.73333 10.19801 236.1725 353.8005
23.76667 10.13122 236.1327 353.8081
23.76667 10.0773 236.1118 353.8134
23.8 10.04212 236.084 353.8125
23.8 10.01654 236.0681 353.822
23.83333 9.974695 236.0645 353.8003
23.83333 9.928099 236.0633 353.8195
23.83333 9.847223 236.0606 353.8275
23.86667 9.760635 236.0732 353.8294
23.86667 9.674499 236.0614 353.833
23.9 9.591642 236.0602 353.8391
23.9 9.517819 236.051 353.8475
23.93333 9.445736 236.0369 353.8512
23.93333 9.352867 236.0093 353.8676
23.93333 9.278355 235.9963 353.8711
23.96667 9.203558 235.9581 353.8656
23.96667 9.115479 235.9466 353.8737
24 9.061093 235.9179 353.8811
24 9.0167 235.8815 353.9021
24 8.983405 235.8682 353.9303
24.03333 8.974249 235.8556 353.9573
24.03333 8.973806 235.846 353.994
24.06667 8.969388 235.837 353.9963
24.06667 8.92322 235.8384 354.0077
24.06667 8.916463 235.8484 353.9937
24.1 8.893631 235.8524 353.9911
24.1 8.850826 235.87 353.9903
24.13333 8.829055 235.8992 353.9919
24.13333 8.803955 235.9363 353.9846
24.13333 8.800943 235.9589 353.9705
24.16667 8.774341 235.9842 353.9764
24.16667 8.738113 235.9713 353.9806
24.2 8.747414 235.9783 353.9769
24.2 8.750764 235.9809 353.955
24.23333 8.758149 235.9961 353.9215
24.23333 8.80949 236.0176 353.8966
24.23333 8.84244 236.0267 353.8698
24.26667 8.845518 236.0334 353.8719
24.26667 8.818544 236.0369 353.8772
24.3 8.794954 236.0381 353.8724
24.3 8.806498 236.0392 353.8778
24.33333 8.8633 236.0486 353.874
24.33333 8.920603 236.0502 353.8651
24.33333 8.966875 236.0486 353.8764
24.36667 8.99886 236.0472 353.8959
24.36667 9.008541 236.0472 353.8969
24.4 9.014159 236.0429 353.892
24.4 9.010342 236.0513 353.8779
24.4 9.012428 236.0481 353.8819
24.43333 9.043259 236.0487 353.9038
24.43333 9.056627 236.0224 353.9388
24.46667 9.072818 235.9925 353.9659
24.46667 9.120285 235.9804 353.9845
24.5 9.161821 235.9739 353.9727
24.5 9.197963 235.9822 353.9704
24.5 9.196486 235.9878 353.9727
24.53333 9.186552 235.991 353.9766
24.53333 9.175785 236.0007 353.992
24.56667 9.165632 236.0173 354.0011
24.56667 9.176895 236.0246 354.0006
24.56667 9.197356 236.0272 354.0015
24.6 9.230792 236.0244 354.0064
24.6 9.251497 236.0037 354.0248
24.63333 9.295074 235.9987 354.0513
24.63333 9.302381 235.9884 354.0508
24.66667 9.300596 235.982 354.0518
24.66667 9.317992 235.9742 354.0352
24.66667 9.330693 235.9872 354.0272
24.7 9.353365 235.9928 354.0294
24.7 9.372415 235.9967 354.0366
24.73333 9.362881 235.9961 354.0653
24.73333 9.348304 235.9991 354.0984
24.73333 9.354426 235.9993 354.1195
24.76667 9.382313 235.9885 354.1336
24.8 9.387828 235.9748 354.1502
24.8 9.402541 235.9672 354.1607
24.8 9.397747 235.9515 354.1525
24.83333 9.405116 235.9398 354.1649
24.83333 9.403304 235.918 354.1968
24.83333 9.386632 235.9107 354.2192
24.86667 9.349624 235.8859 354.2685
24.86667 9.351414 235.8708 354.288
24.9 9.396903 235.8474 354.2847
24.9 9.436612 235.8278 354.2624
24.9 9.470506 235.8264 354.2414
24.93333 9.498529 235.8303 354.2207
24.93333 9.504043 235.8452 354.2139
24.96667 9.493303 235.8509 354.2213
24.96667 9.478244 235.8365 354.2376
24.96667 9.486411 235.8171 354.2537
25 9.519786 235.8017 354.2545
25 9.538379 235.7938 354.2533
25.03333 9.539322 235.7854 354.2426
25.03333 9.528464 235.7742 354.2384
25.06667 9.514471 235.7794 354.241
25.06667 9.504539 235.7727 354.2552
25.06667 9.515373 235.776 354.2505
25.1 9.523576 235.7893 354.2467
25.1 9.517862 235.8018 354.2587
25.13333 9.532627 235.7971 354.2744
25.13333 9.511002 235.8048 354.292
25.16667 9.483139 235.8088 354.281
25.16667 9.487517 235.8006 354.277
25.16667 9.509178 235.7933 354.2573
25.2 9.509619 235.7827 354.2537
25.2 9.514465 235.7647 354.2535
25.23333 9.505171 235.7419 354.2614
25.23333 9.508554 235.7337 354.2654
25.26667 9.504019 235.7261 354.2537
25.26667 9.49957 235.7258 354.2574
25.3 9.516923 235.731 354.2461
25.3 9.528802 235.7329 354.2488
25.3 9.520715 235.7269 354.2505
25.33333 9.532151 235.7281 354.2552
25.33333 9.536918 235.7387 354.25
25.33333 9.54755 235.7453 354.229
25.36667 9.560314 235.7403 354.2203
25.36667 9.566636 235.7452 354.2023
25.4 9.57769 235.7463 354.1985
25.4 9.596696 235.7669 354.1937
25.43333 9.615142 235.7691 354.1914
25.43333 9.634949 235.7653 354.1829
25.43333 9.636002 235.7794 354.174
25.46667 9.638011 235.7935 354.1695
25.46667 9.647504 235.7972 354.1572
25.5 9.666201 235.8157 354.1613
25.5 9.694999 235.8231 354.1553
25.5 9.706435 235.8309 354.1467
25.53333 9.715425 235.8554 354.1508
25.53333 9.725727 235.8639 354.1684
25.56667 9.746832 235.8852 354.205
25.56667 9.783905 235.8824 354.2562
25.6 9.792797 235.8883 354.2537
25.6 9.800708 235.8983 354.2522
25.6 9.778992 235.8861 354.2293
25.63333 9.769089 235.8889 354.2188
25.63333 9.782503 235.86 354.2273
25.66667 9.809603 235.8425 354.2356
25.66667 9.838288 235.8313 354.2337
25.66667 9.854862 235.8155 354.2343
25.7 9.863369 235.7836 354.2545
25.7 9.85831 235.769 354.2682
25.73333 9.855671 235.7756 354.2904
25.73333 9.860569 235.7849 354.3081
25.76667 9.859751 235.7982 354.3253
25.76667 9.848647 235.8111 354.3286
25.76667 9.827404 235.8047 354.3517
25.8 9.827914 235.795 354.3855
25.8 9.846738 235.7864 354.4061
25.83333 9.863327 235.7857 354.4127
25.83333 9.870113 235.7737 354.4146
25.83333 9.861429 235.7627 354.4236
25.86667 9.863246 235.7474 354.4404
25.86667 9.850388 235.7222 354.4467
25.9 9.854094 235.7112 354.4274
25.9 9.876693 235.7039 354.4041
25.93333 9.922859 235.7078 354.3847
25.93333 9.945989 235.708 354.3644
25.93333 9.959292 235.7287 354.3487
25.96667 9.953747 235.77 354.3461
25.96667 9.947315 235.8086 354.3538
26 9.938737 235.8478 354.3744
26 9.931468 235.8872 354.4042
26.03333 9.912062 235.9181 354.4115
26.03333 9.922029 235.9736 354.4235
26.03333 9.941271 236.019 354.4384
26.06667 9.973238 236.0681 354.4681
26.06667 9.998953 236.1047 354.502
26.1 10.00008 236.1576 354.5311
26.1 9.991111 236.1755 354.5596
26.1 9.947789 236.1946 354.5869
26.13333 9.914214 236.1872 354.6219
26.13333 9.914236 236.1801 354.6501
26.16667 9.913017 236.1855 354.6805
26.16667 9.9117 236.1988 354.6996
26.2 9.900723 236.2065 354.734
26.2 9.927128 236.1997 354.7967
26.2 9.940856 236.2076 354.8139
26.23333 9.93353 236.2039 354.8683
26.23333 9.957043 236.2227 354.9135
26.26667 9.974795 236.2245 354.964
26.26667 9.983987 236.2493 355.0476
26.26667 9.998023 236.2837 355.0772
26.3 10.00193 236.3022 355.1122
26.3 9.966595 236.3197 355.1042
26.33333 9.914149 236.3447 355.1025
26.33333 9.868866 236.3375 355.1017
26.36667 9.832135 236.3524 355.0929
26.36667 9.823294 236.3879 355.0773
26.36667 9.798512 236.412 355.0543
26.4 9.812627 236.4302 355.0449
26.4 9.816928 236.4497 355.0134
26.43333 9.814627 236.4369 354.9845
26.43333 9.843101 236.4394 354.963
26.43333 9.861095 236.4291 354.961
26.46667 9.879545 236.4276 354.9587
26.46667 9.897507 236.4172 354.9588
26.5 9.916991 236.4144 354.9522
26.5 9.927363 238.4218 354.9379
26.53333 9.940765 240.4423 354.9369
26.53333 9.963309 242.4558 354.9301
26.56667 9.983338 244.4526 354.9349
26.6 9.982807 246.4496 354.9515
26.6 9.96753 248.4321 355.0146
26.63333 10.00388 250.4035 355.0587
26.66667 9.966344 252.4078 355.0111
26.66667 9.964442 254.3766 355.005
26.7 9.964953 256.3709 354.9835
26.73333 9.998237 258.3544 354.9444
26.73333 10.01536 260.3359 354.9394
26.76667 9.988347 262.3482 355.0428
26.8 9.974979 264.3155 355.1838
26.8 10.01351 266.3253 355.2863
26.83333 10.11223 268.3501 355.1706
26.86667 10.11254 270.376 355.0872
26.86667 10.01855 272.3506 355.0624
26.9 9.963053 274.2881 355.0926
26.93333 9.908741 276.1752 355.184
26.96667 9.798835 278.0526 355.286
27 9.801132 280.0116 355.2956
27.03333 9.852743 282.0506 355.2802
27.03333 9.814512 284.1526 355.1954
27.06667 9.704032 286.2087 355.1123
27.1 9.610758 288.2083 355.1117
27.13333 9.630443 290.2106 355.1239
27.13333 9.594647 292.3854 355.0579
27.16667 9.618124 294.5135 355.0985
27.2 9.582953 296.5 355.1807
27.23333 9.531857 298.5074 354.9939
27.26667 9.512737 300.4878 354.7382
27.26667 9.408288 302.4027 354.5974
27.3 9.321224 304.3328 354.5338
27.33333 9.187616 306.3869 354.4604
27.36667 9.134488 308.4626 354.4968
27.4 9.152066 310.6103 354.5367
27.43333 9.264516 312.7986 354.5129
27.46667 9.265238 314.924 354.4913
27.46667 9.21459 316.985 354.4337
27.5 9.188556 318.9936 354.3956
27.53333 9.174135 320.9629 354.436
27.56667 9.096625 322.9211 354.5289
27.6 9.081384 324.889 354.5585
27.63333 9.097297 326.8582 354.5092
27.63333 9.100764 328.8397 354.5143
27.7 9.117178 330.8661 354.43
27.7 9.195575 332.9357 354.2968
27.73333 9.238399 334.9944 354.2323
27.76667 9.205889 336.9969 354.2972
27.76667 9.200098 339.0461 354.2979
27.8 9.19247 341.0397 354.334
27.83333 9.190155 343.0454 354.3896
27.83333 9.224762 345.095 354.5037
27.86667 9.291853 347.052 354.43
27.86667 9.395131 349.0513 354.4017
27.9 9.431338 351.0559 354.4049
27.93333 9.378917 352.9999 354.4055
27.93333 9.420484 353.8232 354.3829
27.96667 9.465674 353.7847 354.3579
28 9.404528 353.7743 354.4135
28.03333 9.410944 353.7897 354.4416
28.03333 9.405331 353.8256 354.4488
28.06667 9.39585 353.7943 354.4366
28.1 9.445009 353.7692 354.386
28.13333 9.500314 353.7096 354.3689
28.16667 9.541265 353.6914 354.3699
28.2 9.533348 353.7105 354.3727
28.2 9.546061 353.72 354.3901
28.23333 9.550643 353.7636 354.41
28.26667 9.601761 353.7616 354.4186
28.3 9.585902 353.7377 354.4147
28.33333 9.610739 353.7179 354.4279
28.33333 9.62102 353.6962 354.4319
28.36667 9.642205 353.6838 354.4348
28.4 9.666783 353.6783 354.4261
28.43333 9.690333 353.6496 354.4172
28.46667 9.707446 353.6597 354.3987
28.5 9.723864 353.6886 354.3655
28.5 9.721928 353.6849 354.3781
28.53333 9.666537 353.6698 354.368
28.56667 9.687013 353.6874 354.3193
28.56667 9.751532 353.7413 354.3108
28.6 9.733507 353.7678 354.3061
28.63333 9.713326 353.7615 354.315
28.66667 9.726377 353.703 354.3422
28.66667 9.765456 353.6711 354.3157
28.7 9.778744 353.6536 354.2979
28.73333 9.769714 353.6478 354.304
28.76667 9.750907 353.6762 354.2656
28.8 9.713514 353.667 354.274
28.83333 9.725052 353.6744 354.2565
28.83333 9.763386 353.6943 354.2397
28.86667 9.793925 353.7004 354.2289
28.86667 9.770822 353.7082 354.2443
28.9 9.767156 353.7381 354.2306
28.9 9.763599 353.7489 354.2346
28.93333 9.765763 353.7545 354.2103
28.93333 9.783874 353.7657 354.1945
28.93333 9.786688 353.7542 354.1934
28.96667 9.787354 353.7538 354.1996
28.96667 9.803539 353.7652 354.1954
29 9.816017 353.7607 354.1981
29 9.836979 353.7967 354.2184
29 9.821631 353.7977 354.2224
29.03333 9.835121 353.8028 354.2576
29.03333 9.823903 353.8079 354.3111
29.06667 9.809234 353.8078 354.378
29.06667 9.808603 353.8151 354.4301
29.06667 9.800616 353.8306 354.456
29.1 9.817103 353.8468 354.482
29.1 9.843437 353.8771 354.5047
29.13333 9.851993 353.8988 354.5383
29.13333 9.856508 353.9277 354.5665
29.13333 9.866742 353.9611 354.6202
29.16667 9.897435 354.0224 354.6153
29.16667 9.919629 354.091 354.6024
29.2 9.936422 354.1824 354.5398
29.2 9.938956 354.2782 354.4801
29.23333 9.932853 354.3603 354.4151
29.23333 9.923408 354.4225 354.3693
29.23333 9.897194 354.4809 354.376
29.26667 9.880938 354.5298 354.3734
29.26667 9.906559 354.5829 354.3437
29.3 9.92417 354.6519 354.2717
29.3 9.954027 354.716 354.1754
29.33333 10.02475 354.7884 354.0626
29.33333 10.05233 354.8513 354.0103
29.33333 10.07491 354.9262 353.9133
29.36667 10.08069 354.9684 353.8661
29.36667 10.11685 355.0197 353.8218
29.4 10.1478 355.0692 353.7647
29.4 10.18666 355.1282 353.6884
29.4 10.25233 355.1773 353.5889
29.43333 10.32157 355.1939 353.5333
29.43333 10.36255 355.2187 353.444
29.46667 10.37404 355.2329 353.3958
29.46667 10.43186 355.2272 353.3368
29.46667 10.43576 355.2189 353.3115
29.5 10.39799 355.2227 353.2956
29.5 10.39222 355.2316 353.2693
29.53333 10.35549 355.2409 353.2555
29.53333 10.31385 355.2523 353.2518
29.56667 10.29918 355.265 353.247
29.56667 10.30869 355.3029 353.2319
29.56667 10.31989 355.3269 353.2411
29.6 10.34968 355.376 353.233
29.6 10.3765 355.4328 353.2114
29.63333 10.34704 355.4987 353.2007
29.63333 10.33869 355.5593 353.2047
29.63333 10.37777 355.6034 353.1891
29.66667 10.39724 355.637 353.2022
29.66667 10.44311 355.6416 353.2295
29.7 10.47408 355.6341 353.232
29.7 10.48425 353.6211 353.2548
29.73333 10.49791 351.6095 353.2791
29.73333 10.50844 349.612 353.2979
29.76667 10.51377 347.609 353.3096
29.8 10.51258 345.5733 353.3247
29.8 10.52262 343.525 353.3702
29.83333 10.53432 341.4807 353.4789
29.86667 10.55875 339.3251 353.7559
29.86667 10.5612 337.2664 353.8229
29.9 10.54805 335.2517 353.8133
29.9 10.56567 333.2145 353.8574
29.93333 10.57396 331.2077 353.8743
29.96667 10.56896 329.2357 353.8759
30 10.58032 327.3352 353.8071
30 10.6006 325.3981 353.8264
30.03333 10.56023 323.087 354.2539
30.06667 10.54694 320.8827 354.4545
30.06667 10.43684 318.6769 354.4312
30.1 10.24304 315.9417 354.7886
30.13333 10.16207 312.9738 355.4279
30.16667 10.20276 310.4763 355.5096
30.2 10.12064 308.1378 355.3449
30.23333 9.98369 305.6651 355.7176
30.23333 9.775064 303.1886 355.9645
30.26667 9.473617 300.9731 355.7716
