1.803489 0 270 0
1.849429 0 270 0
2.029874 72.23553 356.0342 72.05816
2.043763 72.23553 356.0342 72.05816
2.057652 72.23553 356.0342 72.05816
2.071541 72.23553 356.0342 72.05816
2.085429 72.23553 356.0342 72.05816
2.099318 72.23553 356.0342 72.05816
2.113207 72.23553 356.0342 72.05816
2.127096 72.23553 356.0342 72.05816
2.140985 72.23553 356.0342 72.05816
2.154874 72.23553 356.0342 72.05816
2.168763 72.23553 356.0342 72.05816
2.182652 72.23553 356.0342 72.05816
2.196541 72.23553 356.0342 72.05816
2.210429 72.23553 356.0342 72.05816
2.224318 72.23553 356.0342 72.05816
2.238207 72.23553 356.0342 72.05816
2.252096 72.23553 356.0342 72.05816
2.265985 72.23553 356.0342 72.05816
2.279874 72.23553 356.0342 72.05816
2.293763 72.23553 356.0342 72.05816
2.307652 72.23553 356.0342 72.05816
2.321541 72.23553 356.0342 72.05816
2.335429 72.23553 356.0342 72.05816
2.349318 72.23553 356.0342 72.05816
2.363207 72.23553 356.0342 72.05816
2.377096 72.23553 356.0342 72.05816
2.390985 72.23553 356.0342 72.05816
2.404874 72.23553 356.0342 72.05816
2.418763 72.23553 356.0342 72.05816
2.432652 72.23553 356.0342 72.05816
2.446541 72.23553 356.0342 72.05816
2.460429 72.23553 356.0342 72.05816
2.474318 72.23553 356.0342 72.05816
2.488207 72.23553 356.0342 72.05816
2.502096 72.23553 356.0342 72.05816
2.515985 72.23553 356.0342 72.05816
2.529874 72.23553 356.0342 72.05816
2.543763 72.23553 356.0342 72.05816
2.557652 72.23553 356.0342 72.05816
2.571541 72.23553 356.0342 72.05816
2.585429 72.23553 356.0342 72.05816
2.599318 72.23553 356.0342 72.05816
2.613207 72.23553 356.0342 72.05816
2.627096 72.23553 356.0342 72.05816
2.640985 72.23553 356.0342 72.05816
2.654874 72.23553 356.0342 72.05816
2.668763 72.23553 356.0342 72.05816
2.682652 72.23553 356.0342 72.05816
2.696541 72.23553 356.0342 72.05816
2.710429 72.23553 356.0342 72.05816
2.724318 72.23553 356.0342 72.05816
2.738207 72.23553 356.0342 72.05816
2.752096 72.23553 356.0342 72.05816
2.765985 72.23553 356.0342 72.05816
2.779874 72.23553 356.0342 72.05816
2.793763 72.23553 356.0342 72.05816
2.807652 72.23553 356.0342 72.05816
2.821541 72.23553 356.0342 72.05816
2.835429 72.23553 356.0342 72.05816
2.849318 72.23553 356.0342 72.05816
2.863207 72.23553 356.0342 72.05816
2.877096 72.23553 356.0342 72.05816
2.890985 72.23553 356.0342 72.05816
2.904874 72.23553 356.0342 72.05816
2.918763 72.23553 356.0342 72.05816
2.932652 72.23553 356.0342 72.05816
2.946541 72.23553 356.0342 72.05816
2.960429 72.23553 356.0342 72.05816
2.974318 72.23553 356.0342 72.05816
2.988207 72.23553 356.0342 72.05816
3.002096 72.23553 356.0342 72.05816
3.015985 72.23553 356.0342 72.05816
3.029874 72.23553 356.0342 72.05816
3.043763 72.23553 356.0342 72.05816
3.057652 72.23553 356.0342 72.05816
3.071541 72.23553 356.0342 72.05816
3.085429 72.23553 356.0342 72.05816
3.099318 72.23553 356.0342 72.05816
3.113207 72.23553 356.0342 72.05816
3.127096 72.23553 356.0342 72.05816
3.140985 72.23553 356.0342 72.05816
3.154874 72.23553 356.0342 72.05816
3.168763 72.23553 356.0342 72.05816
3.182652 72.23553 356.0342 72.05816
3.196541 72.23553 356.0342 72.05816
3.210429 72.23553 356.0342 72.05816
3.224318 72.23553 356.0342 72.05816
3.238207 72.23553 356.0342 72.05816
3.252096 72.23553 356.0342 72.05816
3.265985 72.23553 356.0342 72.05816
3.279874 72.23553 356.0342 72.05816
3.293763 72.23553 356.0342 72.05816
3.307652 72.23553 356.0342 72.05816
3.321541 72.23553 356.0342 72.05816
3.335429 72.23553 356.0342 72.05816
3.349318 72.23553 356.0342 72.05816
3.363207 72.23553 356.0342 72.05816
3.377096 72.23553 356.0342 72.05816
3.390985 72.23553 356.0342 72.05816
3.404874 72.23553 356.0342 72.05816
3.418763 72.23553 356.0342 72.05816
3.432652 72.23553 356.0342 72.05816
3.446541 72.23553 356.0342 72.05816
3.460429 72.23553 356.0342 72.05816
3.474318 72.23553 356.0342 72.05816
3.488207 72.23553 356.0342 72.05816
3.502096 72.23553 356.0342 72.05816
3.515985 72.23553 356.0342 72.05816
3.529874 72.23553 356.0342 72.05816
3.543763 72.23553 356.0342 72.05816
3.557652 72.23553 356.0342 72.05816
3.571541 72.23553 356.0342 72.05816
3.585429 72.23553 356.0342 72.05816
3.599318 72.23553 356.0342 72.05816
3.613207 72.23553 356.0342 72.05816
3.627096 72.23553 356.0342 72.05816
3.640985 72.23553 356.0342 72.05816
3.654874 72.23553 356.0342 72.05816
3.668763 72.23553 356.0342 72.05816
3.682652 72.23553 356.0342 72.05816
3.696541 72.23553 356.0342 72.05816
3.710429 72.23553 356.0342 72.05816
3.724318 72.23553 356.0342 72.05816
3.738207 72.23553 356.0342 72.05816
3.752096 72.23553 356.0342 72.05816
3.765985 72.23553 356.0342 72.05816
3.779874 72.23553 356.0342 72.05816
3.793763 72.23553 356.0342 72.05816
3.807652 72.23553 356.0342 72.05816
3.821541 72.23553 356.0342 72.05816
3.835429 72.23553 356.0342 72.05816
3.849318 72.23553 356.0342 72.05816
3.863207 72.23553 356.0342 72.05816
3.877096 72.23553 356.0342 72.05816
3.890985 72.23553 356.0342 72.05816
3.904874 72.23553 356.0342 72.05816
3.918763 72.23553 356.0342 72.05816
3.932652 72.23553 356.0342 72.05816
3.946541 72.23553 356.0342 72.05816
3.960429 72.23553 356.0342 72.05816
3.974318 72.23553 356.0342 72.05816
3.988207 72.23553 356.0342 72.05816
4.002096 72.23553 356.0342 72.05816
4.015985 72.23553 356.0342 72.05816
4.029874 72.23553 356.0342 72.05816
4.043763 72.23553 356.0342 72.05816
4.057652 72.23553 356.0342 72.05816
4.07154 72.23553 356.0342 72.05816
4.085429 72.23553 356.0342 72.05816
4.099319 72.23553 356.0342 72.05816
4.113207 72.23553 356.0342 72.05816
4.127096 72.23553 356.0342 72.05816
4.140985 72.23553 356.0342 72.05816
4.154874 72.23553 356.0342 72.05816
4.168763 72.23553 356.0342 72.05816
4.182652 72.23553 356.0342 72.05816
4.19654 72.23553 356.0342 72.05816
4.210429 72.23553 356.0342 72.05816
4.224319 72.23553 356.0342 72.05816
4.238207 72.23553 356.0342 72.05816
4.252096 72.23553 356.0342 72.05816
4.265985 72.23553 356.0342 72.05816
4.279874 72.23553 356.0342 72.05816
4.293763 72.23553 356.0342 72.05816
4.307652 72.23553 356.0342 72.05816
4.32154 72.23553 356.0342 72.05816
4.335429 72.23553 356.0342 72.05816
4.349319 72.23553 356.0342 72.05816
4.363207 72.23553 356.0342 72.05816
4.377096 72.23553 356.0342 72.05816
4.390985 72.23553 356.0342 72.05816
4.404874 72.23553 356.0342 72.05816
4.418763 72.23553 356.0342 72.05816
4.432652 72.23553 356.0342 72.05816
4.44654 72.23553 356.0342 72.05816
4.460429 72.23553 356.0342 72.05816
4.474319 72.23553 356.0342 72.05816
4.488207 72.23553 356.0342 72.05816
4.502096 72.23553 356.0342 72.05816
4.515985 72.23553 356.0342 72.05816
4.529874 72.23553 356.0342 72.05816
4.543763 72.23553 356.0342 72.05816
4.557652 72.23553 356.0342 72.05816
4.57154 72.23553 356.0342 72.05816
4.585429 72.23553 356.0342 72.05816
4.599319 72.23553 356.0342 72.05816
4.613207 72.23553 356.0342 72.05816
4.627096 72.23553 356.0342 72.05816
4.640985 72.23553 356.0342 72.05816
4.654874 72.23553 356.0342 72.05816
4.668763 72.23553 356.0342 72.05816
4.682652 72.23553 356.0342 72.05816
4.69654 72.23553 356.0342 72.05816
4.710429 72.23553 356.0342 72.05816
4.724319 72.23553 356.0342 72.05816
4.738207 72.23553 356.0342 72.05816
4.752096 72.23553 356.0342 72.05816
4.765985 72.23553 356.0342 72.05816
4.779874 72.23553 356.0342 72.05816
4.793763 72.23553 356.0342 72.05816
4.807652 72.23553 356.0342 72.05816
4.82154 72.23553 356.0342 72.05816
4.835429 72.23553 356.0342 72.05816
4.849319 72.23553 356.0342 72.05816
4.863207 72.23553 356.0342 72.05816
4.877096 72.23553 356.0342 72.05816
4.890985 72.23553 356.0342 72.05816
4.904874 72.23553 356.0342 72.05816
4.918763 72.23553 356.0342 72.05816
4.932652 72.23553 356.0342 72.05816
4.94654 72.23553 356.0342 72.05816
4.960429 72.23553 356.0342 72.05816
4.974319 72.23553 356.0342 72.05816
4.988207 72.23553 356.0342 72.05816
5.002096 72.23553 356.0342 72.05816
5.015985 72.23553 356.0342 72.05816
5.029874 72.23553 356.0342 72.05816
5.043763 72.23553 356.0342 72.05816
5.057652 72.23553 356.0342 72.05816
5.07154 72.23553 356.0342 72.05816
5.085429 72.23553 356.0342 72.05816
5.099319 72.23553 356.0342 72.05816
5.113207 72.23553 356.0342 72.05816
5.127096 72.23553 356.0342 72.05816
5.140985 72.23553 356.0342 72.05816
5.154874 72.23553 356.0342 72.05816
5.168763 72.23553 356.0342 72.05816
5.182652 72.23553 356.0342 72.05816
5.19654 72.23553 356.0342 72.05816
5.210429 72.23553 356.0342 72.05816
5.224319 72.23553 356.0342 72.05816
5.238207 72.23553 356.0342 72.05816
5.252096 72.23553 356.0342 72.05816
5.265985 72.23553 356.0342 72.05816
5.279874 72.23553 356.0342 72.05816
5.293763 72.23553 356.0342 72.05816
5.307652 72.23553 356.0342 72.05816
5.32154 72.23553 356.0342 72.05816
5.335429 72.23553 356.0342 72.05816
5.349319 72.23553 356.0342 72.05816
5.363207 72.23553 356.0342 72.05816
5.377096 72.23553 356.0342 72.05816
5.390985 72.23553 356.0342 72.05816
5.404874 72.23553 356.0342 72.05816
5.418763 72.23553 356.0342 72.05816
5.432652 72.23553 356.0342 72.05816
5.44654 72.23553 356.0342 72.05816
5.460429 72.23553 356.0342 72.05816
5.474319 72.23553 356.0342 72.05816
5.488207 72.23553 356.0342 72.05816
5.502096 72.23553 356.0342 72.05816
5.515985 72.23553 356.0342 72.05816
5.529874 72.23553 356.0342 72.05816
5.543763 72.23553 356.0342 72.05816
5.557652 72.23553 356.0342 72.05816
5.57154 72.23553 356.0342 72.05816
5.585429 72.23553 356.0342 72.05816
5.599319 72.23553 356.0342 72.05816
5.613207 72.23553 356.0342 72.05816
5.627096 72.23553 356.0342 72.05816
5.640985 72.23553 356.0342 72.05816
5.654874 72.23553 356.0342 72.05816
5.668763 72.23553 356.0342 72.05816
5.682652 72.23553 356.0342 72.05816
5.69654 72.23553 356.0342 72.05816
5.710429 72.23553 356.0342 72.05816
5.724319 72.23553 356.0342 72.05816
5.738207 72.23553 356.0342 72.05816
5.752096 72.23553 356.0342 72.05816
5.765985 72.23553 356.0342 72.05816
5.779874 72.23553 356.0342 72.05816
5.793763 72.23553 356.0342 72.05816
5.807652 72.23553 356.0342 72.05816
5.82154 72.23553 356.0342 72.05816
5.835429 72.23553 356.0342 72.05816
5.849319 72.23553 356.0342 72.05816
5.863207 72.23553 356.0342 72.05816
5.877096 72.23553 356.0342 72.05816
5.890985 72.23553 356.0342 72.05816
5.904874 72.23553 356.0342 72.05816
5.918763 72.23553 356.0342 72.05816
5.932652 72.23553 356.0342 72.05816
5.94654 72.23553 356.0342 72.05816
5.960429 72.23553 356.0342 72.05816
5.974319 72.23553 356.0342 72.05816
5.988207 72.23553 356.0342 72.05816
6.002096 72.23553 356.0342 72.05816
6.015985 72.23553 356.0342 72.05816
6.029874 72.23553 356.0342 72.05816
6.043763 72.23553 356.0342 72.05816
6.057652 72.23553 356.0342 72.05816
6.07154 72.23553 356.0342 72.05816
6.085429 72.23553 356.0342 72.05816
6.099319 72.23553 356.0342 72.05816
6.113207 72.23553 356.0342 72.05816
6.127096 72.23553 356.0342 72.05816
6.140985 72.23553 356.0342 72.05816
6.154874 72.23553 356.0342 72.05816
6.168763 72.23553 356.0342 72.05816
6.182652 72.23553 356.0342 72.05816
6.19654 72.23553 356.0342 72.05816
6.210429 72.23553 356.0342 72.05816
6.224319 72.23553 356.0342 72.05816
6.238207 72.23553 356.0342 72.05816
6.252096 72.23553 356.0342 72.05816
6.265985 72.23553 356.0342 72.05816
6.279874 72.23553 356.0342 72.05816
6.293763 72.23553 356.0342 72.05816
6.307652 72.23553 356.0342 72.05816
6.32154 72.23553 356.0342 72.05816
6.335429 72.23553 356.0342 72.05816
6.349319 72.23553 356.0342 72.05816
6.363207 72.23553 356.0342 72.05816
6.377096 72.23553 356.0342 72.05816
6.390985 72.23553 356.0342 72.05816
6.404874 72.23553 356.0342 72.05816
6.418763 72.23553 356.0342 72.05816
6.432652 72.23553 356.0342 72.05816
6.44654 72.23553 356.0342 72.05816
6.460429 72.23553 356.0342 72.05816
6.474319 72.23553 356.0342 72.05816
6.488207 72.23553 356.0342 72.05816
6.502096 72.23553 356.0342 72.05816
6.515985 72.23553 356.0342 72.05816
6.529874 72.23553 356.0342 72.05816
6.543763 72.23553 356.0342 72.05816
6.557652 72.23553 356.0342 72.05816
6.57154 72.23553 356.0342 72.05816
6.585429 72.23553 356.0342 72.05816
6.599319 72.23553 356.0342 72.05816
6.613207 72.23553 356.0342 72.05816
6.627096 72.23553 356.0342 72.05816
6.640985 72.23553 356.0342 72.05816
6.654874 72.23553 356.0342 72.05816
6.668763 72.23553 356.0342 72.05816
6.682652 72.23553 356.0342 72.05816
6.69654 72.23553 356.0342 72.05816
6.710429 72.23553 356.0342 72.05816
6.724319 72.23553 356.0342 72.05816
6.738207 72.23553 356.0342 72.05816
6.752096 72.23553 356.0342 72.05816
6.765985 72.23553 356.0342 72.05816
6.779874 72.23553 356.0342 72.05816
6.793763 72.23553 356.0342 72.05816
6.807652 72.23553 356.0342 72.05816
6.82154 72.23553 356.0342 72.05816
6.835429 72.23553 356.0342 72.05816
6.849319 72.23553 356.0342 72.05816
6.863207 72.23553 356.0342 72.05816
6.877096 72.23553 356.0342 72.05816
6.890985 72.23553 356.0342 72.05816
6.904874 72.23553 356.0342 72.05816
6.918763 72.23553 356.0342 72.05816
6.932652 72.23553 356.0342 72.05816
6.94654 72.23553 356.0342 72.05816
6.960429 72.23553 356.0342 72.05816
6.974319 72.23553 356.0342 72.05816
6.988207 72.23553 356.0342 72.05816
7.002096 72.23553 356.0342 72.05816
7.015985 72.23553 356.0342 72.05816
7.029874 72.23553 356.0342 72.05816
7.043763 72.23553 356.0342 72.05816
7.057652 72.23553 356.0342 72.05816
7.07154 72.23553 356.0342 72.05816
7.085429 72.23553 356.0342 72.05816
7.099319 72.23553 356.0342 72.05816
7.113207 72.23553 356.0342 72.05816
7.127096 72.23553 356.0342 72.05816
7.140985 72.23553 356.0342 72.05816
7.154874 72.23553 356.0342 72.05816
7.168763 72.23553 356.0342 72.05816
7.182652 72.23553 356.0342 72.05816
7.19654 72.23553 356.0342 72.05816
7.210429 72.23553 356.0342 72.05816
7.224319 72.23553 356.0342 72.05816
7.238207 72.23553 356.0342 72.05816
7.252096 72.23553 356.0342 72.05816
7.265985 72.23553 356.0342 72.05816
7.279874 72.23553 356.0342 72.05816
7.293763 72.23553 356.0342 72.05816
7.307652 72.23553 356.0342 72.05816
7.32154 72.23553 356.0342 72.05816
7.33543 72.23553 356.0342 72.05816
7.349319 72.23553 356.0342 72.05816
7.363207 72.23553 356.0342 72.05816
7.377096 72.23553 356.0342 72.05816
7.390985 72.23553 356.0342 72.05816
7.404874 72.23553 356.0342 72.05816
7.418763 72.23553 356.0342 72.05816
7.432652 72.23553 356.0342 72.05816
7.44654 72.23553 356.0342 72.05816
7.46043 72.23553 356.0342 72.05816
7.474319 72.23553 356.0342 72.05816
7.488207 72.23553 356.0342 72.05816
7.502096 72.23553 356.0342 72.05816
7.515985 72.23553 356.0342 72.05816
7.529874 72.23553 356.0342 72.05816
7.543763 72.23553 356.0342 72.05816
7.557652 72.23553 356.0342 72.05816
7.57154 72.23553 356.0342 72.05816
7.58543 72.23553 356.0342 72.05816
7.599319 72.23553 356.0342 72.05816
7.613207 72.23553 356.0342 72.05816
7.627096 72.23553 356.0342 72.05816
7.640985 72.23553 356.0342 72.05816
7.654874 72.23553 356.0342 72.05816
7.668763 72.23553 356.0342 72.05816
7.682652 72.23553 356.0342 72.05816
7.69654 72.23553 356.0342 72.05816
7.71043 72.23553 356.0342 72.05816
7.724319 72.23553 356.0342 72.05816
7.738207 72.23553 356.0342 72.05816
7.752096 72.23553 356.0342 72.05816
7.765985 72.23553 356.0342 72.05816
7.779874 72.23553 356.0342 72.05816
7.793763 72.23553 356.0342 72.05816
7.807652 72.23553 356.0342 72.05816
7.82154 72.23553 356.0342 72.05816
7.83543 72.23553 356.0342 72.05816
7.849319 72.23553 356.0342 72.05816
7.863207 72.23553 356.0342 72.05816
7.877096 72.23553 356.0342 72.05816
7.890985 72.23553 356.0342 72.05816
7.904874 72.23553 356.0342 72.05816
7.918763 72.23553 356.0342 72.05816
7.932652 72.23553 356.0342 72.05816
7.94654 72.23553 356.0342 72.05816
7.96043 72.23553 356.0342 72.05816
7.974319 72.23553 356.0342 72.05816
7.988207 72.23553 356.0342 72.05816
8.002096 72.23553 356.0342 72.05816
8.015985 72.23553 356.0342 72.05816
8.029874 72.23553 356.0342 72.05816
8.043763 72.23553 356.0342 72.05816
8.057652 72.23553 356.0342 72.05816
8.071541 72.23553 356.0342 72.05816
8.085429 72.23553 356.0342 72.05816
8.099319 72.23553 356.0342 72.05816
8.113207 72.23553 356.0342 72.05816
8.127096 72.23553 356.0342 72.05816
8.140985 72.23553 356.0342 72.05816
8.154874 72.23553 356.0342 72.05816
8.168763 72.23553 356.0342 72.05816
8.182652 72.23553 356.0342 72.05816
8.196541 72.23553 356.0342 72.05816
8.210429 72.23553 356.0342 72.05816
8.224319 72.23553 356.0342 72.05816
8.238207 72.23553 356.0342 72.05816
8.252096 72.23553 356.0342 72.05816
8.265985 72.23553 356.0342 72.05816
8.279874 72.23553 356.0342 72.05816
8.293763 72.23553 356.0342 72.05816
8.307652 72.23553 356.0342 72.05816
8.321541 72.23553 356.0342 72.05816
8.335429 72.23553 356.0342 72.05816
8.349319 72.23553 356.0342 72.05816
8.363207 72.23553 356.0342 72.05816
8.377096 72.23553 356.0342 72.05816
8.390985 72.23553 356.0342 72.05816
8.404874 72.23553 356.0342 72.05816
8.418763 72.23553 356.0342 72.05816
8.432652 72.23553 356.0342 72.05816
8.446541 72.23553 356.0342 72.05816
8.460429 72.23553 356.0342 72.05816
8.474319 72.23553 356.0342 72.05816
8.488207 72.23553 356.0342 72.05816
8.502096 72.23553 356.0342 72.05816
8.515985 72.23553 356.0342 72.05816
8.529874 72.23553 356.0342 72.05816
8.543763 72.23553 356.0342 72.05816
8.557652 72.23553 356.0342 72.05816
8.571541 72.23553 356.0342 72.05816
8.585429 72.23553 356.0342 72.05816
8.599319 72.23553 356.0342 72.05816
8.613207 72.23553 356.0342 72.05816
8.627096 72.23553 356.0342 72.05816
8.640985 72.23553 356.0342 72.05816
8.654874 72.23553 356.0342 72.05816
8.668763 72.23553 356.0342 72.05816
8.682652 72.23553 356.0342 72.05816
8.696541 72.23553 356.0342 72.05816
8.710429 72.23553 356.0342 72.05816
8.724319 72.23553 356.0342 72.05816
8.738207 72.23553 356.0342 72.05816
8.752096 72.23553 356.0342 72.05816
8.765985 72.23553 356.0342 72.05816
8.779874 72.23553 356.0342 72.05816
8.793763 72.23553 356.0342 72.05816
8.807652 72.23553 356.0342 72.05816
8.821541 72.23553 356.0342 72.05816
8.835429 72.23553 356.0342 72.05816
8.849319 72.23553 356.0342 72.05816
8.863207 72.23553 356.0342 72.05816
8.877096 72.23553 356.0342 72.05816
8.890985 72.23553 356.0342 72.05816
8.904874 72.23553 356.0342 72.05816
8.918763 72.23553 356.0342 72.05816
8.932652 72.23553 356.0342 72.05816
8.946541 72.23553 356.0342 72.05816
8.960429 72.23553 356.0342 72.05816
8.974319 72.23553 356.0342 72.05816
8.988207 72.23553 356.0342 72.05816
9.002096 72.23553 356.0342 72.05816
9.015985 72.23553 356.0342 72.05816
9.029874 72.23553 356.0342 72.05816
9.043763 72.23553 356.0342 72.05816
9.057652 72.23553 356.0342 72.05816
9.071541 72.23553 356.0342 72.05816
9.085429 72.23553 356.0342 72.05816
9.099319 72.23553 356.0342 72.05816
9.113207 72.23553 356.0342 72.05816
9.127096 72.23553 356.0342 72.05816
9.140985 72.23553 356.0342 72.05816
9.154874 72.23553 356.0342 72.05816
9.168763 72.23553 356.0342 72.05816
9.182652 72.23553 356.0342 72.05816
9.196541 72.23553 356.0342 72.05816
9.210429 72.23553 356.0342 72.05816
9.224319 72.23553 356.0342 72.05816
9.238207 72.23553 356.0342 72.05816
9.252096 72.23553 356.0342 72.05816
9.265985 72.23553 356.0342 72.05816
9.279874 72.23553 356.0342 72.05816
9.293763 72.23553 356.0342 72.05816
9.307652 72.23553 356.0342 72.05816
9.321541 72.23553 356.0342 72.05816
9.335429 72.23553 356.0342 72.05816
9.349319 72.23553 356.0342 72.05816
9.363207 72.23553 356.0342 72.05816
9.377096 72.23553 356.0342 72.05816
9.390985 72.23553 356.0342 72.05816
9.404874 72.23553 356.0342 72.05816
9.418763 72.23553 356.0342 72.05816
9.432652 72.23553 356.0342 72.05816
9.446541 72.23553 356.0342 72.05816
9.460429 72.23553 356.0342 72.05816
9.474319 72.23553 356.0342 72.05816
9.488207 72.23553 356.0342 72.05816
9.502096 72.23553 356.0342 72.05816
9.515985 72.23553 356.0342 72.05816
9.529874 72.23553 356.0342 72.05816
9.543763 72.23553 356.0342 72.05816
9.557652 72.23553 356.0342 72.05816
9.571541 72.23553 356.0342 72.05816
9.585429 72.23553 356.0342 72.05816
9.599319 72.23553 356.0342 72.05816
9.613207 72.23553 356.0342 72.05816
9.627096 72.23553 356.0342 72.05816
9.640985 72.23553 356.0342 72.05816
9.654874 72.23553 356.0342 72.05816
9.668763 72.23553 356.0342 72.05816
9.682652 72.23553 356.0342 72.05816
9.696541 72.23553 356.0342 72.05816
9.710429 72.23553 356.0342 72.05816
9.724319 72.23553 356.0342 72.05816
9.738207 72.23553 356.0342 72.05816
9.752096 72.23553 356.0342 72.05816
9.765985 72.23553 356.0342 72.05816
9.779874 72.23553 356.0342 72.05816
9.793763 72.23553 356.0342 72.05816
9.807652 72.23553 356.0342 72.05816
9.821541 72.23553 356.0342 72.05816
9.835429 72.23553 356.0342 72.05816
9.849319 72.23553 356.0342 72.05816
9.863207 72.23553 356.0342 72.05816
9.877096 72.23553 356.0342 72.05816
9.890985 72.23553 356.0342 72.05816
9.904874 72.23553 356.0342 72.05816
9.918763 72.23553 356.0342 72.05816
9.932652 72.23553 356.0342 72.05816
9.946541 72.23553 356.0342 72.05816
9.960429 72.23553 356.0342 72.05816
9.974319 72.23553 356.0342 72.05816
9.988207 72.23553 356.0342 72.05816
10.0021 72.23553 356.0342 72.05816
10.01598 72.23553 356.0342 72.05816
10.02987 72.23553 356.0342 72.05816
10.04376 72.23553 356.0342 72.05816
10.05765 72.23553 356.0342 72.05816
10.07154 72.23553 356.0342 72.05816
10.08543 72.23553 356.0342 72.05816
10.09932 72.23553 356.0342 72.05816
10.11321 72.23553 356.0342 72.05816
10.1271 72.23553 356.0342 72.05816
10.14098 72.23553 356.0342 72.05816
15.85313 5.312104 262.6516 357.4713
15.86702 5.016247 262.66 357.4985
15.88091 4.556673 262.6807 357.367
15.89479 3.401558 262.4167 357.3732
15.90868 3.401558 262.4167 357.3732
15.92257 0.7366004 262.1836 357.5753
15.93646 0.7366004 262.1836 357.5753
15.95035 357.8286 262.0648 358.3147
15.96424 357.8286 262.0648 358.3147
15.97813 354.64 261.8007 359.2692
15.99202 354.64 261.8007 359.2692
16.00591 351.5193 261.4676 0.1048951
16.01979 351.5193 261.4676 0.1048951
16.03368 349.6526 261.4623 0.4969569
16.04757 349.6526 261.4623 0.4969569
16.06146 348.8205 261.7507 0.1996927
16.07535 348.8205 261.7507 0.1996927
16.08924 348.4756 261.7062 0.4033698
16.10313 348.4756 261.7062 0.4033698
16.11702 348.6596 261.5986 0.8614198
16.13091 348.6596 261.5986 0.8614198
16.14479 350.3771 261.9827 0.4170392
16.15868 350.3771 261.9827 0.4170392
16.17257 352.8311 262.4224 359.9027
16.18646 352.8311 262.4224 359.9027
16.20035 355.7723 262.6766 359.4022
16.21424 355.7723 262.6766 359.4022
16.22813 358.3067 262.5717 358.5141
16.24202 358.3067 262.5717 358.5141
16.25591 1.283799 262.257 357.9454
16.26979 1.283799 262.257 357.9454
16.28368 4.459992 261.6137 357.8299
16.29757 4.459992 261.6137 357.8299
16.31146 7.149343 260.6362 357.9701
16.32535 7.149343 260.6362 357.9701
16.33924 10.37866 259.4856 357.8269
16.35313 10.37866 259.4856 357.8269
16.36702 13.34932 258.0627 357.0836
16.38091 13.34932 258.0627 357.0836
16.39479 14.44767 256.3033 356.8056
16.40868 14.44767 256.3033 356.8056
16.42257 13.58053 254.1486 356.4666
16.43646 13.58053 254.1486 356.4666
16.45035 12.12511 252.3371 355.9714
16.46424 12.12511 252.3371 355.9714
16.47813 9.547378 250.4452 356.665
16.49202 9.547378 250.4452 356.665
16.50591 6.765982 248.4602 357.7607
16.51979 6.765982 248.4602 357.7607
16.53368 4.516066 246.5402 358.4286
16.54757 4.516066 246.5402 358.4286
16.56146 3.247519 244.5767 358.3116
16.57535 3.247519 244.5767 358.3116
16.58924 2.60277 241.7286 357.7416
16.60313 2.60277 241.7286 357.7416
16.61702 2.129487 238.8002 357.3379
16.63091 2.129487 238.8002 357.3379
16.64479 1.14243 235.1935 358.0411
16.65868 1.14243 235.1935 358.0411
16.67257 0.1563683 231.6917 358.5976
16.68646 0.1563683 231.6917 358.5976
16.70035 0.4579844 229.3007 358.3511
16.71424 0.4579844 229.3007 358.3511
16.72813 1.149168 228.0995 358.0343
16.74202 1.149168 228.0995 358.0343
16.75591 1.481411 227.6988 358.0339
16.76979 1.481411 227.6988 358.0339
16.78368 2.257574 227.6505 358.3391
16.79757 2.257574 227.6505 358.3391
16.81146 3.932398 227.5351 358.9553
16.82535 3.932398 227.5351 358.9553
16.83924 5.410464 226.9176 359.2206
16.85313 5.185264 227.4918 358.7646
16.86702 5.185264 227.4918 358.7646
16.88091 6.151153 227.5018 358.8109
16.89479 6.151153 227.5018 358.8109
16.90868 7.683677 227.26 358.8442
16.92257 7.683677 227.26 358.8442
16.93646 8.603936 227.3676 358.3589
16.95035 8.603936 227.3676 358.3589
16.96424 8.918842 228.3278 357.8647
16.97813 8.918842 228.3278 357.8647
16.99202 9.561313 229.4868 357.8072
17.00591 9.561313 229.4868 357.8072
17.01979 9.398908 230.5918 358.4335
17.03368 9.398908 230.5918 358.4335
17.04757 8.893538 232.1322 359.2565
17.06146 8.893538 232.1322 359.2565
17.07535 9.798219 233.717 359.1719
17.08924 9.798219 233.717 359.1719
17.10313 10.66092 234.0359 358.5895
17.11702 10.66092 234.0359 358.5895
17.13091 11.75042 234.6295 358.3215
17.14479 12.65935 233.9153 357.6854
17.15868 12.65935 233.9153 357.6854
17.17257 15.2393 234.1111 356.9809
17.18646 15.2393 234.1111 356.9809
17.20035 17.39673 234.5282 356.4402
17.21424 17.39673 234.5282 356.4402
17.22813 19.29703 234.2567 355.3173
17.24202 19.29703 234.2567 355.3173
17.25591 20.88103 234.4276 354.8278
17.26979 20.88103 234.4276 354.8278
17.28368 22.45185 234.7883 355.1804
17.29757 22.45185 234.7883 355.1804
17.31146 24.02436 234.5324 355.9055
17.32535 24.02436 234.5324 355.9055
17.33924 25.10064 233.453 356.8548
17.35313 25.10064 233.453 356.8548
17.36702 24.11407 232.6392 358.2657
17.38091 24.11407 232.6392 358.2657
17.39479 26.01374 231.8656 359.2402
17.40868 26.01374 231.8656 359.2402
17.42257 26.01374 231.8656 359.2402
17.43646 28.1174 231.81 0.8515489
17.45035 29.18627 231.7697 2.012243
17.46424 29.18627 231.7697 2.012243
17.47813 30.12172 231.3077 3.132386
17.49202 30.12172 231.3077 3.132386
17.50591 30.35432 231.3041 3.508955
17.51979 30.35432 231.3041 3.508955
17.53368 30.34249 231.3066 3.497693
17.54757 30.34249 231.3066 3.497693
17.56146 29.12835 231.5773 2.341572
17.57535 29.12835 231.5773 2.341572
17.58924 30.31534 231.3124 3.47179
17.60313 29.73755 231.4382 2.921299
17.61702 30.33681 231.3078 3.492264
17.63091 30.93543 231.1839 4.063532
17.64479 30.93543 231.1839 4.063532
17.65868 31.27526 231.1164 4.388317
17.67257 31.27526 231.1164 4.388317
17.68646 31.27526 231.1164 4.388317
17.70035 31.27526 231.1164 4.388317
17.71424 31.27526 231.1164 4.388317
17.72813 31.27526 231.1164 4.388317
17.74202 31.27526 231.1164 4.388317
17.75591 31.27526 231.1164 4.388317
17.76979 31.27526 231.1164 4.388317
17.78368 31.27526 231.1164 4.388317
17.79757 31.27526 231.1164 4.388317
17.81146 31.27526 231.1164 4.388317
17.82535 31.27526 231.1164 4.388317
17.83924 31.27526 231.1164 4.388317
17.85313 31.27526 231.1164 4.388317
17.86702 31.27526 231.1164 4.388317
17.88091 31.27526 231.1164 4.388317
17.89479 31.27526 231.1164 4.388317
17.90868 31.27526 231.1164 4.388317
17.92257 31.27526 231.1164 4.388317
17.93646 31.27526 231.1164 4.388317
17.95035 31.27526 231.1164 4.388317
17.96424 31.27526 231.1164 4.388317
17.97813 31.27526 231.1164 4.388317
17.99202 31.27526 231.1164 4.388317
18.00591 31.27526 231.1164 4.388317
18.01979 31.27526 231.1164 4.388317
18.03368 31.27526 231.1164 4.388317
18.04757 31.27526 231.1164 4.388317
18.06146 31.27526 231.1164 4.388317
18.07535 31.27526 231.1164 4.388317
18.08924 31.27526 231.1164 4.388317
18.10313 31.27526 231.1164 4.388317
18.11702 31.27526 231.1164 4.388317
18.13091 31.27526 231.1164 4.388317
18.14479 31.27526 231.1164 4.388317
18.15868 31.27526 231.1164 4.388317
18.17257 31.27526 231.1164 4.388317
18.18646 31.27526 231.1164 4.388317
18.20035 31.27526 231.1164 4.388317
18.21424 31.27526 231.1164 4.388317
18.22813 31.27526 231.1164 4.388317
18.24202 31.27526 231.1164 4.388317
18.25591 31.27526 231.1164 4.388317
18.26979 31.27526 231.1164 4.388317
18.28368 31.27526 231.1164 4.388317
18.29757 31.27526 231.1164 4.388317
18.31146 31.27526 231.1164 4.388317
18.32535 31.27526 231.1164 4.388317
18.33924 31.27526 231.1164 4.388317
18.35313 31.27526 231.1164 4.388317
18.36702 31.27526 231.1164 4.388317
18.38091 31.27526 231.1164 4.388317
18.39479 31.27526 231.1164 4.388317
18.40868 31.27526 231.1164 4.388317
18.42257 31.27526 231.1164 4.388317
18.43646 31.27526 231.1164 4.388317
18.45035 31.27526 231.1164 4.388317
18.46424 31.27526 231.1164 4.388317
18.47813 31.27526 231.1164 4.388317
18.49202 31.27526 231.1164 4.388317
18.50591 31.27526 231.1164 4.388317
18.51979 31.27526 231.1164 4.388317
18.53368 31.27526 231.1164 4.388317
18.54757 31.27526 231.1164 4.388317
18.56146 31.27526 231.1164 4.388317
18.57535 31.27526 231.1164 4.388317
18.58924 31.27526 231.1164 4.388317
18.60313 31.27526 231.1164 4.388317
18.61702 31.27526 231.1164 4.388317
18.63091 31.27526 231.1164 4.388317
