-0.03333334 0 270 0
0 0 270 0
0.03333334 0 270 0
0.03333334 0 270 0
0.06666667 0 270 0
0.1 0 270 0
0.1333333 0 270 0
0.1666667 0 270 0
0.1666667 0 270 0
0.2 0 270 0
0.2333333 0 270 0
0.2666667 0 270 0
0.2666667 0 270 0
0.3 0 270 0
0.3333333 0 270 0
0.3666667 0 270 0
0.4 0 270 0
0.4333333 0 270 0
0.4333333 0 270 0
0.4666667 0 270 0
0.5 0 270 0
0.5333334 0 270 0
0.5666667 0 270 0
0.6 0 270 0
0.6 0 270 0
0.6333333 0 270 0
0.6333333 0 270 0
0.6666667 0 270 0
0.7 0 270 0
0.7 0 270 0
0.7333333 0 270 0
0.7666667 0 270 0
0.7666667 0 270 0
0.8 0 270 0
0.8333333 0 270 0
0.8666667 0 270 0
0.9 0 270 0
0.9333333 0 270 0
0.9333333 0 270 0
0.9666666 0 270 0
1 0 270 0
1.033333 0 270 0
1.066667 0 270 0
1.1 0 270 0
1.1 0 270 0
1.133333 0 270 0
1.166667 0 270 0
1.2 0 270 0
1.2 0 270 0
1.233333 0 270 0
1.266667 0 270 0
1.266667 0 270 0
1.3 0 270 0
1.333333 0 270 0
1.366667 0 270 0
1.4 0 270 0
1.433333 0 270 0
1.433333 0 270 0
1.466667 0 270 0
1.5 0 270 0
1.533333 0 270 0
1.566667 0 270 0
1.6 0 270 0
1.6 0 270 0
1.633333 0 270 0
1.666667 0 270 0
1.7 0 270 0
1.733333 0 270 0
1.766667 0 270 0
1.766667 0 270 0
1.8 0 270 0
1.833333 0 270 0
1.866667 0 270 0
1.866667 0 270 0
1.9 0 270 0
1.933333 0 270 0
1.966667 0 270 0
2 0 270 0
2 0 270 0
2.033333 0 270 0
2.066667 0 270 0
2.1 0 270 0
2.133333 0 270 0
2.133333 0 270 0
2.166667 0 270 0
2.2 0 270 0
2.2 0 270 0
2.233333 0 270 0
2.266667 0 270 0
2.3 0 270 0
2.3 0 270 0
2.333333 0 270 0
2.366667 0 270 0
2.4 0 270 0
2.433333 0 270 0
2.433333 0 270 0
2.466667 0 270 0
2.466667 0 270 0
2.5 0 270 0
2.533333 0 270 0
2.533333 0 270 0
2.566667 0 270 0
2.6 0 270 0
2.633333 0 270 0
2.633333 0 270 0
2.666667 0 270 0
2.7 0 270 0
2.733333 0 270 0
2.766667 0 270 0
2.8 0 270 0
2.8 0 270 0
2.833333 0 270 0
2.866667 0 270 0
2.866667 0 270 0
2.9 0 270 0
2.933333 0 270 0
2.966667 0 270 0
3 0 270 0
3.033333 0 270 0
3.066667 0 270 0
3.066667 0 270 0
3.1 0 270 0
3.133333 0 270 0
3.133333 0 270 0
3.166667 0 270 0
3.2 0 270 0
3.233333 0 270 0
3.233333 0 270 0
3.266667 0 270 0
3.3 0 270 0
3.333333 0 270 0
3.366667 0 270 0
3.366667 0 270 0
3.4 0 270 0
3.433333 0 270 0
3.466667 0 270 0
3.466667 0 270 0
3.5 0 270 0
3.533333 0 270 0
3.566667 0 270 0
3.566667 0 270 0
3.6 0 270 0
3.633333 0 270 0
3.633333 0 270 0
3.666667 0 270 0
3.7 0 270 0
3.733333 0 270 0
3.766667 0 270 0
3.8 0 270 0
3.8 0 270 0
3.833333 0 270 0
3.866667 0 270 0
3.9 0 270 0
3.933333 0 270 0
3.966667 0 270 0
3.966667 0 270 0
4 0 270 0
4.033333 0 270 0
4.066667 0 270 0
4.066667 0 270 0
4.1 0 270 0
4.133333 0 270 0
4.166667 0 270 0
4.166667 0 270 0
4.2 0 270 0
4.233333 0 270 0
4.266667 0 270 0
4.3 0 270 0
4.333333 0 270 0
4.333333 0 270 0
4.366667 0 270 0
4.4 0 270 0
4.4 0 270 0
4.433333 0 270 0
4.466667 0 270 0
4.5 0 270 0
4.5 0 270 0
4.533333 0 270 0
4.566667 0 270 0
4.6 0 270 0
4.6 0 270 0
4.633333 0 270 0
4.666667 0 270 0
4.7 0 270 0
4.733333 0 270 0
4.733333 0 270 0
4.766667 0 270 0
4.8 0 270 0
4.833333 0 270 0
4.866667 0 270 0
4.9 0 270 0
4.9 0 270 0
4.933333 0 270 0
4.966667 0 270 0
5 0 270 0
5.033333 0 270 0
5.066667 0 270 0
5.066667 0 270 0
5.1 0 270 0
5.133333 0 270 0
5.166667 0 270 0
5.166667 0 270 0
5.2 0 270 0
5.233333 0 270 0
5.266667 0 270 0
5.266667 0 270 0
5.3 0 270 0
5.333333 0 270 0
5.366667 0 270 0
5.4 0 270 0
5.433333 0 270 0
5.433333 0 270 0
5.466667 0 270 0
5.5 0 270 0
5.5 0 270 0
5.533333 0 270 0
5.566667 0 270 0
5.6 0 270 0
5.6 0 270 0
5.633333 0 270 0
5.666667 0 270 0
5.7 0 270 0
5.733333 0 270 0
5.733333 0 270 0
5.766667 0 270 0
5.8 0 270 0
5.833333 0 270 0
5.833333 0 270 0
5.866667 0 270 0
5.9 0 270 0
5.933333 0 270 0
5.966667 0 270 0
6 0 270 0
6 0 270 0
6.033333 0 270 0
6.066667 0 270 0
6.1 0 270 0
6.1 0 270 0
6.133333 0 270 0
6.166667 0 270 0
6.2 0 270 0
6.233333 0 270 0
6.266667 0 270 0
6.266667 0 270 0
6.3 0 270 0
6.333333 0 270 0
6.333333 0 270 0
6.366667 0 270 0
6.4 0 270 0
6.433333 0 270 0
6.433333 0 270 0
6.466667 0 270 0
6.5 0 270 0
6.533333 0 270 0
6.566667 0 270 0
6.6 0 270 0
6.6 0 270 0
6.633333 0 270 0
6.666667 0 270 0
6.7 0 270 0
6.733333 0 270 0
6.766667 0 270 0
6.766667 0 270 0
6.8 0 270 0
6.833333 0 270 0
6.866667 0 270 0
6.866667 0 270 0
6.9 0 270 0
6.933333 0 270 0
6.933333 0 270 0
6.966667 0 270 0
7 0 270 0
7.033333 0 270 0
7.066667 0 270 0
7.066667 0 270 0
7.1 0 270 0
7.133333 0 270 0
7.166667 0 270 0
7.2 0 270 0
7.2 0 270 0
7.233333 0 270 0
7.266667 0 270 0
7.266667 0 270 0
7.3 0 270 0
7.333333 0 270 0
7.366667 0 270 0
7.366667 0 270 0
7.4 0 270 0
7.433333 0 270 0
7.466667 0 270 0
7.466667 0 270 0
7.5 0 270 0
7.533333 0 270 0
7.566667 0 270 0
7.6 0 270 0
7.6 0 270 0
7.633333 0 270 0
7.666667 0 270 0
7.7 0 270 0
7.7 0 270 0
7.733333 0 270 0
7.766667 0 270 0
7.8 0 270 0
7.8 0 270 0
7.833333 0 270 0
7.866667 0 270 0
7.866667 0 270 0
7.9 0 270 0
7.933333 0 270 0
7.966667 0 270 0
8 0 270 0
8 0 270 0
8.033334 0 270 0
8.066667 0 270 0
8.1 0 270 0
8.133333 0 270 0
8.133333 0 270 0
8.166667 0 270 0
8.2 0 270 0
8.2 0 270 0
8.233334 0 270 0
8.266666 0 270 0
8.3 0 270 0
8.3 0 270 0
8.333333 0 270 0
8.333333 0 270 0
8.366667 0 270 0
8.4 0 270 0
8.4 0 270 0
8.433333 0 270 0
8.466666 0 270 0
8.466666 0 270 0
8.5 0 270 0
8.533334 0 270 0
8.533334 0 270 0
8.566667 0 270 0
8.6 0 270 0
8.633333 0 270 0
8.633333 0 270 0
8.666667 0 270 0
8.7 0 270 0
8.733334 0 270 0
8.766666 0 270 0
8.8 0 270 0
8.8 0 270 0
8.833333 0 270 0
8.866667 0 270 0
8.9 0 270 0
8.9 0 270 0
8.933333 0 270 0
8.966666 0 270 0
8.966666 0 270 0
9 0 270 0
9.033334 0 270 0
9.066667 0 270 0
9.1 0 270 0
9.133333 0 270 0
9.133333 0 270 0
9.166667 0 270 0
9.2 0 270 0
9.233334 0 270 0
9.233334 0 270 0
9.266666 0 270 0
9.3 0 270 0
9.333333 0 270 0
9.366667 0 270 0
9.4 0 270 0
9.4 0 270 0
9.433333 0 270 0
9.466666 0 270 0
9.466666 0 270 0
9.5 0 270 0
9.533334 0 270 0
9.566667 0 270 0
9.566667 0 270 0
9.6 0 270 0
9.633333 0 270 0
9.666667 0 270 0
9.666667 0 270 0
9.7 0 270 0
9.733334 0 270 0
9.766666 0 270 0
9.8 0 270 0
9.8 0 270 0
9.833333 0 270 0
9.866667 0 270 0
9.9 0 270 0
9.9 0 270 0
9.933333 0 270 0
9.966666 0 270 0
10 0 270 0
10 0 270 0
10.03333 0 270 0
10.06667 0 270 0
10.1 0 270 0
10.13333 0 270 0
10.16667 0 270 0
10.16667 0 270 0
10.2 0 270 0
10.23333 0 270 0
10.23333 0 270 0
10.26667 0 270 0
10.3 0 270 0
10.33333 0 270 0
10.36667 0 270 0
10.4 0 270 0
10.4 0 270 0
10.43333 0 270 0
10.46667 0 270 0
10.5 0 270 0
10.5 0 270 0
10.53333 0 270 0
10.6 0 270 0
10.63333 0 270 0
10.63333 0 270 0
10.66667 0 270 0
10.7 0 270 0
10.73333 0 270 0
10.76667 0 270 0
10.76667 0 270 0
10.8 0 270 0
10.83333 0 270 0
10.86667 0 270 0
10.9 0 270 0
10.9 0 270 0
10.93333 0 270 0
10.96667 0 270 0
11 0 270 0
11.03333 0 270 0
11.03333 0 270 0
11.06667 0 270 0
11.1 0 270 0
11.13333 0 270 0
11.16667 0 270 0
11.16667 0 270 0
11.2 0 270 0
11.23333 0 270 0
11.26667 0 270 0
11.3 0 270 0
11.33333 0 270 0
11.33333 0 270 0
11.36667 0 270 0
11.4 0 270 0
11.43333 0 270 0
11.43333 0 270 0
11.46667 0 270 0
11.5 0 270 0
11.53333 0 270 0
11.56667 0 270 0
11.6 0 270 0
11.6 0 270 0
11.63333 0 270 0
11.66667 0 270 0
11.7 0 270 0
11.73333 0 270 0
11.76667 0 270 0
11.76667 0 270 0
11.8 0 270 0
11.83333 0 270 0
11.83333 0 270 0
11.86667 0 270 0
11.9 0 270 0
11.93333 0 270 0
11.93333 0 270 0
11.96667 0 270 0
12 0 270 0
12.03333 0 270 0
12.03333 0 270 0
12.06667 0 270 0
12.1 0 270 0
12.13333 0 270 0
12.16667 0 270 0
12.16667 0 270 0
12.2 0 270 0
12.23333 0 270 0
12.26667 0 270 0
12.3 0 270 0
12.3 0 270 0
12.33333 0 270 0
12.36667 0 270 0
12.4 0 270 0
12.43333 0 270 0
12.43333 0 270 0
12.46667 0 270 0
12.5 0 270 0
12.53333 0 270 0
12.56667 0 270 0
12.6 0 270 0
12.6 0 270 0
12.63333 0 270 0
12.66667 0 270 0
12.7 0 270 0
12.7 0 270 0
12.73333 0 270 0
12.76667 0 270 0
12.8 0 270 0
12.83333 0 270 0
12.86667 0 270 0
12.86667 0 270 0
12.9 0 270 0
12.93333 0 270 0
12.96667 0 270 0
13 0 270 0
13.03333 0 270 0
13.03333 0 270 0
13.06667 0 270 0
13.1 0 270 0
13.1 0 270 0
13.13333 0 270 0
13.16667 0 270 0
13.2 0 270 0
13.23333 0 270 0
13.23333 0 270 0
13.26667 0 270 0
13.3 0 270 0
13.33333 0 270 0
13.36667 0 270 0
13.36667 0 270 0
13.4 0 270 0
13.43333 0 270 0
13.46667 0 270 0
13.46667 0 270 0
13.5 0 270 0
13.53333 0 270 0
13.53333 0 270 0
13.56667 0 270 0
13.56667 0 270 0
13.6 0 270 0
13.63333 0 270 0
13.66667 0 270 0
13.7 0 270 0
13.7 0 270 0
13.73333 0 270 0
13.76667 0 270 0
13.8 0 270 0
13.8 0 270 0
13.83333 0 270 0
13.86667 0 270 0
13.9 0 270 0
13.93333 0 270 0
13.93333 0 270 0
13.96667 0 270 0
14.03333 0 270 0
