1.529721 0 270 0
1.784225 0 270 0
1.884224 0 270 0
1.984224 0 270 0
2.084224 0 270 0
2.184224 0 270 0
2.284225 0 270 0
2.384224 0 270 0
2.484225 0 270 0
2.584224 0 270 0
2.684224 0 270 0
2.784225 0 270 0
2.884224 0 270 0
2.984225 0 270 0
3.084224 0 270 0
3.184224 0 270 0
3.284225 0 270 0
3.384224 0 270 0
3.484225 0 270 0
3.584224 0 270 0
3.684225 0 270 0
3.784225 0 270 0
3.884224 0 270 0
3.984225 0 270 0
4.084225 0 270 0
4.184225 0 270 0
4.284225 0 270 0
4.384224 0 270 0
4.484224 0 270 0
4.584225 0 270 0
4.684225 0 270 0
4.784225 0 270 0
4.884224 0 270 0
4.984224 0 270 0
5.084225 0 270 0
5.184225 0 270 0
5.284225 0 270 0
5.384224 0 270 0
5.484224 0 270 0
5.584225 0 270 0
5.684225 0 270 0
5.784225 0 270 0
5.884224 0 270 0
5.984224 0 270 0
6.084225 0 270 0
6.184225 0 270 0
6.284225 0 270 0
6.384224 0 270 0
6.484224 0 270 0
6.584225 0 270 0
6.684225 0 270 0
6.784225 0 270 0
6.884224 0 270 0
6.984224 0 270 0
7.084225 0 270 0
7.184225 0 270 0
7.284225 0 270 0
7.384224 0 270 0
7.484224 0.8249997 270.15 5.336638E-08
7.584225 2.530871 281.0169 0
7.684225 4.546904 293.8596 -2.141173E-07
7.784225 6.562933 306.7024 -2.148513E-07
7.884224 8.423886 318.5573 -2.157713E-07
7.984224 10.595 332.3879 4.342908E-07
8.084225 12.45596 344.2427 1.092943E-06
8.184224 14.47199 357.0854 1.405292E-06
8.284225 16.488 9.928141 1.892073E-06
8.384225 16.67256 11.10382 -4.456207E-07
8.484224 16.67256 11.10382 -4.456207E-07
8.584225 16.67256 11.10382 -4.456207E-07
8.684224 16.67256 11.10382 -4.456207E-07
8.784225 16.67256 11.10382 -4.456207E-07
8.884225 16.67256 11.10382 -4.456207E-07
8.984224 16.67256 11.10382 -4.456207E-07
9.084225 16.67256 11.10382 -4.456207E-07
9.184224 16.67256 11.10382 -4.456207E-07
9.284225 16.67256 11.10382 -4.456207E-07
9.384225 16.67256 11.10382 -4.456207E-07
9.484224 16.67256 11.10382 -4.456207E-07
9.584225 16.67256 11.10382 -4.456207E-07
9.684224 16.67256 11.10382 -4.456207E-07
9.784225 16.67256 11.10382 -4.456207E-07
9.884225 16.67256 11.10382 -4.456207E-07
9.984224 16.67256 11.10382 -4.456207E-07
10.08422 16.67256 11.10382 -4.456207E-07
10.18422 16.67256 11.10382 -4.456207E-07
10.28422 16.67256 11.10382 -4.456207E-07
10.38422 16.51312 9.110188 6.67877E-07
10.48422 15.47675 356.1516 6.478124E-06
10.58422 14.52012 344.1897 6.614574E-06
10.68422 13.56348 332.2279 9.002247E-06
10.78422 12.60683 320.2661 1.224812E-05
10.88422 11.57047 307.3075 1.263651E-05
10.98422 10.61382 295.3457 1.389816E-05
11.08422 9.657164 283.3839 1.385674E-05
11.18422 8.620796 270.4253 1.468E-05
11.28422 7.743865 259.4602 1.421692E-05
11.38422 6.7872 247.4983 1.461658E-05
11.48422 5.906142 236.482 -2.145825E-07
11.58422 5.906142 236.482 -2.145825E-07
11.68423 5.906142 236.482 -2.145825E-07
11.78422 5.906142 236.482 -2.145825E-07
11.88422 5.906142 236.482 -2.145825E-07
11.98422 5.906142 236.482 -2.145825E-07
12.08422 5.906142 236.482 -2.145825E-07
12.18423 5.906142 236.482 -2.145825E-07
12.28422 5.906142 236.482 -2.145825E-07
12.38422 5.906142 236.482 -2.145825E-07
12.48422 5.906142 236.482 -2.145825E-07
12.58422 5.906142 236.482 -2.145825E-07
12.68423 5.906142 236.482 -2.145825E-07
12.78422 5.906142 236.482 -2.145825E-07
12.88422 5.906142 236.482 -2.145825E-07
12.98422 5.906142 236.482 -2.145825E-07
13.08422 5.906142 236.482 -2.145825E-07
13.18423 5.906142 236.482 -2.145825E-07
13.28422 5.906142 236.482 -2.145825E-07
13.38422 5.906142 236.482 -2.145825E-07
13.48422 5.906142 236.482 -2.145825E-07
13.58422 5.906147 236.482 -1.502077E-06
13.68423 5.906149 245.4819 -2.145825E-06
13.78422 5.873199 259.4819 -2.360267E-06
13.88422 5.842834 271.4819 -2.574697E-06
13.98422 5.798758 284.4818 -2.574495E-06
14.08422 5.711003 298.4816 -3.217622E-06
14.18423 5.629515 311.4813 -3.00269E-06
14.28422 5.464653 324.4803 -4.181149E-06
14.38422 5.299783 337.4792 -3.858476E-06
14.48422 4.930085 350.473 -2.463714E-06
14.58422 4.844001 352.7197 3.480888E-07
14.68423 4.844001 352.7197 3.480888E-07
14.78422 4.844001 352.7197 3.480888E-07
14.88422 4.844001 352.7197 3.480888E-07
14.98422 4.844001 352.7197 3.480888E-07
15.08422 4.844001 352.7197 3.480888E-07
15.18423 4.844001 352.7197 3.480888E-07
15.28422 4.844001 352.7197 3.480888E-07
15.38422 4.844001 352.7197 3.480888E-07
15.48422 4.844001 352.7197 3.480888E-07
15.58422 4.844001 352.7197 3.480888E-07
15.68423 4.844001 352.7197 3.480888E-07
15.78422 4.844001 352.7197 3.480888E-07
15.88422 5.552543 354.6917 -5.361241E-08
15.98422 7.720581 7.509573 -6.46188E-07
16.08422 9.888612 20.32748 -2.166623E-06
16.18423 12.05664 33.14539 -1.746062E-06
16.28423 14.22467 45.96329 -8.807788E-07
16.38422 16.39269 58.78119 -1.7799E-06
16.48422 18.39393 70.61311 0
16.58422 18.79417 72.97948 9.018589E-07
16.68423 18.79417 72.97948 9.018589E-07
16.78423 18.79417 72.97948 9.018589E-07
16.88422 18.79417 72.97948 9.018589E-07
16.98422 18.79417 72.97948 9.018589E-07
17.08422 18.79417 72.97948 9.018589E-07
17.18423 18.79417 72.97948 9.018589E-07
17.28423 18.79417 72.97948 9.018589E-07
17.38422 18.79417 72.97948 9.018589E-07
17.48422 18.79417 72.97948 9.018589E-07
17.58422 18.79417 72.97948 9.018589E-07
17.68423 18.79417 72.97948 9.018589E-07
17.78423 18.79417 72.97948 9.018589E-07
17.88422 18.79417 72.97948 9.018589E-07
17.98422 18.79417 72.97948 9.018589E-07
18.08422 18.79417 72.97948 9.018589E-07
18.18423 18.79417 72.97948 9.018589E-07
18.28423 18.79417 72.97948 9.018589E-07
18.38422 18.79418 72.90449 1.803718E-06
18.48422 18.79418 72.90449 1.803718E-06
18.58422 17.75164 64.97272 8.964567E-07
18.68423 16.07228 52.08165 -1.332753E-06
18.78423 14.5164 40.18297 0
18.88422 12.69212 26.30232 -1.312737E-06
18.98422 11.152 14.40156 -1.305308E-06
19.08422 9.493498 1.507829 -2.569836E-06
19.18423 7.998816 349.6013 -2.101519E-06
19.28423 6.551869 337.6889 -2.578159E-06
19.38422 5.167679 325.7691 -1.821674E-06
19.48422 3.878309 313.8388 -1.9254E-06
19.58422 2.706225 301.8962 -2.45734E-06
19.68423 2.815557 300.5432 0
19.78423 2.815557 300.5432 0
19.88422 2.815557 300.5432 0
19.98422 2.815557 300.5432 0
20.08422 2.815557 300.5432 0
20.18423 2.815557 300.5432 0
20.28423 2.815557 300.5432 0
20.38422 2.815557 300.5432 -2.137014E-07
20.48422 3.075799 295.55 -2.137513E-07
20.58422 3.804477 281.569 -4.278296E-07
20.68423 4.481106 268.5866 0
20.78423 5.105687 256.6027 -4.285874E-07
20.88422 5.678223 245.6175 -4.289918E-07
20.98422 6.1768 236.0515 0
21.08422 6.1768 236.0515 0
21.18423 6.1768 236.0515 0
21.28423 6.1768 236.0515 0
21.38422 6.1768 236.0515 0
21.48422 6.1768 236.0515 0
21.58422 5.925715 242.0463 4.291801E-07
21.68423 5.377614 256.0355 2.14387E-07
21.78423 4.875182 269.0258 0
21.88422 4.311175 282.0135 2.14049E-07
21.98422 3.747747 295.0013 1.069504E-07
22.08422 3.205051 307.99 1.068889E-07
22.18423 2.815559 311.8698 -1.068507E-07
22.28423 2.815559 311.8698 -1.068507E-07
22.38422 2.815559 311.8698 -1.068507E-07
22.48422 2.81556 311.8698 -1.068507E-07
22.58422 2.815565 311.8698 -1.068507E-07
22.68423 4.123582 321.7838 2.139974E-07
22.78423 5.824002 334.6721 2.145508E-07
22.88422 7.655223 348.5519 -8.614513E-07
22.98422 9.355646 1.440202 -3.014972E-06
23.08422 11.05607 14.32849 -4.023377E-06
23.18423 12.7565 27.21684 -4.595747E-06
23.28423 14.32612 39.11371 -5.287052E-06
23.38422 16.15733 52.99344 -7.111068E-06
23.48422 17.72695 64.89034 -7.170665E-06
23.58422 18.79417 72.97948 9.018589E-07
23.68423 18.79417 72.97948 9.018589E-07
23.78423 18.79417 72.97948 9.018589E-07
23.88422 18.79417 72.97948 9.018589E-07
23.98422 18.79417 72.97948 9.018589E-07
24.08422 18.79417 72.97948 9.018589E-07
24.18423 18.79417 72.97948 9.018589E-07
24.28423 18.79419 72.97948 0
24.38422 18.30904 69.00902 0
24.48422 16.73507 56.10466 -1.783066E-06
24.58422 15.14555 43.20224 0
24.68423 13.55959 30.29933 1.097817E-06
24.78423 11.98447 17.39514 -6.545979E-07
24.88422 10.42229 4.489354 -1.247888E-06
24.98422 8.870764 351.5823 -3.07839E-06
25.08422 7.452501 339.6664 -3.121296E-06
25.18423 5.872483 326.7629 -4.07682E-06
25.28423 4.377588 314.8564 -3.746188E-06
25.38422 3.062286 304.3803 -1.068743E-07
25.48422 3.062286 304.3803 -1.068743E-07
25.58422 3.062286 304.3803 -1.068743E-07
25.68423 3.062286 304.3803 -1.068743E-07
25.78423 3.062286 304.3803 -1.068743E-07
25.88422 3.062286 304.3803 -1.068743E-07
25.98422 3.062286 304.3803 -1.068743E-07
26.08422 3.062286 304.3803 -1.068743E-07
26.18423 3.062286 304.3803 -1.068743E-07
26.28423 3.062286 304.3803 -1.068743E-07
26.38422 3.062286 304.3803 -1.068743E-07
26.48422 3.062286 304.3803 -1.068743E-07
26.58422 3.062286 304.3803 -1.068743E-07
26.68423 3.062286 304.3803 -1.068743E-07
26.78423 3.062286 304.3803 -1.068743E-07
26.88422 3.062286 304.3803 -1.068743E-07
26.98422 3.062286 304.3803 -1.068743E-07
27.08422 3.062286 304.3803 -1.068743E-07
27.18423 3.062286 304.3803 -1.068743E-07
27.28423 3.062286 304.3803 -1.068743E-07
27.38422 3.062286 304.3803 -1.068743E-07
27.48422 3.062286 304.3803 -1.068743E-07
27.58422 3.062286 304.3803 -1.068743E-07
27.68423 3.062286 304.3803 -1.068743E-07
27.78423 3.062286 304.3803 -1.068743E-07
27.88422 3.062286 304.3803 -1.068743E-07
27.98422 3.062286 304.3803 -1.068743E-07
28.08422 3.062286 304.3803 -1.068743E-07
28.18423 3.062286 304.3803 -1.068743E-07
28.28423 3.062286 304.3803 -1.068743E-07
28.38422 3.062286 304.3803 -1.068743E-07
28.48422 3.062286 304.3803 -1.068743E-07
28.58422 3.062286 304.3803 -1.068743E-07
28.68423 3.062286 304.3803 -1.068743E-07
28.78423 3.062286 304.3803 -1.068743E-07
28.88422 3.062286 304.3803 -1.068743E-07
28.98422 3.062286 304.3803 -1.068743E-07
29.08422 3.062286 304.3803 -1.068743E-07
29.18423 3.062286 304.3803 -1.068743E-07
29.28423 3.812288 302.0553 -1.069584E-07
29.38422 7.48729 274.5303 0
29.48422 8.462297 263.6553 0
29.58422 8.462297 263.6553 0
29.68423 8.462297 263.6553 0
29.78423 8.462297 263.7303 -4.315855E-07
29.88422 9.062303 272.5053 0
29.98422 8.987317 307.0803 8.643858E-07
30.08422 5.762319 327.5553 1.072637E-07
30.18423 0.5873209 338.1303 5.669889E-07
30.28423 351.3623 0.5553333 -4.958771E-07
30.38422 344.7623 11.8803 8.848829E-07
30.48422 344.3123 18.10529 8.868076E-07
30.58422 1.862242 15.4053 1.9487E-06
30.68423 10.71225 12.03031 2.932592E-06
30.78423 10.63726 25.15532 3.474807E-06
30.88423 7.187264 38.80531 3.227007E-06
30.98422 5.237265 42.70531 4.286765E-06
31.08422 3.662271 47.35531 4.170663E-06
31.18423 3.662271 47.35531 4.170663E-06
31.28423 3.662271 47.35531 4.170663E-06
31.38423 3.662271 47.35531 4.170663E-06
31.48422 3.737275 46.38036 3.850169E-06
31.58422 7.187279 38.20538 4.732944E-06
31.68423 15.96228 10.45537 4.440064E-06
31.78423 19.63729 356.8804 5.212355E-06
31.88423 19.11231 353.9554 6.438008E-06
31.98422 18.06231 330.7804 6.735214E-06
32.08422 18.88734 320.8054 6.767696E-06
32.18422 18.88735 320.8054 8.572414E-06
32.28423 18.88735 320.8054 8.572414E-06
32.38422 18.88735 320.8054 8.572414E-06
32.48423 18.88735 320.8054 8.572414E-06
32.58422 18.88735 320.8054 8.572414E-06
32.68422 18.88735 320.8054 8.572414E-06
32.78423 18.13735 320.5054 8.085716E-06
32.88422 17.61236 320.4304 7.613977E-06
32.98423 15.81238 320.4305 1.064822E-05
33.08422 3.587382 315.2554 9.944605E-06
33.18422 359.9124 312.2555 9.89845E-06
33.28423 359.9124 312.2555 9.89845E-06
33.38422 359.9124 312.2555 9.89845E-06
33.48423 359.9124 312.2555 9.89845E-06
33.58422 359.9124 312.2555 9.89845E-06
33.68422 359.9124 312.2555 9.89845E-06
33.78423 359.9124 312.2555 9.89845E-06
33.88422 0.437388 319.1555 9.938749E-06
33.98423 4.112391 1.83048 1.031854E-05
34.08422 0.9623918 24.6305 9.926518E-06
34.18422 0.2873915 25.68051 9.958596E-06
34.28423 0.2873915 25.68051 9.958596E-06
34.38422 0.2873915 25.68051 9.958596E-06
34.48423 0.2873915 25.68051 9.958596E-06
34.58422 0.2873915 25.68051 9.958596E-06
34.68422 0.2873916 25.60551 9.925243E-06
34.78423 0.2873916 25.60551 9.925243E-06
34.88422 0.887392 22.53049 9.872942E-06
34.98423 3.437394 357.7805 9.963053E-06
35.08422 5.912399 322.3055 9.656319E-06
35.18422 6.1374 321.3305 1.030434E-05
35.28423 6.1374 321.3305 1.030434E-05
35.38422 6.1374 321.3305 1.030434E-05
35.48423 5.6124 321.0305 9.972926E-06
35.58422 5.387401 321.0305 1.018355E-05
35.68422 5.387401 321.0305 1.018355E-05
35.78423 5.387401 321.0305 1.018355E-05
35.88422 5.387401 321.0305 1.018355E-05
35.98423 5.387401 321.0305 1.018355E-05
36.08422 5.387401 321.0305 1.018355E-05
36.18422 5.5374 319.3055 1.072221E-05
36.28423 5.537399 319.0055 9.86443E-06
36.38422 5.537399 319.0055 9.86443E-06
36.48423 5.537399 319.0055 9.86443E-06
36.58422 5.537399 319.0055 9.86443E-06
36.68422 5.537399 319.0055 9.86443E-06
36.78423 5.537399 319.0055 9.86443E-06
36.88422 5.537399 319.0055 9.86443E-06
36.98423 5.537399 319.0055 9.86443E-06
37.08422 5.537399 319.0055 9.86443E-06
37.18422 5.537399 319.0055 9.86443E-06
37.28423 5.537399 319.0055 9.86443E-06
37.38422 5.537399 319.0055 9.86443E-06
37.48423 5.537399 319.0055 9.86443E-06
37.58422 5.537399 319.0055 9.86443E-06
37.68422 5.537399 319.0055 9.86443E-06
37.78423 3.9624 315.7055 1.09117E-05
37.88422 0.2124019 301.8305 1.078564E-05
37.98423 358.5623 296.2055 1.083567E-05
38.08422 357.8123 294.6305 1.110715E-05
38.18422 355.4872 292.5305 1.113357E-05
38.28423 354.7372 292.2305 1.071735E-05
38.38422 353.2371 291.3305 1.203658E-05
38.48423 353.2371 291.3305 1.440091E-05
38.58422 353.2371 291.3305 1.483079E-05
38.68422 352.637 291.1055 1.54957E-05
38.78423 352.637 291.1055 1.54957E-05
38.88422 352.637 291.1055 1.54957E-05
38.98423 352.637 291.1055 1.54957E-05
39.08422 352.637 291.1055 1.54957E-05
39.18422 352.637 291.1055 1.54957E-05
39.28423 352.637 291.1055 1.54957E-05
39.38422 352.637 291.1055 1.54957E-05
39.48423 352.637 291.1055 1.54957E-05
39.58422 352.637 291.1055 1.54957E-05
39.68422 352.637 291.1055 1.54957E-05
39.78423 352.637 291.1055 1.54957E-05
39.88422 352.637 291.1055 1.54957E-05
39.98423 352.637 291.1055 1.54957E-05
40.08422 352.637 291.1055 1.54957E-05
40.18422 352.637 291.1055 1.54957E-05
40.28423 352.637 291.1055 1.54957E-05
40.38422 352.637 291.1055 1.54957E-05
40.48423 352.637 291.1055 1.54957E-05
40.58422 352.637 291.1055 1.54957E-05
40.68422 352.637 291.1055 1.54957E-05
40.78423 352.637 291.1055 1.54957E-05
40.88422 352.637 291.1055 1.54957E-05
40.98423 352.637 291.1055 1.54957E-05
41.08422 352.637 291.1055 1.54957E-05
41.18422 352.637 291.1055 1.54957E-05
41.28423 352.637 291.1055 1.54957E-05
41.38422 352.637 291.1055 1.54957E-05
41.48423 352.637 291.1055 1.54957E-05
41.58422 352.637 291.1055 1.54957E-05
41.68422 352.637 291.1055 1.54957E-05
41.78423 352.637 291.1055 1.54957E-05
41.88422 352.637 291.1055 1.54957E-05
41.98423 352.637 291.1055 1.54957E-05
42.08422 352.637 291.1055 1.54957E-05
42.18422 352.637 291.1055 1.54957E-05
42.28423 352.637 291.1055 1.54957E-05
42.38422 352.637 291.1055 1.54957E-05
42.48423 352.637 291.1055 1.54957E-05
42.58422 352.637 291.1055 1.54957E-05
42.68422 352.637 291.1055 1.54957E-05
42.78423 352.637 291.1055 1.54957E-05
42.88422 352.637 291.1055 1.54957E-05
42.98423 352.637 291.1055 1.54957E-05
43.08422 352.637 291.1055 1.54957E-05
43.18422 352.637 291.1055 1.54957E-05
43.28423 352.862 291.1055 1.41973E-05
43.38422 352.862 291.1055 1.41973E-05
43.48423 353.012 291.1055 1.397765E-05
43.58422 353.4621 291.1055 1.439432E-05
43.68423 354.2122 291.1055 1.480306E-05
43.78423 355.1123 291.1055 1.456712E-05
43.88422 356.5373 291.1055 1.400611E-05
43.98423 357.3623 291.1805 1.41022E-05
44.08422 357.3623 291.1805 1.41022E-05
44.18423 357.3623 291.1805 1.41022E-05
44.28423 357.3623 291.1805 1.41022E-05
44.38422 357.3623 291.1805 1.41022E-05
44.48423 357.3623 291.1805 1.41022E-05
44.58422 359.1623 291.3305 1.480922E-05
44.68423 4.937358 294.0305 1.499668E-05
44.78423 9.96236 298.6055 1.430293E-05
44.88422 12.13737 300.6305 1.65926E-05
44.98423 13.26237 301.6055 1.622761E-05
45.08422 14.91238 303.7805 1.325296E-05
45.18423 15.51238 304.9805 1.329075E-05
45.28423 15.88738 305.5806 1.153986E-05
45.38422 15.88739 305.6556 1.331522E-05
45.48423 15.88738 305.6556 1.331523E-05
45.58422 15.88738 305.6556 1.331523E-05
45.68423 15.88739 305.6556 1.331522E-05
45.78423 15.88738 305.6556 1.331523E-05
45.88422 15.88739 305.6556 1.331522E-05
45.98423 15.88739 305.6556 1.331522E-05
46.08422 15.88738 305.6556 1.331523E-05
46.18423 15.88739 305.6556 1.331522E-05
46.28423 15.88739 305.6556 1.331522E-05
46.38422 15.88738 305.6556 1.331523E-05
46.48423 15.88738 305.6556 1.331523E-05
46.58422 15.88739 305.6556 1.331522E-05
46.68423 15.88738 305.6556 1.331523E-05
46.78423 15.88738 305.6556 1.331523E-05
46.88422 15.88739 305.6556 1.331522E-05
46.98423 15.88739 305.6556 1.331522E-05
47.08422 15.88738 305.6556 1.331523E-05
47.18423 15.88739 305.6556 1.331522E-05
47.28423 15.88739 305.6556 1.331522E-05
47.38422 15.88738 305.6556 1.331523E-05
47.48423 15.88739 305.6556 1.331522E-05
47.58422 15.88739 305.6556 1.331522E-05
47.68423 15.88738 305.6556 1.331523E-05
47.78423 15.88738 305.6556 1.331523E-05
47.88422 15.88739 305.6556 1.331522E-05
47.98423 15.88738 305.6556 1.331523E-05
48.08422 15.88738 305.6556 1.331523E-05
48.18423 15.88739 305.6556 1.331522E-05
48.28423 15.88739 305.6556 1.331522E-05
48.38422 15.88739 305.6556 1.331522E-05
48.48423 15.88738 305.6556 1.331523E-05
48.58422 15.88738 305.6556 1.331523E-05
48.68423 15.88739 305.6556 1.331522E-05
48.78423 15.88738 305.6556 1.331523E-05
48.88422 15.88739 305.6556 1.331522E-05
48.98423 15.88738 305.6556 1.331523E-05
49.08422 15.88738 305.6556 1.331523E-05
49.18423 15.88739 305.6556 1.331522E-05
49.28423 15.88738 305.6556 1.331523E-05
49.38422 15.88739 305.6556 1.331522E-05
49.48423 15.88739 305.6556 1.331522E-05
49.58422 15.88738 305.6556 1.331523E-05
49.68423 15.88738 305.6556 1.331523E-05
49.78423 15.88739 305.6556 1.331522E-05
49.88422 15.88739 305.6556 1.331522E-05
49.98423 15.88739 305.6556 1.331522E-05
50.08422 15.88739 305.6556 1.331522E-05
50.18423 15.88739 305.6556 1.331522E-05
50.28423 15.81238 304.6805 1.242293E-05
50.38422 15.7374 288.9306 1.774048E-05
50.48423 16.18742 273.5556 1.778038E-05
50.58422 16.18744 266.6555 1.778038E-05
50.68423 16.18744 266.6555 1.778038E-05
50.78423 14.46245 265.3055 1.587085E-05
50.88422 8.837447 257.5806 1.728063E-05
50.98423 8.087454 254.8805 1.681583E-05
51.08422 8.087454 254.8805 1.681583E-05
51.18423 8.087454 254.8805 1.681583E-05
51.28423 8.087454 254.8805 1.681583E-05
51.38422 8.087454 254.8805 1.681583E-05
51.48423 8.087454 254.8805 1.681583E-05
51.58422 8.087454 254.8805 1.681583E-05
51.68423 8.087454 254.8805 1.681583E-05
51.78423 8.087454 254.8805 1.681583E-05
51.88422 8.087454 254.8805 1.681583E-05
51.98423 8.087454 254.8805 1.681583E-05
52.08422 10.71246 271.1555 1.607496E-05
52.18423 10.86247 326.3555 1.695233E-05
52.28423 7.112473 344.7305 1.817583E-05
52.38422 4.637478 353.0555 1.863057E-05
52.48423 4.63748 353.1305 1.868411E-05
52.58422 4.637481 353.1305 1.905886E-05
52.68423 4.93748 352.8305 1.954926E-05
52.78423 4.93748 352.8305 1.954926E-05
52.88422 4.93748 352.8305 1.954926E-05
52.98423 4.93748 352.8305 1.954926E-05
53.08422 4.93748 352.8305 1.954926E-05
53.18423 4.93748 352.8305 1.954926E-05
53.28423 4.927565 349.2604 2.067369E-05
53.38422 5.908168 335.2949 2.403332E-05
53.48423 6.821864 322.3271 2.558087E-05
53.58422 7.806123 308.3618 2.606822E-05
53.68423 8.929461 293.404 2.50632E-05
53.78423 10.11297 278.4508 2.558381E-05
53.88422 11.10384 265.9314 0
53.98423 11.10384 265.9314 0
54.08422 11.10384 265.9314 0
54.18423 11.10384 265.9314 0
54.28423 11.10384 265.9314 0
54.38422 11.10384 265.9314 0
54.48423 11.10384 265.9314 0
54.58422 11.10384 265.9314 0
54.68423 11.10384 265.9314 0
54.78423 11.10384 265.9314 0
54.88422 11.10384 265.9314 0
54.98423 11.10384 265.9314 0
55.08422 11.10384 265.9314 0
55.18423 11.10384 265.9314 0
55.28423 11.10384 265.9314 0
55.38422 11.10384 265.9314 0
55.48423 11.10384 265.9314 0
55.58422 11.10384 265.9314 0
55.68423 11.10384 265.9314 0
55.78423 11.10384 265.9314 0
55.88422 11.10384 265.9314 0
55.98423 11.10384 265.9314 0
56.08422 11.10384 265.9314 0
56.18423 11.10384 265.9314 0
56.28423 11.10384 265.9314 0
56.38422 11.10384 265.9314 0
56.48423 11.10384 265.9314 0
56.58422 11.10384 265.9314 0
56.68423 11.10384 265.9314 0
56.78423 11.10384 265.9314 0
56.88422 11.10384 265.9314 0
56.98423 11.10384 265.9314 0
57.08422 11.10384 265.9314 0
57.18423 11.10384 265.9314 0
57.28423 11.10384 265.9314 0
57.38422 11.10384 265.9314 0
57.48423 11.10384 265.9314 0
57.58422 11.10384 265.9314 0
57.68423 11.10384 265.9314 0
57.78423 11.10384 265.9314 0
57.88422 11.10384 265.9314 0
57.98423 11.10384 265.9314 0
58.08422 11.10384 265.9314 0
58.18423 11.10384 265.9314 0
58.28423 11.10384 265.9314 0
58.38422 11.10384 265.9314 0
58.48423 11.10384 265.9314 0
58.58422 11.10384 265.9314 0
58.68423 11.10384 265.9314 0
58.78423 11.10384 265.9314 0
58.88422 11.10384 265.9314 0
58.98423 11.10384 265.9314 0
59.08422 11.10384 265.9314 0
59.18423 11.10384 265.9314 0
59.28423 11.10384 265.9314 0
59.38422 11.10384 265.9314 0
59.48423 11.10384 265.9314 0
59.58422 11.10384 265.9314 0
59.68423 11.10384 265.9314 0
59.78423 11.10384 265.9314 0
59.88422 11.10384 265.9314 0
59.98423 11.10384 265.9314 0
60.08422 11.10384 265.9314 0
60.18423 11.10384 265.9314 0
60.28423 11.10384 265.9314 0
60.38422 11.10384 265.9314 0
60.48423 11.10384 265.9314 0
60.58422 11.10384 265.9314 0
60.68423 11.10384 265.9314 0
60.78423 11.10384 265.9314 0
60.88422 11.10384 265.9314 0
60.98423 11.10384 265.9314 0
61.08422 11.10384 265.9314 0
61.18423 11.10384 265.9314 0
61.28423 11.02884 266.6814 -8.698386E-07
61.38422 11.77884 273.8064 4.360692E-07
61.48423 12.37885 276.2814 0
61.58422 12.67887 284.7564 0
61.68423 12.60387 293.6064 4.37428E-07
61.78423 12.15388 302.8314 -4.366746E-07
61.88422 12.15388 303.3564 -1.310024E-06
61.98423 12.15388 303.3564 -1.310024E-06
62.08422 12.15388 303.3564 -1.310024E-06
62.18423 12.15388 303.3564 -1.310024E-06
62.28423 12.75388 302.1564 -8.753714E-07
62.38422 15.90389 294.3564 8.877546E-07
62.48423 18.67892 287.3814 9.012437E-07
62.58422 11.92893 275.8314 8.72618E-07
62.68423 6.153936 266.7563 6.440414E-07
62.78423 358.9539 261.0563 8.005463E-07
62.88422 355.5789 258.7312 8.563215E-07
62.98423 355.5789 258.7312 8.563215E-07
63.08422 350.5539 257.0062 4.327548E-07
63.18423 340.4289 255.3562 9.061237E-07
63.28423 328.9539 259.6312 0
63.38422 321.0038 264.5062 0
63.48423 314.8537 266.0812 2.421025E-06
63.58422 308.7036 264.5062 2.7308E-06
63.68423 307.4286 263.9812 2.809515E-06
63.78423 307.4286 263.9812 2.809515E-06
63.88422 307.4286 263.9812 2.809515E-06
63.98423 307.4286 263.9812 2.809515E-06
64.08423 307.4286 263.9812 2.809515E-06
64.18423 307.4286 263.9812 2.809515E-06
64.28423 307.4286 263.9812 2.809515E-06
64.38422 309.6786 263.9812 8.023174E-06
64.48422 316.5035 264.5062 4.707766E-06
64.58423 333.1534 269.2311 3.827643E-06
64.68423 338.9283 270.2061 1.829911E-06
64.78423 341.3282 270.2812 4.506028E-06
64.88422 341.8533 270.2812 2.695384E-06
64.98422 341.8533 270.2812 2.695384E-06
65.08423 341.8533 270.2812 2.695384E-06
65.18423 338.4782 269.7561 2.753284E-06
65.28423 326.8531 263.7561 2.039417E-06
65.38422 324.4532 262.0311 0
65.48422 323.1781 261.731 8.532382E-06
65.58423 322.8781 261.581 4.283041E-06
65.68423 322.8781 261.581 4.283041E-06
65.78423 322.8781 261.581 4.283041E-06
65.88422 322.8781 261.581 4.283041E-06
65.98422 327.0031 263.156 6.10784E-06
66.08423 332.6281 271.0309 6.729889E-06
66.18423 333.3781 272.681 3.820089E-06
66.28423 333.8281 274.631 3.805227E-06
66.38422 336.678 287.381 6.508169E-06
66.48422 338.2529 296.4559 4.59597E-06
66.58423 338.2529 296.4559 4.59597E-06
66.68423 338.2529 296.4559 4.59597E-06
66.78423 338.478 296.5309 2.753289E-06
66.88422 339.978 296.5309 2.726082E-06
66.98422 341.853 296.5309 8.984628E-07
67.08423 346.2779 296.5309 1.757717E-06
67.18423 351.3027 295.106 8.637053E-07
67.28423 355.8026 289.256 4.280349E-07
67.38422 358.2026 285.731 2.669356E-07
67.48422 358.2026 285.731 2.669356E-07
67.58423 358.2026 285.731 -2.135484E-07
67.68423 358.2026 285.731 -3.737098E-07
67.78423 358.2026 285.731 -3.737098E-07
67.88422 358.2026 285.731 -3.737098E-07
67.98422 359.4026 285.6559 -5.069556E-07
68.08423 3.527602 285.5809 -2.138486E-07
68.18423 4.427604 285.581 -4.281646E-07
68.28423 4.427604 285.581 -4.281646E-07
68.38422 4.427604 285.581 -4.281646E-07
68.48422 4.427604 285.581 -4.281646E-07
68.58423 4.502604 285.6559 -6.423127E-07
68.68423 4.502611 286.406 0
68.78423 4.577611 286.481 0
68.88422 4.577611 286.481 0
68.98422 4.577611 286.481 0
69.08423 4.577611 286.481 0
69.18423 4.577611 286.481 0
69.28423 4.577611 286.481 0
69.38422 4.577611 286.481 0
69.48422 4.577611 286.481 0
69.58423 4.577611 286.481 0
69.68423 4.577611 286.481 0
69.78423 4.727612 286.481 2.141721E-07
69.88422 4.727612 286.481 2.141721E-07
69.98422 5.327618 286.481 2.143695E-07
70.08423 6.977621 286.181 2.150361E-07
70.18423 8.402629 285.656 1.294556E-06
70.28423 8.702629 285.656 4.318589E-07
70.38422 8.702629 285.656 4.318589E-07
70.48422 9.002635 285.656 2.161056E-06
70.58423 9.377641 285.656 1.298007E-06
70.68423 9.67764 285.656 2.165247E-06
70.78423 9.67764 285.656 2.165247E-06
70.88422 9.902645 285.656 8.666861E-07
70.98422 9.902645 285.656 8.666861E-07
71.08423 9.902645 285.656 8.666861E-07
71.18423 9.902645 285.656 8.666861E-07
71.28423 9.902645 285.656 8.666861E-07
71.38422 9.902645 285.656 8.666861E-07
71.48422 9.902645 285.656 8.666861E-07
71.58423 9.902645 285.656 8.666861E-07
71.68423 9.902645 285.656 8.666861E-07
71.78423 9.902645 285.656 8.666861E-07
71.88422 9.902645 285.656 8.666861E-07
71.98422 9.902645 285.656 8.666861E-07
72.08423 9.902645 285.656 8.666861E-07
72.18423 9.902645 285.656 8.666861E-07
72.28423 9.902645 285.656 8.666861E-07
72.38422 9.902645 285.656 8.666861E-07
72.48422 9.902645 285.656 8.666861E-07
72.58423 9.902645 285.656 8.666861E-07
72.68423 9.902645 285.656 8.666861E-07
72.78423 9.902645 285.656 8.666861E-07
72.88422 9.902645 285.656 8.666861E-07
72.98422 9.902645 285.656 8.666861E-07
73.08423 9.902645 285.656 8.666861E-07
73.18423 9.902645 285.656 8.666861E-07
73.28423 9.902645 285.656 8.666861E-07
73.38422 9.902645 285.656 8.666861E-07
73.48422 9.902645 285.656 8.666861E-07
73.58423 9.902645 285.656 8.666861E-07
73.68423 9.902645 285.656 8.666861E-07
73.78423 9.902645 285.656 8.666861E-07
73.88422 9.902645 285.656 8.666861E-07
73.98422 9.902645 285.656 8.666861E-07
74.08423 9.902645 285.656 8.666861E-07
74.18423 9.902645 285.656 8.666861E-07
74.28423 9.902645 285.656 8.666861E-07
74.38422 9.902645 285.656 8.666861E-07
74.48422 9.902645 285.656 8.666861E-07
74.58423 9.902645 285.656 8.666861E-07
74.68423 9.902645 285.656 8.666861E-07
74.78423 9.902645 285.656 8.666861E-07
74.88422 9.902645 285.656 8.666861E-07
74.98422 9.902645 285.656 8.666861E-07
75.08423 9.902645 285.656 8.666861E-07
75.18423 9.902645 285.656 8.666861E-07
75.28423 9.902645 285.656 8.666861E-07
75.38422 9.902645 285.656 8.666861E-07
75.48422 9.902645 285.656 8.666861E-07
75.58423 9.902645 285.656 8.666861E-07
75.68423 9.902645 285.656 8.666861E-07
75.78423 9.902645 285.656 8.666861E-07
75.88422 9.902645 285.656 8.666861E-07
75.98422 9.902645 285.656 8.666861E-07
76.08423 9.902645 285.656 8.666861E-07
76.18423 9.902645 285.656 8.666861E-07
76.28423 9.902645 285.656 8.666861E-07
76.38422 9.902645 285.656 8.666861E-07
76.48422 9.902645 285.656 8.666861E-07
76.58423 9.902645 285.656 8.666861E-07
76.68423 9.902645 285.656 8.666861E-07
76.78423 9.902645 285.656 8.666861E-07
76.88422 9.902645 285.656 8.666861E-07
76.98422 9.902645 285.656 8.666861E-07
77.08423 9.902645 285.656 8.666861E-07
77.18423 9.902645 285.656 8.666861E-07
77.28423 9.902645 285.656 8.666861E-07
77.38422 9.902645 285.656 8.666861E-07
77.48422 9.902645 285.656 8.666861E-07
77.58423 9.902645 285.656 8.666861E-07
77.68423 9.902645 285.656 8.666861E-07
77.78423 9.902645 285.656 8.666861E-07
77.88422 9.902645 285.656 8.666861E-07
77.98422 9.902645 285.656 8.666861E-07
78.08423 9.902645 285.656 8.666861E-07
78.18423 9.902645 285.656 8.666861E-07
78.28423 9.902645 285.656 8.666861E-07
78.38422 9.902645 285.656 8.666861E-07
78.48422 9.902645 285.656 8.666861E-07
78.58423 9.902645 285.656 8.666861E-07
78.68423 9.902645 285.656 8.666861E-07
78.78423 9.902645 285.656 8.666861E-07
78.88422 9.902645 285.656 8.666861E-07
78.98422 9.902645 285.656 8.666861E-07
79.08423 9.902645 285.656 8.666861E-07
79.18423 9.902645 285.656 8.666861E-07
79.28423 9.902645 285.656 8.666861E-07
79.38422 9.902645 285.656 8.666861E-07
79.48422 9.902645 285.656 8.666861E-07
79.58423 9.902645 285.656 8.666861E-07
