1.568453 0 270 0
1.858258 0 270 0
1.958258 0 270 0
2.058258 0 270 0
2.158258 0 270 0
2.258258 0 270 0
2.358258 0 270 0
2.458258 0 270 0
2.558258 0 270 0
2.658258 0 270 0
2.758258 0 270 0
2.858258 0 270 0
2.958258 0 270 0
3.058258 0 270 0
3.158258 0 270 0
3.258258 0 270 0
3.358258 0 270 0
3.458258 0 270 0
3.558258 0 270 0
3.658258 0 270 0
3.758258 0 270 0
3.858258 0 270 0
3.958258 0 270 0
4.058258 0 270 0
4.158258 0 270 0
4.258258 0 270 0
4.358258 0 270 0
4.458258 0 270 0
4.558258 0 270 0
4.658258 0 270 0
4.758258 0 270 0
4.858258 0 270 0
4.958258 0 270 0
5.058258 0 270 0
5.158258 0 270 0
5.258258 0 270 0
5.358258 0 270 0
5.458258 0 270 0
5.558258 0 270 0
5.658258 0 270 0
5.758258 0 270 0
5.858258 0 270 0
5.958258 0 270 0
6.058258 0 270 0
6.158258 0 270 0
6.258258 0 270 0
6.358258 0 270 0
6.458258 0 270 0
6.558258 0 270 0
6.658258 0 270 0
6.758258 0 270 0
6.858258 0 270 0
6.958258 0 270 0
7.058258 0 270 0
7.158258 0 270 0
7.258258 0 270 0
7.358258 0 270 0
7.458258 0 270 0
7.558258 0 270 0
7.658258 0.806646 280.9704 0
7.758258 1.785203 294.9361 2.135471E-07
7.858258 2.554518 306.9114 2.136557E-07
7.958258 3.265052 318.8904 6.413714E-07
8.058258 3.881121 330.8745 7.487692E-07
8.158257 4.419681 342.8624 5.8872E-07
8.258258 4.897568 354.8529 5.355639E-07
8.358258 5.319317 6.845406 -3.215499E-07
8.458258 5.684701 18.83986 -1.072492E-06
8.558258 6.119524 32.8331 -1.180667E-06
8.658257 6.401527 45.83007 -1.503478E-06
8.758258 6.675471 57.82696 -1.719203E-06
8.858258 6.724356 59.87569 -2.149218E-07
8.958258 6.724356 59.87569 -2.149218E-07
9.058258 6.724356 59.87569 -2.149218E-07
9.158257 6.724356 59.87569 -2.149218E-07
9.258258 6.724356 59.87569 -2.149218E-07
9.358258 6.724356 59.87569 -2.149218E-07
9.458258 6.724356 59.87569 -2.149218E-07
9.558258 6.724356 59.87569 -2.149218E-07
9.658257 6.724356 59.87569 -2.149218E-07
9.758258 8.653249 70.70523 0
9.858258 11.13511 84.48352 4.350774E-07
9.958258 13.81687 99.24187 -8.792147E-07
10.05826 16.34217 113.0122 8.897195E-07
10.15826 17.37076 120.1243 0
10.25826 17.37076 120.1243 0
10.35826 17.37076 120.1243 0
10.45826 17.37076 120.1243 0
10.55826 17.37076 120.1243 0
10.65826 17.37076 120.1243 0
10.75826 17.37076 120.1243 0
10.85826 17.37076 120.1243 0
10.95826 17.37076 120.1243 0
11.05826 17.37076 120.1243 0
11.15826 17.37076 120.1243 0
11.25826 17.37076 120.1243 0
11.35826 17.37076 120.1243 0
11.45826 17.37076 120.1243 0
11.55826 17.37076 120.1243 0
11.65826 17.37076 120.1243 0
11.75826 17.37076 120.1243 0
11.85826 17.37076 120.1243 0
11.95826 17.37076 120.1243 0
12.05826 17.37076 120.1243 0
12.15826 17.37076 120.1243 0
12.25826 17.37076 120.1243 0
12.35826 17.37076 120.1243 0
12.45826 17.37076 120.1243 0
12.55826 17.37076 120.1243 0
12.65826 17.37076 120.1243 0
12.75826 17.37076 120.1243 0
12.85826 17.37076 120.1243 0
12.95826 17.37076 120.1243 0
13.05826 17.37076 120.1243 0
13.15826 17.37076 120.1243 0
13.25826 17.37076 120.1243 0
13.35826 17.37076 120.1243 0
13.45826 17.37076 120.1243 0
13.55826 17.37076 120.1243 0
13.65826 17.37076 120.1243 0
13.75826 17.37076 120.1243 0
13.85826 17.37076 120.1243 0
13.95826 17.37076 120.1243 0
14.05826 17.37076 120.1243 0
14.15826 17.37076 120.1243 0
14.25826 17.37076 120.1243 0
14.35826 17.37076 120.1243 0
14.45826 17.37076 120.1243 0
14.55826 17.37076 120.1243 0
14.65826 17.37076 120.1243 0
14.75826 17.37076 120.1243 0
14.85826 17.37076 120.1243 0
14.95826 17.37076 120.1243 0
15.05826 17.37076 120.1243 0
15.15826 17.37076 120.1243 0
15.25826 17.37076 120.1243 0
15.35826 17.37076 120.1243 0
15.45826 17.37076 120.1243 0
15.55826 17.09373 118.1436 0
15.65826 15.29734 105.2684 8.851342E-07
15.75826 13.65984 93.3806 4.393128E-07
15.85826 11.97082 80.49084 1.30913E-06
15.95826 10.38021 67.58851 4.339896E-07
16.05826 8.919393 54.67099 -8.642243E-07
16.15826 7.721907 41.72702 -1.507777E-06
16.25826 7.561431 36.11935 -2.153157E-07
16.35826 7.561431 36.11935 -2.153157E-07
16.45826 7.561431 36.11935 -2.153157E-07
16.55826 7.561431 36.11935 -2.153157E-07
16.65826 7.561431 36.11935 -2.153157E-07
16.75826 7.561431 36.11935 -2.153157E-07
16.85826 7.561431 36.11935 -2.153157E-07
16.95826 7.561431 36.11935 -2.153157E-07
17.05826 7.561431 36.11935 -2.153157E-07
17.15826 7.561431 36.11935 -2.153157E-07
17.25826 7.561431 36.11935 -2.153157E-07
17.35826 7.561431 36.11935 -2.153157E-07
17.45826 7.561431 36.11935 -2.153157E-07
17.55826 7.561431 36.11935 -2.153157E-07
17.65826 7.561431 36.11935 -2.153157E-07
17.75826 7.561431 36.11935 -2.153157E-07
17.85826 7.561431 36.11935 -2.153157E-07
17.95826 7.561431 36.11935 -2.153157E-07
18.05826 7.561431 36.11935 -2.153157E-07
18.15826 7.561431 36.11935 -2.153157E-07
18.25826 7.561431 36.11935 -2.153157E-07
18.35826 7.561431 36.11935 -2.153157E-07
18.45826 7.561431 36.11935 -2.153157E-07
18.55826 7.561431 36.11935 -2.153157E-07
18.65826 7.561431 36.11935 -2.153157E-07
18.75826 7.561431 36.11935 -2.153157E-07
18.85826 7.561431 36.11935 -2.153157E-07
18.95826 7.561431 36.11935 -2.153157E-07
19.05826 7.561431 36.11935 -2.153157E-07
19.15826 7.561431 36.11935 -2.153157E-07
19.25826 7.561431 36.11935 -2.153157E-07
19.35826 7.561431 36.11935 -2.153157E-07
19.45826 7.561431 36.11935 -2.153157E-07
19.55826 7.561431 36.11935 -2.153157E-07
19.65826 7.561431 36.11935 -2.153157E-07
19.75826 7.561431 36.11935 -2.153157E-07
19.85826 7.561431 36.11935 -2.153157E-07
19.95826 7.561431 36.11935 -2.153157E-07
20.05826 7.561431 36.11935 -2.153157E-07
20.15826 7.561431 36.11935 -2.153157E-07
20.25826 7.561431 36.11935 -2.153157E-07
20.35826 7.561431 36.11935 -2.153157E-07
20.45826 7.561431 36.11935 -2.153157E-07
20.55826 7.561431 36.11935 -2.153157E-07
20.65826 7.561431 36.11935 -2.153157E-07
20.75826 7.561431 36.11935 -2.153157E-07
20.85826 7.561431 36.11935 -2.153157E-07
20.95826 7.561431 36.11935 -2.153157E-07
21.05826 7.561431 36.11935 -2.153157E-07
21.15826 7.561431 36.11935 -2.153157E-07
21.25826 7.561431 36.11935 -2.153157E-07
21.35826 7.561431 36.11935 -2.153157E-07
21.45826 7.561431 36.11935 -2.153157E-07
21.55826 7.561431 36.11935 -2.153157E-07
21.65826 7.561431 36.11935 -2.153157E-07
21.75826 7.561431 36.11935 -2.153157E-07
21.85826 7.561431 36.11935 -2.153157E-07
21.95826 7.561431 36.11935 -2.153157E-07
22.05826 7.561431 36.11935 -2.153157E-07
22.15826 7.561431 36.11935 -2.153157E-07
22.25826 7.561431 36.11935 -2.153157E-07
22.35826 7.561431 36.11935 -2.153157E-07
22.45826 7.561431 36.11935 -2.153157E-07
22.55826 7.561431 36.11935 -2.153157E-07
22.65826 7.561431 36.11935 -2.153157E-07
22.75826 7.561431 36.11935 -2.153157E-07
22.85826 7.561431 36.11935 -2.153157E-07
22.95826 7.561431 36.11935 -2.153157E-07
23.05826 7.561431 36.11935 -2.153157E-07
23.15826 7.561431 36.11935 -2.153157E-07
23.25826 7.561431 36.11935 -2.153157E-07
23.35826 7.56143 36.11935 -1.076579E-06
23.45826 7.478653 39.1182 -8.610985E-07
23.55826 7.119274 52.11323 -1.935916E-06
23.65826 6.730556 66.1079 -1.719397E-06
23.75826 6.368304 79.10292 -1.718149E-06
23.85826 6.015371 92.09806 -1.931626E-06
23.95826 5.749938 105.0953 -2.145227E-06
24.05826 5.666062 119.095 -2.788388E-06
24.15826 5.77709 132.0944 -2.14533E-06
24.25826 6.044362 145.0915 -1.609775E-06
24.35826 6.488716 159.0844 -2.363014E-06
24.45826 6.881916 171.0778 -1.719939E-06
24.55826 7.071476 184.0758 -1.613096E-06
24.65826 6.8547 197.0735 -1.289881E-06
24.75826 6.8547 197.0735 -1.289881E-06
24.85826 6.8547 197.0735 -1.289881E-06
24.95826 6.8547 197.0735 -1.289881E-06
25.05826 6.8547 197.0735 -1.289881E-06
25.15826 6.8547 197.0735 -1.289881E-06
25.25826 6.8547 197.0735 -1.289881E-06
25.35826 6.8547 197.0735 -1.289881E-06
25.45826 6.8547 197.0735 -1.289881E-06
25.55826 6.8547 197.0735 -1.289881E-06
25.65826 6.8547 197.0735 -1.289881E-06
25.75826 6.8547 197.0735 -1.289881E-06
25.85826 6.8547 197.0735 -1.289881E-06
25.95826 6.8547 197.0735 -1.289881E-06
26.05826 6.8547 197.0735 -1.289881E-06
26.15826 6.929705 204.4236 -9.675636E-07
26.25826 6.929711 250.0235 -1.720113E-06
26.35826 7.529713 268.9984 -1.722399E-06
26.45826 7.904709 267.6484 -1.292946E-06
26.55826 7.90471 267.5734 -1.292946E-06
26.65826 7.90471 267.5734 -1.292946E-06
26.75826 7.90471 267.5734 -1.292946E-06
26.85826 7.90471 267.5734 -1.292946E-06
26.95826 7.90471 267.5734 -1.292946E-06
27.05826 7.90471 267.5734 -1.292946E-06
27.15826 7.67971 265.0984 -2.153752E-06
27.25826 7.67971 265.0984 -2.153752E-06
27.35826 7.67971 265.0984 -2.153752E-06
27.45826 7.67971 265.0984 -2.584502E-06
27.55826 7.001534 274.0728 -1.935423E-06
27.65826 5.946589 288.033 -1.931384E-06
27.75826 4.89164 301.9932 -1.928013E-06
27.85826 3.9874 313.9591 -1.069806E-06
27.95826 3.233861 323.9307 -9.620273E-07
28.05826 2.329617 335.8966 -7.476699E-07
28.15826 1.350018 348.8596 -9.741059E-07
28.25826 0.3704184 1.822596 -8.833907E-07
28.35826 0 6.724358 0
28.45826 0 6.724358 0
28.55826 0 6.724358 0
28.65826 0 6.724358 0
28.75826 0 6.724358 0
28.85826 0 6.724358 0
28.95826 0 6.724358 0
29.05826 0 6.724358 0
29.15826 0 6.724358 0
29.25826 0 6.724358 0
29.35826 0 6.724358 0
29.45826 0 6.724358 0
29.55826 0 6.724358 0
29.65826 0 6.724358 0
29.75826 0 6.724358 0
29.85826 0 6.724358 0
29.95826 0 6.724358 0
30.05826 0 6.724358 0
30.15826 0 6.724358 0
30.25826 0.3098483 354.7284 -2.167816E-08
30.35826 0.6971582 339.7334 -8.004719E-08
30.45826 1.036327 326.7379 0
30.55826 1.376545 313.7423 -1.601287E-07
30.65826 1.610302 304.8134 -5.338194E-08
30.75826 1.610302 304.8134 -5.338194E-08
30.85826 1.610302 304.8134 -5.338194E-08
30.95826 1.610302 304.8134 -5.338194E-08
31.05826 1.610302 304.8134 -5.338194E-08
31.15826 1.610302 304.8134 -5.338194E-08
31.25826 1.610302 304.8134 -5.338194E-08
31.35826 1.610302 304.8134 -5.338194E-08
31.45826 1.610302 304.8134 -5.338194E-08
31.55826 1.610302 304.8134 -5.338194E-08
31.65826 1.610302 304.8134 -5.338194E-08
31.75826 1.610302 304.8134 -5.338194E-08
31.85826 1.610302 304.8134 -5.338194E-08
31.95826 1.610302 304.8134 -5.338194E-08
32.05826 1.610302 304.8134 -5.338194E-08
32.15826 1.610302 304.8134 -5.338194E-08
32.25826 1.610302 304.8134 -5.338194E-08
32.35826 1.610302 304.8134 -5.338194E-08
32.45826 1.610302 304.8134 -5.338194E-08
32.55826 1.610302 304.8134 -5.338194E-08
32.65826 1.610302 304.8134 -5.338194E-08
32.75826 1.610302 304.8134 -5.338194E-08
32.85826 1.610302 304.8134 -5.338194E-08
32.95826 1.610302 304.8134 -5.338194E-08
33.05826 1.610302 304.8134 -5.338194E-08
33.15826 1.610302 304.8134 -5.338194E-08
33.25826 1.610302 304.8134 -5.338194E-08
33.35826 1.610302 304.8134 -5.338194E-08
33.45826 1.610302 304.8134 -5.338194E-08
33.55826 1.610302 304.8134 -5.338194E-08
33.65826 1.610302 304.8134 -5.338194E-08
33.75826 1.610302 304.8134 -5.338194E-08
33.85826 1.610302 304.8134 -5.338194E-08
33.95826 1.610302 304.8134 -5.338194E-08
34.05826 1.610302 304.8134 -5.338194E-08
34.15826 1.610302 304.8134 -5.338194E-08
34.25826 1.610302 304.8134 -5.338194E-08
34.35826 1.610302 304.8134 -5.338194E-08
34.45826 1.610302 304.8134 -5.338194E-08
34.55826 1.610302 304.8134 -5.338194E-08
34.65826 1.610302 304.8134 -5.338194E-08
34.75826 1.610302 304.8134 -5.338194E-08
34.85826 1.610302 304.8134 -5.338194E-08
34.95826 1.610302 304.8134 -5.338194E-08
35.05826 1.610302 304.8134 -5.338194E-08
35.15826 1.610302 304.8134 -5.338194E-08
35.25826 1.610302 304.8134 -5.338194E-08
35.35826 1.610302 304.8134 -5.338194E-08
35.45826 1.610302 304.8134 -5.338194E-08
35.55826 1.610302 304.8134 -5.338194E-08
35.65826 1.610302 304.8134 -5.338194E-08
35.75826 1.610302 304.8134 -5.338194E-08
35.85826 1.610302 304.8134 -5.338194E-08
35.95826 1.610302 304.8134 -5.338194E-08
36.05826 1.610302 304.8134 -5.338194E-08
36.15826 1.610302 304.8134 -5.338194E-08
36.25826 1.610302 304.8134 -5.338194E-08
36.35826 1.610302 304.8134 -5.338194E-08
36.45826 1.610302 304.8134 -5.338194E-08
36.55826 1.610302 304.8134 -5.338194E-08
36.65826 1.610302 304.8134 -5.338194E-08
36.75826 1.610302 304.8134 -5.338194E-08
36.85826 1.610302 304.8134 -5.338194E-08
36.95826 1.610302 304.8134 -5.338194E-08
37.05826 1.610302 304.8134 -5.338194E-08
37.15826 1.610302 304.8134 -5.338194E-08
37.25826 1.610302 304.8134 -5.338194E-08
37.35826 1.610302 304.8134 -5.338194E-08
37.45826 1.610302 304.8134 -5.338194E-08
37.55826 1.610302 304.8134 -5.338194E-08
37.65826 1.610302 304.8134 -5.338194E-08
37.75826 1.610302 304.8134 -5.338194E-08
37.85826 1.610302 304.8134 -5.338194E-08
37.95826 1.610302 304.8134 -5.338194E-08
38.05826 1.610302 304.8134 -5.338194E-08
38.15826 1.610302 304.8134 -5.338194E-08
38.25826 1.610302 304.8134 -5.338194E-08
38.35826 2.425865 317.7878 1.068174E-07
38.45826 3.380572 330.7526 1.069077E-07
38.55826 4.352814 343.7162 5.351521E-07
38.65826 5.352015 357.6805 2.264368E-06
38.75826 6.261521 11.65089 2.898779E-06
38.85826 7.061174 24.62626 3.656269E-06
38.95826 7.848822 38.60406 4.955624E-06
39.05826 8.6165 52.58297 4.74936E-06
39.15826 9.393762 66.56132 6.057649E-06
39.25826 10.19671 80.53825 4.77111E-06
39.35826 10.92181 93.51788 6.086665E-06
39.45826 11.85087 105.4809 3.925655E-06
39.55826 13.97046 111.7474 1.319697E-06
39.65826 13.97046 111.7474 1.319697E-06
39.75826 13.97046 111.7474 1.319697E-06
39.85826 13.97046 111.7474 1.319697E-06
39.95826 13.97046 111.7474 1.319697E-06
40.05826 13.97046 111.7474 1.319697E-06
40.15826 13.97046 111.7474 1.319697E-06
40.25826 13.97048 111.7474 -4.398989E-07
40.35826 13.97048 111.7474 -4.398989E-07
40.45826 13.97048 111.7474 -4.398989E-07
40.55826 13.97048 111.7474 -4.398989E-07
40.65826 13.97048 111.7474 -4.398989E-07
40.75826 13.97048 111.7474 -4.398989E-07
40.85826 13.97048 111.7474 -4.398989E-07
40.95826 13.97048 111.7474 -4.398989E-07
41.05826 13.97048 111.7474 -4.398989E-07
41.15826 13.97048 111.7474 -4.398989E-07
41.25826 14.18189 119.7446 4.403061E-07
41.35826 14.52714 132.74 4.409856E-07
41.45826 14.90106 146.7351 0
41.55826 15.38598 160.7266 0
41.65826 15.97079 173.7134 -1.776101E-06
41.75826 16.65367 187.6966 -2.005095E-06
41.85826 17.15129 201.6871 -3.797411E-06
41.95826 17.24127 215.6857 -4.469714E-06
42.05826 16.77574 229.677 -5.796205E-06
42.15826 15.61027 242.6229 -8.864718E-06
42.25826 14.96672 245.556 8.837541E-07
42.35826 14.96672 245.556 8.837541E-07
42.45826 14.96672 245.556 8.837541E-07
42.55826 14.96672 245.556 8.837541E-07
42.65826 14.96672 245.556 8.837541E-07
42.75826 14.96672 245.556 8.837541E-07
42.85826 14.96672 245.556 8.837541E-07
42.95826 14.96672 245.556 8.837541E-07
43.05826 14.96672 245.556 8.837541E-07
43.15826 14.96672 245.556 8.837541E-07
43.25826 14.96672 245.556 8.837541E-07
43.35826 14.96672 245.556 8.837541E-07
43.45826 14.96672 245.556 8.837541E-07
43.55826 14.96672 245.556 8.837541E-07
43.65826 14.96672 245.556 8.837541E-07
43.75826 14.96672 245.556 8.837541E-07
43.85826 14.96672 245.556 8.837541E-07
43.95826 14.96672 245.556 8.837541E-07
44.05826 14.96672 245.556 8.837541E-07
44.15826 14.96672 245.556 8.837541E-07
44.25826 14.96672 245.556 8.837541E-07
44.35826 14.96672 245.556 8.837541E-07
44.45826 14.96672 245.556 8.837541E-07
44.55826 14.96672 245.556 8.837541E-07
44.65826 14.96672 245.556 8.837541E-07
44.75826 14.96672 245.556 8.837541E-07
44.85826 14.96672 245.556 8.837541E-07
44.95826 14.96672 245.556 8.837541E-07
45.05826 14.96672 245.556 8.837541E-07
45.15826 14.96672 245.556 8.837541E-07
45.25826 14.96672 245.556 8.837541E-07
45.35826 14.96672 245.556 8.837541E-07
45.45826 14.96672 245.556 8.837541E-07
45.55826 14.96672 245.556 8.837541E-07
45.65826 14.96672 245.556 8.837541E-07
45.75826 14.96672 245.556 8.837541E-07
45.85826 14.96672 245.556 8.837541E-07
45.95826 14.96672 245.556 8.837541E-07
46.05826 14.96672 245.556 8.837541E-07
46.15826 14.96672 245.556 8.837541E-07
46.25826 14.96672 245.556 8.837541E-07
46.35826 14.96672 245.556 8.837541E-07
46.45826 14.96672 245.556 8.837541E-07
46.55826 14.96672 245.556 8.837541E-07
46.65826 14.96672 245.556 8.837541E-07
46.75826 14.96672 245.556 8.837541E-07
46.85826 14.96672 245.556 8.837541E-07
46.95826 14.96672 245.556 8.837541E-07
47.05826 14.96672 245.556 8.837541E-07
47.15826 14.96672 245.556 8.837541E-07
47.25826 14.96672 245.556 8.837541E-07
47.35826 14.96672 245.556 8.837541E-07
47.45826 14.96672 245.556 8.837541E-07
47.55826 14.96672 245.556 8.837541E-07
47.65826 14.96672 245.556 8.837541E-07
47.75826 14.96672 245.556 8.837541E-07
47.85826 14.96672 245.556 8.837541E-07
47.95826 14.96672 245.556 8.837541E-07
48.05826 14.96672 245.556 8.837541E-07
48.15826 14.96672 245.556 8.837541E-07
48.25826 14.96672 245.556 8.837541E-07
48.35826 14.96672 245.556 8.837541E-07
48.45826 14.96672 245.556 8.837541E-07
48.55826 14.96672 245.556 8.837541E-07
48.65826 14.96672 245.556 8.837541E-07
48.75826 14.96672 245.556 8.837541E-07
48.85826 14.96672 245.556 8.837541E-07
48.95826 14.96672 245.556 8.837541E-07
49.05826 14.96672 245.556 8.837541E-07
49.15826 14.96672 245.556 8.837541E-07
49.25826 14.96672 245.556 8.837541E-07
49.35826 14.96672 245.556 8.837541E-07
49.45826 14.96672 245.556 8.837541E-07
49.55826 14.96672 245.556 8.837541E-07
49.65826 14.96672 245.556 8.837541E-07
49.75826 14.96672 245.556 8.837541E-07
49.85826 14.96672 245.556 8.837541E-07
49.95826 14.96672 245.556 8.837541E-07
50.05826 14.96672 245.556 8.837541E-07
50.15826 14.96672 245.556 8.837541E-07
50.25826 14.96672 245.556 3.535017E-06
50.35826 14.96672 245.556 3.535017E-06
50.45826 15.81131 231.5815 4.436736E-07
50.55826 16.57662 218.604 0
50.65826 17.41953 204.6293 -3.579245E-06
50.75826 18.13245 191.6489 -2.021372E-06
50.85826 18.77522 178.6649 -4.156538E-06
50.95826 19.22652 164.6734 -8.36391E-06
51.05826 18.79417 157.8737 -2.254647E-06
51.15826 18.79417 157.8737 -2.254647E-06
51.25826 18.79417 157.8737 -2.254647E-06
51.35826 18.79417 157.8737 -2.254647E-06
51.45826 18.79417 157.8737 -2.254647E-06
51.55826 18.79417 157.8737 -2.254647E-06
51.65826 18.79417 157.8737 -2.254647E-06
51.75826 18.79417 157.8737 -2.254647E-06
51.85826 18.79417 157.8737 -2.254647E-06
51.95826 18.79417 157.8737 -2.254647E-06
52.05826 18.79417 157.8737 -2.254647E-06
52.15826 18.79417 157.8737 -2.254647E-06
52.25826 18.79417 157.8737 -2.254647E-06
52.35826 18.79417 157.8737 -2.254647E-06
52.45826 18.79417 157.8737 -2.254647E-06
52.55826 18.79417 157.8737 -2.254647E-06
52.65826 18.79417 157.8737 -2.254647E-06
52.75826 18.79417 157.8737 -2.254647E-06
52.85826 18.79417 157.8737 -2.254647E-06
52.95826 18.79417 157.8737 -2.254647E-06
53.05826 18.79417 157.8737 -2.254647E-06
53.15826 18.79417 157.8737 -2.254647E-06
53.25826 18.79417 157.8737 -2.254647E-06
53.35826 18.79417 157.8737 -2.254647E-06
53.45826 18.79417 157.8737 -2.254647E-06
53.55826 18.79417 157.8737 -2.254647E-06
53.65826 18.79417 157.8737 -2.254647E-06
53.75826 18.79417 157.8737 -2.254647E-06
53.85826 18.79417 157.8737 -2.254647E-06
53.95826 18.79417 157.8737 -2.254647E-06
54.05826 18.79417 157.8737 -2.254647E-06
54.15826 18.79417 157.8737 -2.254647E-06
54.25826 18.79417 157.8737 -2.254647E-06
54.35826 18.79417 157.8737 -2.254647E-06
54.45826 18.79417 157.8737 -2.254647E-06
54.55826 18.79417 157.8737 -2.254647E-06
54.65826 18.79417 157.8737 -2.254647E-06
54.75826 18.79417 157.8737 -2.254647E-06
54.85826 18.79417 157.8737 -2.254647E-06
54.95826 18.79417 157.8737 -2.254647E-06
55.05826 18.79417 157.8737 -2.254647E-06
55.15826 18.79417 157.8737 -2.254647E-06
55.25826 18.79417 157.8737 -2.254647E-06
55.35826 18.79417 157.8737 -2.254647E-06
55.45826 18.79417 157.8737 -2.254647E-06
55.55826 18.79417 157.8737 -2.254647E-06
55.65826 18.79417 157.8737 -2.254647E-06
55.75826 18.79417 157.8737 -2.254647E-06
55.85826 18.79417 157.8737 -2.254647E-06
55.95826 18.79417 157.8737 -2.254647E-06
56.05826 18.79417 157.8737 -2.254647E-06
56.15826 18.79417 157.8737 -2.254647E-06
56.25826 18.79417 157.8737 -2.254647E-06
56.35826 18.79417 157.8737 -2.254647E-06
56.45826 18.79417 157.8737 -2.254647E-06
56.55826 18.79417 157.8737 -2.254647E-06
56.65826 18.79417 157.8737 -2.254647E-06
56.75826 18.79417 157.8737 -2.254647E-06
56.85826 18.79417 157.8737 -2.254647E-06
56.95826 18.79417 157.8737 -2.254647E-06
57.05826 18.79417 157.8737 -2.254647E-06
57.15826 18.79417 157.8737 -2.254647E-06
57.25826 18.79417 157.8737 -2.254647E-06
57.35826 18.79417 157.8737 -2.254647E-06
57.45826 18.79417 157.8737 -2.254647E-06
57.55826 18.79417 157.8737 -2.254647E-06
57.65826 18.79417 157.8737 -2.254647E-06
57.75826 18.79417 157.8737 -2.254647E-06
57.85826 18.79417 157.8737 -2.254647E-06
57.95826 18.79417 157.8737 -2.254647E-06
58.05826 18.79417 157.8737 -2.254647E-06
58.15826 18.79417 157.8737 -2.254647E-06
58.25826 18.79417 157.8737 -2.254647E-06
58.35826 18.79417 157.8737 -2.254647E-06
58.45826 18.79417 157.8737 -2.254647E-06
58.55826 18.79417 157.8737 -2.254647E-06
58.65826 18.79417 157.8737 -2.254647E-06
58.75826 18.79417 157.8737 -2.254647E-06
58.85826 18.79417 157.8737 -2.254647E-06
58.95826 18.79417 157.8737 -2.254647E-06
59.05826 18.79417 157.8737 -2.254647E-06
59.15826 18.79417 157.8737 -2.254647E-06
59.25826 18.79417 157.8737 -2.254647E-06
59.35826 18.79417 157.8737 -2.254647E-06
59.45826 18.79417 157.8737 -2.254647E-06
59.55826 18.79417 157.8737 -2.254647E-06
59.65826 18.79417 157.8737 -2.254647E-06
59.75826 18.79417 157.8737 -2.254647E-06
59.85826 18.79417 157.8737 -2.254647E-06
59.95826 18.79417 157.8737 -2.254647E-06
60.05826 18.79417 157.8737 -2.254647E-06
60.15826 18.79417 157.8737 -2.254647E-06
60.25826 18.79417 157.8737 -2.254647E-06
60.35826 18.79417 157.8737 -2.254647E-06
60.45826 18.79417 157.8737 -2.254647E-06
60.55826 18.79417 157.8737 -2.254647E-06
60.65826 18.79417 157.8737 -2.254647E-06
60.75826 18.79417 157.8737 -2.254647E-06
60.85826 18.79417 157.8737 -2.254647E-06
60.95826 18.79417 157.8737 -2.254647E-06
61.05826 18.79417 157.8737 -2.254647E-06
61.15826 18.79417 157.8737 -2.254647E-06
61.25826 18.79417 157.8737 -2.254647E-06
61.35826 18.79417 157.8737 -2.254647E-06
61.45826 18.79417 157.8737 -2.254647E-06
61.55826 18.79417 157.8737 -2.254647E-06
61.65826 18.79417 157.8737 -2.254647E-06
61.75826 18.79417 157.8737 -2.254647E-06
61.85826 18.79417 157.8737 -2.254647E-06
61.95826 18.79417 157.8737 -2.254647E-06
62.05826 18.79417 157.8737 -2.254647E-06
62.15826 18.79417 157.8737 -2.254647E-06
62.25826 18.79417 157.8737 -2.254647E-06
62.35826 18.79417 157.8737 -2.254647E-06
62.45826 18.79417 157.8737 -2.254647E-06
62.55826 18.79417 157.8737 -2.254647E-06
62.65826 18.79417 157.8737 -2.254647E-06
62.75826 18.79417 157.8737 -2.254647E-06
62.85826 18.79417 157.8737 -2.254647E-06
62.95826 18.79417 157.8737 -2.254647E-06
63.05826 18.79417 157.8737 -2.254647E-06
63.15826 18.79417 157.8737 -2.254647E-06
63.25826 18.79417 157.8737 -2.254647E-06
63.35826 18.79417 157.8737 -2.254647E-06
