1.518693 0 270 0
1.787755 0 270 0
1.887755 0 270 0
1.987755 0 270 0
2.087755 0 270 0
2.187755 0 270 0
2.287755 0 270 0
2.387755 0 270 0
2.487755 0 270 0
2.587755 0 270 0
2.687755 0 270 0
2.787755 0 270 0
2.887755 0 270 0
2.987755 0 270 0
3.087755 0 270 0
3.187755 0 270 0
3.287755 0 270 0
3.387755 0 270 0
3.487755 0 270 0
3.587755 0 270 0
3.687755 0 270 0
3.787755 0 270 0
3.887755 0 270 0
3.987755 0 270 0
4.087755 0 270 0
4.187755 0 270 0
4.287755 0 270 0
4.387755 0 270 0
4.487755 0 270 0
4.587755 0 270 0
4.687755 0 270 0
4.787755 0 270 0
4.887755 0 270 0
4.987755 0 270 0
5.087755 0 270 0
5.187755 0 270 0
5.287755 0 270 0
5.387755 0 270 0
5.487755 0 270 0
5.587755 0 270 0
5.687755 0 270 0
5.787755 0 270 0
5.887755 0 270 0
5.987755 0 270 0
6.087755 0 270 0
6.187755 0 270 0
6.287755 0 270 0
6.387755 0 270 0
6.487755 0 270 0
6.587755 0 270 0
6.687755 1.789787 280.8534 -5.338689E-08
6.787755 4.067698 294.6668 0
6.887755 6.020198 306.507 2.146271E-07
6.987755 7.972696 318.3471 1.508686E-06
7.087755 10.08789 331.1738 1.517565E-06
7.187755 12.2031 344.0006 1.310266E-06
7.287755 13.99288 354.8539 9.348762E-07
7.387755 16.10807 7.680645 6.664969E-07
7.487755 16.67256 11.10382 -4.456207E-07
7.587755 16.67256 11.10382 -4.456207E-07
7.687755 16.67256 11.10382 -4.456207E-07
7.787755 16.67256 11.10382 -4.456207E-07
7.887755 16.67256 11.10382 -4.456207E-07
7.987755 16.67256 11.10382 -4.456207E-07
8.087755 16.67256 11.10382 -4.456207E-07
8.187756 16.67256 11.10382 -4.456207E-07
8.287755 15.71591 359.142 4.794966E-06
8.387755 14.91872 349.1738 6.958007E-06
8.487755 13.88236 336.2152 8.135027E-06
8.587755 12.846 323.2566 1.138398E-05
8.687756 11.80963 310.298 1.177519E-05
8.787755 10.85298 298.3362 1.434383E-05
8.887755 9.896329 286.3744 1.516671E-05
8.987755 8.939682 274.4126 1.426049E-05
9.087755 7.903309 261.4539 1.422236E-05
9.187756 6.946644 249.492 1.397642E-05
9.287755 6.069692 238.5269 1.481062E-05
9.387755 5.906142 236.482 -2.145825E-07
9.487755 5.906142 236.482 -2.145825E-07
9.587755 7.031144 242.332 -2.150607E-07
9.687756 12.20615 282.382 -8.735212E-07
9.787755 12.20616 282.382 -4.367606E-07
9.887755 12.20616 282.382 -4.367606E-07
9.987755 12.20616 282.382 -4.367606E-07
10.08776 14.75617 294.007 8.828929E-07
10.18776 18.05618 309.8319 8.979972E-07
10.28776 18.05618 309.8319 1.346996E-06
10.38776 18.05618 309.8319 1.346996E-06
10.48775 18.05618 309.8319 1.346996E-06
10.58776 18.05618 309.8319 1.346996E-06
10.68776 18.65619 308.482 0
10.78776 18.65619 308.482 0
10.88776 18.50619 307.207 -9.003302E-07
10.98775 18.50618 307.0569 9.003303E-07
11.08776 18.50618 307.0569 9.003303E-07
11.18776 18.50618 307.0569 9.003303E-07
11.28776 18.50618 307.0569 9.003303E-07
11.38776 18.43119 306.757 8.999366E-07
11.48776 18.13118 305.6319 1.796763E-06
11.58776 18.13118 305.6319 1.796763E-06
11.68776 18.13118 305.6319 1.796763E-06
11.78776 18.13118 305.6319 1.796763E-06
11.88776 18.13119 309.4569 4.491908E-06
11.98776 18.13121 315.607 4.941099E-06
12.08776 18.13121 316.657 4.042717E-06
12.18776 18.13121 316.657 4.042717E-06
12.28776 18.13121 316.657 4.042717E-06
12.38776 18.13121 316.657 4.042717E-06
12.48776 18.88122 325.132 4.060469E-06
12.58776 22.40623 353.332 5.656394E-06
12.68776 22.48123 1.95706 9.759669E-06
12.78776 21.73125 15.08209 1.079934E-05
12.88776 21.65625 17.48209 1.033441E-05
12.98776 21.65625 17.48209 1.033441E-05
13.08776 21.65625 17.48209 1.033441E-05
13.18776 21.65625 17.48209 1.033441E-05
13.28776 21.65625 17.48209 1.033441E-05
13.38776 22.85627 30.9071 1.158153E-05
13.48776 23.15628 35.03214 8.821551E-06
13.58776 23.15628 35.03214 8.821551E-06
13.68776 23.15628 35.03214 8.821551E-06
13.78776 23.15628 35.03214 8.821551E-06
13.88776 23.15628 35.03214 8.821551E-06
13.98776 23.15628 35.03214 8.821551E-06
14.08776 22.63128 33.53214 7.862486E-06
14.18776 20.38129 27.30715 1.092952E-05
14.28776 18.88129 18.00722 1.556514E-05
14.38776 18.7313 11.25728 2.050964E-05
14.48776 18.7313 11.25728 2.050964E-05
14.58776 18.7313 11.25728 2.050964E-05
14.68776 18.7313 11.25728 2.050964E-05
14.78776 18.7313 11.25728 2.050964E-05
14.88776 18.7313 11.25728 2.050964E-05
14.98776 18.05631 8.03228 2.110295E-05
15.08776 17.45632 4.282362 3.238751E-05
15.18776 17.08133 358.2074 3.265662E-05
15.28776 17.15636 354.0824 3.144118E-05
15.38776 17.98138 349.8074 3.242638E-05
15.48776 18.6564 347.3324 3.289103E-05
15.58776 18.65641 346.5074 3.356687E-05
15.68776 18.65641 344.7824 3.536912E-05
15.78776 18.65641 344.0325 3.469328E-05
15.88776 18.65641 344.0325 3.469328E-05
15.98776 18.65641 344.0325 3.469328E-05
16.08776 18.65641 344.0325 3.469328E-05
16.18776 18.65641 344.0325 3.469328E-05
16.28776 18.65641 344.0325 3.469328E-05
16.38775 18.65641 343.8075 3.491855E-05
16.48775 18.50642 343.2075 3.466276E-05
16.58776 18.50642 343.2075 3.466276E-05
16.68776 18.50642 343.2075 3.466276E-05
16.78776 18.50642 343.2075 3.466276E-05
16.88775 18.50642 343.2075 3.466276E-05
16.98775 18.50642 343.2075 3.466276E-05
17.08776 18.50642 343.2075 3.466276E-05
17.18776 18.50642 343.2075 3.466276E-05
17.28776 17.10505 331.2896 4.109117E-05
17.38775 15.7129 319.3707 4.301547E-05
17.48775 14.23468 306.455 4.404088E-05
17.58776 12.75645 293.5393 4.508208E-05
17.68776 11.39193 281.6171 4.35466E-05
17.78776 10.02741 269.6949 4.42179E-05
17.88776 8.321757 254.7924 4.443722E-05
17.98775 6.843535 241.8769 4.363993E-05
18.08776 6.1768 236.0515 0
18.18776 6.1768 236.0515 0
18.28776 6.1768 236.0515 0
18.38776 6.1768 236.0515 0
18.48775 6.1768 236.0515 0
18.58776 7.751802 262.3015 0
18.68776 8.876809 284.2764 -4.320619E-07
18.78776 8.876813 287.1265 0
18.88776 8.876813 287.1265 0
18.98775 8.876813 287.1265 0
19.08776 8.876813 287.1265 0
19.18776 8.876813 287.1265 0
19.28776 8.876813 287.1265 0
19.38776 8.876813 287.1265 0
19.48775 8.876813 287.1265 0
19.58776 8.876813 287.1265 0
19.68776 8.876813 287.1265 0
19.78776 8.876813 287.1265 0
19.88776 8.876813 287.1265 0
19.98775 8.876817 290.8015 -8.641238E-07
20.08776 8.876825 292.4514 0
20.18776 8.876832 294.4764 -4.32062E-07
20.28776 8.876841 295.9765 -8.641239E-07
20.38776 8.876844 297.4015 -1.728248E-06
20.48775 8.87685 297.4015 -5.184744E-06
20.58776 8.876851 297.4015 -6.912991E-06
20.68776 8.876851 297.4015 -6.912991E-06
20.78776 8.876851 297.4015 -6.912991E-06
20.88776 8.876851 297.4015 -6.912991E-06
20.98775 8.876851 297.4015 -6.912991E-06
21.08776 8.876851 297.4015 -6.912991E-06
21.18776 8.876851 297.4015 -6.912991E-06
21.28776 8.876851 297.4015 -6.912991E-06
21.38776 8.876851 297.4015 -6.912991E-06
21.48775 8.876851 297.4015 -6.912991E-06
21.58776 8.876851 297.4015 -6.912991E-06
21.68776 8.876851 297.4015 -6.912991E-06
21.78776 8.876851 297.4015 -6.912991E-06
21.88776 8.876851 297.4015 -6.912991E-06
21.98775 8.876851 297.4015 -6.912991E-06
22.08776 8.876853 305.5015 -6.480929E-06
22.18776 8.876856 317.6515 -4.104588E-06
22.28776 8.876854 317.8765 -4.104589E-06
22.38776 8.876854 317.8765 -4.104589E-06
22.48775 8.876854 317.8765 -4.104589E-06
22.58776 8.876854 315.7765 -4.752682E-06
22.68776 8.876856 304.3015 -4.752681E-06
22.78776 8.876854 302.3514 -6.048867E-06
22.88776 8.876855 301.8264 -2.592372E-06
22.98775 8.876855 301.8264 -1.296186E-06
23.08776 8.876855 301.8264 -1.296186E-06
23.18776 8.876855 301.8264 -1.296186E-06
23.28776 8.876855 301.8264 -1.296186E-06
23.38776 8.876855 301.8264 -1.296186E-06
23.48775 8.876855 301.8264 -1.296186E-06
23.58776 8.876855 301.8264 -1.296186E-06
23.68776 8.876858 309.4765 -1.944279E-06
23.78776 8.876867 321.8515 -1.512217E-06
23.88776 8.876866 322.4515 -1.296186E-06
23.98775 8.876867 321.8515 -1.296186E-06
24.08776 8.87687 311.5765 -1.944278E-06
24.18776 8.876869 311.5765 -3.456495E-06
24.28776 8.876869 311.5765 -3.456495E-06
24.38776 8.876869 311.5765 -3.456495E-06
24.48775 8.876869 311.5765 -3.456495E-06
24.58776 8.876869 311.5765 -3.456495E-06
24.68776 8.876869 311.5765 -3.456495E-06
24.78776 8.876869 311.5765 -3.456495E-06
24.88776 8.876869 311.5765 -3.456495E-06
24.98775 8.876869 311.5765 -3.456495E-06
25.08776 8.876869 311.5765 -3.456495E-06
25.18776 8.876869 311.5765 -3.456495E-06
25.28776 8.876869 311.5765 -3.456495E-06
25.38776 8.876869 311.5765 -3.456495E-06
25.48775 8.876869 311.5765 -3.456495E-06
25.58776 8.876869 311.5765 -3.456495E-06
25.68776 8.876869 311.5765 -3.456495E-06
25.78776 8.876869 311.5765 -3.456495E-06
25.88776 8.876869 311.5765 -3.456495E-06
25.98775 8.876869 311.5765 -3.456495E-06
26.08776 8.876869 311.5765 -3.456495E-06
26.18776 8.726874 311.5015 -2.375378E-06
26.28776 7.826884 310.3765 -1.508154E-06
26.38776 7.07689 308.2015 -2.150819E-06
26.48775 6.926893 307.5265 -2.365141E-06
26.58776 6.926897 307.3015 -2.365141E-06
26.68776 6.9269 307.3015 -2.795166E-06
26.78776 6.9269 307.3015 -2.795166E-06
26.88776 6.9269 307.3015 -2.795166E-06
26.98775 6.9269 307.3015 -2.795166E-06
27.08776 6.9269 307.3015 -2.795166E-06
27.18776 6.9269 307.3015 -2.795166E-06
27.28776 6.9269 307.3015 -2.795166E-06
27.38776 6.9269 307.3015 -2.795166E-06
27.48775 6.9269 307.3015 -2.795166E-06
27.58776 6.9269 307.3015 -2.795166E-06
27.68776 6.9269 307.3015 -2.795166E-06
27.78776 6.9269 307.3015 -2.795166E-06
27.88776 6.9269 307.3015 -2.795166E-06
27.98775 6.9269 307.3015 -2.795166E-06
28.08776 6.9269 307.3015 -2.795166E-06
28.18776 6.9269 307.3015 -2.795166E-06
28.28776 6.9269 307.3015 -2.795166E-06
28.38776 6.9269 307.3015 -2.795166E-06
28.48775 6.9269 307.3015 -2.795166E-06
28.58776 6.9269 307.3015 -2.795166E-06
28.68776 6.9269 307.3015 -2.795166E-06
28.78776 6.9269 307.3015 -2.795166E-06
28.88776 6.9269 307.3015 -2.795166E-06
28.98775 6.9269 306.5515 -2.580154E-06
29.08776 6.926905 304.8265 -2.365141E-06
29.18776 6.92691 303.1765 -2.795166E-06
29.28776 6.926919 300.1765 -3.225192E-06
29.38776 6.926922 297.7765 -3.225192E-06
29.48775 6.926931 297.3265 -2.795167E-06
29.58776 6.926938 297.1765 -2.580154E-06
29.68776 6.926948 297.1765 -2.795167E-06
29.78776 6.926957 297.1765 -2.365141E-06
29.88776 6.926957 296.7265 -2.365141E-06
29.98775 6.926957 292.2265 -2.580155E-06
30.08776 6.926957 292.2264 -4.51527E-06
30.18776 6.926957 292.2264 -3.870231E-06
30.28776 6.926957 290.8015 -4.085244E-06
30.38776 6.926957 287.8764 -4.945296E-06
30.48775 6.926958 287.8015 -4.730282E-06
30.58776 6.926958 287.8015 -4.730282E-06
30.68776 6.926958 287.8015 -4.730282E-06
30.78776 6.926958 287.8015 -4.730282E-06
30.88776 6.926958 287.8015 -4.730282E-06
30.98775 6.926958 287.8015 -4.730282E-06
31.08776 6.926958 287.8015 -4.730282E-06
31.18776 6.926958 287.8015 -4.730282E-06
31.28776 6.926958 287.8015 -4.730282E-06
31.38776 6.926958 287.8015 -4.730282E-06
31.48775 6.926958 287.8015 -4.730282E-06
31.58776 6.926958 287.8015 -4.730282E-06
31.68776 6.926958 287.8015 -4.730282E-06
31.78776 6.92696 290.1264 -5.375321E-06
31.88776 7.076964 294.9265 -5.37705E-06
31.98775 7.076972 295.5264 -5.592131E-06
32.08776 7.07698 296.2014 -5.37705E-06
32.18776 7.076995 296.2014 -4.731804E-06
32.28775 7.076998 296.2014 -4.516723E-06
32.38776 7.076998 296.2014 -4.516723E-06
32.48775 7.076998 296.2014 -4.516723E-06
32.58776 7.076998 296.2014 -4.516723E-06
32.68776 7.076998 296.2014 -4.516723E-06
32.78775 7.076998 296.2014 -4.516723E-06
32.88776 7.076998 296.2014 -4.516723E-06
32.98775 7.076998 296.2014 -4.516723E-06
33.08776 7.076998 296.2014 -4.516723E-06
33.18776 7.076998 296.2014 -4.516723E-06
33.28775 7.076998 296.2014 -4.516723E-06
33.38776 7.076998 296.2014 -4.516723E-06
33.48775 7.076998 296.2014 -4.516723E-06
33.58776 7.076998 296.2014 -4.516723E-06
33.68776 7.076998 296.2014 -4.516723E-06
33.78775 7.076998 296.2014 -4.516723E-06
33.88776 7.076998 296.2014 -4.516723E-06
33.98775 7.076998 296.2014 -4.516723E-06
34.08776 7.076998 296.2014 -4.516723E-06
34.18776 7.076998 296.2014 -4.516723E-06
34.28775 7.076998 296.2014 -4.516723E-06
34.38776 7.076998 296.2014 -4.516723E-06
34.48775 7.076998 296.2014 -4.516723E-06
34.58776 7.076998 296.2014 -4.516723E-06
34.68776 7.076998 296.2014 -4.516723E-06
34.78775 7.076998 296.2014 -4.516723E-06
34.88776 7.076998 296.2014 -4.516723E-06
34.98775 7.076998 296.2014 -4.516723E-06
35.08776 7.076998 296.2014 -4.516723E-06
35.18776 7.076998 296.2014 -4.516723E-06
35.28775 7.076998 296.2014 -4.516723E-06
35.38776 7.076998 296.2014 -4.516723E-06
35.48775 7.076998 296.2014 -4.516723E-06
35.58776 7.076998 296.2014 -4.516723E-06
35.68776 7.076998 296.2014 -4.516723E-06
35.78775 7.076998 296.2014 -4.516723E-06
35.88776 7.076998 296.2014 -4.516723E-06
35.98775 7.076998 296.2014 -4.516723E-06
36.08776 7.076998 296.2014 -4.516723E-06
36.18776 7.076998 296.2014 -4.516723E-06
36.28775 7.076998 296.2014 -4.516723E-06
36.38776 7.076998 296.2014 -4.516723E-06
36.48775 7.076998 296.2014 -4.516723E-06
36.58776 7.076998 296.2014 -4.516723E-06
36.68776 7.076998 296.2014 -4.516723E-06
36.78775 7.076998 296.2014 -4.516723E-06
36.88776 7.076998 296.2014 -4.516723E-06
36.98775 7.076998 296.2014 -4.516723E-06
37.08776 7.076998 296.2014 -4.516723E-06
37.18776 7.076998 296.2014 -4.516723E-06
37.28775 7.076998 296.2014 -4.516723E-06
37.38776 7.076998 296.2014 -4.516723E-06
37.48775 7.076998 296.2014 -4.516723E-06
37.58776 7.076998 296.2014 -4.516723E-06
37.68776 7.076998 296.2014 -4.516723E-06
37.78775 7.076998 296.2014 -4.516723E-06
37.88776 7.076998 296.2014 -4.516723E-06
37.98775 7.076998 296.2014 -4.516723E-06
38.08776 7.076998 296.2014 -4.516723E-06
38.18776 7.076998 296.2014 -4.516723E-06
38.28775 7.076998 296.2014 -4.516723E-06
38.38776 7.076998 296.2014 -4.516723E-06
38.48775 7.076998 296.2014 -4.516723E-06
38.58776 7.076998 296.2014 -4.516723E-06
38.68776 7.076998 296.2014 -4.516723E-06
38.78775 7.076998 296.2014 -4.516723E-06
38.88776 7.076998 296.2014 -4.516723E-06
38.98775 7.076998 296.2014 -4.516723E-06
39.08776 7.076998 296.2014 -4.516723E-06
39.18776 7.076998 296.2014 -4.516723E-06
39.28775 7.076998 296.2014 -4.516723E-06
39.38776 7.076998 296.2014 -4.516723E-06
39.48775 7.076998 296.2014 -4.516723E-06
39.58776 7.076998 296.2014 -4.516723E-06
39.68776 7.076998 296.2014 -4.516723E-06
39.78775 7.076998 296.2014 -4.516723E-06
39.88776 7.076998 296.2014 -4.516723E-06
39.98775 7.076998 296.2014 -4.516723E-06
40.08776 7.076998 296.2014 -4.516723E-06
40.18776 7.076998 296.2014 -4.516723E-06
40.28775 7.076998 296.2014 -4.516723E-06
40.38776 7.076998 296.2014 -4.516723E-06
40.48775 7.076998 296.2014 -4.516723E-06
40.58776 7.076998 296.2014 -4.516723E-06
40.68776 7.076998 296.2014 -4.516723E-06
40.78775 7.076998 296.2014 -4.516723E-06
40.88776 7.076998 296.2014 -4.516723E-06
40.98775 7.076998 296.2014 -4.516723E-06
41.08776 7.076998 296.2014 -4.516723E-06
41.18776 7.076998 296.2014 -4.516723E-06
41.28775 7.076998 296.2014 -4.516723E-06
41.38776 7.076998 296.2014 -4.516723E-06
41.48775 7.076998 296.2014 -4.516723E-06
41.58776 7.076998 296.2014 -4.516723E-06
41.68776 7.076998 296.2014 -4.516723E-06
41.78775 7.076998 296.2014 -4.516723E-06
41.88776 7.076998 296.2014 -4.516723E-06
41.98775 7.076998 296.2014 -4.516723E-06
42.08776 7.076998 296.2014 -4.516723E-06
42.18776 7.076998 296.2014 -4.516723E-06
42.28775 7.076998 296.2014 -4.516723E-06
42.38776 7.076998 296.2014 -4.516723E-06
42.48775 7.076998 296.2014 -4.516723E-06
42.58776 7.076998 296.2014 -4.516723E-06
42.68776 7.076998 296.2014 -4.516723E-06
42.78775 7.076998 296.2014 -4.516723E-06
42.88776 7.076998 296.2014 -4.516723E-06
42.98775 7.076998 296.2014 -4.516723E-06
43.08776 7.076998 296.2014 -4.516723E-06
43.18776 7.076998 296.2014 -4.516723E-06
43.28775 7.076998 296.2014 -4.516723E-06
43.38776 7.076998 296.2014 -4.516723E-06
43.48775 7.076998 296.2014 -4.516723E-06
43.58776 7.076998 296.2014 -4.516723E-06
43.68776 7.076998 296.2014 -4.516723E-06
43.78775 7.076998 296.2014 -4.516723E-06
43.88776 7.076998 296.2014 -4.516723E-06
43.98775 7.076998 296.2014 -4.516723E-06
44.08776 7.076998 296.2014 -4.516723E-06
44.18776 7.076998 296.2014 -4.516723E-06
44.28775 7.076998 296.2014 -4.516723E-06
44.38776 7.076998 296.2014 -4.516723E-06
44.48775 7.076998 296.2014 -4.516723E-06
44.58776 7.076998 296.2014 -4.516723E-06
44.68776 7.076998 296.2014 -4.516723E-06
44.78775 7.076998 296.2014 -4.516723E-06
44.88776 7.076998 296.2014 -4.516723E-06
44.98775 7.076998 296.2014 -4.516723E-06
45.08776 7.076998 296.2014 -4.516723E-06
45.18776 7.076998 296.2014 -4.516723E-06
45.28775 7.076998 296.2014 -4.516723E-06
45.38776 7.076998 296.2014 -4.516723E-06
45.48775 7.076998 296.2014 -4.516723E-06
45.58776 7.076998 296.2014 -4.516723E-06
45.68776 7.076998 296.2014 -4.516723E-06
45.78775 7.076998 296.2014 -4.516723E-06
45.88776 7.076998 296.2014 -4.516723E-06
45.98775 7.076998 296.2014 -4.516723E-06
46.08776 7.076998 296.2014 -4.516723E-06
46.18776 7.076998 296.2014 -4.516723E-06
46.28775 7.076998 296.2014 -4.516723E-06
46.38776 7.076998 296.2014 -4.516723E-06
46.48775 7.076998 296.2014 -4.516723E-06
46.58776 7.076998 296.2014 -4.516723E-06
46.68776 7.076998 296.2014 -4.516723E-06
46.78775 7.076998 296.2014 -4.516723E-06
46.88776 7.076998 296.2014 -4.516723E-06
46.98775 7.076998 296.2014 -4.516723E-06
47.08776 7.076998 296.2014 -4.516723E-06
47.18776 7.076998 296.2014 -4.516723E-06
47.28775 7.076998 296.2014 -4.516723E-06
47.38776 7.076998 296.2014 -4.516723E-06
47.48775 7.076998 296.2014 -4.516723E-06
47.58776 7.076998 296.2014 -4.516723E-06
47.68776 7.076998 296.2014 -4.516723E-06
47.78775 7.076998 296.2014 -4.516723E-06
47.88776 7.076998 296.2014 -4.516723E-06
47.98775 7.076998 296.2014 -4.516723E-06
48.08776 7.076998 296.2014 -4.516723E-06
48.18776 7.076998 296.2014 -4.516723E-06
48.28775 7.076998 296.2014 -4.516723E-06
48.38776 7.076998 296.2014 -4.516723E-06
48.48775 7.076998 296.2014 -4.516723E-06
48.58776 7.076998 296.2014 -4.516723E-06
48.68776 7.076998 296.2014 -4.516723E-06
48.78775 7.076998 296.2014 -4.516723E-06
48.88776 7.076998 296.2014 -4.516723E-06
48.98775 7.076998 296.2014 -4.516723E-06
49.08776 7.076998 296.2014 -4.516723E-06
49.18776 7.076998 296.2014 -4.516723E-06
49.28775 7.076998 296.2014 -4.516723E-06
49.38776 7.076998 296.2014 -4.516723E-06
49.48775 7.076998 296.2014 -4.516723E-06
49.58776 7.076998 296.2014 -4.516723E-06
49.68776 7.076998 296.2014 -4.516723E-06
49.78775 7.076998 296.2014 -4.516723E-06
49.88776 7.076998 296.2014 -4.516723E-06
49.98775 7.076998 296.2014 -4.516723E-06
50.08776 6.927 295.7515 -5.160309E-06
50.18776 5.727008 289.3765 -4.504796E-06
50.28775 5.50201 284.6515 -4.717489E-06
50.38776 5.502016 280.3765 -4.717489E-06
50.48775 5.502019 280.3765 -5.146352E-06
50.58776 5.502023 280.3765 -5.146353E-06
50.68776 5.502023 280.3765 -5.146353E-06
50.78775 5.502023 280.3765 -5.146353E-06
50.88776 5.502023 280.3765 -5.146353E-06
50.98775 5.502023 280.3765 -5.146353E-06
51.08776 5.502023 280.3765 -5.146353E-06
51.18776 5.502023 280.3765 -5.146353E-06
51.28775 5.502023 280.3765 -5.146353E-06
51.38776 5.502023 280.3765 -5.146353E-06
51.48775 5.502023 280.3765 -5.146353E-06
51.58776 5.502023 280.3765 -5.146353E-06
51.68776 5.502023 280.3765 -5.146353E-06
51.78775 5.502023 280.3765 -5.146353E-06
51.88776 5.502023 280.3765 -5.146353E-06
51.98775 5.502023 280.3765 -5.146353E-06
52.08776 5.502023 280.3765 -5.146353E-06
52.18776 5.502023 280.3765 -5.146353E-06
52.28775 5.502023 280.3765 -5.146353E-06
52.38776 5.502023 280.3765 -5.146353E-06
52.48775 5.502023 280.3765 -5.146353E-06
52.58776 5.502023 280.3765 -5.146353E-06
52.68776 5.502023 280.3765 -5.146353E-06
52.78775 5.502023 280.3765 -5.146353E-06
52.88776 5.502023 280.3765 -5.146353E-06
52.98775 5.502023 280.3765 -5.146353E-06
53.08776 5.502023 280.3765 -5.146353E-06
53.18776 5.502023 280.3765 -5.146353E-06
53.28775 5.502023 280.3765 -5.146353E-06
53.38776 5.502023 280.3765 -5.146353E-06
53.48775 5.502023 280.3765 -5.146353E-06
53.58776 5.502023 280.3765 -5.146353E-06
53.68776 5.502023 280.3765 -5.146353E-06
53.78775 5.502023 280.3765 -5.146353E-06
53.88776 5.502023 280.3765 -5.146353E-06
53.98775 5.502023 280.3765 -5.146353E-06
54.08776 5.502023 280.3765 -5.146353E-06
54.18776 5.502023 280.3765 -5.146353E-06
54.28775 5.502023 280.3765 -5.146353E-06
54.38776 5.502023 280.3765 -5.146353E-06
54.48775 5.502023 280.3765 -5.146353E-06
54.58776 5.502023 280.3765 -5.146353E-06
54.68776 5.502023 280.3765 -5.146353E-06
54.78775 5.502023 280.3765 -5.146353E-06
54.88776 5.502023 280.3765 -5.146353E-06
54.98775 5.502023 280.3765 -5.146353E-06
55.08776 5.502023 280.3765 -5.146353E-06
55.18776 5.502023 280.3765 -5.146353E-06
55.28775 5.502023 280.3765 -5.146353E-06
55.38776 5.502023 280.3765 -5.146353E-06
55.48775 5.502023 280.3765 -5.146353E-06
55.58776 5.502023 280.3765 -5.146353E-06
55.68776 5.502023 280.3765 -5.146353E-06
55.78775 5.502023 280.3765 -5.146353E-06
55.88776 5.502023 280.3765 -5.146353E-06
55.98775 5.502023 280.3765 -5.146353E-06
56.08776 5.502023 280.3765 -5.146353E-06
56.18776 5.502023 280.3765 -5.146353E-06
56.28776 5.502023 280.3765 -5.146353E-06
56.38776 5.502023 280.3765 -5.146353E-06
56.48775 5.502023 280.3765 -5.146353E-06
56.58776 5.502023 280.3765 -5.146353E-06
56.68776 5.502023 280.3765 -5.146353E-06
56.78776 5.502023 280.3765 -5.146353E-06
56.88776 5.502023 280.3765 -5.146353E-06
56.98775 5.502023 280.3765 -5.146353E-06
57.08776 5.502023 280.3765 -5.146353E-06
57.18776 5.502023 280.3765 -5.146353E-06
57.28776 5.502023 280.3765 -5.146353E-06
57.38776 5.502023 280.3765 -5.146353E-06
57.48775 5.502023 280.3765 -5.146353E-06
57.58776 5.502023 280.3765 -5.146353E-06
57.68776 5.502023 280.3765 -5.146353E-06
57.78776 5.502023 280.3765 -5.146353E-06
57.88776 5.502023 280.3765 -5.146353E-06
57.98775 5.502023 280.3765 -5.146353E-06
58.08776 5.502023 280.3765 -5.146353E-06
58.18776 5.502023 280.3765 -5.146353E-06
58.28776 5.502023 280.3765 -5.146353E-06
58.38776 5.502023 280.3765 -5.146353E-06
58.48775 5.502023 280.3765 -5.146353E-06
58.58776 5.502023 280.3765 -5.146353E-06
58.68776 5.502023 280.3765 -5.146353E-06
58.78776 5.502023 280.3765 -5.146353E-06
58.88776 5.502023 280.3765 -5.146353E-06
58.98775 5.502023 280.3765 -5.146353E-06
59.08776 5.502023 280.3765 -5.146353E-06
59.18776 5.502023 280.3765 -5.146353E-06
59.28776 5.502023 280.3765 -5.146353E-06
59.38776 5.502023 280.3765 -5.146353E-06
59.48775 5.502023 280.3765 -5.146353E-06
59.58776 5.502023 280.3765 -5.146353E-06
59.68776 5.502023 280.3765 -5.146353E-06
59.78776 5.502023 280.3765 -5.146353E-06
59.88776 5.502023 280.3765 -5.146353E-06
59.98775 5.502023 280.3765 -5.146353E-06
60.08776 5.502023 280.3765 -5.146353E-06
60.18776 5.502023 280.3765 -5.146353E-06
60.28776 5.502023 280.3765 -5.146353E-06
60.38776 5.502023 280.3765 -5.146353E-06
60.48775 5.502023 280.3765 -5.146353E-06
60.58776 5.502023 280.3765 -5.146353E-06
60.68776 5.502023 280.3765 -5.146353E-06
60.78776 5.502023 280.3765 -5.146353E-06
60.88776 5.502023 280.3765 -5.146353E-06
60.98775 5.502023 280.3765 -5.146353E-06
61.08776 5.502023 280.3765 -5.146353E-06
61.18776 5.502023 280.3765 -5.146353E-06
61.28776 5.502023 280.3765 -5.146353E-06
61.38776 5.502023 280.3765 -5.146353E-06
61.48775 5.502023 280.3765 -5.146353E-06
61.58776 5.502023 280.3765 -5.146353E-06
61.68776 5.502023 280.3765 -5.146353E-06
61.78776 5.502023 280.3765 -5.146353E-06
61.88776 5.502023 280.3765 -5.146353E-06
61.98775 5.502023 280.3765 -5.146353E-06
62.08776 5.502023 280.3765 -5.146353E-06
62.18776 5.502023 280.3765 -5.146353E-06
62.28776 5.502023 280.3765 -5.146353E-06
62.38776 5.502023 280.3765 -5.146353E-06
62.48775 5.502023 280.3765 -5.146353E-06
62.58776 5.502023 280.3765 -5.146353E-06
62.68776 5.502023 280.3765 -5.146353E-06
62.78776 5.502023 280.3765 -5.146353E-06
62.88776 5.502023 280.3765 -5.146353E-06
62.98775 5.502023 280.3765 -5.146353E-06
63.08776 5.502023 280.3765 -5.146353E-06
63.18776 5.502023 280.3765 -5.146353E-06
63.28776 5.502023 280.3765 -5.146353E-06
63.38776 5.502023 280.3765 -5.146353E-06
63.48775 5.502023 280.3765 -5.146353E-06
63.58776 5.502023 280.3765 -5.146353E-06
63.68776 5.502023 280.3765 -5.146353E-06
63.78776 5.502023 280.3765 -5.146353E-06
63.88776 5.502023 280.3765 -5.146353E-06
63.98775 5.502023 280.3765 -5.146353E-06
64.08775 5.502023 280.3765 -5.146353E-06
64.18776 5.502023 280.3765 -5.146353E-06
64.28776 5.502023 280.3765 -5.146353E-06
64.38776 5.502023 280.3765 -5.146353E-06
64.48775 5.502023 280.3765 -5.146353E-06
64.58775 5.502023 280.3765 -5.146353E-06
64.68776 5.502023 280.3765 -5.146353E-06
64.78776 5.502023 280.3765 -5.146353E-06
64.88776 5.502023 280.3765 -5.146353E-06
64.98775 5.502023 280.3765 -5.146353E-06
65.08775 5.502023 280.3765 -5.146353E-06
65.18776 5.502023 280.3765 -5.146353E-06
65.28776 5.502023 280.3765 -5.146353E-06
65.38776 5.502023 280.3765 -5.146353E-06
65.48775 5.502023 280.3765 -5.146353E-06
65.58775 5.502023 280.3765 -5.146353E-06
65.68776 5.502023 280.3765 -5.146353E-06
65.78776 5.502023 280.3765 -5.146353E-06
65.88776 5.502023 280.3765 -5.146353E-06
65.98775 5.502023 280.3765 -5.146353E-06
66.08775 5.502023 280.3765 -5.146353E-06
66.18776 5.502023 280.3765 -5.146353E-06
66.28776 5.502023 280.3765 -5.146353E-06
66.38776 5.502023 280.3765 -5.146353E-06
66.48775 5.502023 280.3765 -5.146353E-06
66.58775 5.502023 280.3765 -5.146353E-06
66.68776 5.502023 280.3765 -5.146353E-06
66.78776 5.502023 280.3765 -5.146353E-06
66.88776 5.502023 280.3765 -5.146353E-06
66.98775 5.502023 280.3765 -5.146353E-06
67.08775 5.502023 280.3765 -5.146353E-06
67.18776 5.502023 280.3765 -5.146353E-06
67.28776 5.502023 280.3765 -5.146353E-06
67.38776 5.502023 280.3765 -5.146353E-06
67.48775 5.502023 280.3765 -5.146353E-06
67.58775 5.502023 280.3765 -5.146353E-06
67.68776 5.502023 280.3765 -5.146353E-06
67.78776 5.502023 280.3765 -5.146353E-06
67.88776 5.352023 281.2015 -4.930694E-06
67.98775 5.052028 283.2265 -4.928344E-06
68.08775 4.827032 285.7765 -4.069859E-06
68.18776 4.827034 288.3265 -3.641453E-06
68.28776 4.827034 290.8765 -2.570438E-06
68.38776 4.827037 294.3265 -2.570438E-06
68.48775 4.827038 297.0265 -1.927828E-06
68.58775 4.827037 299.2015 -1.927828E-06
68.68776 4.752043 301.6015 -1.713437E-06
68.78776 4.752045 302.2765 -4.283594E-07
68.88776 4.752046 302.2765 2.141797E-07
68.98775 4.752046 302.2765 2.141797E-07
69.08775 4.752046 302.2765 2.141797E-07
69.18776 4.752046 302.2765 2.141797E-07
69.28776 4.752046 302.2765 2.141797E-07
69.38776 4.752046 302.2765 2.141797E-07
69.48775 4.752046 302.2765 2.141797E-07
69.58775 4.752046 302.2765 2.141797E-07
69.68776 4.752046 302.2765 2.141797E-07
69.78776 4.752046 302.2765 2.141797E-07
69.88776 4.752046 302.2765 2.141797E-07
69.98775 4.752046 302.2765 2.141797E-07
70.08775 4.752046 302.2765 2.141797E-07
70.18776 4.752046 302.2765 2.141797E-07
70.28776 4.752046 302.2765 2.141797E-07
70.38776 4.752046 302.2765 2.141797E-07
70.48775 4.752046 302.2765 2.141797E-07
70.58775 4.752046 302.2765 2.141797E-07
70.68776 4.752046 302.2765 2.141797E-07
70.78776 4.752046 302.2765 2.141797E-07
70.88776 4.752046 302.2765 2.141797E-07
70.98775 4.752046 302.2765 2.141797E-07
71.08775 4.752046 302.2765 2.141797E-07
71.18776 4.752046 302.2765 2.141797E-07
71.28776 4.752046 302.2765 2.141797E-07
71.38776 4.752046 302.2765 2.141797E-07
71.48775 4.752046 302.2765 2.141797E-07
71.58775 4.752046 302.2765 2.141797E-07
71.68776 4.752046 302.2765 2.141797E-07
71.78776 4.752046 302.2765 2.141797E-07
71.88776 4.752046 302.2765 2.141797E-07
71.98775 4.752046 302.2765 2.141797E-07
72.08775 4.752046 302.2765 2.141797E-07
72.18776 4.752046 302.2765 2.141797E-07
72.28776 4.752046 302.2765 2.141797E-07
72.38776 4.752046 302.2765 2.141797E-07
72.48775 4.752046 302.2765 2.141797E-07
72.58775 4.752046 302.2765 2.141797E-07
72.68776 4.752046 302.2765 2.141797E-07
72.78776 4.752046 302.2765 2.141797E-07
72.88776 4.752046 302.2765 2.141797E-07
72.98775 4.752046 302.2765 2.141797E-07
73.08775 4.752046 302.2765 2.141797E-07
73.18776 4.752046 302.2765 2.141797E-07
73.28776 4.752046 302.2765 2.141797E-07
73.38776 4.752046 302.2765 2.141797E-07
73.48775 4.752046 302.2765 2.141797E-07
73.58775 4.752046 302.2765 2.141797E-07
73.68776 4.752046 302.2765 2.141797E-07
73.78776 4.752046 302.2765 2.141797E-07
73.88776 4.752046 302.2765 2.141797E-07
73.98775 4.752046 302.2765 2.141797E-07
74.08775 4.752046 302.2765 2.141797E-07
74.18776 4.752046 302.2765 2.141797E-07
74.28776 4.752046 302.2765 2.141797E-07
74.38776 4.752046 302.2765 2.141797E-07
74.48775 4.752046 302.2765 2.141797E-07
74.58775 4.752046 302.2765 2.141797E-07
74.68776 4.752046 302.2765 2.141797E-07
74.78776 4.752046 302.2765 2.141797E-07
74.88776 4.752046 302.2765 2.141797E-07
74.98775 4.752046 302.2765 2.141797E-07
75.08775 4.752046 302.2765 2.141797E-07
75.18776 4.752046 302.2765 2.141797E-07
75.28776 4.752046 302.2765 2.141797E-07
75.38776 4.752046 302.2765 2.141797E-07
75.48775 4.752046 302.2765 2.141797E-07
75.58775 4.752046 302.2765 2.141797E-07
75.68776 4.752046 302.2765 2.141797E-07
75.78776 4.752046 302.2765 2.141797E-07
75.88776 4.752046 302.2765 2.141797E-07
75.98775 4.752046 302.2765 2.141797E-07
76.08775 4.752046 302.2765 2.141797E-07
76.18776 4.752046 302.2765 2.141797E-07
76.28776 4.752046 302.2765 2.141797E-07
76.38776 4.752046 302.2765 2.141797E-07
76.48775 4.752046 302.2765 2.141797E-07
76.58775 4.752046 302.2765 2.141797E-07
76.68776 4.752046 302.2765 2.141797E-07
76.78776 4.752046 302.2765 2.141797E-07
76.88776 4.752046 302.2765 2.141797E-07
76.98775 4.752046 302.2765 2.141797E-07
77.08775 4.752046 302.2765 2.141797E-07
77.18776 4.752046 302.2765 2.141797E-07
77.28776 4.752046 302.2765 2.141797E-07
77.38776 4.752046 302.2765 2.141797E-07
77.48775 4.752046 302.2765 2.141797E-07
77.58775 4.752046 302.2765 2.141797E-07
77.68776 4.752046 302.2765 2.141797E-07
