-0.03333334 0 270 0
0 0 270 0
0.03333334 0 270 0
0.03333334 0 270 0
0.03333334 0 270 0
0.06666667 0 270 0
0.06666667 0 270 0
0.06666667 0 270 0
0.1 0 270 0
0.1 0 270 0
0.1 0 270 0
0.1333333 0 270 0
0.1333333 0 270 0
0.1333333 0 270 0
0.1666667 0 270 0
0.1666667 0 270 0
0.1666667 0 270 0
0.1666667 0 270 0
0.2 0 270 0
0.2 0 270 0
0.2 0 270 0
0.2333333 0 270 0
0.2333333 0 270 0
0.2333333 0 270 0
0.2666667 0 270 0
0.2666667 0 270 0
0.2666667 0 270 0
0.2666667 0 270 0
0.3 0 270 0
0.3 0 270 0
0.3 0 270 0
0.3 0 270 0
0.3333333 0 270 0
0.3333333 0 270 0
0.3333333 0 270 0
0.3333333 0 270 0
0.3666667 0 270 0
