-0.03333334 29.45019 238.9563 1.173172
0.03333334 29.465 238.9607 1.168794
0.03333334 29.41366 238.9531 1.151817
0.06666667 29.35789 238.9472 1.197745
0.1 29.32948 238.9232 1.161117
0.1 29.26339 238.9895 1.211846
0.1 29.25425 238.9808 1.201684
0.1 29.27261 238.9846 1.173148
0.1 29.25416 238.9979 1.25965
0.5 29.21832 238.9561 1.276611
0.5666667 29.18339 238.9418 1.274382
0.5666667 29.2185 238.9373 1.262618
0.6 29.22458 238.9324 1.268191
0.6 29.21273 238.9047 1.278152
0.6333333 29.22389 238.8862 1.289402
0.6333333 29.23283 238.8688 1.300062
0.6333333 29.21398 238.8636 1.303182
0.6666667 29.19553 238.8585 1.312843
0.6666667 29.19124 238.8752 1.346045
0.6666667 29.20525 238.8754 1.355786
0.7 29.19862 238.8823 1.32265
0.7 29.17309 238.8747 1.307377
0.7333333 29.17588 238.8612 1.306168
0.7333333 29.1815 238.8632 1.30902
0.7666667 29.19301 238.8716 1.306408
0.7666667 29.1972 238.8757 1.27981
0.7666667 29.18202 238.9036 1.263896
0.8 29.17483 238.9078 1.272231
0.8 29.18737 238.9228 1.275391
0.8333333 29.19696 238.9222 1.295415
0.8333333 29.20956 238.9164 1.288995
0.8333333 29.22168 238.9111 1.27611
0.8666667 29.23472 238.9131 1.281545
0.8666667 29.25969 238.8968 1.271263
0.9 29.27061 238.8983 1.250736
0.9 29.29027 238.9032 1.229276
0.9 29.33359 238.8782 1.201088
0.9333333 29.35868 238.8887 1.195997
0.9333333 29.36646 238.8662 1.194179
0.9666666 29.40534 238.882 1.209867
0.9666666 29.45821 238.8804 1.237838
0.9666666 29.53081 238.8855 1.247369
1 29.59715 238.8647 1.241459
1 29.56113 238.8359 1.247816
1.033333 29.45129 238.7762 1.263472
1.033333 29.28893 238.7106 1.265461
1.033333 29.1172 238.6293 1.209213
1.066667 28.89313 238.5059 1.119256
1.066667 28.49647 238.3882 0.9807833
1.1 27.78376 238.2456 0.7717461
1.1 27.01523 238.1112 0.5901528
1.133333 26.27053 238.0034 0.4212092
1.133333 25.39461 237.912 0.1658111
1.166667 24.45151 237.856 359.9277
1.166667 23.02415 237.8446 359.63
1.166667 21.75767 237.8387 359.3878
1.2 20.36169 237.8185 359.1704
1.2 19.016 237.8576 359.1029
1.233333 17.94481 237.9228 359.0837
1.233333 16.65515 238.0676 359.0519
1.266667 15.55565 238.3508 359.0167
1.266667 12.535 238.6763 358.7543
1.3 12.65294 238.7827 358.8186
1.3 11.7549 238.9787 358.8077
1.333333 11.00432 239.1671 358.8022
1.333333 10.2526 239.2565 358.7382
1.333333 9.539058 239.2422 358.6312
1.366667 8.99652 239.1474 358.5078
1.366667 8.519306 238.9116 358.3793
1.4 8.263061 238.6223 358.2784
1.4 8.153444 238.1778 358.1215
1.433333 8.828074 237.4099 357.8887
1.433333 8.722897 236.4404 357.4006
1.433333 9.78122 235.9964 357.1908
1.466667 10.53647 235.2974 356.9203
1.466667 11.20391 234.6456 356.7129
1.5 12.08287 233.74 356.5256
1.5 12.42351 233.5235 356.5516
1.5 13.11187 232.668 356.3286
1.533333 13.89935 231.6567 356.078
1.533333 14.44008 230.8569 355.8987
1.566667 15.02228 230.0515 355.7762
1.566667 15.49621 229.349 355.8374
1.6 15.79356 228.299 356.6114
1.6 16.84931 225.8915 357.0209
1.6 16.71247 225.7475 357.1519
1.633333 17.23411 224.7772 357.174
1.666667 17.75485 224.0056 357.2098
1.666667 18.54797 223.1702 357.3615
1.666667 19.15933 222.5733 357.5534
1.7 19.76201 221.9084 357.789
1.7 20.34791 221.2677 357.9713
1.733333 20.92309 220.5878 358.0009
1.733333 21.56039 219.8973 357.9573
1.766667 22.00406 219.7359 357.8438
1.766667 23.77548 218.1301 357.9081
1.8 23.78633 218.4494 357.9823
1.8 23.66657 218.6611 358.0695
1.8 24.02747 218.336 358.1676
1.833333 24.5073 217.958 358.1117
1.833333 25.14416 217.5255 358.0189
1.833333 25.7827 217.0497 357.8839
1.866667 26.64949 216.4001 357.6562
1.866667 27.67393 215.6545 357.3838
1.9 28.86597 214.7628 357.1075
1.9 29.70226 213.9221 356.9731
1.933333 30.33259 213.0263 356.9353
1.933333 30.8841 212.0888 356.9003
1.933333 31.37667 211.0273 356.8481
1.966667 31.80921 209.8597 356.6859
1.966667 32.09311 208.8654 356.5886
2 31.89801 207.7458 356.5737
2 32.83029 205.2401 356.4087
2.033333 32.66823 205.4915 356.5779
2.033333 32.89893 204.7393 356.4849
2.066667 32.83329 204.8836 356.3963
2.066667 33.08453 204.31 356.2866
2.066667 33.38788 203.6566 356.2995
2.1 33.56463 203.2879 356.368
2.1 33.78122 202.8385 356.3828
2.1 34.09364 202.3878 356.3931
2.133333 34.32045 202.027 356.4283
2.133333 34.56532 201.6984 356.4907
2.166667 34.79336 201.3236 356.5244
2.166667 34.93281 200.9969 356.5256
2.2 35.01136 200.6249 356.5096
2.2 34.97844 200.3916 356.44
2.233333 35.3759 199.382 356.2968
2.233333 35.36067 199.6516 356.2502
2.233333 35.47584 199.5999 356.1205
2.266667 35.52874 199.6648 356.1128
2.266667 35.55173 199.7792 356.1905
2.3 35.56782 199.9782 356.3025
2.3 35.54258 200.1301 356.3243
2.333333 35.49409 200.2864 356.3152
2.333333 35.45606 200.4047 356.2654
2.366667 35.45727 200.5134 356.2396
2.366667 35.42825 200.7435 356.3285
2.366667 35.4241 201.04 356.4439
2.4 35.39402 201.0471 356.5085
2.4 35.38066 201.1176 356.5609
2.433333 35.41775 201.0859 356.5477
2.433333 35.4332 201.0307 356.5107
2.433333 35.45824 201.0482 356.5135
2.466667 35.50032 201.0467 356.5089
2.466667 35.50992 201.0736 356.5288
2.5 35.50801 201.0969 356.5679
2.5 35.47826 201.1055 356.5959
2.5 35.44415 201.097 356.5768
2.533333 35.43608 201.0821 356.5503
2.533333 35.46441 201.079 356.5087
2.566667 35.46545 201.0612 356.462
2.566667 35.49425 201.0484 356.4048
2.6 35.50933 201.0489 356.4201
2.6 35.48431 201.1057 356.4651
2.6 35.45701 201.1732 356.4984
2.633333 35.43325 201.2578 356.5097
2.633333 35.39098 201.3217 356.5237
2.633333 35.28493 201.372 356.5626
2.666667 35.21806 201.3846 356.5578
2.666667 35.16357 201.3658 356.4637
2.7 35.15868 201.3691 356.3631
2.7 35.13295 201.4091 356.2664
2.733333 35.08609 201.4706 356.2352
2.733333 35.01921 201.5654 356.2542
2.733333 34.93381 201.6915 356.3118
2.766667 34.82975 201.7969 356.3107
2.766667 34.7382 201.9419 356.3073
2.8 34.68946 202.1177 356.323
2.8 34.65116 202.339 356.3713
2.833333 34.5994 202.5175 356.397
2.833333 34.51443 202.7068 356.4321
2.833333 34.443 202.8976 356.4992
2.866667 34.32295 203.2395 356.6111
2.866667 34.19299 203.5456 356.699
2.9 33.96941 204.0098 356.8513
2.9 33.73526 204.5417 357.0495
2.9 33.56533 204.9898 357.2201
2.933333 33.48149 205.5256 357.382
2.933333 33.45264 206.0296 357.5278
2.966667 33.37747 206.5751 357.643
2.966667 33.27131 207.0581 357.7175
3 33.1058 207.6211 357.7943
3 32.95736 208.1658 357.8286
3.033333 32.8535 208.7227 357.6093
3.033333 32.57019 210.1109 357.4967
3.066667 32.5547 210.1302 357.3613
3.066667 32.34186 210.6325 357.3234
3.066667 32.1741 211.1733 357.3831
3.1 32.03375 209.6594 357.3881
3.133333 31.87294 208.1194 357.347
3.133333 31.75799 206.54 357.3348
3.166667 31.57991 204.9268 357.3425
3.2 31.26151 203.3424 357.3528
3.2 30.5173 202.6831 357.4048
3.233333 29.87736 201.6626 357.382
3.233333 29.76913 199.8545 357.4871
3.266667 28.90188 199.5376 357.6257
3.3 28.91526 197.7018 357.6949
3.3 28.06737 197.5178 357.7707
3.333333 27.97687 195.881 358.0247
3.366667 25.74581 198.2315 359.1557
3.4 24.89546 198.0184 359.395
3.4 22.9426 199.73 0.1903216
3.433333 21.58468 199.6793 0.6633158
3.466667 19.96504 200.0792 0.89517
3.5 18.4133 200.4573 1.389093
3.533333 16.97362 200.3311 1.54695
3.566667 15.71873 199.4436 1.611501
3.566667 14.64633 197.9078 1.511053
3.6 14.16611 195.8897 1.27416
3.633333 14.38468 193.9649 1.29723
3.666667 14.90739 192.0311 1.303944
3.7 15.71101 190.0741 1.315353
3.733333 16.19712 187.9624 1.220201
3.733333 16.42854 185.5272 1.427075
3.766667 16.87605 182.9589 1.484858
3.8 17.10286 180.524 1.474648
3.833333 17.11667 177.9238 1.401714
3.833333 17.55368 175.0091 1.338721
3.866667 17.96816 172.2333 1.280648
3.9 18.63478 169.4684 1.140939
3.933333 19.14374 166.8132 0.8808363
3.966667 19.43189 164.2604 0.5605109
4 19.46405 161.8589 0.4251873
4.033333 19.44185 159.6254 0.626967
4.033333 19.45488 157.5608 0.7408065
4.066667 19.50905 155.4985 0.8949781
4.1 19.64813 153.0437 0.8532133
4.133333 19.52585 150.6644 0.8324475
4.166667 19.58357 148.2802 0.7013805
4.2 19.59819 146.0323 0.6176866
4.2 19.53003 144.0798 0.3811232
4.233333 19.59722 142.3539 0.2626309
4.266667 19.67455 140.4257 0.1759599
4.266667 19.57943 138.6507 0.366533
4.3 19.54856 136.8727 0.3696918
4.333333 19.4215 135.0604 0.3436112
4.366667 19.59665 133.061 0.208616
4.4 19.54608 130.9623 0.1990548
4.433333 19.45192 128.9384 0.2812955
4.433333 19.46773 126.9792 0.1916371
4.466667 19.53019 124.9748 0.08785182
4.5 19.60139 122.9717 359.8405
4.5 19.64443 120.9971 359.3518
4.533333 19.50688 118.9634 359.4132
4.566667 19.44217 116.9506 359.0522
4.566667 19.37142 114.9304 358.8629
4.6 19.33019 112.9497 358.7192
4.6 19.40356 110.9773 358.6985
4.633333 19.39621 109.0303 358.5912
4.666667 19.29794 107.1098 358.3654
4.7 19.16251 105.1306 358.5309
4.7 18.98444 103.1791 358.4281
4.733333 18.84374 100.9741 358.5598
4.766667 18.73755 98.79404 358.4345
