1.478366 0 270 0
1.737364 0 270 0
1.837364 0 270 0
1.937364 0 270 0
2.037364 0 270 0
2.137364 0 270 0
2.237364 0 270 0
2.337363 0 270 0
2.437364 0 270 0
2.537364 0 270 0
2.637364 0 270 0
2.737364 0 270 0
2.837363 0 270 0
2.937364 0 270 0
3.037364 0 270 0
3.137364 0 270 0
3.237364 0 270 0
3.337363 0 270 0
3.437364 0 270 0
3.537364 0 270 0
3.637364 0 270 0
3.737364 0 270 0
3.837363 0 270 0
3.937364 0 270 0
4.037364 0 270 0
4.137363 0 270 0
4.237364 0 270 0
4.337364 0 270 0
4.437364 0 270 0
4.537364 0 270 0
4.637363 0 270 0
4.737364 0 270 0
4.837364 0 270 0
4.937364 0 270 0
5.037364 0 270 0
5.137363 0 270 0
5.237364 0 270 0
5.337364 0 270 0
5.437364 0 270 0
5.537364 0 270 0
5.637363 0 270 0
5.737364 0 270 0
5.837364 0 270 0
5.937364 0 270 0
6.037364 0 270 0
6.137363 0 270 0
6.237364 0 270 0
6.337364 0 270 0
6.437364 0 270 0
6.537364 0 270 0
6.637363 0 270 0
6.737364 0 270 0
6.837364 2.925001 283.125 -1.068609E-07
6.937364 9.075003 312.6 2.16149E-07
7.037364 11.77501 331.875 2.180315E-07
7.137363 12.45001 336.9 -2.185835E-07
7.237364 12.45001 338.25 0
7.337364 12.45001 338.25 -1.311501E-06
7.437364 12.45001 338.25 -1.311501E-06
7.537364 13.12501 341.25 -8.766751E-07
7.637363 13.27501 342.825 -3.070248E-06
7.737364 13.27501 342.825 -3.070248E-06
7.837364 13.27501 342.825 -3.070248E-06
7.937364 13.27501 342.825 -3.070248E-06
8.037364 13.27501 342.825 -3.070248E-06
8.137363 13.27501 342.825 -3.070248E-06
8.237364 13.27501 342.825 -3.070248E-06
8.337363 13.27501 342.825 -3.070248E-06
8.437364 13.27501 342.825 -3.070248E-06
8.537364 13.27501 342.825 -3.070248E-06
8.637363 13.27501 342.825 -3.070248E-06
8.737364 13.27501 2.100002 -3.83781E-06
8.837363 12.97502 26.02498 -5.475896E-06
8.937364 13.20004 35.62495 -7.015548E-06
9.037364 13.20005 37.04997 -8.769435E-06
9.137363 13.20005 37.04997 -8.769435E-06
9.237364 13.20005 37.04997 -8.769435E-06
9.337363 13.20005 37.04997 -8.769435E-06
9.437364 13.20005 37.04997 -8.769435E-06
9.537364 13.20005 37.04997 -8.769435E-06
9.637363 13.20005 37.04997 -8.769435E-06
9.737364 13.87505 38.32498 -8.794347E-06
9.837363 22.80006 60.67498 -7.409118E-06
9.937364 28.35007 77.17497 -1.164154E-05
10.03736 29.47512 80.32496 -1.37299E-05
10.13736 29.47512 80.32496 -1.37299E-05
10.23736 29.47512 80.32496 -1.37299E-05
10.33736 29.47512 80.32496 -1.37299E-05
10.43736 29.47512 80.32496 -1.37299E-05
10.53736 29.47512 80.54997 -1.471061E-05
10.63736 30.00017 113.7 -9.858545E-06
10.73736 30.00019 136.125 -1.478782E-05
10.83736 30.00018 140.175 -8.872691E-06
10.93736 30.00018 140.7 -7.886839E-06
11.03736 30.00018 141.6749 -8.872691E-06
11.13736 30.00018 141.7499 -7.886837E-06
11.23736 30.00018 141.7499 -7.886837E-06
11.33736 30.00018 141.7499 -7.886837E-06
11.43736 30.00018 141.7499 -7.886837E-06
11.53736 34.35019 144.0749 -8.272955E-06
11.63736 46.72519 155.925 -1.245479E-05
11.73736 54.22522 163.95 -1.314395E-05
11.83736 55.50029 166.4249 -1.356626E-05
11.93736 54.00034 171.5249 -6.899555E-06
12.03736 45.60035 181.3498 -1.182138E-05
12.13736 38.2504 186.5247 -1.522047E-05
12.23736 35.17545 188.6246 -1.645103E-05
12.33736 33.67547 189.9745 -2.000572E-05
12.43736 33.67547 189.9745 -1.692791E-05
12.53736 33.67547 189.9745 -1.692791E-05
12.63736 33.67547 189.9745 -1.692791E-05
12.73736 33.00047 189.8244 -1.374319E-05
12.83736 32.47548 188.9244 -1.948166E-05
12.93736 32.25048 184.6495 -1.892848E-05
13.03736 31.8755 177.7494 -1.633756E-05
13.13736 29.10052 161.9994 -2.149658E-05
13.23736 25.65054 140.9994 -1.420666E-05
13.33736 25.20057 138.3743 -1.792804E-05
13.43736 25.20057 138.3743 -1.792804E-05
13.53736 25.20057 138.3743 -1.792804E-05
13.63736 25.20057 138.3743 -1.792804E-05
13.73736 25.20057 138.3743 -1.792804E-05
13.83736 25.20057 138.3743 -1.792804E-05
13.93736 25.20057 138.3743 -1.792804E-05
14.03736 25.20057 138.3743 -1.792804E-05
14.13736 24.90056 137.7743 -1.694294E-05
14.23736 22.12558 126.2243 -1.566793E-05
14.33736 18.82558 110.1743 -1.713852E-05
14.43736 17.7006 105.0743 -1.702783E-05
14.53736 17.7006 105.0743 -1.702783E-05
14.63736 17.7006 105.0743 -1.702783E-05
14.73736 17.7006 105.0743 -1.702783E-05
14.83736 17.7006 105.0743 -1.702783E-05
14.93736 17.7006 105.0743 -1.702783E-05
15.03736 17.7006 105.0743 -1.702783E-05
15.13736 17.7006 105.0743 -1.702783E-05
15.23736 17.7006 105.0743 -1.702783E-05
15.33736 17.7006 105.0743 -1.702783E-05
15.43736 17.7006 105.0743 -1.702783E-05
15.53736 17.7006 105.0743 -1.702783E-05
15.63736 17.7006 105.0743 -1.702783E-05
15.73736 17.7006 105.0743 -1.702783E-05
15.83736 17.7006 105.0743 -1.702783E-05
15.93736 17.7006 105.0743 -1.702783E-05
16.03736 17.7006 105.0743 -1.702783E-05
16.13736 17.7006 105.0743 -1.702783E-05
16.23736 17.7006 105.0743 -1.702783E-05
16.33736 17.7006 105.0743 -1.702783E-05
16.43736 17.7006 105.0743 -1.702783E-05
16.53736 17.7006 105.0743 -1.702783E-05
16.63736 17.7006 105.0743 -1.702783E-05
16.73736 17.7006 105.0743 -1.702783E-05
16.83736 17.7006 105.0743 -1.702783E-05
16.93736 17.7006 105.0743 -1.702783E-05
17.03736 17.7006 105.0743 -1.702783E-05
17.13736 17.7006 105.0743 -1.702783E-05
17.23736 17.7006 105.0743 -1.702783E-05
17.33736 17.7006 105.0743 -1.702783E-05
17.43736 17.7006 105.0743 -1.702783E-05
17.53736 17.7006 105.0743 -1.702783E-05
17.63736 17.7006 105.0743 -1.702783E-05
17.73736 17.7006 105.0743 -1.702783E-05
17.83736 17.7006 105.0743 -1.702783E-05
17.93736 17.7006 105.0743 -1.702783E-05
18.03736 17.7006 105.0743 -1.702783E-05
18.13736 17.7006 105.0743 -1.702783E-05
18.23736 17.7006 105.0743 -1.702783E-05
18.33736 17.7006 105.0743 -1.702783E-05
18.43736 17.7006 105.0743 -1.702783E-05
18.53736 17.7006 105.0743 -1.702783E-05
18.63736 17.7006 105.0743 -1.702783E-05
18.73736 17.7006 105.0743 -1.702783E-05
18.83736 17.7006 105.0743 -1.702783E-05
18.93736 17.7006 105.0743 -1.702783E-05
19.03736 17.7006 105.0743 -1.702783E-05
19.13736 17.7006 105.0743 -1.702783E-05
19.23736 17.7006 105.0743 -1.702783E-05
19.33736 17.7006 105.0743 -1.702783E-05
19.43736 17.7006 105.0743 -1.702783E-05
19.53736 17.7006 105.0743 -1.702783E-05
19.63736 17.7006 105.0743 -1.702783E-05
19.73736 17.7006 105.0743 -1.702783E-05
19.83736 17.7006 105.0743 -1.702783E-05
19.93736 17.7006 105.0743 -1.702783E-05
20.03736 17.7006 105.0743 -1.702783E-05
20.13736 17.7006 105.0743 -1.702783E-05
20.23736 17.7006 105.0743 -1.702783E-05
20.33736 17.7006 105.0743 -1.702783E-05
20.43736 17.7006 105.0743 -1.702783E-05
20.53736 17.7006 105.0743 -1.702783E-05
20.63736 17.7006 105.0743 -1.702783E-05
20.73736 17.7006 105.0743 -1.702783E-05
20.83736 17.7006 105.0743 -1.702783E-05
20.93736 17.7006 105.0743 -1.702783E-05
21.03736 17.7006 105.0743 -1.702783E-05
21.13736 17.7006 105.0743 -1.702783E-05
21.23736 17.7006 105.0743 -1.702783E-05
21.33736 17.7006 105.0743 -1.702783E-05
21.43736 17.7006 105.0743 -1.702783E-05
21.53736 17.7006 105.0743 -1.702783E-05
21.63736 17.7006 105.0743 -1.702783E-05
21.73736 17.7006 105.0743 -1.702783E-05
21.83736 17.7006 105.0743 -1.702783E-05
21.93736 17.7006 105.0743 -1.702783E-05
22.03736 17.7006 105.0743 -1.702783E-05
22.13736 17.7006 105.0743 -1.702783E-05
22.23736 17.7006 105.0743 -1.702783E-05
22.33736 17.7006 105.0743 -1.702783E-05
22.43736 17.7006 105.0743 -1.702783E-05
22.53736 17.7006 105.0743 -1.702783E-05
22.63736 17.7006 105.0743 -1.702783E-05
22.73736 17.7006 105.0743 -1.702783E-05
22.83736 17.7006 105.0743 -1.702783E-05
22.93736 17.7006 105.0743 -1.702783E-05
23.03736 17.7006 105.0743 -1.702783E-05
23.13736 17.7006 105.0743 -1.702783E-05
23.23736 17.7006 105.0743 -1.702783E-05
23.33736 17.7006 105.0743 -1.702783E-05
23.43736 17.7006 105.0743 -1.702783E-05
23.53736 17.7006 105.0743 -1.702783E-05
23.63736 17.7006 105.0743 -1.702783E-05
23.73736 17.7006 105.0743 -1.702783E-05
23.83736 17.7006 105.0743 -1.702783E-05
23.93736 17.7006 105.0743 -1.702783E-05
24.03736 17.7006 105.0743 -1.702783E-05
24.13736 17.7006 105.0743 -1.702783E-05
24.23736 17.7006 105.0743 -1.702783E-05
24.33736 17.7006 105.0743 -1.702783E-05
24.43736 17.7006 105.0743 -1.702783E-05
24.53736 17.7006 105.0743 -1.702783E-05
24.63736 17.7006 105.0743 -1.702783E-05
24.73736 17.7006 105.0743 -1.702783E-05
24.83736 17.7006 105.0743 -1.702783E-05
24.93736 17.7006 105.0743 -1.702783E-05
25.03736 17.7006 105.0743 -1.702783E-05
25.13736 17.7006 105.0743 -1.702783E-05
25.23736 17.7006 105.0743 -1.702783E-05
25.33736 17.7006 105.0743 -1.702783E-05
25.43736 17.7006 105.0743 -1.702783E-05
25.53736 17.7006 105.0743 -1.702783E-05
25.63736 17.7006 105.0743 -1.702783E-05
25.73736 17.7006 105.0743 -1.702783E-05
25.83736 17.7006 105.0743 -1.702783E-05
25.93736 17.7006 105.0743 -1.702783E-05
26.03736 17.7006 105.0743 -1.702783E-05
26.13736 17.7006 105.0743 -1.702783E-05
26.23736 17.7006 105.0743 -1.702783E-05
26.33736 17.7006 105.0743 -1.702783E-05
26.43736 17.7006 105.0743 -1.702783E-05
26.53736 17.7006 105.0743 -1.702783E-05
26.63736 17.7006 105.0743 -1.702783E-05
26.73736 17.7006 105.0743 -1.702783E-05
26.83736 17.7006 105.0743 -1.702783E-05
26.93736 17.7006 105.0743 -1.702783E-05
27.03736 17.7006 105.0743 -1.702783E-05
27.13736 17.7006 105.0743 -1.702783E-05
27.23736 17.7006 105.0743 -1.702783E-05
27.33736 17.7006 105.0743 -1.702783E-05
27.43736 17.7006 105.0743 -1.702783E-05
27.53736 17.7006 105.0743 -1.702783E-05
27.63736 17.7006 105.0743 -1.702783E-05
27.73736 17.7006 105.0743 -1.702783E-05
27.83736 17.7006 105.0743 -1.702783E-05
27.93736 17.7006 105.0743 -1.702783E-05
28.03736 17.7006 105.0743 -1.702783E-05
28.13736 17.7006 105.0743 -1.702783E-05
28.23736 17.7006 105.0743 -1.702783E-05
28.33736 17.7006 105.0743 -1.702783E-05
28.43736 17.7006 105.0743 -1.702783E-05
28.53736 17.7006 105.0743 -1.702783E-05
28.63736 17.7006 105.0743 -1.702783E-05
28.73736 17.7006 105.0743 -1.702783E-05
28.83736 17.7006 105.0743 -1.702783E-05
28.93736 17.7006 105.0743 -1.702783E-05
29.03736 17.7006 105.0743 -1.702783E-05
29.13736 17.7006 105.0743 -1.702783E-05
29.23736 17.7006 105.0743 -1.702783E-05
29.33736 17.7006 105.0743 -1.702783E-05
29.43736 17.7006 105.0743 -1.702783E-05
29.53736 17.7006 105.0743 -1.702783E-05
29.63736 17.7006 105.0743 -1.702783E-05
29.73736 17.7006 105.0743 -1.702783E-05
29.83736 17.7006 105.0743 -1.702783E-05
29.93736 17.7006 105.0743 -1.702783E-05
30.03736 17.7006 105.0743 -1.702783E-05
30.13736 17.7006 105.0743 -1.702783E-05
30.23736 17.7006 105.0743 -1.702783E-05
30.33736 17.7006 105.0743 -1.702783E-05
30.43736 17.7006 105.0743 -1.702783E-05
30.53736 17.7006 105.0743 -1.702783E-05
30.63736 17.7006 105.0743 -1.702783E-05
30.73736 17.7006 105.0743 -1.702783E-05
30.83736 17.7006 105.0743 -1.702783E-05
30.93736 17.7006 105.0743 -1.702783E-05
31.03736 17.7006 105.0743 -1.702783E-05
31.13736 17.7006 105.0743 -1.702783E-05
31.23736 17.7006 105.0743 -1.702783E-05
31.33736 17.7006 105.0743 -1.702783E-05
31.43736 17.7006 105.0743 -1.702783E-05
31.53736 17.7006 105.0743 -1.702783E-05
31.63736 17.7006 105.0743 -1.702783E-05
31.73736 17.7006 105.0743 -1.702783E-05
31.83736 17.7006 105.0743 -1.702783E-05
31.93736 17.70061 105.0743 -1.613162E-05
32.03736 17.77563 114.2993 -1.613838E-05
32.13736 19.35064 138.4493 -1.357339E-05
32.23737 20.10066 158.8493 -1.159166E-05
32.33736 20.25068 172.4243 -1.069279E-05
32.43736 20.25068 182.6991 -1.365037E-05
32.53736 20.25067 186.3741 -1.831425E-05
32.63736 20.25067 186.3741 -1.831425E-05
32.73737 20.25067 186.3741 -1.831425E-05
32.83736 20.25067 186.3741 -1.831425E-05
32.93736 20.25067 186.3741 -1.831425E-05
33.03736 20.25067 186.3741 -1.831425E-05
33.13736 20.25067 186.3741 -1.831425E-05
33.23737 20.25067 186.3741 -1.831425E-05
33.33736 20.55067 196.724 -2.439061E-05
33.43736 20.92569 209.774 -2.742183E-05
33.53736 20.9257 214.9489 -3.382026E-05
33.63736 20.9257 215.249 -3.42773E-05
33.73737 20.9257 215.249 -3.42773E-05
33.83736 20.9257 215.249 -3.42773E-05
33.93736 20.9257 215.249 -3.42773E-05
34.03736 20.9257 215.249 -3.42773E-05
34.13736 20.92572 209.5489 -3.610541E-05
34.23737 19.80073 189.9739 -3.198668E-05
34.33736 19.80073 189.8239 -2.903755E-05
34.43736 19.80073 189.8239 -2.903755E-05
34.53736 19.72574 185.8489 -2.925065E-05
34.63736 17.47575 152.0989 -2.864278E-05
34.73737 15.52576 105.2989 -3.101377E-05
34.83736 14.92578 84.97393 -3.180908E-05
34.93736 14.92579 84.82394 -3.180908E-05
35.03736 14.92579 84.82394 -3.180908E-05
35.13736 14.92579 84.82394 -3.180908E-05
35.23737 14.92579 84.82394 -3.180908E-05
35.33736 14.92579 84.82394 -3.180908E-05
35.43736 14.92579 84.82394 -3.180908E-05
35.53736 14.92579 84.82394 -3.180908E-05
35.63736 14.92579 84.82394 -3.180908E-05
35.73737 14.92579 84.82394 -3.180908E-05
35.83736 14.92579 84.82394 -3.180908E-05
35.93736 14.92579 84.82394 -3.180908E-05
36.03736 14.92579 84.82394 -3.180908E-05
36.13736 14.92579 84.82394 -3.180908E-05
36.23737 14.92579 84.82394 -3.180908E-05
36.33736 14.92579 84.82394 -3.180908E-05
36.43736 14.92579 84.82394 -3.180908E-05
36.53736 14.92579 84.82394 -3.180908E-05
36.63736 14.92579 84.82394 -3.180908E-05
36.73737 14.92579 84.82394 -3.180908E-05
36.83736 14.92579 84.82394 -3.180908E-05
36.93736 14.92579 84.82394 -3.180908E-05
37.03736 14.92579 84.82394 -3.180908E-05
37.13736 14.92579 84.82394 -3.180908E-05
37.23737 14.92579 84.82394 -3.180908E-05
37.33736 14.92579 84.82394 -3.180908E-05
37.43736 14.92579 84.82394 -3.180908E-05
37.53736 14.92579 84.82394 -3.180908E-05
37.63736 14.92579 84.82394 -3.180908E-05
37.73737 14.92579 84.82394 -3.180908E-05
37.83736 14.92579 84.82394 -3.180908E-05
37.93736 14.92579 84.82394 -3.180908E-05
38.03736 14.92579 84.82394 -3.180908E-05
38.13736 14.92579 84.82394 -3.180908E-05
38.23737 14.92579 84.82394 -3.180908E-05
38.33736 14.92579 84.82394 -3.180908E-05
38.43736 14.92579 84.82394 -3.180908E-05
38.53736 14.92579 84.82394 -3.180908E-05
38.63736 14.92579 84.82394 -3.180908E-05
38.73737 14.92579 84.82394 -3.180908E-05
38.83736 14.92579 84.82394 -3.180908E-05
38.93736 14.92579 84.82394 -3.180908E-05
39.03736 14.92579 84.82394 -3.180908E-05
39.13736 14.92579 84.82394 -3.180908E-05
39.23737 14.92579 84.82394 -3.180908E-05
39.33736 14.92579 84.82394 -3.180908E-05
39.43736 14.92579 84.82394 -3.180908E-05
39.53736 14.92579 84.82394 -3.180908E-05
39.63736 14.92579 84.82394 -3.180908E-05
39.73737 14.92579 84.82394 -3.180908E-05
39.83736 14.92579 84.82394 -3.180908E-05
39.93736 14.92579 84.82394 -3.180908E-05
40.03736 14.92579 84.82394 -3.180908E-05
40.13736 14.92579 84.82394 -3.180908E-05
40.23737 14.92579 84.82394 -3.180908E-05
40.33736 14.92579 84.82394 -3.180908E-05
40.43736 14.92579 84.82394 -3.180908E-05
40.53736 14.92579 84.82394 -3.180908E-05
40.63736 14.92579 84.82394 -3.180908E-05
40.73737 14.92579 84.82394 -3.180908E-05
40.83736 14.92579 84.82394 -3.180908E-05
40.93736 14.92579 84.82394 -3.180908E-05
41.03736 14.92579 84.82394 -3.180908E-05
41.13736 14.92579 84.82394 -3.180908E-05
41.23737 14.92579 84.82394 -3.180908E-05
41.33736 14.92579 84.82394 -3.180908E-05
41.43736 14.92579 84.82394 -3.180908E-05
41.53736 14.92579 84.82394 -3.180908E-05
41.63736 14.92579 84.82394 -3.180908E-05
41.73737 14.92579 84.82394 -3.180908E-05
41.83736 14.92579 84.82394 -3.180908E-05
41.93736 14.92579 84.82394 -3.180908E-05
42.03736 14.92579 84.82394 -3.180908E-05
42.13736 14.92579 84.82394 -3.180908E-05
42.23737 14.92579 84.82394 -3.180908E-05
42.33736 14.92579 84.82394 -3.180908E-05
42.43736 14.92579 84.82394 -3.180908E-05
42.53736 14.92579 84.82394 -3.180908E-05
42.63736 14.92579 84.82394 -3.180908E-05
42.73737 14.92579 84.82394 -3.180908E-05
42.83736 14.92579 84.82394 -3.180908E-05
42.93736 14.92579 84.82394 -3.180908E-05
43.03736 14.92579 84.82394 -3.180908E-05
43.13736 14.92579 84.82394 -3.180908E-05
43.23737 14.92579 84.82394 -3.180908E-05
43.33736 14.92579 84.82394 -3.180908E-05
43.43736 14.92579 84.82394 -3.180908E-05
43.53736 14.92579 84.82394 -3.180908E-05
43.63736 14.92579 84.82394 -3.180908E-05
43.73737 14.92579 84.82394 -3.180908E-05
43.83736 14.92579 84.82394 -3.180908E-05
43.93736 14.92579 84.82394 -3.180908E-05
44.03736 14.92579 84.82394 -3.180908E-05
44.13736 14.92579 84.82394 -3.180908E-05
44.23737 14.92579 84.82394 -3.180908E-05
44.33736 14.92579 84.82394 -3.180908E-05
44.43736 14.92579 84.82394 -3.180908E-05
44.53736 14.92579 84.82394 -3.180908E-05
44.63736 14.92579 84.82394 -3.180908E-05
44.73737 14.92579 84.82394 -3.180908E-05
44.83736 14.92579 84.82394 -3.180908E-05
44.93736 14.92579 84.82394 -3.180908E-05
45.03736 14.92579 84.82394 -3.180908E-05
45.13736 14.92579 84.82394 -3.180908E-05
45.23737 14.92579 84.82394 -3.180908E-05
45.33736 14.92579 84.82394 -3.180908E-05
45.43736 14.92579 84.82394 -3.180908E-05
45.53736 14.92579 84.82394 -3.180908E-05
45.63736 14.92579 84.82394 -3.180908E-05
45.73737 14.92579 84.82394 -3.180908E-05
45.83736 14.92579 84.82394 -3.180908E-05
45.93736 14.92579 84.82394 -3.180908E-05
46.03736 14.92579 84.82394 -3.180908E-05
46.13736 14.92579 84.82394 -3.180908E-05
46.23737 14.92579 84.82394 -3.180908E-05
46.33736 14.92579 84.82394 -3.180908E-05
46.43736 14.92579 84.82394 -3.180908E-05
46.53736 14.92579 84.82394 -3.180908E-05
46.63736 14.92579 84.82394 -3.180908E-05
46.73737 14.92579 84.82394 -3.180908E-05
46.83736 14.92579 84.82394 -3.180908E-05
46.93736 14.92579 84.82394 -3.180908E-05
47.03736 14.92579 84.82394 -3.180908E-05
47.13736 14.92579 84.82394 -3.180908E-05
47.23737 14.92579 84.82394 -3.180908E-05
47.33736 14.92579 84.82394 -3.180908E-05
47.43736 14.92579 84.82394 -3.180908E-05
47.53736 14.92579 84.82394 -3.180908E-05
47.63736 14.92579 84.82394 -3.180908E-05
47.73737 14.92579 84.82394 -3.180908E-05
47.83736 14.92579 84.82394 -3.180908E-05
47.93736 14.92579 84.82394 -3.180908E-05
48.03736 14.92579 84.82394 -3.180908E-05
48.13736 14.92579 84.82394 -3.180908E-05
48.23737 14.92579 84.82394 -3.180908E-05
48.33736 14.92579 84.82394 -3.180908E-05
48.43736 14.92579 84.82394 -3.180908E-05
48.53736 14.92579 84.82394 -3.180908E-05
48.63736 14.92579 84.82394 -3.180908E-05
48.73737 14.92579 84.82394 -3.180908E-05
48.83736 14.92579 84.82394 -3.180908E-05
48.93736 14.92579 84.82394 -3.180908E-05
49.03736 14.92579 84.82394 -3.180908E-05
49.13736 14.92579 84.82394 -3.180908E-05
49.23737 14.92579 84.82394 -3.180908E-05
49.33736 14.92579 84.82394 -3.180908E-05
49.43736 14.92579 84.82394 -3.180908E-05
49.53736 14.92579 84.82394 -3.180908E-05
49.63736 14.92579 84.82394 -3.180908E-05
49.73737 14.92579 84.82394 -3.180908E-05
49.83736 14.85081 78.07396 -3.091474E-05
49.93736 14.10082 41.32395 -3.345134E-05
50.03736 14.02583 27.82397 -3.454039E-05
50.13736 13.80084 16.12396 -3.64849E-05
50.23737 13.80085 9.148957 -3.681458E-05
50.33736 13.80088 8.998947 -3.989162E-05
50.43736 13.80088 8.998947 -3.989162E-05
50.53736 13.80088 8.998947 -3.989162E-05
50.63736 13.80088 8.998947 -3.989162E-05
50.73737 13.80088 8.998947 -3.989162E-05
50.83736 13.80088 8.998947 -3.989162E-05
50.93736 13.80088 8.998947 -3.989162E-05
51.03736 13.80088 8.998947 -3.989162E-05
51.13736 13.80088 8.998947 -3.989162E-05
51.23737 13.80088 8.998947 -3.989162E-05
51.33736 13.80088 8.998947 -3.989162E-05
51.43736 13.80088 8.998947 -3.989162E-05
51.53736 13.80088 8.998947 -3.989162E-05
51.63736 13.80088 8.998947 -3.989162E-05
51.73737 13.80088 8.998947 -3.989162E-05
51.83736 13.80088 8.998947 -3.989162E-05
51.93736 13.80088 9.973958 -3.769374E-05
52.03736 13.80089 16.87399 -3.64849E-05
52.13736 13.3509 27.37397 -3.7732E-05
52.23737 12.90091 34.87397 -4.335621E-05
52.33736 12.60091 37.64899 -4.461714E-05
52.43736 12.22592 39.29897 -4.673686E-05
52.53736 11.62592 40.79896 -4.750528E-05
52.63736 11.32593 41.62394 -4.963162E-05
52.73737 11.32593 41.62394 -4.963162E-05
52.83736 11.32593 41.62394 -4.963162E-05
52.93736 11.32593 41.62394 -4.963162E-05
53.03736 11.32593 41.62394 -4.963162E-05
53.13736 11.32593 41.62394 -4.963162E-05
53.23737 11.32593 41.62394 -4.963162E-05
53.33736 11.32593 41.62394 -4.963162E-05
53.43736 11.32593 41.62394 -4.963162E-05
53.53736 11.32593 41.62394 -4.963162E-05
53.63736 11.32593 41.62394 -4.963162E-05
53.73737 11.32593 41.62394 -4.963162E-05
53.83736 11.32593 41.62394 -4.963162E-05
53.93736 11.32593 41.62394 -4.963162E-05
54.03736 11.32593 41.62394 -4.963162E-05
54.13736 11.32593 41.62394 -4.963162E-05
54.23737 11.32593 41.62394 -4.963162E-05
54.33736 11.32593 41.62394 -4.963162E-05
54.43736 11.32593 41.62394 -4.963162E-05
54.53736 11.32593 41.62394 -4.963162E-05
54.63736 11.32593 41.62394 -4.963162E-05
54.73737 11.32593 41.62394 -4.963162E-05
54.83736 11.32593 41.62394 -4.963162E-05
54.93736 11.32593 41.62394 -4.963162E-05
55.03736 11.32593 41.62394 -4.963162E-05
55.13736 11.32593 41.62394 -4.963162E-05
55.23737 11.32593 41.62394 -4.963162E-05
55.33736 11.32593 41.62394 -4.963162E-05
55.43736 11.32593 41.62394 -4.963162E-05
55.53736 11.32593 41.62394 -4.963162E-05
55.63736 11.32593 41.62394 -4.963162E-05
55.73737 11.32593 41.62394 -4.963162E-05
55.83736 11.32593 41.62394 -4.963162E-05
55.93736 11.32593 41.62394 -4.963162E-05
56.03736 11.32593 41.62394 -4.963162E-05
56.13736 11.32593 43.94893 -5.093772E-05
56.23737 13.80094 62.84894 -5.230969E-05
56.33736 17.47595 83.62395 -5.191511E-05
56.43736 20.47597 98.92394 -5.103581E-05
56.53736 21.07598 102.3739 -5.398394E-05
56.63736 21.07599 102.4489 -5.123899E-05
56.73737 21.07599 102.4489 -5.123899E-05
56.83736 21.07599 102.4489 -5.123899E-05
56.93736 21.07599 102.4489 -5.123899E-05
57.03736 21.07599 102.4489 -5.123899E-05
57.13736 21.07599 102.4489 -5.123899E-05
57.23737 21.07599 102.4489 -5.123899E-05
57.33736 21.07599 102.4489 -5.123899E-05
57.43736 21.07599 102.4489 -5.123899E-05
57.53736 21.07599 102.4489 -5.123899E-05
57.63736 21.07599 102.4489 -5.123899E-05
57.73737 21.001 106.349 -5.304225E-05
57.83736 21.30102 123.824 -5.406619E-05
57.93736 21.97602 164.399 -4.994629E-05
58.03736 21.45103 191.1739 -5.389229E-05
58.13736 21.37605 192.8988 -5.455227E-05
58.23737 21.37605 192.8988 -5.455227E-05
58.33736 21.37605 192.8988 -5.455227E-05
58.43736 21.37605 192.8988 -5.455227E-05
58.53736 21.37605 192.7488 -5.478149E-05
58.63736 21.45104 191.9988 -5.779089E-05
58.73737 21.90106 176.3238 -5.728145E-05
58.83736 21.97609 160.1986 -6.352617E-05
58.93736 21.97611 145.1986 -6.444686E-05
59.03736 21.97614 139.2736 -6.076419E-05
59.13736 21.97615 138.9736 -6.306588E-05
59.23737 21.97617 137.2486 -6.352622E-05
59.33736 21.97617 133.8736 -6.628824E-05
59.43736 21.97617 130.7986 -6.628823E-05
59.53736 21.97616 129.6736 -6.628824E-05
59.63736 21.97616 129.6736 -6.536756E-05
59.73737 21.97616 129.6736 -6.628824E-05
59.83736 21.97616 130.0485 -6.720892E-05
59.93736 21.97619 134.3235 -6.168488E-05
60.03736 21.97621 147.9736 -6.076423E-05
60.13736 21.97623 169.8735 -5.984356E-05
60.23737 21.97623 180.3735 -5.142806E-05
60.33736 21.97623 184.2735 -5.754189E-05
60.43736 21.97623 187.3485 -6.018882E-05
60.53736 21.97623 188.8484 -6.467708E-05
60.63736 21.97623 188.8484 -6.467708E-05
60.73737 21.97623 188.8484 -6.467708E-05
60.83736 21.97623 188.8484 -6.467708E-05
60.93736 21.67623 189.8234 -6.477129E-05
61.03736 20.40123 201.6734 -6.831833E-05
61.13736 20.25125 207.5233 -6.961714E-05
61.23737 20.25126 211.1232 -6.688707E-05
61.33736 20.25126 211.1983 -8.053749E-05
61.43736 20.25126 211.1983 -8.09925E-05
61.53736 20.25126 211.1983 -8.09925E-05
61.63736 20.25126 211.1983 -8.09925E-05
61.73737 20.25126 211.1983 -8.09925E-05
61.83736 20.17626 221.1733 -7.91343E-05
61.93736 22.80127 244.4983 -7.687028E-05
62.03736 22.80129 244.4983 -7.594412E-05
62.13736 22.80129 244.4983 -7.594412E-05
62.23737 22.80129 244.4983 -7.594412E-05
62.33736 23.6263 229.1233 -7.455083E-05
62.43736 23.6263 214.5732 -7.921025E-05
62.53736 23.47632 211.1232 -7.679287E-05
62.63736 23.47632 210.6731 -8.563567E-05
62.73737 23.47632 210.6731 -8.74973E-05
62.83736 23.47632 210.6731 -8.74973E-05
62.93736 23.47632 210.6731 -8.74973E-05
63.03736 23.47632 210.6731 -8.74973E-05
63.13736 23.47632 210.6731 -8.74973E-05
63.23737 23.47632 210.6731 -8.74973E-05
63.33736 23.47632 210.6731 -8.74973E-05
63.43736 23.47633 209.2481 -8.935897E-05
63.53736 23.47636 207.898 -9.494393E-05
63.63736 23.47635 207.0729 -9.913265E-05
63.73737 23.47635 206.9979 -9.913265E-05
63.83736 23.47635 206.9979 -9.913265E-05
63.93736 23.47635 206.9979 -9.913265E-05
64.03736 23.47635 206.9979 -9.913265E-05
64.13737 23.47635 206.9979 -9.913265E-05
64.23737 23.47635 206.9979 -9.913265E-05
64.33736 23.47635 206.9979 -9.913265E-05
64.43736 23.47635 206.9979 -9.913265E-05
64.53736 23.47635 206.9979 -9.913265E-05
64.63737 23.47635 206.9979 -9.913265E-05
64.73737 23.47635 206.9979 -9.913265E-05
64.83736 23.47635 206.9979 -9.913265E-05
64.93736 23.47635 206.9979 -9.913265E-05
65.03736 23.47635 206.9979 -9.913265E-05
65.13737 23.47635 206.9979 -9.913265E-05
65.23737 23.47635 206.9979 -9.913265E-05
65.33736 23.47635 206.9979 -9.913265E-05
65.43736 23.47635 206.9979 -9.913265E-05
65.53736 23.47635 206.9979 -9.913265E-05
65.63737 23.47635 206.9979 -9.913265E-05
65.73737 23.47635 206.9979 -9.913265E-05
65.83736 23.47635 206.9979 -9.913265E-05
65.93736 23.47635 206.9979 -9.913265E-05
66.03736 23.47635 206.9979 -9.913265E-05
66.13737 23.47635 206.9979 -9.913265E-05
66.23737 23.47635 206.9979 -9.913265E-05
66.33736 23.47635 206.9979 -9.913265E-05
66.43736 23.47635 206.9979 -9.913265E-05
66.53736 23.47635 206.9979 -9.913265E-05
66.63737 23.47635 206.9979 -9.913265E-05
66.73737 23.47635 206.9979 -9.913265E-05
66.83736 23.47635 206.9979 -9.913265E-05
66.93736 23.47635 206.9979 -9.913265E-05
67.03736 23.47635 206.9979 -9.913265E-05
67.13737 23.47635 206.9979 -9.913265E-05
67.23737 23.47635 206.9979 -9.913265E-05
67.33736 23.47635 206.9979 -9.913265E-05
67.43736 23.47635 206.9979 -9.913265E-05
67.53736 23.47635 206.9979 -9.913265E-05
67.63737 23.47635 206.9979 -9.913265E-05
67.73737 23.47635 206.9979 -9.913265E-05
67.83736 23.47635 206.9979 -9.913265E-05
67.93736 23.47635 206.9979 -9.913265E-05
68.03736 23.47635 206.9979 -9.913265E-05
68.13737 23.47635 206.9979 -9.913265E-05
68.23737 23.47635 206.9979 -9.913265E-05
68.33736 23.47635 206.9979 -9.913265E-05
68.43736 23.47635 206.9979 -9.913265E-05
68.53736 23.47635 206.9979 -9.913265E-05
68.63737 23.47635 206.9979 -9.913265E-05
68.73737 23.47635 206.9979 -9.913265E-05
68.83736 23.47635 206.9979 -9.913265E-05
68.93736 23.47635 206.9979 -9.913265E-05
69.03736 23.47635 206.9979 -9.913265E-05
69.13737 23.47635 206.9979 -9.913265E-05
69.23737 23.47635 206.9979 -9.913265E-05
69.33736 23.47635 206.9979 -9.913265E-05
69.43736 23.47635 206.9979 -9.913265E-05
69.53736 23.47635 206.9979 -9.913265E-05
69.63737 23.47635 206.9979 -9.913265E-05
69.73737 23.47635 206.9979 -9.913265E-05
69.83736 23.47635 206.9979 -9.913265E-05
69.93736 23.47635 206.9979 -9.913265E-05
70.03736 23.47635 206.9979 -9.913265E-05
70.13737 23.47635 206.9979 -9.913265E-05
70.23737 23.47635 206.9979 -9.913265E-05
70.33736 23.47635 206.9979 -9.913265E-05
70.43736 23.47635 206.9979 -9.913265E-05
70.53736 23.47635 206.9979 -9.913265E-05
70.63737 23.47635 206.9979 -9.913265E-05
70.73737 23.47635 206.9979 -9.913265E-05
70.83736 23.47635 206.9979 -9.913265E-05
70.93736 23.47635 206.9979 -9.913265E-05
71.03736 23.47635 206.9979 -9.913265E-05
71.13737 23.47635 206.9979 -9.913265E-05
71.23737 23.47635 206.9979 -9.913265E-05
71.33736 23.47635 206.9979 -9.913265E-05
71.43736 23.47635 206.9979 -9.913265E-05
71.53736 23.47635 206.9979 -9.913265E-05
71.63737 23.47635 206.9979 -9.913265E-05
71.73737 23.47635 206.9979 -9.913265E-05
71.83736 23.47635 206.9979 -9.913265E-05
71.93736 23.47635 206.9979 -9.913265E-05
72.03736 23.47635 206.9979 -9.913265E-05
72.13737 23.47635 206.9979 -9.913265E-05
72.23737 23.47635 206.9979 -9.913265E-05
72.33736 23.47635 206.9979 -9.913265E-05
72.43736 23.47635 206.9979 -9.913265E-05
72.53736 23.47635 206.9979 -9.913265E-05
72.63737 23.47635 206.9979 -9.913265E-05
72.73737 23.47635 206.9979 -9.913265E-05
72.83736 23.47635 206.9979 -9.913265E-05
