-0.03333334 354.3793 249.9197 6.024282
0.03333334 354.2361 249.9776 5.972338
0.06666667 352.3386 253.2169 4.089418
0.1333333 351.9144 253.4478 4.142153
0.1333333 351.7168 253.361 4.305426
0.1666667 351.2597 253.4852 4.373225
0.2 351.0765 253.4763 4.395982
0.2 348.6291 252.6597 4.582976
0.2 347.8235 252.3086 4.838022
0.2 347.6895 252.2439 4.822428
0.2 347.594 251.9598 5.038237
0.6 347.8449 251.7001 5.149674
0.6333333 347.6989 251.5326 5.302337
0.6666667 347.6878 251.4943 5.357054
0.6666667 347.572 251.2057 5.56063
0.7 347.5236 251.2348 5.536288
0.7 347.3978 251.1744 5.579427
0.7 347.2914 251.1985 5.604301
0.7333333 347.1255 251.134 5.725058
0.7333333 346.9997 251.0923 5.822621
0.7666667 346.8441 251.0925 5.899727
0.7666667 346.6832 251.0947 5.977803
0.7666667 346.4789 251.1392 6.052454
0.8 346.3207 251.199 6.095551
0.8 346.1762 251.2902 6.141025
0.8333333 346.0656 251.4228 6.157648
0.8333333 345.9989 251.5646 6.154663
0.8666667 345.9587 251.7381 6.107666
0.8666667 345.9456 251.9132 6.048523
0.8666667 345.9633 252.1503 5.986909
0.9 345.9629 252.3391 5.982462
0.9 345.9513 252.4919 5.989444
0.9333333 345.8933 252.6889 6.000827
0.9333333 345.8341 252.8963 5.99617
0.9666666 345.7993 253.0775 6.016307
0.9666666 345.7979 253.3092 6.01906
0.9666666 345.8053 253.5021 6.02318
1 345.8183 253.7589 5.983848
1 345.8151 253.9979 5.93764
1.033333 345.7678 254.2701 5.847825
1.033333 345.662 254.4894 5.754529
1.033333 345.5295 254.7517 5.632475
1.066667 345.4474 255.0255 5.503946
1.066667 345.4548 255.2709 5.40144
1.1 345.5026 255.4824 5.30837
1.1 345.5771 255.7348 5.220044
1.133333 345.6328 255.9405 5.156231
1.133333 345.6472 256.1742 5.090787
1.166667 345.6056 256.35 5.077384
1.166667 345.5251 256.5318 5.167526
1.166667 345.4591 256.6329 5.270107
1.2 345.4194 256.712 5.456248
1.2 345.3704 256.7528 5.6569
1.2 345.3523 256.7566 5.856826
1.233333 345.3748 256.7213 6.071215
1.233333 345.4153 256.6565 6.234236
1.266667 345.5053 256.5112 6.439662
1.266667 345.6167 256.3467 6.657124
1.3 345.7467 256.1711 6.847978
1.3 345.8743 255.9516 7.076862
1.333333 345.8918 255.7092 7.338919
1.333333 345.8429 255.4753 7.561834
1.333333 345.7806 255.2622 7.743578
1.366667 345.6919 254.925 8.012929
1.366667 345.615 254.589 8.27979
1.366667 345.5868 254.2529 8.520101
1.4 345.6042 253.7906 8.861385
1.4 345.6324 253.3463 9.168749
1.433333 345.6561 252.811 9.554728
1.433333 345.6802 252.2796 9.935887
1.466667 345.6788 251.7312 10.2608
1.466667 345.651 251.2 10.53746
1.466667 345.619 250.6429 10.8386
1.5 345.5662 250.0247 11.14767
1.5 345.4954 249.4891 11.4046
1.533333 345.4309 248.9534 11.65655
1.533333 345.3657 248.5395 11.8266
1.533333 345.2997 248.1109 12.03772
1.566667 345.2389 247.7311 12.24276
1.566667 345.1829 247.3791 12.44897
1.6 345.1775 247.0114 12.73473
1.6 345.2317 246.7072 13.00921
1.633333 345.3095 246.4529 13.25908
1.633333 345.4073 246.2346 13.47918
1.633333 345.4827 246.075 13.68727
1.666667 345.5921 245.9013 13.93789
1.666667 345.6669 245.7533 14.15578
1.7 345.7587 245.5518 14.46695
1.7 345.8482 245.3504 14.74106
1.733333 345.9149 245.1394 15.01702
1.733333 345.9449 244.875 15.30212
1.766667 346.0652 244.5005 15.70716
1.766667 346.2575 244.1633 16.08251
1.766667 346.5002 243.8018 16.37135
1.8 346.7491 243.502 16.41016
1.8 346.8698 243.3029 16.23273
1.8 346.8384 243.1478 15.90909
1.833333 346.6449 242.9729 15.60466
1.833333 346.4953 242.7774 15.37523
1.866667 346.5158 242.5574 15.16987
1.866667 346.754 242.3812 14.9656
1.9 347.0787 242.282 14.74395
1.9 347.3517 242.1984 14.57009
1.9 347.4661 242.104 14.49263
1.933333 347.4967 241.9813 14.45259
1.933333 347.4899 241.817 14.45732
1.966667 347.4783 241.6755 14.46986
1.966667 347.4816 241.5228 14.47554
1.966667 347.5177 241.3506 14.508
2 347.5526 241.2005 14.50688
2 347.5553 241.0546 14.48176
2.033333 347.5125 240.922 14.44465
2.033333 347.4495 240.8045 14.37964
2.066667 347.4007 240.6937 14.30205
2.066667 347.3588 240.6142 14.21017
2.066667 347.3354 240.5667 14.10664
2.1 347.3438 240.5567 13.99281
2.1 347.3088 240.6183 13.90979
2.133333 347.2441 240.705 13.84345
2.133333 347.1454 240.805 13.78377
2.166667 347.0166 240.9405 13.69349
2.166667 346.9146 241.1099 13.54909
2.166667 346.8474 241.289 13.35899
2.2 346.7804 241.5516 13.0869
2.2 346.7254 241.7891 12.87193
2.233333 346.6712 242.0505 12.62159
2.233333 346.6577 242.2952 12.41101
2.266667 346.6846 242.5429 12.18991
2.266667 346.751 242.8085 11.94822
2.266667 346.7879 243.0381 11.73088
2.3 346.7994 243.3225 11.43723
2.3 346.7604 243.5722 11.16938
2.3 346.7051 243.8254 10.85987
2.333333 346.6401 244.1038 10.5127
2.333333 346.6143 244.3293 10.23364
2.366667 346.5595 244.5763 9.919892
2.366667 346.5338 244.8089 9.649284
2.4 346.5099 244.9995 9.394831
2.4 346.4575 245.2771 9.046638
2.4 346.3868 245.5332 8.697565
2.433333 346.3171 245.7379 8.424182
2.433333 346.2327 245.9615 8.143786
2.466667 346.1528 246.1782 7.857046
2.466667 346.0518 246.3469 7.630785
2.466667 345.8898 246.4966 7.387726
2.5 345.6888 246.6216 7.196948
2.5 345.5277 246.7125 7.075127
2.533333 345.4 246.7721 6.981759
2.533333 345.2634 246.8115 6.876799
2.566667 345.1376 246.8458 6.747686
2.566667 344.9763 246.9074 6.576472
2.566667 344.8137 246.9408 6.431423
2.6 344.661 246.9974 6.248652
2.6 344.5427 247.0308 6.071337
2.633333 344.4768 247.0565 5.904014
2.633333 344.4603 247.0799 5.760548
2.666667 344.4857 247.0856 5.636747
2.666667 344.483 247.0948 5.517171
2.666667 344.4676 247.1048 5.381449
2.7 344.4353 247.1213 5.239283
2.7 344.4117 247.1324 5.106575
2.733333 344.369 247.1515 4.960037
2.733333 344.3081 247.1584 4.809011
2.733333 344.2404 247.1652 4.67962
2.766667 344.2303 247.161 4.589339
2.766667 344.2802 247.1573 4.510285
2.8 344.3589 247.1155 4.456382
2.8 344.377 247.1047 4.337847
2.833333 344.3106 247.0974 4.17199
2.833333 344.1968 247.1064 4.011142
2.833333 344.0541 247.1363 3.813868
2.866667 343.9571 247.1199 3.670096
2.866667 343.9086 247.0794 3.586457
2.9 343.9037 246.9673 3.571615
2.9 343.9339 246.8152 3.593173
2.9 343.9669 246.5467 3.66442
2.933333 343.9955 246.0785 3.773153
2.933333 344.0019 245.4499 3.896146
2.966667 343.983 244.5831 4.068524
2.966667 344.0179 243.5497 4.301004
3 344.1542 242.3511 4.593069
3 344.3381 241.2167 4.882709
3 344.5358 239.7955 5.200192
3.033333 344.7185 238.3263 5.527371
3.033333 344.9088 236.984 5.844258
3.066667 345.1893 235.1377 6.216261
3.066667 345.4789 233.6643 6.507042
3.066667 345.9596 231.9019 6.872011
3.1 346.4191 230.3134 7.218934
3.1 346.8077 226.767 7.537442
3.133333 347.1874 222.9736 7.866495
3.133333 347.4915 219.5201 8.158284
3.166667 347.8883 215.6217 8.563358
3.166667 348.1999 212.2697 8.831182
3.166667 348.6132 208.6561 9.1079
3.2 348.9559 205.4228 9.351874
3.2 349.2877 202.2049 9.638587
3.233333 349.6482 198.8457 9.960137
3.233333 349.9062 195.8133 10.21921
3.266667 350.1906 192.7809 10.42892
3.266667 350.381 189.9047 10.61896
3.266667 350.458 187.1679 10.75803
3.3 350.5227 184.4919 10.87397
3.3 350.6583 182.0103 11.00022
3.333333 350.8744 179.4421 11.12746
3.333333 351.0914 177.0486 11.18462
3.333333 351.2748 174.7366 11.25632
3.366667 351.4376 172.512 11.31505
3.366667 351.5377 170.3664 11.34693
3.4 351.5826 168.3321 11.40057
3.4 351.6271 166.3565 11.47689
3.4 351.6787 164.4416 11.548
3.433333 351.7076 162.5414 11.59357
3.433333 351.6861 160.6617 11.61651
3.466667 351.6202 158.8108 11.65746
3.466667 351.5657 156.9253 11.70025
3.466667 351.4999 155.0286 11.69946
3.5 351.3999 153.0891 11.61028
3.5 351.2656 151.1025 11.50558
3.533333 351.1118 149.0914 11.42732
3.533333 350.9541 147.0245 11.33947
3.566667 350.8236 144.9439 11.24941
3.566667 350.7305 142.8393 11.17334
3.6 350.7191 140.7237 11.0928
3.6 350.7186 138.5774 11.00731
3.6 350.7034 136.393 10.92942
3.633333 350.6835 134.2179 10.85752
3.633333 350.6663 132.062 10.78456
3.666667 350.6286 129.8273 10.68433
3.666667 350.6035 127.5884 10.64979
3.666667 350.6082 125.3285 10.63517
3.7 350.6642 123.0067 10.61362
3.7 350.741 120.6888 10.56734
3.733333 350.8441 118.3982 10.49811
3.733333 350.8946 116.0875 10.45149
3.766667 350.8795 113.7637 10.42529
3.766667 350.8825 111.3947 10.40488
3.766667 350.9254 109.0848 10.37062
3.8 351.0385 106.7313 10.31758
3.8 351.1481 104.4769 10.24436
3.833333 351.2412 102.261 10.16698
3.833333 351.3178 100.0699 10.07664
3.833333 351.3191 97.93059 9.950017
3.866667 351.2747 95.79695 9.848665
3.866667 351.2071 93.67972 9.769856
3.9 351.1508 91.63369 9.707719
3.9 351.1317 89.62669 9.634022
3.933333 351.1356 87.66792 9.59071
3.933333 351.1461 85.70674 9.559215
3.933333 351.1412 83.74622 9.551488
3.966667 351.0976 81.79838 9.561023
3.966667 351.0388 79.88896 9.538899
4 350.9706 77.99269 9.531298
4 350.917 76.09992 9.545496
4 350.8829 74.19856 9.548763
4.033333 350.8828 72.31837 9.511638
4.033333 350.8747 70.41689 9.484375
4.066667 350.8609 68.53648 9.460178
4.066667 350.8271 66.62679 9.45592
4.1 350.808 64.70203 9.459625
4.1 350.7923 62.78067 9.486628
4.1 350.7811 60.83087 9.488136
4.133333 350.7515 59.03625 9.516138
4.133333 350.7432 59.08167 9.538841
4.166667 350.7306 59.14068 9.531367
4.166667 350.7314 59.19425 9.500832
4.166667 350.7239 59.2446 9.480224
4.2 350.7175 59.29261 9.476068
4.2 350.7268 59.33442 9.47903
4.233333 350.7285 59.38679 9.452658
4.233333 350.6753 59.41846 9.450232
4.266667 350.5827 59.4642 9.454744
4.266667 350.4782 59.51103 9.47019
4.266667 350.4301 59.53986 9.502075
4.3 350.4149 59.60766 9.51435
4.3 350.426 59.68348 9.540557
4.333333 350.4268 59.74519 9.583099
4.333333 350.4047 59.79284 9.634635
4.333333 350.3621 59.82162 9.687675
4.366667 350.324 59.83387 9.728745
4.366667 350.293 59.83348 9.788934
4.4 350.268 59.83832 9.836288
4.4 350.2252 59.86602 9.868546
4.433333 350.2027 59.88375 9.899908
4.433333 350.1786 59.91747 9.911307
4.433333 350.1255 59.95433 9.927691
4.466667 350.0684 59.99178 9.948506
4.466667 349.9762 60.09136 9.964337
4.5 349.8681 60.18616 9.9539
4.5 349.776 60.28992 9.934294
4.5 349.704 60.40893 9.908406
4.533333 349.6626 60.56134 9.845142
4.533333 349.6265 60.74276 9.775605
4.566667 349.5742 60.92231 9.723899
4.566667 349.4704 61.14146 9.637033
4.6 349.318 61.39697 9.537512
4.6 349.1873 61.60552 9.471111
4.6 348.9914 61.84544 9.40378
4.633333 348.8389 62.0593 9.323288
4.633333 348.7071 62.29192 9.267736
4.666667 348.5754 62.55469 9.169741
4.666667 348.4489 62.79709 9.092216
4.7 348.3219 63.05496 9.044838
4.7 348.226 63.27431 8.976439
4.7 348.1278 63.50814 8.899687
4.733333 347.9795 63.76194 8.780784
4.733333 347.8087 63.98314 8.680594
4.766667 347.6366 64.1588 8.587743
4.766667 347.4326 64.38122 8.422562
4.766667 347.3232 64.55778 8.262173
4.8 347.2695 64.74432 8.068546
4.8 347.2482 64.89374 7.89726
4.833333 347.222 65.04334 7.720551
4.833333 347.1351 65.13326 7.581505
4.866667 346.9779 65.18604 7.483289
4.866667 346.8053 65.20942 7.431556
4.866667 346.5613 65.18326 7.42134
4.9 346.3184 65.0962 7.396883
4.9 346.0578 64.98542 7.321833
4.933333 345.7924 64.89034 7.197833
4.933333 345.4739 64.80315 7.072292
4.933333 345.2181 64.71031 7.013995
4.966667 344.9728 64.60173 6.944322
4.966667 344.839 64.53615 6.825701
5 344.7444 64.49408 6.67017
5 344.5589 64.47781 6.467913
5.033333 344.3561 64.48214 6.2969
5.033333 344.1138 64.50186 6.148756
5.033333 343.9971 64.51791 6.060153
5.066667 344.028 64.50539 6.040824
5.066667 344.1228 64.48306 6.042219
5.1 344.1996 64.42249 6.056753
5.1 344.1293 64.33913 6.079145
5.1 343.9762 64.26976 6.076544
5.133333 343.7752 64.22127 6.031617
5.133333 343.6608 64.19067 5.976686
5.166667 343.6428 64.16017 5.92909
5.166667 343.685 64.12917 5.844417
5.2 343.6873 64.08745 5.764657
5.2 343.6246 64.06213 5.695272
5.2 343.4927 64.03904 5.621925
5.233333 343.3386 64.01913 5.553856
5.233333 343.2084 64.02547 5.492869
5.266667 343.157 64.03101 5.449703
5.266667 343.1173 64.06389 5.421742
5.3 343.1012 64.09901 5.434967
5.3 343.0915 64.12311 5.46905
5.3 343.0772 64.12279 5.529243
5.333333 343.0466 64.1046 5.592254
5.333333 343.0207 64.10551 5.63555
5.366667 342.9898 64.10039 5.662974
5.366667 342.9577 64.14147 5.644944
5.366667 342.9431 64.21938 5.588107
5.4 342.9153 64.30716 5.542451
5.4 342.8923 64.37584 5.52463
5.433333 342.8535 64.44617 5.5025
5.433333 342.8171 64.48576 5.511212
5.466667 342.8026 64.536 5.553609
5.466667 342.865 64.60244 5.58025
5.466667 342.9275 64.68202 5.591991
5.5 342.9439 64.79787 5.580644
5.5 342.9271 64.92266 5.584785
5.533333 342.9048 65.03988 5.607847
5.533333 342.944 65.18381 5.618056
5.533333 343.0625 65.34657 5.613824
5.566667 343.178 65.48599 5.611409
5.566667 343.3168 65.70118 5.575113
5.6 343.4067 65.91975 5.520877
5.6 343.4308 66.13046 5.473238
5.633333 343.3912 66.38372 5.432668
5.633333 343.3293 66.61662 5.42505
5.633333 343.2893 66.84969 5.407054
5.666667 343.2682 67.12483 5.366218
5.666667 343.2789 67.378 5.341798
5.7 343.3008 67.7373 5.2496
5.7 343.3167 68.10044 5.165933
5.7 343.3055 68.52115 5.137942
5.733333 343.2822 68.83108 5.140046
5.733333 343.2646 69.2456 5.122162
5.766667 343.2584 69.65643 5.10561
5.766667 343.2399 70.05002 5.084083
5.8 343.1704 70.50754 5.028021
5.8 343.0779 70.89989 4.980553
5.8 343.0074 71.3112 4.900534
5.833333 342.9854 71.7654 4.79119
5.833333 342.9473 72.1664 4.658803
5.866667 342.8977 72.55695 4.523619
5.866667 342.8424 72.92208 4.407349
5.866667 342.7761 73.3098 4.276412
5.9 342.7137 73.6175 4.169058
5.9 342.6561 73.94485 4.06827
5.933333 342.6039 74.20905 3.986617
5.933333 342.5688 74.50745 3.898385
5.966667 342.5489 74.82755 3.821202
5.966667 342.5143 75.11404 3.783004
5.966667 342.4849 75.37162 3.750114
6 342.4474 75.60265 3.758325
6 342.452 75.83205 3.764495
6.033333 342.4865 76.06165 3.76189
6.033333 342.514 76.25095 3.739578
6.066667 342.5345 76.49521 3.736629
6.066667 342.5504 76.73132 3.69442
6.066667 342.5591 77.01566 3.642639
6.1 342.5498 77.33421 3.6095
6.1 342.5351 77.60048 3.56705
6.133333 342.5511 77.96282 3.505151
6.133333 342.573 78.38428 3.405014
6.133333 342.5805 78.86659 3.318074
6.166667 342.5626 79.27563 3.254396
6.166667 342.4406 79.78859 3.170148
6.2 342.3131 80.24855 3.126041
6.2 342.2039 80.6759 3.102407
6.2 342.1325 81.18495 3.076046
6.233333 342.0964 81.65719 3.009303
6.233333 342.0195 82.16747 2.902597
6.266667 341.8959 82.70586 2.783471
6.266667 341.7253 83.17912 2.708582
6.3 341.4944 83.79472 2.581914
6.3 341.3554 84.26133 2.483121
6.3 341.2141 84.84279 2.374492
6.333333 341.0809 85.39201 2.255419
6.333333 340.9211 85.97837 2.180777
6.366667 340.7146 86.4753 2.144881
6.366667 340.5086 86.99858 2.114377
6.4 340.3069 87.55563 2.070795
6.4 340.158 88.0313 2.054518
6.4 340.0291 88.44586 2.051769
6.433333 339.8963 88.86973 2.054113
6.433333 339.7314 89.2533 2.016517
6.466667 339.4726 89.64046 1.977774
6.466667 339.2126 89.9481 1.979298
6.466667 338.9606 90.24128 1.981712
6.5 338.7726 90.50182 1.957514
6.5 338.588 90.74944 1.92841
6.533333 338.3643 91.00732 1.918224
6.533333 338.1392 91.22782 1.91156
6.566667 337.8802 91.40531 1.917394
6.566667 337.5423 91.60146 1.93558
6.566667 337.2357 91.7505 1.978556
6.6 336.9194 91.9223 1.997799
6.6 336.6521 92.06339 2.013669
6.633333 336.3317 92.18282 2.065456
6.633333 335.8972 92.30217 2.13679
6.633333 335.4627 92.38492 2.209222
6.666667 335.0875 92.50192 2.253088
6.666667 334.7307 92.63544 2.298924
6.7 334.3391 92.77797 2.324379
6.7 334.0175 92.90289 2.353202
6.733333 333.5749 93.03104 2.404412
6.733333 333.0756 93.11558 2.492402
6.733333 332.6884 93.17751 2.556201
6.766667 332.3331 93.21503 2.677096
6.766667 332.1853 93.22212 2.819916
6.8 332.1203 93.18977 2.961761
6.8 332.0102 93.09808 3.068238
6.8 331.7641 92.92087 3.220034
6.833333 331.3128 92.64603 3.442101
6.833333 330.9507 92.40112 3.615038
6.866667 330.6629 92.11221 3.808122
6.866667 330.5253 91.81248 4.033591
6.9 330.5805 91.47707 4.315855
6.9 330.7189 91.20361 4.574307
6.9 331.0172 90.90962 4.888115
6.933333 331.4113 90.64448 5.240555
6.933333 331.8146 90.35468 5.618337
6.966667 332.1575 90.12436 5.919561
6.966667 332.6592 89.84579 6.227056
6.966667 332.9807 89.6501 6.387222
7 333.2156 89.4047 6.523189
7 333.3181 89.11577 6.696848
7.033333 333.4741 88.82697 6.870952
7.033333 333.7714 88.53751 7.013953
7.066667 334.1365 88.32198 7.126957
7.066667 334.7339 88.1254 7.249404
7.066667 335.3511 87.98577 7.4171
7.1 336.0871 87.87615 7.570603
7.1 336.6818 87.78141 7.684698
7.133333 337.226 87.66769 7.831186
7.133333 337.633 87.55595 7.940285
7.166667 337.846 87.3962 7.986514
7.166667 337.7344 87.23422 8.016108
7.166667 337.3906 86.96578 8.091763
7.2 337.1003 86.72855 8.163116
7.2 336.9444 86.51915 8.15308
7.233333 336.9206 86.39496 8.067459
7.233333 336.9611 86.30686 7.963089
7.233333 337.0114 86.26109 7.859906
7.266667 337.0734 86.22006 7.750531
7.266667 337.1316 86.18076 7.649633
7.3 337.2112 86.18729 7.534112
7.3 337.3035 86.21396 7.441802
7.333333 337.4421 86.27003 7.309211
7.333333 337.5949 86.32938 7.183573
7.333333 337.7551 86.39756 7.034457
7.366667 337.8558 86.43863 6.938496
7.366667 337.9829 86.48032 6.812047
7.4 338.1234 86.49722 6.674109
7.4 338.2737 86.4873 6.570208
7.4 338.501 86.4856 6.434069
7.433333 338.8138 86.45026 6.282903
7.433333 339.1477 86.40492 6.125762
7.466667 339.5345 86.30052 5.984891
7.466667 339.8406 86.16876 5.907044
7.5 340.2044 85.9208 5.867847
7.5 340.4455 85.63541 5.911669
7.5 340.6174 85.37751 5.944871
7.533333 340.7855 84.99733 6.016843
7.533333 340.9038 84.7237 6.060616
7.566667 341.0406 84.38869 6.121184
7.566667 341.1854 84.086 6.195907
7.566667 341.336 83.74255 6.326349
7.6 341.419 81.40558 6.522517
7.633333 341.236 79.08278 6.782609
7.633333 341.216 76.12852 7.231433
7.666667 341.0944 74.14657 7.266388
7.666667 341.0665 71.8587 7.427742
7.666667 341.1389 69.59898 7.524212
7.7 341.1919 67.35784 7.531759
7.7 341.186 65.18913 7.533513
7.733333 341.1093 63.0078 7.54878
7.733333 341.0107 60.8133 7.558553
7.766667 340.9685 58.67371 7.573618
7.766667 340.9787 56.49509 7.599999
7.766667 341.0057 54.37218 7.614214
7.8 341.0579 52.23043 7.609382
7.8 341.1044 50.08858 7.571897
7.833333 341.126 47.95544 7.527571
7.833333 341.136 45.48372 7.463284
7.833333 341.0913 43.46253 7.381678
7.866667 341.078 41.30288 7.316978
7.866667 341.0978 39.28223 7.279713
7.9 341.1281 37.12821 7.203383
7.9 341.1767 34.92339 7.139585
7.933333 341.2303 32.70367 7.129332
7.933333 341.2467 30.46022 7.172968
7.933333 341.2032 28.13093 7.232411
7.966667 341.1311 25.82416 7.295546
7.966667 340.973 23.4597 7.412299
7.966667 340.8138 21.08342 7.532792
8 340.6609 18.66675 7.70839
8 340.5713 16.1895 7.940974
8.033334 340.5776 13.85772 8.118456
8.033334 340.6326 11.46445 8.322193
8.066667 340.6844 9.112109 8.53089
8.066667 340.675 6.822651 8.691926
8.1 340.6114 4.57218 8.833538
8.1 340.5229 2.340355 8.931556
8.1 340.4738 0.1547844 9.000939
8.133333 340.4497 358.0118 9.044899
8.133333 340.4629 355.9116 9.056787
8.133333 340.4981 353.8442 9.041857
8.166667 340.5372 351.8142 9.004248
8.166667 340.58 349.7871 8.959973
8.2 340.6054 347.7551 8.899216
8.2 340.5941 345.7006 8.841959
8.233334 340.5793 343.6625 8.781796
8.233334 340.5806 341.6309 8.708691
8.266666 340.6117 339.5886 8.615402
8.266666 340.6321 337.5501 8.517759
8.266666 340.674 335.9475 8.39647
8.3 340.7234 335.9355 8.28428
8.3 340.741 335.9117 8.185872
8.3 340.7381 335.8974 8.104561
8.333333 340.7163 335.8539 8.067166
8.333333 340.6678 335.8162 8.025341
8.366667 340.6185 335.7738 8.006569
8.366667 340.5971 335.7291 8.022102
8.4 340.624 335.6999 8.063852
8.4 340.6988 335.6713 8.125401
8.4 340.7627 335.6964 8.144387
8.433333 340.8132 335.7184 8.169668
8.433333 340.8376 335.7627 8.218906
8.466666 340.8184 335.8127 8.230247
8.466666 340.8114 335.8619 8.193909
8.5 340.829 335.9154 8.173667
8.5 340.8677 335.9425 8.156863
8.5 340.9332 335.9954 8.036038
8.533334 341.0403 336.0805 7.818841
8.533334 341.0566 336.1141 7.681591
8.566667 341.0627 336.0504 7.779928
8.566667 341.1059 335.8875 8.060423
8.566667 341.1436 335.7726 8.266648
8.6 341.1681 335.6756 8.422549
8.6 341.1298 335.6144 8.520282
8.633333 341.0287 335.5538 8.554302
8.633333 340.9071 335.5348 8.465762
8.666667 340.8048 335.5827 8.250686
8.666667 340.7794 335.6721 8.003689
8.666667 340.7787 335.8252 7.685901
8.7 340.7563 335.9624 7.473261
8.7 340.6808 336.0583 7.36398
8.733334 340.5479 336.1034 7.344982
8.733334 340.3278 336.161 7.36237
8.733334 340.0569 336.2507 7.342945
8.766666 339.7037 336.3361 7.32348
8.766666 339.375 336.3868 7.405969
8.8 339.0085 336.3921 7.606845
8.8 338.679 336.3815 7.775977
8.833333 338.3959 336.42 7.915769
8.833333 338.2117 336.4905 8.036613
8.866667 338.1058 336.5572 8.124743
8.866667 338.0895 336.6577 8.165277
8.866667 338.1183 336.7992 8.122774
8.9 338.1501 336.9679 7.960598
8.9 338.1826 337.1581 7.759151
8.9 338.2141 337.3772 7.52122
8.933333 338.3195 337.5746 7.314586
8.933333 338.4735 337.7289 7.188826
8.966666 338.6234 337.8022 7.143296
8.966666 338.8372 337.8853 7.14717
9 339.0101 337.9428 7.180996
9 339.1413 337.9564 7.267092
9 339.2344 337.9062 7.414897
9.033334 339.3256 337.7813 7.636794
9.033334 339.422 337.6448 7.821075
9.066667 339.6004 337.4335 8.052468
9.066667 339.8272 337.2319 8.269919
9.066667 340.0104 337.0066 8.457921
9.1 340.2134 336.7069 8.638398
9.1 340.3401 336.3544 8.837589
9.133333 340.3703 335.9783 9.085342
9.133333 340.3517 335.5165 9.44673
9.166667 340.3024 335.0865 9.750308
9.166667 340.2088 334.7439 9.944051
9.166667 340.0266 334.3717 10.12315
9.2 339.8614 334.0863 10.32052
9.2 339.7514 333.8349 10.52359
9.233334 339.6438 333.5107 10.76503
9.233334 339.5244 333.3209 10.85623
9.266666 339.4187 333.2568 10.87112
9.266666 339.2513 333.2646 10.81878
9.266666 339.0758 333.3869 10.62852
9.3 338.9304 333.5312 10.43224
9.3 338.773 333.6809 10.34319
9.333333 338.5923 333.7081 10.44777
9.333333 338.3944 333.6825 10.56287
9.333333 338.262 333.7356 10.53562
9.366667 338.1444 333.8669 10.38194
9.366667 338.0901 334.0892 10.10262
9.4 338.1183 334.3021 9.83925
9.4 338.1659 334.4651 9.576468
9.433333 338.1842 334.6372 9.294113
9.433333 338.1707 334.7949 9.062002
9.433333 338.1608 335.0319 8.709019
9.466666 338.1475 335.2679 8.380603
9.466666 338.2166 335.5717 8.005688
9.5 338.3684 335.8651 7.712848
9.5 338.5689 336.2729 7.312755
9.533334 338.7101 336.6315 6.958322
9.533334 338.8039 337.1401 6.48515
9.533334 338.802 337.6092 6.051401
9.566667 338.7124 338.0321 5.70732
9.566667 338.5774 338.3911 5.517286
9.6 338.4211 338.6559 5.407527
9.6 338.265 338.9462 5.265253
9.6 338.1439 339.2195 5.084579
9.633333 338.0005 339.5233 4.844678
9.633333 337.8263 339.8495 4.50777
9.666667 337.6949 340.0733 4.280332
9.666667 337.5814 340.3518 4.017711
9.666667 337.4948 340.5707 3.802058
9.7 337.3908 340.8609 3.52226
9.7 337.3284 341.1943 3.203635
9.733334 337.3259 341.557 2.816885
9.733334 337.4901 342.0263 2.284791
9.766666 337.649 342.6255 1.533247
9.766666 337.7892 343.3937 0.5924057
9.8 337.9123 344.1293 359.7894
9.8 338.1017 345.0668 358.8309
9.8 338.3054 345.8804 358.0729
9.833333 338.5598 346.6218 357.5413
9.833333 338.7759 347.225 357.2551
9.833333 339.0279 347.8266 357.0372
9.866667 339.2484 348.4194 356.8
9.866667 339.3918 348.9782 356.5522
9.9 339.5141 349.5908 356.2215
9.9 339.6905 350.3524 355.7731
9.933333 339.9478 351.0428 355.296
9.933333 340.2644 351.714 354.7725
9.966666 340.6884 352.5084 354.1566
9.966666 341.0398 353.2523 353.6214
9.966666 341.3501 353.9254 353.1762
10 341.6636 354.5606 352.7829
10 342.0324 355.2172 352.38
10.03333 342.4465 355.8931 352.0163
10.03333 342.7189 356.3742 351.8041
10.03333 342.9759 356.9064 351.636
10.06667 343.1089 357.3048 351.5957
10.06667 343.1165 357.5541 351.6038
10.1 343.0926 357.7107 351.6479
10.1 343.0809 357.8237 351.7439
10.1 343.0916 357.9039 351.8486
10.13333 343.0926 357.8993 351.9432
10.13333 343.0603 357.7838 352.0733
10.16667 343.0338 357.5722 352.2164
10.16667 343.031 357.2728 352.3748
10.2 343.0952 356.9937 352.5081
10.2 343.2171 356.6679 352.6565
10.2 343.4304 356.2661 352.8224
10.23333 343.6074 355.9259 352.9523
10.23333 343.8603 355.4576 353.1304
10.26667 344.0972 355.0047 353.2787
10.26667 344.3373 354.5687 353.3908
10.3 344.5912 354.1461 353.4806
10.3 344.8521 353.7328 353.5552
10.3 345.1278 353.3565 353.6166
10.33333 345.4637 352.9669 353.6557
10.33333 345.83 352.6377 353.624
10.33333 346.1589 352.39 353.5575
10.36667 346.4252 352.2346 353.4869
10.36667 346.7302 352.1048 353.3949
10.4 346.8963 352.0901 353.3307
10.4 347.0821 352.1689 353.2585
10.43333 347.2486 352.3336 353.2462
10.43333 347.3959 352.5381 353.2936
10.46667 347.4835 352.7444 353.3555
10.46667 347.5172 353.0487 353.4217
10.46667 347.512 353.4164 353.5258
10.5 347.5112 353.7819 353.6141
10.5 347.5216 354.1415 353.6937
10.53333 347.5627 354.6098 353.7931
10.53333 347.6277 354.9963 353.9047
10.53333 347.7299 355.401 354.0703
10.56667 347.8622 355.7766 354.238
10.56667 347.9655 356.1445 354.4095
10.6 347.997 356.4977 354.5349
10.6 347.9968 356.8427 354.635
10.6 347.9743 357.1219 354.7096
10.63333 347.976 357.4391 354.7792
10.63333 348.0333 357.6903 354.8162
10.66667 348.1111 357.9046 354.8615
10.66667 348.203 358.1086 354.9163
10.7 348.3192 358.2669 354.9865
10.7 348.4107 358.3984 355.0367
10.7 348.5039 358.5089 355.0632
10.73333 348.6129 358.5946 355.1008
10.73333 348.72 358.6376 355.1712
10.76667 348.9005 358.6315 355.2331
10.76667 349.111 358.5876 355.2821
10.76667 349.3799 358.517 355.2882
10.8 349.5796 358.4333 355.2286
10.8 349.6086 358.311 355.2772
10.83333 349.5137 358.1414 355.5294
10.83333 349.3347 357.8799 355.9841
10.86667 349.2085 357.5964 356.4084
10.86667 349.2275 357.3326 356.7922
10.9 349.2126 357.1175 357.1276
10.9 349.1351 356.9417 357.3984
10.9 349.0163 356.7561 357.7544
10.93333 348.9231 356.4983 358.2209
10.93333 348.9299 356.2025 358.7219
10.93333 348.9551 355.9115 359.2304
10.96667 348.9909 355.6256 359.7696
10.96667 348.978 355.3609 0.2817708
11 348.8814 355.0966 0.7839471
11 348.7423 354.859 1.284794
11.03333 348.6097 354.6416 1.781043
11.03333 348.5394 354.4652 2.192994
11.03333 348.4815 354.2887 2.620625
11.06667 348.441 354.1573 2.980532
11.06667 348.3936 354.0299 3.314651
11.1 348.3696 353.9449 3.631529
11.1 348.3555 353.8828 3.886047
11.1 348.3607 353.847 4.135036
11.13333 348.3676 353.8202 4.34266
11.13333 348.3842 353.7844 4.612272
11.16667 348.4102 353.7675 4.810152
11.16667 348.442 353.7719 4.988791
11.2 348.5001 353.7765 5.121033
11.2 348.5753 353.7916 5.216825
11.2 348.6581 353.8242 5.290725
11.23333 348.7286 353.8535 5.429972
11.23333 348.7668 353.8699 5.723998
11.26667 348.6764 353.7624 6.179959
11.26667 348.6481 353.5234 6.679663
11.26667 348.8521 353.2056 7.197178
11.3 349.2483 352.8926 7.509761
11.3 349.9398 352.5344 7.69704
11.33333 350.3164 352.3167 7.711674
11.33333 350.32 352.0925 7.642897
11.33333 349.8215 351.806 7.636088
11.36667 349.2673 351.5518 7.654085
11.36667 348.7643 351.2478 7.664305
11.4 348.5788 350.9666 7.530479
11.4 348.6809 350.7899 7.278023
11.43333 348.8978 350.7037 6.93331
11.43333 349.1083 350.6681 6.562497
11.43333 349.2851 350.6406 6.155297
11.46667 349.4015 350.6094 5.795403
11.46667 349.5331 350.6071 5.504069
11.5 349.6861 350.5982 5.298674
11.5 349.8202 350.5975 5.190616
11.53333 349.9133 350.6156 5.159967
11.53333 349.9156 350.6293 5.204304
11.53333 349.8692 350.6427 5.31094
11.56667 349.809 350.6663 5.476875
11.56667 349.7801 350.6862 5.611479
11.6 349.8007 350.7505 5.750784
11.6 349.8741 350.8123 5.883178
11.6 349.963 350.8492 6.013992
11.63333 350.0809 350.8741 6.168288
11.63333 350.167 350.8536 6.367235
11.66667 350.1922 350.8194 6.555451
11.66667 350.1872 350.7875 6.707521
11.7 350.1985 350.7183 6.870242
11.7 350.2239 350.6423 7.001511
11.7 350.2261 350.531 7.120166
11.73333 350.1987 350.4114 7.236043
11.73333 350.1567 350.254 7.34465
11.76667 350.1348 350.1181 7.419104
11.76667 350.131 350.0222 7.445473
11.8 350.1582 349.9114 7.453026
11.8 350.1701 349.8086 7.468075
11.8 350.1516 349.6948 7.506788
11.83333 350.1172 349.6133 7.528467
11.83333 350.0826 349.5352 7.573597
11.86667 350.0507 349.464 7.651674
11.86667 350.0108 349.3961 7.741343
11.86667 349.9504 349.3336 7.826992
11.9 349.8965 349.3208 7.860318
11.9 349.8206 349.3146 7.888583
11.93333 349.7315 349.3323 7.902524
11.93333 349.6695 349.3549 7.89681
11.96667 349.575 349.4186 7.871954
11.96667 349.446 349.4725 7.82561
11.96667 349.3317 349.5578 7.774605
12 349.1416 349.6555 7.70894
12 348.9946 349.7251 7.648605
12.03333 348.8229 349.8105 7.597874
12.03333 348.6831 349.8738 7.575439
12.03333 348.5535 349.9279 7.552535
12.06667 348.3961 350.0016 7.517319
12.06667 348.2498 350.0809 7.430088
12.1 348.0292 350.1908 7.302398
12.1 347.8517 350.288 7.187373
12.13333 347.7187 350.363 7.073774
12.13333 347.5583 350.481 6.898925
12.13333 347.4171 350.5731 6.76579
12.16667 347.257 350.6993 6.624296
12.16667 347.127 350.8041 6.549169
12.2 347.0278 350.8843 6.50164
12.2 346.8838 350.972 6.495055
12.2 346.7483 351.0581 6.473516
12.23333 346.614 351.1534 6.444323
12.23333 346.4496 351.294 6.369951
12.26667 346.2822 351.4081 6.304142
12.26667 346.1015 351.5591 6.205255
12.3 345.9027 351.7163 6.096577
12.3 345.6995 351.8737 5.991307
12.3 345.5586 352.0156 5.905015
12.33333 345.3955 352.1872 5.766514
12.33333 345.1711 352.4184 5.609648
12.36667 344.9392 352.6368 5.465674
12.36667 344.6778 352.8711 5.301043
12.4 344.3747 353.1733 5.14207
12.4 344.06 353.5634 5.005905
12.4 343.7884 353.9363 4.899137
12.43333 343.4956 354.3738 4.777122
12.43333 343.1443 354.9123 4.620009
12.46667 342.7462 355.4503 4.473447
12.46667 342.267 356.0525 4.288795
12.5 341.7239 356.7295 4.061002
12.5 341.2052 357.4906 3.86096
12.5 340.8359 358.1376 3.752287
12.53333 340.5639 358.7331 3.636489
12.53333 340.3799 359.2568 3.493671
12.53333 340.2265 359.861 3.25356
12.56667 340.0552 0.4528952 2.961112
12.6 339.7661 1.097834 2.665328
12.6 339.4575 1.618238 2.480402
12.6 339.0868 2.245195 2.246355
12.63333 338.8305 2.728787 2.053777
12.63333 338.5856 3.337091 1.820138
12.66667 338.3887 3.846583 1.668635
12.66667 338.1816 4.293357 1.537814
12.66667 337.9064 4.875348 1.345606
12.7 337.5817 5.412721 1.198181
12.7 337.1295 5.97537 1.103163
12.73333 336.7319 6.431084 0.9941729
12.73333 336.3857 6.928946 0.8233199
12.76667 336.0866 7.431414 0.6971131
12.76667 335.8347 7.93096 0.5527719
12.76667 335.5746 8.469609 0.3184431
12.8 335.2532 9.083282 0.03186822
12.8 334.8196 9.736341 359.7812
12.8 334.3686 10.35618 359.5584
12.83333 333.9693 10.93858 359.3168
12.83333 333.6914 11.53587 358.9967
12.86667 333.4968 12.13684 358.6466
12.86667 333.3706 12.58238 358.5175
12.9 333.3111 12.87685 358.5398
12.9 333.308 13.10962 358.5981
12.9 333.3414 13.26334 358.7007
12.93333 333.3903 13.43573 358.8095
12.93333 333.465 13.5559 358.9391
12.96667 333.5434 13.58278 359.1472
12.96667 333.645 13.5269 359.3825
12.96667 333.7045 13.4384 359.523
13 333.6614 13.38403 359.5615
13 333.6209 13.37523 359.4733
13.03333 333.6609 13.39668 359.2844
13.03333 333.7998 13.38357 359.1238
13.06667 334.026 13.29588 359.0511
13.06667 334.3423 13.13074 359.0823
13.06667 334.6429 12.9387 359.1591
13.1 334.9139 12.77522 359.2076
13.1 335.0132 12.66784 359.2759
13.13333 335.0404 12.59207 359.3713
13.13333 335.0337 12.51534 359.5047
13.13333 335.076 12.42812 359.6799
13.16667 335.1433 12.34301 359.8267
13.16667 335.2695 12.27799 359.9673
13.2 335.3545 12.25932 0.04308579
13.2 335.394 12.30175 0.08300135
13.23333 335.3889 12.37692 0.08001237
13.23333 335.3837 12.52551 0.03971881
13.26667 335.3972 12.62962 0.05701745
13.26667 335.4177 12.7067 0.08112577
13.26667 335.4211 12.8027 0.1158871
13.3 335.4142 12.91901 0.1137404
13.3 335.3738 13.04525 0.07003362
13.3 335.2726 13.23042 359.9842
13.33333 335.1458 13.36131 359.9223
13.33333 334.9665 13.51675 359.8479
13.36667 334.815 13.61439 359.8259
13.36667 334.653 13.75702 359.7486
13.4 334.4935 13.8962 359.6535
13.4 334.3239 14.04874 359.541
13.4 334.1302 14.23316 359.3995
13.43333 333.9496 14.39934 359.2662
13.43333 333.7907 14.58118 359.1344
13.46667 333.6097 14.75618 359.0157
13.46667 333.481 14.89474 358.8878
13.46667 333.3899 15.00044 358.8235
13.5 333.3217 15.05453 358.846
13.5 333.3102 15.08753 358.8738
13.53333 333.3225 15.09175 358.94
13.53333 333.3508 15.12214 358.9003
13.56667 333.3212 15.18913 358.8083
13.56667 333.236 15.22727 358.7543
13.56667 333.1513 15.25075 358.7021
13.6 333.1001 15.2371 358.6803
13.6 333.1443 15.19919 358.6953
13.63333 333.2554 15.09644 358.7836
13.63333 333.3574 14.98589 358.8996
13.66667 333.4094 14.84833 359.0403
13.66667 333.3902 14.63022 359.2377
13.66667 333.3082 14.41408 359.4519
13.7 333.2223 14.16198 359.6862
13.7 333.1945 13.93891 359.8507
13.73333 333.1767 13.69013 0.004658479
13.73333 333.1555 13.42934 0.09265789
13.73333 333.0598 13.18269 0.174115
13.76667 332.908 12.88624 0.2972898
13.76667 332.6862 12.63772 0.3727656
13.8 332.4711 12.43102 0.4091298
13.8 332.3103 12.27077 0.3658268
13.83333 332.2484 12.13992 0.3169131
13.83333 332.1294 12.02258 0.2877075
13.83333 331.9523 11.90889 0.2449529
13.86667 331.7121 11.81326 0.1800381
13.86667 331.4897 11.74075 0.1337245
13.9 331.2426 11.65826 0.04992057
13.9 330.901 11.56241 359.9644
13.9 330.567 11.46141 359.9317
13.93333 330.0868 11.28817 359.9371
13.93333 329.6173 11.16475 359.9174
13.96667 329.134 11.09911 359.7523
13.96667 328.8898 11.07587 359.6612
14 328.6799 11.05864 359.5833
14 328.5104 11.04448 359.5067
14 328.339 11.01152 359.518
14.03333 328.1312 10.97937 359.5559
14.03333 327.9089 10.88754 359.699
14.06667 327.7924 10.69887 0.01466669
14.06667 327.7813 10.44763 0.3972473
14.06667 327.832 10.20534 0.6894442
14.1 327.964 9.925017 0.9485153
14.1 328.0976 9.763845 1.031223
14.13333 328.2174 9.629163 0.9884702
14.13333 328.266 9.563833 0.8225108
14.16667 328.3058 9.558344 0.5328418
14.16667 328.4471 9.605627 0.1546493
14.16667 328.7263 9.644844 359.8386
14.2 329.0072 9.684948 359.5571
14.2 329.281 9.756577 359.236
14.23333 329.5034 9.81085 359.0197
14.23333 329.6663 9.816685 358.9151
14.23333 329.6179 9.751293 358.9546
14.26667 329.3439 9.598247 359.1683
14.26667 328.9822 9.445479 359.3972
14.3 328.6287 9.286389 359.5887
14.3 328.4377 9.154031 359.7102
14.33333 328.3387 9.071342 359.7453
14.33333 328.2507 8.999022 359.7325
14.33333 328.1798 8.960318 359.7001
14.36667 328.0613 8.962092 359.6012
14.36667 327.9532 8.991161 359.4528
14.4 327.9214 9.034296 359.3231
14.4 327.9308 9.072263 359.1858
14.43333 327.9713 9.051808 359.1581
14.43333 328.024 8.944776 359.3112
14.43333 328.1443 8.845822 359.4122
14.46667 328.2976 8.82547 359.369
14.46667 328.5301 8.855944 359.2763
14.5 328.6597 8.834172 359.2937
14.5 328.6992 8.752756 359.3722
14.5 328.6989 8.578804 359.558
14.53333 328.7037 8.381377 359.759
14.53333 328.7349 8.185369 359.9627
14.56667 328.795 8.014048 0.08811357
14.56667 328.8619 7.897346 0.08767349
14.56667 328.9046 7.798634 0.05378531
14.6 328.931 7.677813 0.0193352
14.6 328.9014 7.578179 -0.0009596826
14.63333 328.8323 7.509617 359.9432
14.63333 328.7367 7.49759 359.8702
14.66667 328.6786 7.514803 359.8152
14.66667 328.6522 7.515005 359.7938
14.66667 328.6743 7.488987 359.7973
14.7 328.7084 7.506127 359.8028
14.7 328.6888 7.541602 359.7896
14.73333 328.6075 7.675171 359.6856
14.73333 328.4829 7.838512 359.5459
14.76667 328.3479 7.956523 359.5382
14.76667 328.2832 7.991224 359.6232
14.76667 328.2686 8.041994 359.6494
14.8 328.2412 8.194143 359.546
14.8 328.1902 8.391123 359.3976
14.83333 328.1785 8.623714 359.301
14.83333 328.2643 8.794672 359.255
14.83333 328.4001 8.961226 359.1666
14.86667 328.5279 9.161575 359.0215
14.86667 328.6182 9.364933 358.8681
14.9 328.7031 9.595661 358.6893
14.9 328.7796 9.836973 358.5064
14.93333 328.8538 10.01332 358.3611
14.93333 328.9324 10.22033 358.2144
14.93333 328.9798 10.41236 358.0757
14.96667 329.0005 10.58655 357.9685
14.96667 329.0227 10.74355 357.914
15 329.0381 10.8539 357.9579
15 329.0463 10.8801 358.0497
15.03333 329.037 10.84901 358.2227
15.03333 329.0229 10.77613 358.4532
15.03333 329.0143 10.70434 358.6223
15.06667 329.0589 10.60489 358.7949
15.06667 329.1235 10.50782 358.9286
15.1 329.219 10.32476 359.1292
15.1 329.2852 10.12507 359.3131
15.1 329.3488 9.865131 359.5215
15.13333 329.3941 9.663154 359.6113
15.13333 329.4582 9.455116 359.6986
15.16667 329.5297 9.21186 359.8485
15.16667 329.5422 8.983396 0.01177154
15.2 329.5571 8.68518 0.284498
15.2 329.5479 8.409981 0.5855616
15.2 329.5909 8.168179 0.8161865
15.23333 329.6568 7.979944 0.9351874
15.23333 329.7548 7.85024 0.9927825
15.26667 329.8486 7.714107 1.059001
15.26667 329.9125 7.578759 1.109987
15.26667 329.9874 7.465476 1.127957
15.3 330.1178 7.408587 1.065379
15.3 330.2927 7.455041 0.8493555
15.33333 330.4792 7.582472 0.5374652
15.33333 330.6282 7.72323 0.2974023
15.33333 330.7655 7.834901 0.1214179
15.36667 330.9358 7.979948 359.9568
15.36667 331.1094 8.100388 359.8647
15.4 331.2694 8.250726 359.7494
15.4 331.4355 8.527586 359.498
15.43333 331.5825 8.841556 359.2302
15.43333 331.7409 9.211537 358.9577
15.43333 331.8554 9.485717 358.7829
15.46667 332.0176 9.844051 358.5655
15.46667 332.1487 10.10496 358.4308
15.5 332.3127 10.43988 358.2453
15.5 332.4925 10.78614 358.0311
15.53333 332.598 11.06536 357.9242
15.53333 332.6639 11.3086 357.9294
15.53333 332.7013 11.47665 357.9938
15.56667 332.7416 11.6029 358.0985
15.56667 332.7983 11.70682 358.1119
15.6 332.8926 11.82258 358.1443
15.6 332.9958 11.90322 358.2246
15.6 333.1077 11.92742 358.316
15.63333 333.2468 11.90386 358.4451
15.63333 333.4142 11.84295 358.5692
15.66667 333.6039 11.78306 358.6704
15.66667 333.7729 11.6958 358.7892
15.7 333.8871 11.61456 358.8774
15.7 334.01 11.49677 358.9989
15.7 334.1055 11.35618 359.147
15.73333 334.2079 11.22144 359.2776
15.73333 334.3224 10.99617 359.4805
15.76667 334.4457 10.75408 359.7099
15.76667 334.5089 10.51734 359.9648
15.8 334.5097 10.25141 0.2387229
15.8 334.4556 9.92829 0.5576234
15.8 334.4167 9.644083 0.8554935
15.83333 334.3777 9.326648 1.131592
15.83333 334.3072 9.018547 1.379098
15.86667 334.1963 8.691318 1.636161
15.86667 334.1009 8.390837 1.873476
15.86667 334.0047 7.969758 2.211898
15.9 333.987 7.648307 2.446554
15.9 334.0371 7.274418 2.690253
15.93333 334.1144 6.952263 2.872932
15.93333 334.2335 6.654814 3.02856
15.93333 334.3846 6.366377 3.177019
15.96667 334.5409 6.103209 3.302907
15.96667 334.7461 5.835886 3.424531
16 334.9697 5.611763 3.518249
16 335.2294 5.384974 3.602494
16.03333 335.4845 5.216663 3.633975
16.03333 335.7537 5.08527 3.658821
16.06667 336.0387 4.971173 3.689272
16.06667 336.3815 6.854825 3.720524
16.06667 336.6503 8.783414 3.737308
16.1 336.9652 10.68277 3.767355
16.1 337.2352 12.59486 3.839039
16.13333 337.5186 14.50339 3.915909
16.13333 337.7792 16.4283 3.95389
16.16667 337.9691 18.4017 3.918248
16.16667 338.1982 20.38749 3.878378
16.2 338.2773 22.42944 3.88303
16.2 339.176 24.17752 4.126597
16.2 338.8243 26.28287 4.129673
16.23333 338.9836 28.2566 4.202586
16.23333 339.1096 30.27775 4.204712
16.26667 339.1907 32.26861 4.246824
16.26667 339.2297 34.20687 4.458136
16.3 339.2579 36.1256 4.622775
16.3 339.2847 38.05421 4.747731
16.33333 339.5081 39.94616 4.959506
16.33333 339.5211 41.98134 4.875398
16.36667 339.7809 43.84641 5.023513
16.36667 339.683 45.87189 4.863001
16.4 339.7623 47.81136 4.839177
16.4 339.83 49.71762 4.857791
16.43333 339.8737 51.6026 4.883083
16.43333 339.8385 53.39336 4.862222
16.43333 339.9394 55.09433 4.825825
16.46667 339.9265 57.05458 4.779527
16.46667 339.9127 58.83713 4.778739
16.5 339.8071 60.60505 4.809353
16.5 339.7015 62.36047 4.822909
16.53333 339.5599 64.08537 4.818923
16.53333 339.4623 65.81055 4.8104
16.53333 339.3539 67.50294 4.770725
16.56667 339.2045 69.23266 4.686536
16.6 338.4939 70.81245 4.513912
16.6 337.4059 70.84438 4.36499
16.6 337.2904 70.82636 4.388448
16.63333 337.023 70.49711 4.403439
16.63333 336.7997 70.24213 4.393741
16.66667 336.5109 70.01642 4.376181
16.66667 336.1164 69.85567 4.384053
16.66667 335.7152 69.77726 4.391261
16.7 335.3483 69.77242 4.413846
16.73333 335.1233 69.79987 4.480639
16.73333 334.9475 69.87753 4.567516
16.73333 334.8549 70.01899 4.620759
16.76667 334.865 70.20526 4.666031
16.76667 334.9716 70.40929 4.681385
16.76667 335.0446 70.66591 4.698223
16.8 335.0472 70.9188 4.706367
16.8 334.9622 71.13675 4.734094
16.83333 334.8211 71.37699 4.757654
16.83333 334.6829 71.58159 4.772798
16.86667 334.6177 71.76724 4.796879
16.86667 334.6001 71.97038 4.805473
16.86667 334.5975 72.1888 4.755164
16.9 334.558 72.43477 4.626429
16.9 334.4344 72.73756 4.439318
16.93333 334.2061 73.0306 4.307892
16.93333 334.0325 73.244 4.216373
16.93333 333.9538 73.52116 4.094129
16.96667 333.9886 73.81929 3.955571
16.96667 333.9915 74.09 3.79409
17 333.8689 74.47096 3.620675
17 333.6824 74.79299 3.514591
17.03333 333.4936 75.12969 3.423962
17.03333 333.4225 75.42052 3.387331
17.03333 333.4441 75.66619 3.340897
17.06667 333.4871 75.94141 3.349127
17.06667 333.482 76.15039 3.440565
17.1 333.4046 76.34891 3.531776
17.1 333.261 76.54991 3.578856
17.1 333.0995 76.75515 3.60357
17.13333 332.9717 76.99265 3.573181
17.13333 332.8829 77.20186 3.570011
17.16667 332.8011 77.39963 3.599169
17.16667 332.6969 77.56506 3.575143
17.2 332.591 77.72782 3.528198
17.2 332.4931 77.87996 3.476603
17.2 332.4116 78.02033 3.407951
17.23333 332.34 76.16199 3.305807
17.23333 332.2648 74.2972 3.18544
17.26667 332.1859 72.41867 3.070643
17.26667 332.1339 70.51626 2.958095
17.3 332.1172 68.6177 2.837809
17.3 332.1031 66.74526 2.622191
17.33333 332.0848 64.96062 2.295666
17.33333 331.8878 63.43037 1.816
17.36667 331.8977 61.38367 1.910882
17.36667 331.9789 59.47307 1.858983
17.4 332.2066 57.49123 1.901045
17.4 332.2923 55.74854 1.756567
17.43333 332.2277 53.74213 1.732406
17.43333 332.1431 51.87342 1.61856
17.43333 332.0666 49.9729 1.597932
17.46667 332.036 48.01326 1.609785
17.46667 332.0228 46.06757 1.581693
17.5 331.9876 44.16806 1.465308
17.5 331.872 42.3109 1.304534
17.53333 331.7521 40.45973 1.179926
17.53333 331.7431 38.59015 1.006921
17.56667 331.7864 36.94915 0.6467896
17.56667 331.8895 34.95121 0.6785033
17.6 331.9609 33.04301 0.6657184
17.6 332.0711 31.0489 0.7286852
17.63333 332.2387 29.03399 0.7760509
17.63333 332.4304 26.98815 0.7797006
17.66667 332.5789 24.95988 0.7618623
17.66667 332.6817 22.88137 0.7889545
17.7 332.7842 20.75008 0.8403981
17.7 332.7599 18.44295 0.9272208
17.7 332.8301 16.02433 0.9805973
17.73333 332.6303 13.85652 0.9801375
17.73333 332.4419 11.50581 1.041226
17.76667 332.27 9.103769 1.118928
17.76667 332.1469 6.64198 1.248728
17.8 332.0145 4.091685 1.411214
17.8 331.8837 1.597676 1.516333
17.83333 331.742 359.0248 1.651381
17.83333 331.5596 356.4993 1.794018
17.83333 331.3093 353.7368 2.141497
17.86667 330.9139 350.2205 2.71696
17.86667 330.9142 348.0208 2.832489
17.9 330.8177 345.4018 3.074118
17.9 330.7202 342.7776 3.348908
17.93333 330.6321 340.0625 3.712676
17.93333 330.5489 337.3487 4.064946
17.96667 330.4854 334.7079 4.356914
17.96667 330.4511 332.0288 4.676823
18 330.4615 329.3916 4.965166
18 330.5176 326.7781 5.224633
18.03333 330.4752 322.9532 6.017794
18.03333 330.4836 321.0555 5.95089
18.03333 330.4554 318.557 6.166018
18.06667 330.4178 316.0508 6.348645
18.06667 330.4485 313.5547 6.497876
18.1 330.5313 311.0952 6.642765
18.1 330.5667 308.7204 6.744136
18.13333 330.4402 306.3656 6.774874
18.13333 330.3326 303.0959 7.180418
18.16667 330.3564 301.0883 7.206497
18.16667 330.4195 298.6965 7.356089
18.16667 330.493 296.3054 7.472678
18.2 330.5481 293.9005 7.569499
18.2 330.5768 291.5863 7.613274
18.23333 330.6041 289.2218 7.637294
18.23333 330.6291 286.879 7.674151
18.26667 330.6595 284.5206 7.73371
18.26667 330.6169 282.1237 7.821828
18.3 330.5753 279.0012 8.064117
18.3 330.4775 278.7074 7.954438
18.33333 330.4342 279.7705 8.040132
18.33333 330.4648 282.2552 7.885952
18.36667 330.4402 284.0362 7.811774
18.36667 330.3789 285.9304 7.711144
18.36667 330.3046 287.8518 7.580392
18.4 330.2499 289.8264 7.433622
18.4 330.2025 291.8362 7.262577
18.43333 330.1523 293.8585 7.100014
18.43333 330.1134 295.9081 6.937209
18.46667 330.0595 297.9722 6.777724
18.46667 329.9617 300.1508 6.574163
18.5 329.7575 302.2126 6.222925
18.5 329.74 304.2974 6.214122
18.53333 329.6632 306.3764 6.05538
18.53333 329.5743 308.5172 5.829563
18.56667 329.4953 310.627 5.612232
18.56667 329.4122 312.7402 5.430404
18.6 329.2769 314.8821 5.202479
18.6 329.1655 317.1307 5.016912
18.63333 328.9072 319.6523 4.368561
18.63333 328.9155 321.8219 4.325152
18.63333 328.833 324.227 4.052264
18.66667 328.7449 326.631 3.809134
18.66667 328.6711 329.1388 3.540225
18.7 328.6542 331.6911 3.260952
18.7 328.5714 334.3683 2.946404
18.73333 328.3244 337.7916 2.58276
18.73333 327.8367 342.2104 1.739775
18.76667 327.5358 345.1237 1.738794
18.76667 327.3979 347.6461 1.840871
18.76667 327.0702 351.2099 1.747566
18.8 326.7695 354.9115 1.58165
18.8 326.5572 358.9036 1.476963
18.83333 326.0155 4.898459 0.936713
18.83333 325.9966 7.073614 0.9896393
18.86667 325.7551 10.50896 0.7809635
18.86667 325.3894 14.09781 0.5286675
18.9 325.0734 17.47866 0.2953938
18.9 324.8232 20.80641 0.01410006
18.93333 324.5911 24.18778 359.6967
18.93333 324.3047 27.51465 359.4232
18.96667 324.0262 30.64503 359.2309
18.96667 323.7325 33.54689 359.1597
18.96667 323.09 38.76483 358.6068
19 323.0902 40.37127 358.6681
19 322.864 42.93355 358.4913
19.03333 322.5391 45.55743 358.2881
19.03333 322.2014 47.9193 358.11
19.06667 321.9792 50.23752 357.9669
19.06667 321.8653 51.81088 357.9334
19.1 321.2656 54.78188 357.5084
19.1 321.321 56.23257 357.6041
19.13333 321.1593 57.68098 357.62
19.13333 320.5811 59.93106 357.3701
19.16667 320.6187 61.65948 357.5088
19.16667 320.7007 63.46791 357.6176
19.2 320.6542 65.40273 357.6564
19.2 320.6165 67.3933 357.7604
19.23333 320.2248 69.52675 357.8189
19.23333 320.2194 71.5677 357.9174
19.26667 320.1098 73.63556 358.0067
19.26667 320.0613 75.89379 358.0221
19.3 319.7503 78.37669 357.9532
19.3 319.7062 80.55709 357.9041
19.33333 319.5576 82.85317 357.9217
19.33333 319.4151 85.1786 357.9431
19.36667 319.3344 87.42926 357.9672
19.36667 319.3181 87.8633 357.8907
19.36667 319.0945 88.75497 357.7908
19.4 319.1292 88.87899 357.7675
19.4 319.1059 89.25644 357.7569
19.43333 319.1537 89.29336 357.7778
19.43333 319.1144 89.5873 357.7968
19.43333 319.0013 90.50481 357.7716
19.46667 319.1 90.17942 357.7774
19.46667 319.1057 90.43707 357.7359
19.46667 319.0983 90.70139 357.6691
19.5 319.0426 90.92653 357.6244
19.5 318.9818 91.10447 357.7083
19.53333 318.9729 91.21219 357.8067
19.53333 318.9801 91.30788 357.8372
19.53333 319.031 91.3904 357.8698
19.56667 319.0898 91.44131 358.0145
19.56667 319.1041 91.44182 358.166
19.6 319.0746 89.41214 358.3664
19.6 319.0403 87.38712 358.5671
19.63333 319.0003 85.3756 358.7674
19.63333 318.9522 83.37119 358.9042
19.63333 318.9258 81.38365 358.9947
19.66667 318.9352 79.39964 359.1134
19.66667 318.9396 77.42968 359.1749
19.7 318.9189 75.46931 359.2354
19.7 318.863 73.52177 359.274
19.73333 318.8207 71.57894 359.3228
19.73333 318.7813 69.75171 359.3012
19.76667 318.718 68.06091 359.3742
19.76667 318.7784 66.19303 359.2355
19.8 318.7848 64.38433 359.1842
19.8 318.7565 62.60703 359.1378
19.83333 318.654 61.02487 359.1207
19.83333 318.6363 59.01876 359.0737
19.86667 318.6406 57.12755 359.034
19.86667 318.6758 55.21825 359.0201
19.9 318.694 53.23413 359.0692
19.9 318.6883 51.06439 359.3104
19.93333 318.6328 49.07849 359.5187
19.93333 318.6047 46.9252 359.6029
19.93333 318.5854 44.81542 359.674
19.96667 318.5588 42.66544 359.8093
19.96667 318.5266 40.51202 359.9452
20 318.5288 38.16595 0.2331152
20 318.4864 35.67371 0.7190818
20.03333 318.503 33.51559 0.8174737
20.03333 318.4785 31.23588 1.035997
20.06667 318.4377 28.93018 1.217718
20.06667 318.3972 26.66285 1.375655
20.1 318.3126 24.43406 1.401768
20.1 318.1917 21.70734 1.82224
20.13333 318.1321 19.7156 1.766325
20.13333 318.0327 17.54969 1.813869
20.13333 317.9757 15.40152 1.85543
20.16667 317.9404 13.26713 1.891305
20.16667 317.9219 11.14211 1.929102
20.2 317.9388 9.043065 1.952271
20.2 318.0262 6.976987 1.934829
20.23333 317.9646 4.576336 2.003284
20.23333 317.9471 2.574193 1.948266
20.26667 317.8941 0.375711 2.015581
20.26667 317.8724 358.18 1.99949
20.3 317.7837 355.4047 2.143742
20.3 317.776 353.2712 2.191067
20.33333 317.7055 350.9184 2.312251
20.33333 317.5774 348.5117 2.43117
20.36667 317.4668 346.1036 2.531726
20.36667 317.3328 343.6191 2.669631
20.4 317.0751 340.529 2.93904
20.4 317.0148 338.5566 2.894028
20.4 316.8226 336.1877 2.924031
20.43333 316.7097 333.873 2.940349
20.43333 316.6321 331.5985 2.970678
20.46667 316.5545 329.2784 2.987914
20.46667 316.4874 326.9588 3.021887
20.5 316.3764 324.5832 3.138785
20.5 316.332 322.1133 3.324046
20.53333 316.172 318.9828 3.584214
20.53333 316.2961 316.8999 3.569914
20.53333 316.3695 314.9342 3.532497
20.56667 316.3831 312.5197 3.58938
20.56667 316.4369 310.1863 3.576358
20.6 316.504 307.0683 3.676619
20.6 316.5679 305.0751 3.63113
20.63333 316.5972 302.6475 3.736263
20.63333 316.604 300.2501 3.877052
20.66667 316.5567 297.7329 4.042507
20.66667 316.4851 295.1772 4.208042
20.7 316.4289 291.8282 4.523575
20.7 316.4745 289.8001 4.539446
20.73333 316.5469 287.2923 4.727891
20.73333 316.5814 284.7975 4.904666
20.76667 316.6258 282.3539 5.020636
20.76667 316.6687 279.8738 5.173717
20.76667 316.6894 277.358 5.385684
20.8 316.6867 274.8323 5.621319
20.8 316.6477 272.3315 5.809209
20.83333 316.5446 269.7092 6.18538
20.83333 316.5281 269.3206 6.920567
20.86667 316.5581 269.1638 6.97908
20.86667 316.5843 268.5374 7.209108
20.86667 316.5978 267.9353 7.454442
20.9 316.5882 267.3625 7.727248
20.9 316.5212 267.2911 7.749942
20.93333 316.4721 266.8315 7.903915
20.93333 316.3911 266.4359 7.941272
20.93333 316.3313 265.9903 7.973556
20.96667 316.3216 265.5823 8.098842
20.96667 316.3344 264.9996 8.425516
21 316.3377 264.5223 8.710035
21 316.3726 264.0857 8.874403
21 316.4306 263.6944 8.895146
21.03333 316.4785 263.3469 8.974976
21.03333 316.5638 262.8656 9.172046
21.06667 316.7005 262.4109 9.350084
21.06667 316.8921 261.9545 9.507303
21.06667 317.041 261.5569 9.66735
21.1 317.2153 261.2072 9.794304
21.1 317.3557 260.8067 9.980013
21.13333 317.3902 260.4682 10.13546
21.13333 317.3626 260.0986 10.31541
21.16667 317.358 259.8186 10.46801
21.16667 317.4037 259.6012 10.49201
21.16667 317.4792 259.4467 10.4959
21.2 317.5589 259.2718 10.58229
21.2 317.517 259.1152 10.69545
21.23333 317.4239 258.9872 10.7208
21.23333 317.3215 258.9831 10.58338
21.23333 317.2721 259.0923 10.4025
21.26667 317.2731 259.1777 10.25076
21.26667 317.3228 259.2075 10.20618
21.3 317.3769 259.1738 10.23702
21.3 317.3917 259.1479 10.24504
21.33333 317.4032 259.1719 10.16201
21.33333 317.3909 259.2119 10.02146
21.33333 317.4053 259.2015 9.954002
21.36667 317.4193 259.1311 9.916945
21.36667 317.452 259.0596 9.929994
21.4 317.4778 259.0035 9.960651
21.4 317.4614 258.9832 9.981289
21.4 317.4349 258.993 9.985758
21.43333 317.4396 259.0178 9.957597
21.43333 317.4961 261.035 9.944068
21.46667 317.5341 263.0431 9.928185
21.46667 317.5753 265.0378 9.940004
21.5 317.6196 266.9798 10.00473
21.5 317.6628 268.9346 10.04193
21.5 317.7333 270.8959 10.05786
21.53333 317.8035 272.8387 10.08149
21.53333 317.814 274.7754 10.07513
21.56667 317.7955 276.7 10.09656
21.56667 317.7424 278.5771 10.15762
21.6 317.6861 280.4167 10.30356
21.6 317.6725 282.1356 10.52153
21.63333 317.7526 283.734 10.78802
21.63333 317.8183 285.6887 10.78982
21.66667 317.8457 287.4037 11.01605
21.66667 317.8414 289.1028 11.29432
21.7 317.8361 290.8308 11.50413
21.7 317.8486 292.5517 11.73281
21.7 317.8925 294.2555 11.97588
21.73333 317.9731 295.9334 12.21018
21.73333 318.0379 297.6437 12.42569
21.76667 318.0658 299.2799 12.66557
21.76667 318.1593 300.507 13.19564
21.8 318.1504 302.5795 13.15183
21.8 318.1869 304.4006 13.27376
21.83333 318.2443 306.2299 13.46198
21.83333 318.2557 308.1096 13.58996
21.83333 318.2583 310.0482 13.69792
21.86667 318.283 312.0294 13.78909
21.86667 318.3164 314.1218 13.82059
21.9 318.335 316.2286 13.78634
21.93333 318.2373 318.5337 13.64336
21.93333 318.1509 320.7964 13.59967
21.93333 318.1017 323.0162 13.45833
21.96667 318.0573 325.3178 13.32954
21.96667 317.9926 327.8212 13.04402
22 317.8649 330.5663 12.73305
22 317.7861 332.6556 12.71074
22.03333 317.6647 334.9952 12.59767
22.03333 317.6194 337.0733 12.59916
22.06667 317.4857 339.4742 12.4408
22.06667 317.3645 342.0026 12.24073
22.1 316.9424 345.6795 11.6339
22.1 317.0187 347.234 11.81669
22.13333 316.8759 349.718 11.61925
22.13333 316.731 352.3095 11.40204
22.16667 316.6073 354.8705 11.18647
22.16667 316.4153 357.7 10.86008
22.16667 315.9857 1.556314 10.11773
22.2 315.9834 3.718135 10.03868
22.2 315.8603 6.472526 9.726497
22.23333 315.8045 9.075013 9.486371
22.23333 315.7725 11.89075 9.127283
22.26667 315.7808 14.53089 8.832779
22.26667 315.7639 17.25958 8.487169
22.3 315.8032 19.85777 8.138941
22.3 315.7388 23.78504 7.227686
22.3 315.7532 25.76479 7.246706
22.33333 315.7571 28.35732 6.996242
22.33333 315.7908 30.23637 7.085474
22.36667 315.7818 32.7762 6.913085
22.36667 315.8384 35.15947 6.93214
22.4 315.9352 38.73387 6.442817
22.4 315.9675 40.63267 6.510764
22.43333 315.9597 43.12655 6.370447
22.43333 315.8845 45.58754 6.239041
22.46667 315.812 48.03799 6.149608
22.46667 315.7399 50.40587 6.145679
22.5 315.7031 53.82201 5.842443
22.5 315.6952 55.80003 5.886479
22.53333 315.6661 58.14497 5.868381
22.53333 315.6521 60.5243 5.851917
22.56667 315.6539 62.85323 5.825074
22.56667 315.6527 63.56913 5.863609
22.6 315.668 64.64165 5.803845
22.6 315.7251 64.64343 5.805453
22.6 315.7237 64.97327 5.783959
22.63333 315.7051 65.29109 5.775202
22.63333 315.6938 65.63506 5.785221
22.63333 315.6624 65.90815 5.800646
22.66667 315.6295 65.8509 5.808702
22.66667 315.5701 66.17706 5.751457
22.7 315.5462 66.51212 5.671545
22.7 315.5383 66.86037 5.618377
22.7 315.5536 67.09287 5.610884
22.73333 315.567 67.38329 5.603915
22.73333 315.5676 67.64953 5.608463
22.76667 315.5287 67.89427 5.60194
22.76667 315.469 68.20332 5.614307
22.76667 315.4384 68.43182 5.625871
22.8 315.4789 68.68055 5.630412
22.8 315.5499 68.94548 5.640644
22.83333 315.5865 69.17812 5.685743
22.83333 315.5556 69.39029 5.711326
22.86667 315.4799 69.61813 5.738233
22.86667 315.3618 69.87717 5.721634
22.86667 315.2407 70.10547 5.702301
22.9 315.189 70.25721 5.735464
22.9 315.2143 70.47195 5.729222
22.93333 315.2663 70.634 5.765069
22.93333 315.3091 70.80894 5.805384
22.93333 315.3209 70.94622 5.850602
22.96667 315.313 71.13115 5.867201
22.96667 315.2814 71.28687 5.906312
23 315.2385 71.39221 5.954098
23 315.2244 71.47971 5.991785
23 315.2064 71.53496 6.055231
23.03333 315.1957 71.52707 6.165796
23.03333 315.1746 71.47052 6.300767
23.06667 315.1631 71.3707 6.437122
23.06667 315.1493 71.23445 6.585624
23.1 315.1612 71.10236 6.700418
23.1 315.1408 70.9489 6.834199
23.13333 315.114 70.76304 6.994347
23.13333 315.0634 70.5651 7.136849
23.13333 315.0239 70.37649 7.273993
23.16667 315.004 70.1129 7.496068
23.16667 315.0536 69.84964 7.681005
23.16667 315.1302 69.61603 7.842155
23.2 315.2337 69.43609 7.943577
23.2 315.3138 69.28833 7.986888
23.23333 315.3455 69.21004 8.004403
23.23333 315.3477 69.17449 8.030469
23.26667 315.3903 69.19341 8.038735
23.26667 315.4267 69.26612 7.995781
23.26667 315.4413 69.41436 7.891635
23.3 315.422 69.62447 7.709148
23.3 315.3637 69.86012 7.50127
23.33333 315.2824 70.13173 7.240231
23.33333 315.2612 70.3624 7.003819
23.36667 315.2626 70.68023 6.683803
23.36667 315.2655 70.97756 6.404711
23.36667 315.2885 71.27338 6.126268
23.4 315.3393 71.50301 5.912213
23.4 315.3882 71.76595 5.693817
23.43333 315.4206 72.00118 5.515078
23.43333 315.4162 72.21177 5.360068
23.46667 315.3694 72.40841 5.242113
23.46667 315.3228 72.60556 5.110845
23.46667 315.2948 72.80975 4.946338
23.5 315.3004 73.0193 4.784924
23.5 315.2992 73.2357 4.642843
23.5 315.2676 73.4109 4.54445
23.53333 315.1901 73.66837 4.383782
23.53333 315.1158 73.93528 4.173013
23.56667 315.0528 72.24792 3.922182
23.56667 315.036 70.53732 3.680154
23.6 315.0297 68.85308 3.447
