1.520822 0 270 0
1.772588 0 270 0
1.872588 0 270 0
1.972588 0 270 0
2.072588 0 270 0
2.172588 0 270 0
2.272588 0 270 0
2.372588 0 270 0
2.472588 0 270 0
2.572588 0 270 0
2.672588 0 270 0
2.772588 0 270 0
2.872588 0 270 0
2.972588 0 270 0
3.072588 0 270 0
3.172588 0 270 0
3.272588 0 270 0
3.372588 0 270 0
3.472588 0 270 0
3.572588 0 270 0
3.672588 0 270 0
3.772588 0 270 0
3.872588 0 270 0
3.972588 0 270 0
4.072588 0 270 0
4.172588 0 270 0
4.272588 0 270 0
4.372588 0 270 0
4.472588 0 270 0
4.572588 0 270 0
4.672588 0 270 0
4.772588 0 270 0
4.872588 0 270 0
4.972588 0 270 0
5.072588 0 270 0
5.172588 0 270 0
5.272588 0 270 0
5.372588 0 270 0
5.472588 0 270 0
5.572588 0 270 0
5.672588 0 270 0
5.772588 0 270 0
5.872588 0 270 0
5.972588 0 270 0
6.072588 0 270 0
6.172588 0 270 0
6.272588 0 270 0
6.372588 0 270 0
6.472588 0 270 0
6.572588 0 270 0
6.672588 0 270 0
6.772588 0 270 0
6.872588 0 270 0
6.972588 0 270 0
7.072588 0 270 0
7.172588 0 270 0
7.272588 0 270 0
7.372588 359.2499 270.675 -5.336542E-08
7.472588 359.3999 296.475 -2.668189E-08
7.572588 359.55 306.675 0
7.672588 3.224974 330.075 -1.06891E-07
7.772588 5.924978 358.575 5.968278E-07
7.872588 5.924983 359.025 -1.274127E-06
7.972588 5.924985 359.025 -4.935565E-06
8.072588 1.874987 356.1 -5.272207E-06
8.172588 353.25 346.125 -5.050931E-06
8.272588 357 359.475 -5.350922E-06
8.372588 3.449974 22.35002 -5.613062E-06
8.472588 3.449973 22.35002 -5.773435E-06
8.572588 3.449973 22.35002 -5.773435E-06
8.672588 12.37498 31.80003 -7.211178E-06
8.772588 18.97499 51.22503 -1.0834E-05
8.872588 18.975 52.87504 -9.931164E-06
8.972589 18.975 52.87504 -9.931164E-06
9.072588 18.975 52.87504 -9.931164E-06
9.172588 18.975 52.87504 -9.931164E-06
9.272588 18.975 52.87504 -9.931164E-06
9.372588 22.65002 66.60004 -1.295174E-05
9.472589 25.05005 79.20006 -1.225145E-05
9.572588 21.52508 78.22507 -1.284896E-05
9.672588 12.0001 76.35007 -1.440199E-05
9.772588 9.825097 75.22507 -1.256399E-05
9.872588 9.825097 75.22507 -1.039779E-05
9.972589 11.92511 72.60008 -1.090757E-05
10.07259 12.97511 70.27512 -7.885293E-06
10.17259 12.97511 70.27512 -7.44722E-06
10.27259 12.97511 70.27512 -7.44722E-06
10.37259 16.95012 69.67514 -7.140375E-06
10.47259 22.50013 70.87514 -8.31707E-06
10.57259 24.00017 76.05015 -1.121487E-05
10.67259 24.00018 77.77518 -9.34573E-06
10.77259 23.9252 90.22518 -1.307641E-05
10.87259 23.47523 90.0752 -1.210059E-05
10.97259 21.07523 87.0752 -9.149772E-06
11.07259 14.47524 83.92521 -1.102206E-05
11.17259 11.10026 83.02524 -1.131066E-05
11.27259 10.27526 80.32523 -1.171381E-05
11.37259 10.57526 79.72522 -1.042231E-05
11.47259 13.57527 74.02522 -1.097889E-05
11.57259 13.95027 73.50023 -1.055665E-05
11.67259 13.95027 73.50023 -1.055665E-05
11.77259 13.95027 73.50023 -1.055665E-05
11.87259 14.40028 72.75023 -1.234055E-05
11.97259 14.40028 72.75023 -1.498495E-05
12.07259 14.40028 72.75023 -1.498495E-05
12.17259 14.40028 72.75023 -1.498495E-05
12.27259 14.40028 72.75023 -1.498495E-05
12.37259 14.40028 72.75023 -1.498495E-05
12.47259 14.40028 72.75023 -1.498495E-05
12.57259 14.40028 72.75023 -1.498495E-05
12.67259 14.40028 72.75023 -1.498495E-05
12.77259 14.40028 72.75023 -1.498495E-05
12.87259 14.40028 72.75023 -1.498495E-05
12.97259 14.40028 72.75023 -1.498495E-05
13.07259 12.90028 72.67525 -1.707968E-05
13.17259 5.325288 68.47527 -1.736386E-05
13.27259 4.05029 66.22527 -1.690425E-05
13.37259 4.950291 66.07528 -1.649668E-05
13.47259 7.050294 65.4753 -1.634529E-05
13.57259 8.925296 63.2253 -1.512417E-05
13.67259 9.075318 63.0753 -1.729194E-05
13.77259 9.075325 63.0753 -1.858883E-05
13.87259 9.075325 63.0753 -1.858883E-05
13.97259 9.075325 63.0753 -1.858883E-05
14.07259 9.075325 63.0753 -1.858883E-05
14.17259 9.075325 63.0753 -1.858883E-05
14.27259 9.075325 63.0753 -1.858883E-05
14.37259 9.075325 63.0753 -1.858883E-05
14.47259 9.075325 63.0753 -1.858883E-05
14.57259 9.075325 63.0753 -1.858883E-05
14.67259 9.075325 63.0753 -1.858883E-05
14.77259 9.075325 63.0753 -1.858883E-05
14.87259 9.075325 63.0753 -1.858883E-05
14.97259 9.075325 63.0753 -1.858883E-05
15.07259 8.10033 63.6003 -1.724755E-05
15.17259 6.525335 66.45029 -1.740165E-05
15.27259 8.475342 73.80029 -1.640081E-05
15.37259 9.300347 76.1253 -1.557263E-05
15.47259 9.300347 76.1253 -1.557263E-05
15.57259 9.300347 76.1253 -1.557263E-05
15.67259 9.300347 76.1253 -1.557263E-05
15.77259 9.300347 76.1253 -1.557263E-05
15.87259 9.300347 76.1253 -1.557263E-05
15.97259 9.300347 76.1253 -1.557263E-05
16.07259 9.300347 76.1253 -1.557263E-05
16.17259 9.300347 76.1253 -1.557263E-05
16.27259 9.300347 76.1253 -1.557263E-05
16.37259 9.300347 76.1253 -1.557263E-05
16.47259 9.300347 76.1253 -1.557263E-05
16.57259 9.300347 76.1253 -1.557263E-05
16.67259 9.300347 76.1253 -1.557263E-05
16.77259 9.300347 76.1253 -1.557263E-05
16.87259 9.300347 76.1253 -1.557263E-05
16.97259 9.300347 76.1253 -1.557263E-05
17.07259 10.05035 71.70031 -1.517389E-05
17.17259 9.525352 40.12531 -1.601563E-05
17.27259 9.450352 37.72532 -1.687765E-05
17.37259 9.450352 37.72532 -1.687765E-05
17.47259 9.450352 37.72532 -1.687765E-05
17.57259 9.450352 37.72532 -1.687765E-05
17.67259 9.450352 37.72532 -1.687765E-05
17.77259 9.450352 37.72532 -1.687765E-05
17.87259 9.450352 37.72532 -1.687765E-05
17.97259 9.450352 37.72532 -1.687765E-05
18.07259 9.450352 37.72532 -1.687765E-05
18.17259 9.450352 37.72532 -1.687765E-05
18.27259 9.450352 37.72532 -1.687765E-05
18.37259 9.450352 37.72532 -1.687765E-05
18.47259 9.450352 37.72532 -1.687765E-05
18.57259 9.450352 37.72532 -1.687765E-05
18.67259 9.450352 37.72532 -1.687765E-05
18.77259 9.512049 32.87981 -1.688068E-05
18.87259 10.05961 18.89052 -1.950984E-05
18.97259 10.47271 6.897623 -2.262843E-05
19.07259 10.87735 352.9035 -2.700554E-05
19.17259 11.1857 338.9069 -2.959041E-05
19.27259 11.37151 325.9083 -3.113358E-05
19.37259 11.44782 313.9086 -2.874642E-05
19.47259 11.43533 301.9086 -2.874515E-05
19.57259 11.27847 288.9102 -2.742347E-05
19.67259 11.10383 280.7965 0
19.77259 11.10383 280.7965 0
19.87259 11.10383 280.7965 0
19.97259 11.10383 280.7965 0
20.07259 11.10383 280.7965 0
20.17259 11.10384 280.8715 -8.700613E-07
20.27259 15.52885 296.1715 4.430604E-07
20.37259 19.57885 317.4716 4.530836E-07
20.47259 22.87887 339.2216 5.560058E-06
20.57259 24.30389 352.9466 1.370065E-05
20.67259 24.30389 353.3216 2.002403E-05
20.77259 22.57891 358.1966 2.615016E-05
20.87259 21.97892 2.621639 2.503119E-05
20.97259 21.97892 2.621639 2.503119E-05
21.07259 24.15392 16.64666 2.760297E-05
21.17259 24.15392 16.64666 2.666728E-05
21.27259 24.15392 16.64666 2.666728E-05
21.37259 24.45392 29.77164 1.828923E-05
21.47259 25.35395 24.59665 1.700594E-05
21.57259 24.82898 356.6967 2.093124E-05
21.67259 23.47901 337.6467 2.094393E-05
21.77259 22.20404 329.5468 2.535932E-05
21.87259 20.10405 318.2968 3.045718E-05
21.97259 20.10407 318.0718 3.227552E-05
22.07259 19.2041 315.0718 3.571128E-05
22.17259 19.20411 315.0718 3.571129E-05
22.27259 19.20411 315.0718 3.571129E-05
22.37259 19.20411 315.0718 3.571129E-05
22.47259 19.20411 315.0718 3.571129E-05
22.57259 19.20411 315.0718 3.571129E-05
22.67259 19.20411 315.0718 3.571129E-05
22.77259 19.20411 315.0718 3.571129E-05
22.87259 19.20411 315.0718 3.571129E-05
22.97259 19.20411 315.0718 3.571129E-05
23.07259 18.07911 312.6718 3.547552E-05
23.17259 12.75412 297.1468 3.982943E-05
23.27259 10.42913 292.5718 4.036736E-05
23.37259 8.554145 288.7468 4.101045E-05
23.47259 8.479154 288.3718 4.143403E-05
23.57259 6.529157 280.9468 3.995965E-05
23.67259 6.30416 279.9718 3.9942E-05
23.77259 6.30416 279.9718 3.9942E-05
23.87259 6.30416 279.9718 3.9942E-05
23.97259 6.30416 279.9718 3.9942E-05
24.07259 6.30416 279.9718 3.9942E-05
24.17259 6.30416 279.9718 3.9942E-05
24.27259 6.30416 279.9718 3.9942E-05
24.37259 6.30416 279.9718 3.9942E-05
24.47259 6.30416 279.9718 3.9942E-05
24.57259 6.30416 279.9718 3.9942E-05
24.67259 6.30416 279.9718 3.9942E-05
24.77259 6.30416 279.9718 3.9942E-05
24.87259 4.879163 274.4968 4.048751E-05
24.97259 0.9791644 262.5718 4.040006E-05
25.07259 0.7541643 262.0468 4.042435E-05
25.17259 0.7541643 262.0468 4.042435E-05
25.27259 0.7541643 262.0468 4.042435E-05
25.37259 0.7541643 262.0468 4.042435E-05
25.47259 0.7541643 262.0468 4.042435E-05
25.57259 0.7541643 262.0468 4.042435E-05
25.67259 358.5791 256.6468 4.040658E-05
25.77259 356.329 247.0467 4.020987E-05
25.87259 356.329 247.0467 3.946127E-05
25.97259 356.329 247.0467 3.849881E-05
26.07259 356.329 247.0467 3.849881E-05
26.17259 356.329 247.1217 3.892657E-05
26.27259 357.5291 252.0717 3.834875E-05
26.37259 359.6291 262.7967 3.863406E-05
26.47259 359.6291 262.7967 3.867409E-05
26.57259 359.6291 262.7967 3.875413E-05
26.67259 359.6291 262.7967 3.875413E-05
26.77259 359.4791 263.6967 3.876826E-05
26.87259 359.4791 263.8467 3.874158E-05
26.97259 359.4791 263.8467 3.874158E-05
27.07259 359.4791 263.8467 3.874158E-05
27.17259 359.4791 263.8467 3.874158E-05
27.27259 359.4791 263.8467 3.874158E-05
27.37259 359.4791 263.8467 3.874158E-05
27.47259 359.4791 263.8467 3.874158E-05
27.57259 359.4791 263.8467 3.874158E-05
27.67259 359.4791 263.8467 3.874158E-05
27.77259 359.4791 263.8467 3.874158E-05
27.87259 359.4791 263.8467 3.874158E-05
27.97259 359.4791 263.8467 3.874158E-05
28.07259 359.4791 263.8467 3.874158E-05
28.17259 359.4791 263.8467 3.874158E-05
28.27259 359.4791 263.8467 3.874158E-05
28.37259 359.4791 263.8467 3.874158E-05
28.47259 359.4791 263.8467 3.874158E-05
28.57259 359.4791 263.8467 3.874158E-05
28.67259 359.4791 263.8467 3.874158E-05
28.77259 359.4791 263.8467 3.874158E-05
28.87259 359.4791 263.8467 3.874158E-05
28.97259 359.4791 263.8467 3.874158E-05
29.07259 359.4791 263.8467 3.874158E-05
29.17259 359.4791 263.8467 3.874158E-05
29.27259 359.4791 263.8467 3.874158E-05
29.37259 359.4791 263.8467 3.874158E-05
29.47259 359.4791 263.8467 3.874158E-05
29.57259 359.4791 263.8467 3.874158E-05
29.67259 359.4791 263.8467 3.874158E-05
29.77259 359.4791 263.8467 3.874158E-05
29.87259 359.4791 263.8467 3.874158E-05
29.97259 359.4791 263.8467 3.874158E-05
30.07259 359.4791 263.8467 3.874158E-05
30.17259 359.4791 263.8467 3.874158E-05
30.27259 359.4791 263.8467 3.874158E-05
30.37259 359.4791 263.8467 3.874158E-05
30.47259 359.4791 263.8467 3.87149E-05
30.57259 359.4791 263.8467 3.866154E-05
30.67259 1.8791 265.9467 3.865405E-05
30.77259 2.1041 266.2468 3.865932E-05
30.87259 4.054103 267.9717 3.873017E-05
30.97259 5.779106 270.4467 3.883061E-05
31.07259 6.75411 271.4217 3.868831E-05
31.17259 9.079115 273.5217 3.847496E-05
31.27259 13.72912 279.1467 3.867093E-05
31.37259 13.80413 279.2217 3.868333E-05
31.47259 13.72914 279.2967 3.95498E-05
31.57259 10.87913 281.1717 3.999234E-05
31.67259 10.20414 282.5217 3.947102E-05
31.77259 10.20414 282.6717 3.773603E-05
31.87259 10.20414 283.7217 3.816979E-05
31.97259 10.20414 283.7217 3.686854E-05
32.07259 10.20414 283.7217 3.686854E-05
32.17259 10.20414 283.7217 3.686854E-05
32.27259 10.20414 283.7217 3.686854E-05
32.37259 10.20414 283.7217 3.686854E-05
32.47259 10.20414 283.7217 3.686854E-05
32.57259 10.20414 283.7217 3.686854E-05
32.67259 10.20414 283.7217 3.686854E-05
32.77259 10.20414 283.7217 3.686854E-05
32.87259 10.20414 283.7217 3.686854E-05
32.97259 10.20414 283.7217 3.686854E-05
33.07259 10.20414 283.7217 3.686854E-05
33.17259 10.20414 283.7217 3.686854E-05
33.27259 10.20414 283.7217 3.686854E-05
33.37259 10.20414 283.7217 3.686854E-05
33.47259 10.20414 283.7217 3.686854E-05
33.57259 10.20414 283.7217 3.686854E-05
33.67259 10.20414 283.7217 3.686854E-05
33.77259 10.20414 283.7217 3.686854E-05
33.87259 10.20414 283.7217 3.686854E-05
33.97259 10.20414 283.7217 3.686854E-05
34.07259 10.20414 283.7217 3.686854E-05
34.17259 10.20414 283.7217 3.686854E-05
34.27259 10.20414 283.7217 3.686854E-05
34.37259 10.20414 283.7217 3.686854E-05
34.47259 10.20414 283.7217 3.686854E-05
34.57259 10.20414 283.7217 3.686854E-05
34.67259 10.20414 283.7217 3.686854E-05
34.77259 10.20414 283.7217 3.686854E-05
34.87259 10.20414 283.7217 3.686854E-05
34.97259 10.20414 283.7217 3.686854E-05
35.07259 10.20414 283.7217 3.686854E-05
35.17259 10.20414 283.7217 3.686854E-05
35.27259 10.20414 283.7217 3.686854E-05
35.37259 10.20414 283.7217 3.686854E-05
35.47259 10.20414 283.7217 3.686854E-05
35.57259 10.20414 283.7217 3.686854E-05
35.67259 10.20414 283.7217 3.686854E-05
35.77259 9.604147 285.8967 3.680119E-05
35.87259 11.32916 300.6717 3.570034E-05
35.97259 11.40416 302.9217 3.875814E-05
36.07259 5.854175 300.5967 3.905036E-05
36.17259 356.1791 293.3217 3.925412E-05
36.27259 354.079 292.4217 3.926964E-05
36.37259 354.079 292.4217 3.926964E-05
36.47259 354.079 292.4217 3.926964E-05
36.57259 355.354 290.9967 3.940306E-05
36.67259 359.254 288.5967 3.975721E-05
36.77259 4.654015 288.1467 3.98318E-05
36.87259 10.20402 294.9717 3.990475E-05
36.97259 13.95402 304.8717 4.222728E-05
37.07259 14.85404 307.7967 4.239798E-05
37.17259 15.60404 309.8967 4.698157E-05
37.27259 15.60404 309.8967 4.698157E-05
37.37259 15.60404 309.8967 4.698157E-05
37.47259 15.60404 309.8967 4.698157E-05
37.57259 15.60404 309.8967 4.698157E-05
37.67259 15.60404 309.8967 4.698157E-05
37.77259 15.60404 309.8967 4.698157E-05
37.87259 15.60404 309.8967 4.698157E-05
37.97259 15.60404 309.8967 4.698157E-05
38.07259 15.60404 309.8967 4.698157E-05
38.17259 15.60404 309.8967 4.698157E-05
38.27259 15.60404 309.8967 4.698157E-05
38.37259 15.60404 309.8967 4.698157E-05
38.47259 15.60404 309.8967 4.698157E-05
38.57259 15.60404 309.8967 4.698157E-05
38.67259 15.60404 309.8967 4.698157E-05
38.77259 15.60404 309.8967 4.698157E-05
38.87259 15.60404 309.8967 4.698157E-05
38.97259 15.60404 309.8967 4.698157E-05
39.07259 15.60404 309.8967 4.698157E-05
39.17259 15.60404 309.8967 4.698157E-05
39.27259 15.60404 309.8967 4.698157E-05
39.37259 15.60404 309.8967 4.698157E-05
39.47259 15.60404 309.8967 4.698157E-05
39.57259 15.60404 309.8967 4.698157E-05
39.67259 15.60404 309.8967 4.698157E-05
39.77259 15.60404 309.8967 4.698157E-05
39.87259 15.60404 309.8967 4.698157E-05
39.97259 15.60404 309.8967 4.698157E-05
40.07259 16.12904 309.8217 4.710408E-05
40.17259 21.37906 310.1967 5.226123E-05
40.27259 22.27908 310.1967 4.890051E-05
40.37259 22.27909 310.1967 5.074581E-05
40.47259 20.5541 310.1967 5.015004E-05
40.57259 15.9041 309.3718 5.370921E-05
40.67259 9.529124 306.8968 5.367459E-05
40.77259 8.02913 306.2218 5.3458E-05
40.87259 8.02913 306.2218 5.3458E-05
40.97259 8.02913 306.2218 5.3458E-05
41.07259 8.02913 306.2218 5.3458E-05
41.17259 8.02913 306.2218 5.3458E-05
41.27259 8.02913 306.2218 5.3458E-05
41.37259 8.779131 305.2468 5.312954E-05
41.47259 9.229137 304.1968 5.62231E-05
41.57259 9.604141 303.4468 5.758302E-05
41.67259 9.604141 303.4468 5.758302E-05
41.77259 9.604141 303.4468 5.758302E-05
41.87259 9.604141 303.4468 5.758302E-05
41.97259 9.67914 303.3718 5.802889E-05
42.07259 9.679156 303.2969 6.192635E-05
42.17259 9.679171 303.2969 6.582382E-05
42.27259 10.20418 302.7719 6.679711E-05
42.37259 14.40419 304.1969 6.78742E-05
42.47259 20.25421 321.2969 6.779839E-05
42.57259 21.67923 329.3969 7.02852E-05
42.67259 21.67923 329.3969 7.02852E-05
42.77259 20.70424 334.6469 7.393023E-05
42.87259 20.62926 338.3969 6.750788E-05
42.97259 20.62926 338.2469 6.933242E-05
43.07259 20.77927 334.8719 7.12274E-05
43.17259 20.77929 333.0718 6.529179E-05
43.27259 20.77929 333.0718 6.620495E-05
43.37259 20.77929 333.0718 6.620495E-05
43.47259 20.3293 329.6219 6.828648E-05
43.57259 18.37931 320.0968 6.927424E-05
43.67259 18.37931 320.0968 6.927424E-05
43.77259 18.37931 320.0968 6.927424E-05
43.87259 18.37931 320.0968 6.927424E-05
43.97259 18.37931 320.0968 6.927424E-05
44.07259 18.37931 320.0968 6.927424E-05
44.17259 18.37931 320.0968 6.927424E-05
44.27259 18.37931 320.0968 6.927424E-05
44.37259 18.37931 320.0968 6.927424E-05
44.47259 18.37931 320.0968 6.927424E-05
44.57259 18.37931 320.0968 6.927424E-05
44.67259 18.37931 320.0968 6.927424E-05
44.77259 12.75431 318.4468 6.915446E-05
44.87259 8.329328 314.6219 7.226582E-05
44.97259 11.47933 316.8719 7.100284E-05
45.07259 14.92934 329.9219 7.068801E-05
45.17259 17.32935 345.8969 7.356199E-05
45.27259 18.30436 354.972 7.975449E-05
45.37259 18.30438 354.972 8.975894E-05
45.47259 18.30438 354.972 8.975894E-05
45.57259 18.30438 354.972 8.975894E-05
45.67259 18.30438 354.972 8.975894E-05
45.77259 18.30438 354.972 8.975894E-05
45.87259 18.30438 354.972 8.975894E-05
45.97259 18.30438 354.972 8.975894E-05
46.07259 18.30438 354.972 8.975894E-05
46.17259 18.30438 354.972 8.975894E-05
46.27259 18.30438 354.972 8.975894E-05
46.37259 18.30438 354.972 8.975894E-05
46.47259 18.30438 354.972 8.975894E-05
46.57259 18.30438 354.972 8.975894E-05
46.67259 18.30438 354.972 8.975894E-05
46.77259 18.30438 354.972 8.975894E-05
46.87259 18.30438 354.972 8.975894E-05
46.97259 18.37938 355.197 9.052888E-05
47.07259 20.2544 1.12193 8.225966E-05
47.17259 20.6294 2.396937 8.190468E-05
47.27259 20.6294 2.396937 8.190468E-05
47.37259 21.37941 5.171944 7.930891E-05
47.47259 22.27941 8.396936 8.073216E-05
47.57259 22.57942 9.446916 7.998219E-05
47.67259 22.57942 9.446916 7.998219E-05
47.77259 22.57942 9.446916 7.998219E-05
47.87259 22.57942 9.446916 7.998219E-05
47.97259 22.57942 9.446916 7.998219E-05
48.07259 22.57942 9.446916 7.998219E-05
48.17259 22.57942 9.446916 7.998219E-05
48.27259 22.57942 9.446916 7.998219E-05
48.37259 22.57942 9.446916 7.998219E-05
48.47259 22.57942 9.446916 7.998219E-05
48.57259 22.57942 9.446916 7.998219E-05
48.67259 22.57942 9.446916 7.998219E-05
48.77259 22.57942 9.446916 7.998219E-05
48.87259 22.57942 9.446916 7.998219E-05
48.97259 22.57942 9.446916 7.998219E-05
49.07259 22.57942 9.446916 7.998219E-05
49.17259 22.57942 9.446916 7.998219E-05
49.27259 22.57942 9.446916 7.998219E-05
49.37259 22.57942 9.446916 7.998219E-05
49.47259 22.57942 9.446916 7.998219E-05
49.57259 22.57942 9.446916 7.998219E-05
49.67259 22.57942 9.446916 7.998219E-05
49.77259 22.57942 9.446916 7.998219E-05
49.87259 22.57942 9.446916 7.998219E-05
49.97259 22.57942 9.446916 7.998219E-05
50.07259 22.57942 9.446916 7.998219E-05
50.17259 22.57942 9.446916 7.998219E-05
50.27259 22.57942 9.446916 7.998219E-05
50.37259 22.57942 9.446916 7.998219E-05
50.47259 22.57942 9.446916 7.998219E-05
50.57259 22.57942 9.446916 7.998219E-05
50.67259 22.57942 9.446916 7.998219E-05
50.77259 22.57942 9.446916 7.998219E-05
50.87259 22.57942 9.446916 7.998219E-05
50.97259 22.57942 9.446916 7.998219E-05
51.07259 22.57942 9.446916 7.998219E-05
51.17259 22.57942 9.446916 7.998219E-05
51.27259 22.57942 9.446916 7.998219E-05
51.37259 22.57942 9.446916 7.998219E-05
51.47259 22.57942 9.446916 7.998219E-05
51.57259 22.57942 9.446916 7.998219E-05
51.67259 22.57942 9.446916 7.998219E-05
51.77259 22.57942 9.446916 7.998219E-05
51.87259 22.57942 9.446916 7.998219E-05
51.97259 22.57942 9.446916 7.998219E-05
52.07259 22.57942 9.446916 7.998219E-05
52.17259 22.57942 9.446916 7.998219E-05
52.27259 22.57942 9.446916 7.998219E-05
52.37259 22.57942 9.446916 7.998219E-05
52.47259 22.57942 9.446916 7.998219E-05
52.57259 22.57942 9.446916 7.998219E-05
52.67259 22.57942 9.446916 7.998219E-05
52.77259 22.57942 9.446916 7.998219E-05
52.87259 22.57942 9.446916 7.998219E-05
52.97259 22.57942 9.446916 7.998219E-05
53.07259 22.57942 9.446916 7.998219E-05
53.17259 22.57942 9.446916 7.998219E-05
53.27259 22.57942 9.446916 7.998219E-05
53.37259 22.57942 9.446916 7.998219E-05
53.47259 22.57942 9.446916 7.998219E-05
53.57259 22.57942 9.446916 7.998219E-05
53.67259 22.57942 9.446916 7.998219E-05
53.77259 22.57942 9.446916 7.998219E-05
53.87259 22.57942 9.446916 7.998219E-05
53.97259 22.57942 9.446916 7.998219E-05
54.07259 21.52941 0.7469066 7.755494E-05
54.17259 19.12944 338.8469 7.523086E-05
54.27259 17.92945 327.5219 7.448024E-05
54.37259 14.92946 308.3969 7.466424E-05
54.47259 14.77947 306.2969 7.461244E-05
54.57259 14.77947 306.2969 7.461244E-05
54.67259 14.77947 306.2969 7.461244E-05
54.77259 14.77947 306.2969 7.461244E-05
54.87259 15.37947 313.6469 7.172407E-05
54.97259 16.95447 325.9468 6.515743E-05
55.07259 18.82948 340.7218 6.630054E-05
55.17259 21.0045 0.5218682 7.074131E-05
55.27259 21.6045 13.57189 7.323325E-05
55.37259 21.8295 21.74688 6.576018E-05
55.47259 21.8295 21.82189 6.484046E-05
55.57259 21.8295 21.82189 6.484046E-05
55.67259 21.8295 21.82189 6.484046E-05
55.77259 21.8295 21.82189 6.484046E-05
55.87259 21.8295 21.82189 6.484046E-05
55.97259 22.0545 20.92189 6.310076E-05
56.07259 22.05451 20.77189 6.448252E-05
56.17259 22.0545 8.396925 6.644003E-05
56.27259 19.42951 338.9219 6.903148E-05
56.37259 18.82951 334.347 7.26149E-05
56.47259 18.00451 328.5719 7.675623E-05
56.57259 17.62952 326.3969 7.614702E-05
56.67259 17.62952 326.3969 7.614702E-05
56.77259 17.62952 326.3969 7.614702E-05
56.87259 17.62952 326.3969 7.614702E-05
56.97259 17.62952 326.3969 7.614702E-05
57.07259 17.62952 326.3969 7.614702E-05
57.17259 17.62952 326.3969 7.614702E-05
57.27259 17.62952 326.3969 7.614702E-05
57.37259 17.62952 326.3969 7.614702E-05
57.47259 17.62952 326.3969 7.614702E-05
57.57259 17.62952 326.3969 7.614702E-05
57.67259 17.62952 326.3969 7.614702E-05
57.77259 17.62952 326.3969 7.614702E-05
57.87259 17.62952 326.3969 7.614702E-05
57.97259 17.62952 326.3969 7.614702E-05
58.07259 17.62952 326.3969 7.614702E-05
58.17259 17.62952 326.3969 7.614702E-05
58.27259 17.62952 326.3969 7.614702E-05
58.37259 17.62952 326.3969 7.614702E-05
58.47259 17.62952 326.3969 7.614702E-05
58.57259 17.62952 326.3969 7.614702E-05
58.67259 17.62952 326.3969 7.614702E-05
58.77259 17.62952 326.3969 7.614702E-05
58.87259 17.62952 326.3969 7.614702E-05
58.97259 17.62952 326.3969 7.614702E-05
59.07259 17.62952 326.3969 7.614702E-05
59.17259 17.62952 326.3969 7.614702E-05
59.27259 17.62952 326.3969 7.614702E-05
59.37259 17.62952 326.3969 7.614702E-05
59.47259 17.62952 326.3969 7.614702E-05
59.57259 17.62952 326.3969 7.614702E-05
59.67259 17.62952 326.3969 7.614702E-05
59.77259 17.62952 326.3969 7.614702E-05
59.87259 17.62952 326.3969 7.614702E-05
59.97259 17.62952 326.3969 7.614702E-05
60.07259 17.62952 326.3969 7.614702E-05
60.17259 17.62952 326.3969 7.614702E-05
60.27259 17.62952 326.3969 7.614702E-05
60.37259 17.62952 326.3969 7.614702E-05
60.47259 17.62952 326.3969 7.614702E-05
60.57259 17.62952 326.3969 7.614702E-05
60.67259 17.62952 326.3969 7.614702E-05
60.77259 17.62952 326.3969 7.614702E-05
60.87259 17.62952 326.3969 7.614702E-05
60.97259 17.62952 326.3969 7.614702E-05
61.07259 17.62952 326.3969 7.614702E-05
61.17259 17.62952 326.3969 7.614702E-05
61.27259 17.62952 326.3969 7.614702E-05
61.37259 17.62952 326.3969 7.614702E-05
61.47259 17.62952 326.3969 7.614702E-05
61.57259 17.62952 326.3969 7.614702E-05
61.67259 17.62952 326.3969 7.614702E-05
61.77259 17.62952 326.3969 7.614702E-05
61.87259 17.62952 326.3969 7.614702E-05
61.97259 17.62952 326.3969 7.614702E-05
62.07259 17.62952 326.3969 7.614702E-05
62.17259 17.62952 326.3969 7.614702E-05
62.27259 17.62952 326.3969 7.614702E-05
62.37259 17.62952 326.3969 7.614702E-05
62.47259 17.62952 326.3969 7.614702E-05
62.57259 17.62952 326.3969 7.614702E-05
62.67259 17.62952 326.3969 7.614702E-05
62.77259 17.62952 326.3969 7.614702E-05
62.87259 17.62952 326.3969 7.614702E-05
62.97259 17.62952 326.3969 7.614702E-05
63.07259 17.62952 326.3969 7.614702E-05
63.17259 17.62952 326.3969 7.614702E-05
63.27259 17.62952 326.3969 7.614702E-05
63.37259 17.62952 326.3969 7.614702E-05
63.47259 17.62952 326.3969 7.614702E-05
63.57259 17.62952 326.3969 7.614702E-05
63.67259 17.62952 326.3969 7.614702E-05
63.77259 17.62952 326.3969 7.614702E-05
63.87259 17.62952 326.3969 7.614702E-05
63.97259 17.62952 326.3969 7.614702E-05
64.07259 17.62952 326.3969 7.614702E-05
64.17259 17.62952 326.3969 7.614702E-05
64.27259 17.62952 326.3969 7.614702E-05
64.37259 17.62952 326.3969 7.614702E-05
64.47259 17.62952 326.3969 7.614702E-05
64.57259 17.62952 326.3969 7.614702E-05
64.67259 17.62952 326.3969 7.614702E-05
64.77259 17.62952 326.3969 7.614702E-05
64.87259 17.62952 326.3969 7.614702E-05
64.97259 17.62952 326.3969 7.614702E-05
65.07259 17.62952 326.3969 7.614702E-05
65.17259 17.62952 326.3969 7.614702E-05
65.27259 17.62952 326.3969 7.614702E-05
65.37259 17.62952 326.3969 7.614702E-05
65.47259 17.62952 326.3969 7.614702E-05
65.57259 17.62952 326.3969 7.614702E-05
65.67259 17.62952 326.3969 7.614702E-05
65.77259 17.62952 326.3969 7.614702E-05
65.87259 17.62952 326.3969 7.614702E-05
65.97259 17.62952 326.3969 7.614702E-05
66.07259 17.62952 326.3969 7.614702E-05
66.17259 17.62952 326.3969 7.614702E-05
66.27259 17.62952 326.3969 7.614702E-05
66.37259 17.62952 326.3969 7.614702E-05
66.47259 17.62952 326.3969 7.614702E-05
66.57259 17.62952 326.3969 7.614702E-05
66.67259 17.62952 326.3969 7.614702E-05
66.77259 17.62952 326.3969 7.614702E-05
66.87259 17.62952 326.3969 7.614702E-05
66.97259 17.62952 326.3969 7.614702E-05
67.07259 17.62952 326.3969 7.614702E-05
67.17259 17.62952 326.3969 7.614702E-05
67.27259 17.62952 326.3969 7.614702E-05
67.37259 17.62952 326.3969 7.614702E-05
67.47259 17.62952 326.3969 7.614702E-05
67.57259 17.62952 326.3969 7.614702E-05
67.67259 17.62952 326.3969 7.614702E-05
67.77259 17.62952 326.3969 7.614702E-05
67.87259 17.62952 326.3969 7.614702E-05
67.97259 17.62952 326.3969 7.614702E-05
68.07259 17.62952 326.3969 7.614702E-05
68.17259 17.62952 326.3969 7.614702E-05
68.27259 17.62952 326.3969 7.614702E-05
68.37259 17.62952 326.3969 7.614702E-05
68.47259 17.62952 326.3969 7.614702E-05
68.57259 17.62952 326.3969 7.614702E-05
68.67259 17.62952 326.3969 7.614702E-05
68.77259 17.62952 326.3969 7.614702E-05
68.87259 17.62952 326.3969 7.614702E-05
68.97259 17.62952 326.3969 7.614702E-05
69.07259 17.62952 326.3969 7.614702E-05
69.17259 17.62952 326.3969 7.614702E-05
69.27259 17.62952 326.3969 7.614702E-05
69.37259 17.62952 326.3969 7.614702E-05
69.47259 17.62952 326.3969 7.614702E-05
69.57259 17.62952 326.3969 7.614702E-05
69.67259 17.62952 326.3969 7.614702E-05
69.77259 17.62952 326.3969 7.614702E-05
69.87259 17.62952 326.3969 7.614702E-05
69.97259 17.62952 326.3969 7.614702E-05
70.07259 17.62952 326.3969 7.614702E-05
70.17259 17.62952 326.3969 7.614702E-05
70.27259 17.62952 326.3969 7.614702E-05
70.37259 17.62952 326.3969 7.614702E-05
70.47259 17.62952 326.3969 7.614702E-05
70.57259 17.62952 326.3969 7.614702E-05
70.67259 17.62952 326.3969 7.614702E-05
70.77259 17.62952 326.3969 7.614702E-05
70.87259 17.62952 326.3969 7.614702E-05
70.97259 17.62952 326.3969 7.614702E-05
71.07259 17.62952 326.3969 7.614702E-05
71.17259 17.62952 326.3969 7.614702E-05
71.27259 17.62952 326.3969 7.614702E-05
71.37259 17.62952 326.3969 7.614702E-05
71.47259 17.62952 326.3969 7.614702E-05
71.57259 17.62952 326.3969 7.614702E-05
71.67259 17.62952 326.3969 7.614702E-05
71.77259 17.62952 326.3969 7.614702E-05
71.87259 17.62952 326.3969 7.614702E-05
71.97259 17.62952 326.3969 7.614702E-05
72.07259 17.62952 326.3969 7.614702E-05
72.17259 17.62952 326.3969 7.614702E-05
72.27259 17.62952 326.3969 7.614702E-05
72.37259 17.62952 326.3969 7.614702E-05
72.47259 17.62952 326.3969 7.614702E-05
72.57259 17.62952 326.3969 7.614702E-05
72.67259 17.62952 326.3969 7.614702E-05
72.77259 17.62952 326.3969 7.614702E-05
72.87259 17.62952 326.3969 7.614702E-05
72.97259 17.62952 326.3969 7.614702E-05
73.07259 17.62952 326.3969 7.614702E-05
73.17259 17.62952 326.3969 7.614702E-05
73.27259 17.62952 326.3969 7.614702E-05
73.37259 17.62952 326.3969 7.614702E-05
73.47259 17.62952 326.3969 7.614702E-05
73.57259 17.62952 326.3969 7.614702E-05
73.67259 17.62952 326.3969 7.614702E-05
73.77259 17.62952 326.3969 7.614702E-05
73.87259 17.62952 326.3969 7.614702E-05
73.97259 17.62952 326.3969 7.614702E-05
74.07259 17.62952 326.3969 7.614702E-05
74.17259 17.62952 326.3969 7.614702E-05
74.27259 17.62952 326.3969 7.614702E-05
74.37259 17.62952 326.3969 7.614702E-05
74.47259 17.62952 326.3969 7.614702E-05
74.57259 17.62952 326.3969 7.614702E-05
74.67259 17.62952 326.3969 7.614702E-05
74.77259 17.62952 326.3969 7.614702E-05
74.87259 17.62952 326.3969 7.614702E-05
74.97259 17.62952 326.3969 7.614702E-05
75.07259 17.62952 326.3969 7.614702E-05
75.17259 17.62952 326.3969 7.614702E-05
75.27259 17.62952 326.3969 7.614702E-05
75.37259 17.62952 326.3969 7.614702E-05
75.47259 17.62952 326.3969 7.614702E-05
75.57259 17.62952 326.3969 7.614702E-05
75.67259 17.62952 326.3969 7.614702E-05
