1.479326 0 270 0
1.733355 0 270 0
1.833355 0 270 0
1.933355 0 270 0
2.033355 0 270 0
2.133355 0 270 0
2.233355 0 270 0
2.333355 0 270 0
2.433355 0 270 0
2.533355 0 270 0
2.633355 0 270 0
2.733355 0 270 0
2.833355 0 270 0
2.933355 0 270 0
3.033355 0 270 0
3.133355 0 270 0
3.233355 0 270 0
3.333355 0 270 0
3.433355 0 270 0
3.533355 0 270 0
3.633355 0 270 0
3.733355 0 270 0
3.833355 0 270 0
3.933355 0 270 0
4.033355 0 270 0
4.133355 0 270 0
4.233355 0 270 0
4.333355 0 270 0
4.433355 0 270 0
4.533355 0 270 0
4.633355 0 270 0
4.733355 0 270 0
4.833355 0 270 0
4.933355 0 270 0
5.033355 0 270 0
5.133355 0 270 0
5.233355 0 270 0
5.333355 0.6750005 273.75 0
5.433355 2.175001 282.9 0
5.533355 2.550003 299.1 -3.204825E-07
5.633355 0.07500406 327.975 -1.717554E-07
5.733355 359.25 345.3 -2.868392E-07
5.833355 0.4498918 355.2 -2.518043E-07
5.933355 0.4498918 355.2 -2.518043E-07
6.033355 0.4498918 355.2 -2.518043E-07
6.133355 0.4498918 355.2 -2.518043E-07
6.233355 356.4749 0.8250335 -2.255428E-07
6.333355 348.3749 14.62503 -8.716538E-07
6.433355 340.1249 25.80006 -4.993167E-06
6.533355 340.0499 32.25006 -3.633117E-06
6.633355 341.3249 38.7001 -7.660399E-06
6.733355 342.6749 42.75008 -8.049147E-06
6.833355 343.875 50.62508 -9.331753E-06
6.933355 343.7249 59.55006 -1.334123E-05
7.033355 344.0999 68.47504 -1.509154E-05
7.133355 344.0999 68.47504 -1.509154E-05
7.233355 344.0999 68.47504 -1.509154E-05
7.333355 343.1998 72.00008 -1.516126E-05
7.433355 341.9998 79.8751 -1.52611E-05
7.533355 341.6247 85.42509 -1.439432E-05
7.633355 341.3246 99.15007 -1.44196E-05
7.733355 341.3246 118.8751 -1.532083E-05
7.833355 340.7246 126.0001 -1.266266E-05
7.933355 340.5746 127.8 -1.08637E-05
8.033356 340.7246 127.875 -1.085372E-05
8.133355 342.8246 116.55 -1.4298E-05
8.233356 344.6246 87.67502 -1.328198E-05
8.333355 345.2246 77.92499 -1.412753E-05
8.433355 345.2246 77.92499 -1.412753E-05
8.533356 345.2246 77.92499 -1.412753E-05
8.633355 345.2246 77.92499 -1.412753E-05
8.733356 345.2246 77.92499 -1.412753E-05
8.833355 345.2246 77.92499 -1.412753E-05
8.933355 345.2246 77.92499 -1.412753E-05
9.033356 345.2246 77.92499 -1.412753E-05
9.133355 345.2246 77.92499 -1.412753E-05
9.233356 345.2246 77.92499 -1.412753E-05
9.333355 345.2246 77.92499 -1.412753E-05
9.433355 345.2246 77.92499 -1.412753E-05
9.533356 345.2246 77.92499 -1.412753E-05
9.633355 345.2246 77.92499 -1.412753E-05
9.733356 345.2246 77.92499 -1.412753E-05
9.833355 345.2246 77.92499 -1.412753E-05
9.933355 345.2246 77.92499 -1.412753E-05
10.03336 345.2246 77.92499 -1.412753E-05
10.13336 345.2246 77.92499 -1.412753E-05
10.23336 345.2246 77.92499 -1.412753E-05
10.33335 345.2246 77.92499 -1.412753E-05
10.43336 345.2246 77.92499 -1.412753E-05
10.53336 345.2246 77.92499 -1.412753E-05
10.63336 345.2246 77.92499 -1.412753E-05
10.73336 345.2246 77.92499 -1.412753E-05
10.83335 345.2246 77.92499 -1.412753E-05
10.93336 345.2246 77.92499 -1.412753E-05
11.03336 345.2246 77.92499 -1.412753E-05
11.13336 345.2246 77.92499 -1.412753E-05
11.23336 345.2246 77.92499 -1.412753E-05
11.33335 345.2246 77.92499 -1.412753E-05
11.43336 345.2246 77.92499 -1.412753E-05
11.53336 345.2246 77.92499 -1.412753E-05
11.63336 345.2246 77.92499 -1.412753E-05
11.73336 345.2246 77.92499 -1.545199E-05
11.83335 346.5687 67.0074 -1.536118E-05
11.93336 348.1572 54.10479 -1.744684E-05
12.03336 349.6235 42.19471 -1.931231E-05
12.13336 351.212 29.29212 -2.073398E-05
12.23336 352.6782 17.38205 -2.324139E-05
12.33335 354.1445 5.471971 -2.314597E-05
12.43336 355.733 352.5694 -2.381158E-05
12.53336 357.0771 341.6518 -2.479169E-05
12.63336 358.6656 328.7493 -2.505972E-05
12.73336 0.2542332 315.8467 -2.513988E-05
12.83335 1.598515 304.9292 -2.519613E-05
12.93336 2.086778 300.9638 2.13585E-07
13.03336 2.086778 300.9638 2.13585E-07
13.13336 2.086778 300.9638 2.13585E-07
13.23336 2.086778 300.9638 2.13585E-07
13.33335 2.086778 300.9638 2.13585E-07
13.43336 2.086778 300.9638 2.13585E-07
13.53336 2.086778 300.9638 2.13585E-07
13.63336 2.086778 300.9638 2.13585E-07
13.73336 2.086778 300.9638 2.13585E-07
13.83335 2.086778 300.9638 2.13585E-07
13.93336 359.2368 296.5388 2.668279E-08
14.03336 352.1117 280.7138 -4.309648E-07
14.13336 349.1117 272.2388 8.694258E-07
14.23336 349.8617 263.8387 0
14.33335 349.8617 263.8387 0
14.43336 349.8617 263.8387 0
14.53336 349.8617 263.8387 0
14.63336 349.8617 263.8387 0
14.73336 349.8617 263.8387 0
14.83335 349.8617 263.8387 0
14.93336 349.8617 263.8387 0
15.03336 349.8617 263.8387 0
15.13336 349.8617 263.8387 0
15.23336 349.8617 263.8387 0
15.33335 349.8617 263.8387 0
15.43336 349.8617 263.8387 0
15.53336 349.8617 263.8387 0
15.63336 349.8617 263.8387 0
15.73336 349.8617 263.8387 0
15.83335 349.8617 263.8387 0
15.93336 349.8617 263.8387 0
16.03336 349.8617 263.8387 0
16.13336 349.8617 263.8387 0
16.23335 349.8617 263.8387 0
16.33335 349.8617 263.8387 0
16.43336 349.8617 263.8387 0
16.53336 349.8617 263.8387 0
16.63336 349.8617 263.8387 0
16.73335 349.8617 263.8387 0
16.83335 349.8617 263.8387 0
16.93336 349.8617 263.8387 0
17.03336 349.8617 263.8387 0
17.13336 349.8617 263.8387 0
17.23335 349.8617 263.8387 0
17.33335 349.8617 263.8387 0
17.43336 349.8617 263.8387 0
17.53336 349.8617 263.8387 0
17.63336 349.8617 263.8387 0
17.73335 349.8617 263.8387 0
17.83335 349.8617 263.8387 0
17.93336 349.8617 263.8387 0
18.03336 349.8617 263.8387 0
18.13336 349.8617 263.8387 0
18.23335 349.8617 263.8387 0
18.33335 349.8617 263.8387 0
18.43336 349.8617 263.8387 0
18.53336 349.8617 263.8387 0
18.63336 349.8617 263.8387 0
18.73335 349.8617 263.8387 0
18.83335 349.8617 263.8387 0
18.93336 349.8617 263.8387 0
19.03336 349.8617 263.8387 0
19.13336 349.8617 263.8387 0
19.23335 349.8617 263.8387 0
19.33335 349.8617 263.8387 0
19.43336 349.8617 263.8387 0
19.53336 349.8617 263.8387 0
19.63336 349.8617 263.8387 0
19.73335 349.8617 263.8387 0
19.83335 350.4616 282.2137 4.328714E-07
19.93336 350.6866 298.7137 -4.325892E-07
20.03336 352.9366 313.7137 -6.452271E-07
20.13336 353.5366 333.0637 -9.666393E-07
20.23335 350.9116 357.4387 -5.403928E-07
20.33335 349.9365 15.73873 1.083893E-07
20.43336 350.6865 27.36372 1.946652E-06
20.53336 351.6615 35.0137 1.941515E-06
20.63336 351.8865 34.11375 1.50921E-06
20.73335 352.4116 24.88873 2.045628E-06
20.83335 352.4116 23.46374 1.830298E-06
20.93336 352.3366 23.76375 1.399885E-06
21.03336 352.3366 23.76375 1.399885E-06
21.13336 352.3366 23.76375 1.399885E-06
21.23335 352.3366 23.76375 1.399885E-06
21.33335 351.4366 21.28878 5.396244E-07
21.43336 351.4366 21.28878 5.396244E-07
21.53336 351.4366 21.28878 5.396244E-07
21.63336 351.4366 21.28878 5.396244E-07
21.73335 350.9865 24.58877 1.945009E-06
21.83335 347.7615 31.03875 1.965663E-06
21.93336 346.7115 40.93879 3.070418E-06
22.03336 346.7115 41.01378 3.947681E-06
22.13336 347.3115 39.96382 3.500583E-06
22.23335 347.3115 39.96382 3.500583E-06
22.33335 347.3115 39.96382 3.500583E-06
22.43336 347.3115 39.96382 3.500583E-06
22.53336 347.3115 39.96382 3.500583E-06
22.63336 347.3115 39.96382 3.500583E-06
22.73335 347.3115 39.96382 3.500583E-06
22.83335 347.3115 39.96382 3.500583E-06
22.93336 347.3115 39.96382 3.500583E-06
23.03336 347.3115 39.96382 3.500583E-06
23.13336 347.3115 39.96382 3.500583E-06
23.23335 347.3115 39.96382 3.500583E-06
23.33335 347.3115 39.96382 3.500583E-06
23.43336 347.3115 39.96382 3.500583E-06
23.53336 347.3115 39.96382 3.500583E-06
23.63336 347.4615 40.56381 2.623899E-06
23.73335 347.4615 40.56381 2.623899E-06
23.83335 347.4615 40.56381 2.623899E-06
23.93336 346.7865 38.46379 2.630976E-06
24.03336 346.1865 36.36379 3.956409E-06
24.13336 346.1865 36.36379 3.956409E-06
24.23335 346.1865 36.36379 3.956409E-06
24.33335 346.1865 36.36379 3.956409E-06
24.43336 346.1865 36.36379 3.956409E-06
24.53336 346.1115 35.61379 4.837172E-06
24.63336 346.1115 33.13877 7.475629E-06
24.73335 347.6864 5.088751 9.284946E-06
24.83335 348.5114 349.7887 9.692424E-06
24.93336 347.9864 347.1638 8.619804E-06
25.03336 346.5614 338.5388 8.11973E-06
25.13336 346.1114 333.5888 7.035889E-06
25.23335 345.7364 332.8388 7.928376E-06
25.33335 345.2113 331.6388 1.236235E-05
25.43336 345.2113 331.6388 1.236235E-05
25.53336 345.2113 331.8638 1.501142E-05
25.63336 345.2113 332.3138 1.655671E-05
25.73335 345.2113 332.3138 1.655671E-05
25.83335 345.2113 332.3138 1.655671E-05
25.93336 345.2113 332.3138 1.655671E-05
26.03336 345.2113 332.3138 1.655671E-05
26.13336 345.2113 332.3138 1.655671E-05
26.23336 345.2113 332.3138 1.655671E-05
26.33335 345.2113 332.3138 1.655671E-05
26.43336 345.1363 332.6888 2.694159E-05
26.53336 344.9863 335.3137 3.182214E-05
26.63336 345.3452 334.4638 3.132814E-05
26.73336 345.1511 322.4654 3.356428E-05
26.83335 344.9731 311.4668 3.624412E-05
26.93336 344.779 299.4683 3.627732E-05
27.03336 344.6982 294.469 3.717644E-05
27.13336 344.3981 294.469 3.72303E-05
27.23336 344.9231 288.094 3.581052E-05
27.33335 344.9981 287.869 3.182037E-05
27.43336 345.1481 284.119 2.958996E-05
27.53336 345.1481 282.094 3.003162E-05
27.63336 345.1481 281.944 2.738177E-05
27.73336 345.2231 280.744 2.737229E-05
27.83335 345.5231 274.369 2.73349E-05
27.93336 345.5231 272.869 2.73349E-05
28.03336 345.5231 272.869 2.73349E-05
28.13336 345.5231 272.869 2.73349E-05
28.23336 345.5231 272.869 2.73349E-05
28.33335 345.5231 272.869 2.73349E-05
28.43336 345.5231 272.869 2.73349E-05
28.53336 345.5231 272.869 2.73349E-05
28.63336 345.5231 272.869 2.73349E-05
28.73336 345.5231 272.869 2.73349E-05
28.83335 345.5231 272.869 2.73349E-05
28.93336 345.5231 272.869 2.73349E-05
29.03336 345.5231 272.869 2.73349E-05
29.13336 345.5231 272.869 2.73349E-05
29.23336 345.5231 272.869 2.73349E-05
29.33335 345.5231 272.869 2.73349E-05
29.43336 345.5231 272.869 2.73349E-05
29.53336 345.5231 272.869 2.73349E-05
29.63336 345.3731 272.719 2.647112E-05
29.73336 344.3981 260.644 2.74795E-05
29.83335 344.3981 241.2939 2.880915E-05
29.93336 344.098 237.2438 3.240272E-05
30.03336 343.1979 232.5188 3.389021E-05
30.13336 342.5228 229.6687 3.714642E-05
30.23336 341.9977 228.2436 3.770434E-05
30.33335 341.9977 228.2436 3.770434E-05
30.43336 343.5727 249.3937 4.094499E-05
30.53336 346.8726 280.5937 4.427253E-05
30.63336 347.1726 292.5937 4.246788E-05
30.73336 347.0976 293.5687 4.248057E-05
30.83335 347.0976 293.5687 4.248057E-05
30.93336 347.0976 293.3437 4.291852E-05
31.03336 347.0976 293.3437 4.291852E-05
31.13336 347.0976 293.3437 4.291852E-05
31.23336 347.0976 293.3437 4.291852E-05
31.33335 347.0976 293.3437 4.291852E-05
31.43336 347.0976 293.3437 4.291852E-05
31.53336 347.0976 293.3437 4.291852E-05
31.63336 347.0976 293.3437 4.291852E-05
31.73336 347.1726 294.0937 4.246787E-05
31.83335 348.5977 305.1187 4.267722E-05
31.93336 348.5977 305.4187 4.354818E-05
32.03336 349.0477 315.9937 4.217623E-05
32.13335 349.1977 317.5687 4.302421E-05
32.23336 348.1476 304.7437 4.318244E-05
32.33335 346.2726 290.4186 4.482278E-05
32.43336 344.3976 275.4937 4.2549E-05
32.53336 343.4225 266.7936 4.27584E-05
32.63335 342.8224 262.4436 4.378812E-05
32.73336 342.4474 260.7186 4.119145E-05
32.83335 342.4474 260.7186 4.029598E-05
32.93336 342.4474 260.6436 3.850505E-05
33.03336 341.3223 254.1936 4.055567E-05
33.13335 340.3472 245.5685 4.079629E-05
33.23336 338.8472 234.4684 4.485734E-05
33.33335 338.8472 234.2434 5.035007E-05
33.43336 338.8472 234.2434 5.035007E-05
33.53336 338.8472 234.2434 5.035007E-05
33.63335 338.8472 234.2434 5.035007E-05
33.73336 338.8472 234.2434 5.035007E-05
33.83335 338.8472 234.2434 5.035007E-05
33.93336 338.8472 234.2434 5.035007E-05
34.03336 338.8472 234.2434 5.035007E-05
34.13335 338.8472 234.2434 5.035007E-05
34.23336 338.8472 234.2434 5.035007E-05
34.33335 338.8472 234.2434 5.035007E-05
34.43336 338.8472 234.2434 5.035007E-05
34.53336 338.8472 234.2434 5.035007E-05
34.63335 338.8472 234.2434 5.035007E-05
34.73336 338.8472 234.2434 5.035007E-05
34.83335 338.8472 234.2434 5.035007E-05
34.93336 338.8472 234.2434 5.035007E-05
35.03336 338.8472 234.2434 5.035007E-05
35.13335 338.8472 234.2434 5.035007E-05
35.23336 338.8472 234.2434 5.035007E-05
35.33335 338.8472 234.2434 5.035007E-05
35.43336 338.8472 234.2434 5.035007E-05
35.53336 338.8472 234.2434 5.035007E-05
35.63335 338.8472 234.2434 5.035007E-05
35.73336 338.8472 234.2434 5.035007E-05
35.83335 338.8472 234.2434 5.035007E-05
35.93336 338.8472 234.2434 5.035007E-05
36.03336 338.8472 234.2434 5.035007E-05
36.13335 338.8472 234.2434 5.035007E-05
36.23336 338.8472 234.2434 5.035007E-05
36.33335 338.8472 234.2434 5.035007E-05
36.43336 338.8472 234.2434 5.035007E-05
36.53336 338.8472 234.2434 5.035007E-05
36.63335 338.8472 234.2434 5.035007E-05
36.73336 338.8472 234.2434 5.035007E-05
36.83335 338.8472 234.2434 5.035007E-05
36.93336 338.8472 234.0184 4.943463E-05
37.03336 336.3722 215.2683 4.752668E-05
37.13335 336.2222 199.2184 5.177971E-05
37.23336 336.0721 197.0433 5.557588E-05
37.33335 336.0722 196.7432 4.296623E-05
37.43336 336.0721 196.8183 4.390028E-05
37.53336 336.0721 196.8183 4.390028E-05
37.63335 336.0721 196.8183 4.390028E-05
37.73336 336.0721 196.8183 4.390028E-05
37.83335 336.0721 196.8183 4.390028E-05
37.93336 336.0721 196.8183 4.390028E-05
38.03336 336.0721 196.8183 4.390028E-05
38.13335 346.5721 191.6433 3.741491E-05
38.23336 348.5972 191.0433 4.060875E-05
38.33335 348.5972 191.0433 4.060875E-05
38.43336 353.6971 190.8932 4.225037E-05
38.53336 355.5721 190.8182 4.225451E-05
38.63335 355.5721 190.8182 4.225451E-05
38.73336 355.5721 190.8182 4.225451E-05
38.83335 355.5721 190.8182 4.225451E-05
38.93336 355.5721 190.8182 4.225451E-05
39.03336 355.5721 190.8182 4.225451E-05
39.13335 355.4971 194.7932 4.212501E-05
39.23336 359.7721 228.0181 4.185524E-05
39.33335 1.647106 256.0681 4.206573E-05
39.43336 1.122108 261.6931 4.194968E-05
39.53336 1.122108 261.9181 4.184292E-05
39.63335 1.047107 261.6931 4.189527E-05
39.73336 1.047107 261.6931 4.189527E-05
39.83335 1.047107 261.6931 4.189527E-05
39.93336 1.047107 261.6931 4.189527E-05
40.03336 1.047107 261.6931 4.189527E-05
40.13335 1.047107 261.6931 4.189527E-05
40.23336 1.047107 261.6931 4.189527E-05
40.33335 1.047107 261.6931 4.189527E-05
40.43336 0.8221076 261.3931 4.178585E-05
40.53336 0.7471077 261.1681 4.178509E-05
40.63335 0.7471077 261.1681 4.178509E-05
40.73336 0.7471086 261.1681 4.178509E-05
40.83335 0.7471086 261.1681 4.178509E-05
40.93336 0.7471086 261.1681 4.178509E-05
41.03336 0.7471094 261.1681 4.173173E-05
41.13335 0.7471109 261.1681 4.167836E-05
41.23336 0.7471117 261.1681 4.178509E-05
41.33335 359.6971 257.5681 4.175545E-05
41.43336 359.3221 256.2181 4.181116E-05
41.53336 359.3221 256.2181 4.181116E-05
41.63335 358.8721 256.1431 4.178964E-05
41.73336 358.8721 256.1431 4.178964E-05
41.83335 358.8721 256.1431 4.178964E-05
41.93336 358.8721 256.1431 4.178964E-05
42.03336 357.672 245.4931 4.176265E-05
42.13335 356.5469 233.6432 4.1911E-05
42.23336 356.3969 231.3932 4.191777E-05
42.33335 355.6468 226.818 4.227704E-05
42.43336 354.8968 223.0679 4.339431E-05
42.53336 353.3218 215.6428 4.362502E-05
42.63335 351.9717 203.1928 4.472788E-05
42.73336 350.8466 190.3679 4.686058E-05
42.83335 350.3215 178.5178 5.160068E-05
42.93336 350.2465 173.4177 5.506389E-05
43.03336 350.2465 172.0677 5.203186E-05
43.13335 350.2465 172.0677 5.203186E-05
43.23336 350.2465 172.0677 5.203186E-05
43.33335 350.2465 172.0677 5.203186E-05
43.43336 350.2465 172.0677 5.203186E-05
43.53336 350.2465 172.0677 5.203186E-05
43.63335 350.2465 172.0677 5.203186E-05
43.73336 350.2465 171.8427 5.306058E-05
43.83335 350.2465 171.8427 5.306058E-05
43.93336 350.2465 171.8427 5.306058E-05
44.03336 350.2465 171.8427 5.306058E-05
44.13335 350.2465 171.8427 5.306058E-05
44.23336 350.2465 165.7677 5.132799E-05
44.33335 350.2465 162.5426 5.013682E-05
44.43336 350.2465 162.5426 5.013682E-05
44.53336 350.2465 159.9176 4.937882E-05
44.63335 350.2465 159.5426 4.840424E-05
44.73336 350.2465 159.6176 5.002855E-05
44.83335 350.2465 159.6176 5.002855E-05
44.93336 350.2465 159.6176 5.002855E-05
45.03336 350.2465 159.6176 5.002855E-05
45.13335 350.2465 159.6176 5.002855E-05
45.23336 350.2465 159.6176 5.002855E-05
45.33335 350.2465 159.6176 5.002855E-05
45.43336 350.2465 159.6176 5.002855E-05
45.53336 350.2465 159.6176 5.002855E-05
45.63335 350.2465 159.6176 5.002855E-05
45.73336 350.2465 159.6176 5.002855E-05
45.83335 350.2465 159.6176 5.002855E-05
45.93336 350.2465 159.1676 4.937882E-05
46.03336 350.3215 158.8677 4.904297E-05
46.13335 350.3215 158.8677 4.904297E-05
46.23336 350.5466 158.4176 4.922691E-05
46.33335 350.6216 158.2676 4.845905E-05
46.43336 350.7716 158.1926 5.11413E-05
46.53336 351.2217 158.1926 5.356138E-05
46.63335 351.2967 158.1926 5.398246E-05
46.73336 351.2967 158.1926 5.398246E-05
46.83335 351.5967 157.4426 5.555815E-05
46.93336 352.0468 156.4676 5.786615E-05
47.03336 354.6718 155.1176 5.980913E-05
47.13335 358.1218 154.3676 6.027679E-05
47.23336 358.6468 154.2926 6.036797E-05
47.33335 359.1718 154.2926 6.009059E-05
47.43336 359.2469 154.2926 5.971595E-05
47.53336 359.2469 154.2926 5.971595E-05
47.63335 359.2469 154.2926 5.971595E-05
47.73336 359.2469 154.2926 5.971595E-05
47.83335 359.2469 154.2926 5.971595E-05
47.93336 359.3219 154.3676 5.971498E-05
48.03336 359.3219 154.3676 5.971498E-05
48.13335 359.3219 154.3676 5.971498E-05
48.23336 359.3219 154.3676 5.971498E-05
48.33335 359.3219 154.3676 5.971498E-05
48.43336 359.3219 154.3676 5.971498E-05
48.53336 359.6969 158.3426 5.964826E-05
48.63335 359.6969 158.4176 5.963492E-05
48.73336 359.6969 158.6426 5.956821E-05
48.83335 359.6969 158.7176 5.947816E-05
48.93336 359.6969 158.7176 5.947816E-05
49.03336 359.7719 159.2425 5.948448E-05
49.13335 359.7719 159.9925 5.947114E-05
49.23336 359.7719 160.7424 5.944446E-05
49.33335 359.7719 161.5674 5.939109E-05
49.43336 359.7719 162.9923 5.935441E-05
49.53336 359.7719 164.4922 5.938442E-05
49.63335 359.7719 164.7922 5.939776E-05
49.73336 359.7719 165.4671 5.938442E-05
49.83335 359.7719 166.442 5.936275E-05
49.93336 359.7719 167.7921 5.939444E-05
50.03336 359.7719 169.0672 5.933441E-05
50.13335 359.7719 171.3922 5.929271E-05
50.23336 359.7719 173.4923 5.930271E-05
50.33335 0.1469501 178.7421 5.926222E-05
50.43336 0.1469502 180.9172 5.927973E-05
50.53336 0.1469502 180.9172 5.927973E-05
50.63335 0.1469502 180.9172 5.927973E-05
50.73336 0.1469502 180.9172 5.927973E-05
50.83335 0.1469502 180.9172 5.927973E-05
50.93336 359.8469 186.1671 5.926745E-05
51.03336 359.8469 195.3171 5.93308E-05
51.13335 359.8469 199.7421 5.931414E-05
51.23336 359.7719 204.542 5.931438E-05
51.33335 359.7719 214.4421 5.93244E-05
51.43336 359.7719 217.892 5.933773E-05
51.53336 359.7719 221.1919 5.93244E-05
51.63335 -0.003049907 226.7419 5.931579E-05
51.73336 0.2969504 234.0919 5.932472E-05
51.83335 1.046951 242.2668 5.924044E-05
51.93336 1.121952 246.4668 5.934865E-05
52.03336 1.121953 247.4418 5.950876E-05
52.13335 1.121953 247.4418 5.950876E-05
52.23336 1.121953 247.4418 5.950876E-05
52.33335 1.121953 247.4418 5.950876E-05
52.43336 1.121953 247.4418 5.950876E-05
52.53336 1.121953 247.4418 5.950876E-05
52.63335 1.121953 247.4418 5.950876E-05
52.73336 1.121953 247.4418 5.950876E-05
52.83335 1.121953 247.4418 5.950876E-05
52.93336 1.121953 247.4418 5.950876E-05
53.03336 1.121953 247.4418 5.950876E-05
53.13335 1.121953 247.4418 5.950876E-05
53.23336 1.121953 247.4418 5.950876E-05
53.33335 1.121953 247.4418 5.950876E-05
53.43336 1.121953 247.4418 5.950876E-05
53.53336 1.121953 247.4418 5.950876E-05
53.63335 1.121953 247.4418 5.950876E-05
53.73336 1.121953 247.4418 5.950876E-05
53.83335 1.121953 247.4418 5.950876E-05
53.93336 1.121953 247.4418 5.950876E-05
54.03336 1.121953 247.4418 5.950876E-05
54.13335 1.121953 247.4418 5.950876E-05
54.23336 1.121953 247.4418 5.950876E-05
54.33335 1.121953 247.4418 5.950876E-05
54.43336 1.121953 247.4418 5.950876E-05
54.53336 1.121953 247.4418 5.950876E-05
54.63335 1.121953 247.4418 5.950876E-05
54.73336 1.121953 247.4418 5.950876E-05
54.83335 1.121953 247.4418 5.950876E-05
54.93336 1.121953 247.4418 5.950876E-05
55.03336 1.121953 247.4418 5.950876E-05
55.13335 1.121953 247.4418 5.950876E-05
55.23336 1.121953 247.4418 5.950876E-05
55.33335 1.121953 247.4418 5.950876E-05
55.43336 1.121953 247.4418 5.950876E-05
55.53336 1.121953 247.4418 5.950876E-05
55.63335 1.121953 247.4418 5.950876E-05
55.73336 1.121953 247.4418 5.950876E-05
55.83335 1.121953 247.4418 5.950876E-05
55.93336 1.121953 247.4418 5.950876E-05
56.03336 1.121953 247.4418 5.950876E-05
56.13335 1.121953 247.4418 5.950876E-05
56.23336 1.121953 247.4418 5.950876E-05
56.33335 1.346953 249.3918 5.956718E-05
56.43336 1.496956 251.3418 5.96778E-05
56.53336 1.421957 252.6919 5.978256E-05
56.63335 1.046958 254.0419 5.982751E-05
56.73336 0.1469588 255.9919 5.983772E-05
56.83335 359.2468 257.7919 5.982268E-05
56.93336 359.0218 258.392 5.982623E-05
57.03336 358.8717 258.842 5.977574E-05
57.13335 358.2716 259.817 5.968459E-05
57.23336 357.2965 261.542 5.983075E-05
57.33335 356.6964 262.367 5.986364E-05
57.43336 356.0212 263.0421 6.033646E-05
57.53336 354.4462 263.4171 6.047493E-05
57.63335 352.4212 263.4171 6.029083E-05
57.73336 349.1962 262.592 5.953884E-05
57.83335 345.9712 260.867 6.072145E-05
57.93336 344.5462 260.2669 6.112016E-05
58.03336 344.0961 260.0419 6.125506E-05
58.13335 343.0461 258.8419 6.158699E-05
58.23336 343.0461 258.8419 6.158699E-05
58.33335 343.1961 257.7918 6.153808E-05
58.43336 343.4961 255.9918 6.233223E-05
58.53336 344.1711 254.6417 6.21197E-05
58.63335 344.7712 253.8916 6.282404E-05
58.73336 344.7712 253.8916 6.370885E-05
58.83335 344.7712 253.8916 6.370885E-05
58.93336 345.2962 253.8916 6.399435E-05
59.03336 345.2962 253.8916 6.311167E-05
59.13335 345.2962 253.8916 6.311167E-05
59.23336 345.3712 253.8166 6.264885E-05
59.33335 345.6713 253.5916 6.124242E-05
59.43336 345.6713 253.5916 6.124242E-05
59.53336 345.6713 253.5916 6.124242E-05
59.63335 345.6713 253.5916 6.124242E-05
59.73336 345.6713 253.5916 6.124242E-05
59.83335 345.6713 253.5916 6.124242E-05
59.93336 345.6713 253.5916 6.124242E-05
60.03336 345.7463 253.3665 6.166243E-05
60.13335 345.7463 253.3665 6.166243E-05
60.23336 345.7463 253.2165 6.254333E-05
60.33335 345.7463 253.1414 6.254334E-05
60.43336 345.7463 253.1414 6.254334E-05
60.53336 345.7463 253.0664 6.254334E-05
60.63335 346.1963 252.3913 6.373945E-05
60.73336 346.1963 252.3913 6.373945E-05
60.83335 346.1963 252.3913 6.373945E-05
60.93336 346.1963 252.3913 6.373945E-05
61.03336 346.1963 252.3913 6.373945E-05
61.13335 346.1963 252.3913 6.373945E-05
61.23336 346.1963 252.3913 6.373945E-05
61.33335 346.1963 252.3913 6.373945E-05
61.43336 345.5962 254.1163 6.390741E-05
61.53336 344.6961 256.8163 6.196133E-05
61.63335 344.2461 258.1663 6.298382E-05
61.73336 344.2461 258.1663 6.298382E-05
61.83335 344.2461 258.1663 6.298382E-05
61.93336 344.2461 258.1663 6.298382E-05
62.03336 344.2461 258.1663 6.298382E-05
62.13335 344.2461 258.1663 6.298382E-05
62.23336 344.2461 258.1663 6.298382E-05
62.33335 344.2461 258.1663 6.298382E-05
62.43336 344.2461 258.1663 6.298382E-05
62.53336 344.2461 258.1663 6.298382E-05
62.63335 344.2461 258.1663 6.298382E-05
62.73336 344.2461 258.1663 6.298382E-05
62.83335 344.2461 258.1663 6.298382E-05
62.93336 344.2461 258.1663 6.298382E-05
63.03336 344.2461 258.1663 6.298382E-05
63.13335 344.2461 258.1663 6.298382E-05
63.23336 344.2461 258.1663 6.298382E-05
63.33335 344.2461 258.1663 6.298382E-05
63.43336 344.2461 258.1663 6.298382E-05
63.53336 344.2461 258.1663 6.298382E-05
63.63335 344.2461 258.1663 6.298382E-05
63.73336 344.2461 258.1663 6.298382E-05
63.83335 344.2461 258.1663 6.298382E-05
63.93336 344.2461 258.1663 6.298382E-05
64.03336 344.2461 258.1663 6.298382E-05
64.13335 344.2461 258.1663 6.298382E-05
64.23335 344.2461 258.1663 6.298382E-05
64.33336 344.2461 258.1663 6.298382E-05
64.43336 344.2461 258.1663 6.298382E-05
64.53336 344.2461 258.1663 6.298382E-05
64.63335 344.2461 258.1663 6.298382E-05
64.73335 344.2461 258.1663 6.298382E-05
64.83336 344.2461 258.1663 6.298382E-05
64.93336 344.2461 258.1663 6.298382E-05
65.03336 344.2461 258.1663 6.298382E-05
65.13335 344.2461 258.1663 6.298382E-05
65.23335 344.2461 258.1663 6.298382E-05
65.33336 344.2461 258.1663 6.298382E-05
65.43336 344.2461 258.1663 6.298382E-05
65.53336 344.2461 258.1663 6.298382E-05
65.63335 344.2461 258.1663 6.298382E-05
65.73335 344.2461 258.1663 6.298382E-05
65.83336 344.2461 258.1663 6.298382E-05
65.93336 344.2461 258.1663 6.298382E-05
66.03336 344.2461 258.1663 6.298382E-05
66.13335 344.2461 258.1663 6.298382E-05
66.23335 344.2461 258.1663 6.298382E-05
66.33336 344.2461 258.1663 6.298382E-05
66.43336 344.2461 258.1663 6.298382E-05
66.53336 344.2461 258.1663 6.298382E-05
66.63335 344.2461 258.1663 6.298382E-05
66.73335 344.2461 258.1663 6.298382E-05
66.83336 344.2461 258.1663 6.298382E-05
66.93336 344.2461 258.1663 6.298382E-05
67.03336 344.2461 258.1663 6.298382E-05
67.13335 344.2461 258.1663 6.298382E-05
67.23335 344.2461 258.1663 6.298382E-05
67.33336 344.2461 258.1663 6.298382E-05
67.43336 341.6211 259.3663 6.20768E-05
67.53336 337.571 260.5663 6.46551E-05
67.63335 335.1711 261.0914 6.491033E-05
67.73335 333.221 261.3914 6.598746E-05
67.83336 332.7709 261.3914 6.81725E-05
67.93336 336.9709 261.0163 6.586711E-05
68.03336 350.5459 261.0913 6.75113E-05
68.13335 352.871 261.3163 6.77585E-05
68.23335 354.071 261.3163 6.824005E-05
68.33336 355.871 261.2413 6.783765E-05
68.43336 355.871 261.2413 6.783765E-05
68.53336 355.871 261.2413 6.783765E-05
68.63335 355.871 261.2413 6.783765E-05
68.73335 355.871 261.2413 6.783765E-05
68.83336 355.871 261.2413 6.783765E-05
68.93336 355.871 261.2413 6.783765E-05
69.03336 355.871 261.2413 6.783765E-05
69.13335 355.871 261.2413 6.783765E-05
69.23335 355.871 261.2413 6.783765E-05
69.33336 355.871 261.2413 6.783765E-05
69.43336 355.871 261.2413 6.783765E-05
69.53336 355.871 261.2413 6.783765E-05
69.63335 355.871 261.2413 6.783765E-05
69.73335 355.871 261.2413 6.783765E-05
69.83336 355.871 261.2413 6.783765E-05
69.93336 355.871 261.2413 6.783765E-05
70.03336 355.871 261.2413 6.783765E-05
70.13335 355.871 261.2413 6.783765E-05
70.23335 355.871 261.2413 6.783765E-05
70.33336 355.871 261.2413 6.783765E-05
70.43336 355.871 261.2413 6.783765E-05
70.53336 355.871 261.2413 6.783765E-05
70.63335 355.871 261.2413 6.783765E-05
70.73335 355.871 261.2413 6.783765E-05
70.83336 355.871 261.2413 6.783765E-05
70.93336 355.871 261.2413 6.783765E-05
71.03336 355.871 261.2413 6.783765E-05
71.13335 355.871 261.2413 6.783765E-05
71.23335 355.871 261.2413 6.783765E-05
71.33336 355.871 261.2413 6.783765E-05
71.43336 355.871 261.2413 6.783765E-05
71.53336 355.871 261.2413 6.783765E-05
71.63335 355.871 261.2413 6.783765E-05
71.73335 355.871 261.2413 6.783765E-05
71.83336 355.871 261.2413 6.783765E-05
71.93336 355.871 261.2413 6.783765E-05
72.03336 355.871 261.2413 6.783765E-05
72.13335 355.871 261.2413 6.783765E-05
72.23335 355.871 261.2413 6.783765E-05
72.33336 355.871 261.2413 6.783765E-05
72.43336 355.871 261.2413 6.783765E-05
72.53336 355.871 261.2413 6.783765E-05
72.63335 355.871 261.2413 6.783765E-05
72.73335 355.871 261.2413 6.783765E-05
72.83336 355.871 261.2413 6.783765E-05
72.93336 355.871 261.2413 6.783765E-05
73.03336 355.871 261.2413 6.783765E-05
73.13335 355.871 261.2413 6.783765E-05
73.23335 355.871 261.2413 6.783765E-05
73.33336 355.871 261.2413 6.783765E-05
73.43336 355.871 261.2413 6.783765E-05
73.53336 355.871 261.2413 6.783765E-05
73.63335 355.871 261.2413 6.783765E-05
73.73335 355.871 261.2413 6.783765E-05
73.83336 355.871 261.2413 6.783765E-05
73.93336 355.871 261.2413 6.783765E-05
74.03336 355.871 261.2413 6.783765E-05
74.13335 355.871 261.2413 6.783765E-05
74.23335 355.871 261.2413 6.783765E-05
74.33336 355.871 261.2413 6.783765E-05
74.43336 355.871 261.2413 6.783765E-05
74.53336 355.871 261.2413 6.783765E-05
74.63335 355.871 261.2413 6.783765E-05
74.73335 355.871 261.2413 6.783765E-05
74.83336 355.871 261.2413 6.783765E-05
74.93336 355.871 261.2413 6.783765E-05
75.03336 355.871 261.2413 6.783765E-05
75.13335 355.871 261.2413 6.783765E-05
75.23335 355.871 261.2413 6.783765E-05
75.33336 355.871 261.2413 6.783765E-05
75.43336 355.871 261.2413 6.783765E-05
75.53336 355.871 261.2413 6.783765E-05
75.63335 355.871 261.2413 6.783765E-05
75.73335 355.871 261.2413 6.783765E-05
75.83336 355.871 261.2413 6.783765E-05
75.93336 355.871 261.2413 6.783765E-05
76.03336 355.871 261.2413 6.783765E-05
76.13335 355.871 261.2413 6.783765E-05
76.23335 355.871 261.2413 6.783765E-05
76.33336 355.871 261.2413 6.783765E-05
76.43336 355.871 261.2413 6.783765E-05
76.53336 355.871 261.2413 6.783765E-05
76.63335 355.871 261.2413 6.783765E-05
76.73335 355.871 261.2413 6.783765E-05
76.83336 355.871 261.2413 6.783765E-05
76.93336 355.871 261.2413 6.783765E-05
77.03336 355.871 261.2413 6.783765E-05
77.13335 355.871 261.2413 6.783765E-05
77.23335 355.871 261.2413 6.783765E-05
77.33336 355.871 261.2413 6.783765E-05
77.43336 355.871 261.2413 6.783765E-05
77.53336 355.871 261.2413 6.783765E-05
77.63335 355.871 261.2413 6.783765E-05
77.73335 355.871 261.2413 6.783765E-05
77.83336 355.871 261.2413 6.783765E-05
77.93336 355.871 261.2413 6.783765E-05
78.03336 355.871 261.2413 6.783765E-05
78.13335 355.871 261.2413 6.783765E-05
78.23335 355.871 261.2413 6.783765E-05
78.33336 355.871 261.2413 6.783765E-05
78.43336 355.871 261.2413 6.783765E-05
78.53336 355.871 261.2413 6.783765E-05
78.63335 355.871 261.2413 6.783765E-05
78.73335 355.871 261.2413 6.783765E-05
78.83336 355.871 261.2413 6.783765E-05
78.93336 355.871 261.2413 6.783765E-05
79.03336 355.871 261.2413 6.783765E-05
79.13335 355.871 261.2413 6.783765E-05
79.23335 355.871 261.2413 6.783765E-05
79.33336 355.871 261.2413 6.783765E-05
79.43336 355.871 261.2413 6.783765E-05
79.53336 355.871 261.2413 6.783765E-05
79.63335 355.871 261.2413 6.783765E-05
79.73335 355.871 261.2413 6.783765E-05
79.83336 355.871 261.2413 6.783765E-05
79.93336 355.871 261.2413 6.783765E-05
80.03336 355.871 261.2413 6.783765E-05
80.13335 355.871 261.2413 6.783765E-05
80.23335 355.871 261.2413 6.783765E-05
80.33336 355.871 261.2413 6.783765E-05
80.43336 355.871 261.2413 6.783765E-05
80.53336 355.871 261.2413 6.783765E-05
80.63335 355.871 261.2413 6.783765E-05
80.73335 355.871 261.2413 6.783765E-05
80.83336 355.871 261.2413 6.783765E-05
80.93336 355.871 261.2413 6.783765E-05
81.03336 355.871 261.2413 6.783765E-05
81.13335 355.871 261.2413 6.783765E-05
81.23335 355.871 261.2413 6.783765E-05
81.33336 355.871 261.2413 6.783765E-05
81.43336 355.871 261.2413 6.783765E-05
81.53336 355.871 261.2413 6.783765E-05
81.63335 355.871 261.2413 6.783765E-05
81.73335 355.871 261.2413 6.783765E-05
81.83336 355.871 261.2413 6.783765E-05
81.93336 355.871 261.2413 6.783765E-05
82.03336 355.871 261.2413 6.783765E-05
82.13335 355.871 261.2413 6.783765E-05
82.23335 355.871 261.2413 6.783765E-05
82.33336 355.871 261.2413 6.783765E-05
82.43336 355.871 261.2413 6.783765E-05
82.53336 355.871 261.2413 6.783765E-05
82.63335 355.871 261.2413 6.783765E-05
82.73335 355.871 261.2413 6.783765E-05
82.83336 355.871 261.2413 6.783765E-05
82.93336 355.871 261.2413 6.783765E-05
83.03336 355.871 261.2413 6.783765E-05
83.13335 355.871 261.2413 6.783765E-05
83.23335 355.871 261.2413 6.783765E-05
83.33336 355.871 261.2413 6.783765E-05
83.43336 355.871 261.2413 6.783765E-05
83.53336 355.871 261.2413 6.783765E-05
83.63335 355.871 261.2413 6.783765E-05
83.73335 355.871 261.2413 6.783765E-05
83.83336 355.871 261.2413 6.783765E-05
83.93336 355.871 261.2413 6.783765E-05
84.03336 355.871 261.2413 6.783765E-05
84.13335 355.871 261.2413 6.783765E-05
84.23335 355.871 261.2413 6.783765E-05
84.33336 355.871 261.2413 6.783765E-05
84.43336 355.871 261.2413 6.783765E-05
84.53336 355.871 261.2413 6.783765E-05
84.63335 355.871 261.2413 6.783765E-05
84.73335 355.871 261.2413 6.783765E-05
84.83336 355.871 261.2413 6.783765E-05
84.93336 355.871 261.2413 6.783765E-05
85.03336 355.871 261.2413 6.783765E-05
85.13335 355.871 261.2413 6.783765E-05
85.23335 355.871 261.2413 6.783765E-05
85.33336 355.871 261.2413 6.783765E-05
85.43336 355.871 261.2413 6.783765E-05
85.53336 355.871 261.2413 6.783765E-05
85.63335 355.871 261.2413 6.783765E-05
85.73335 355.871 261.2413 6.783765E-05
85.83336 355.871 261.2413 6.783765E-05
85.93336 355.871 261.2413 6.783765E-05
86.03336 355.871 261.2413 6.783765E-05
86.13335 355.871 261.2413 6.783765E-05
86.23335 355.871 261.2413 6.783765E-05
86.33336 355.871 261.2413 6.783765E-05
86.43336 355.871 261.2413 6.783765E-05
86.53336 355.871 261.2413 6.783765E-05
86.63335 355.871 261.2413 6.783765E-05
86.73335 355.871 261.2413 6.783765E-05
86.83336 355.871 261.2413 6.783765E-05
86.93336 355.871 261.2413 6.783765E-05
87.03336 355.871 261.2413 6.783765E-05
87.13335 355.871 261.2413 6.783765E-05
87.23335 355.871 261.2413 6.783765E-05
87.33336 355.871 261.2413 6.783765E-05
87.43336 355.871 261.2413 6.783765E-05
87.53336 355.871 261.2413 6.783765E-05
87.63335 355.871 261.2413 6.783765E-05
87.73335 355.871 261.2413 6.783765E-05
87.83336 355.871 261.2413 6.783765E-05
87.93336 355.871 261.2413 6.783765E-05
88.03336 355.871 261.2413 6.783765E-05
88.13335 355.871 261.2413 6.783765E-05
88.23335 355.871 261.2413 6.783765E-05
88.33336 355.871 261.2413 6.783765E-05
88.43336 355.871 261.2413 6.783765E-05
88.53336 355.871 261.2413 6.783765E-05
88.63335 355.871 261.2413 6.783765E-05
88.73335 355.871 261.2413 6.783765E-05
88.83336 355.871 261.2413 6.783765E-05
88.93336 355.871 261.2413 6.783765E-05
89.03336 355.871 261.2413 6.783765E-05
89.13335 355.871 261.2413 6.783765E-05
89.23335 355.871 261.2413 6.783765E-05
89.33336 355.871 261.2413 6.783765E-05
89.43336 355.871 261.2413 6.783765E-05
89.53336 355.871 261.2413 6.783765E-05
89.63335 355.871 261.2413 6.783765E-05
89.73335 355.871 261.2413 6.783765E-05
89.83336 355.871 261.2413 6.783765E-05
89.93336 355.871 261.2413 6.783765E-05
90.03336 355.871 261.2413 6.783765E-05
90.13335 355.871 261.2413 6.783765E-05
90.23336 355.871 261.2413 6.783765E-05
90.33336 355.871 261.2413 6.783765E-05
90.43336 355.871 261.2413 6.783765E-05
90.53336 355.871 261.2413 6.783765E-05
90.63335 355.871 261.2413 6.783765E-05
90.73336 355.871 261.2413 6.783765E-05
90.83336 355.871 261.2413 6.783765E-05
90.93336 355.871 261.2413 6.783765E-05
91.03336 355.871 261.2413 6.783765E-05
91.13335 355.871 261.2413 6.783765E-05
91.23336 355.871 261.2413 6.783765E-05
91.33336 355.871 261.2413 6.783765E-05
91.43336 355.871 261.2413 6.783765E-05
91.53336 355.871 261.2413 6.783765E-05
91.63335 355.871 261.2413 6.783765E-05
91.73336 355.871 261.2413 6.783765E-05
91.83336 355.871 261.2413 6.783765E-05
91.93336 355.871 261.2413 6.783765E-05
92.03336 355.871 261.2413 6.783765E-05
92.13335 355.871 261.2413 6.783765E-05
92.23336 355.871 261.2413 6.783765E-05
92.33336 355.871 261.2413 6.783765E-05
92.43336 355.871 261.2413 6.783765E-05
92.53336 355.871 261.2413 6.783765E-05
92.63335 355.871 261.2413 6.783765E-05
92.73336 355.871 261.2413 6.783765E-05
92.83336 355.871 261.2413 6.783765E-05
92.93336 355.871 261.2413 6.783765E-05
93.03336 355.871 261.2413 6.783765E-05
93.13335 355.871 261.2413 6.783765E-05
93.23336 355.871 261.2413 6.783765E-05
93.33336 355.871 261.2413 6.783765E-05
93.43336 355.871 261.2413 6.783765E-05
93.53336 355.871 261.2413 6.783765E-05
93.63335 355.871 261.2413 6.783765E-05
93.73336 355.871 261.2413 6.783765E-05
93.83336 355.871 261.2413 6.783765E-05
93.93336 355.871 261.2413 6.783765E-05
94.03336 355.871 261.2413 6.783765E-05
94.13335 355.871 261.2413 6.783765E-05
94.23336 355.871 261.2413 6.783765E-05
94.33336 355.871 261.2413 6.783765E-05
94.43336 355.871 261.2413 6.783765E-05
94.53336 355.871 261.2413 6.783765E-05
94.63335 355.871 261.2413 6.783765E-05
94.73336 355.871 261.2413 6.783765E-05
94.83336 355.871 261.2413 6.783765E-05
94.93336 355.871 261.2413 6.783765E-05
95.03336 355.871 261.2413 6.783765E-05
95.13335 355.871 261.2413 6.783765E-05
95.23336 355.871 261.2413 6.783765E-05
95.33336 355.871 261.2413 6.783765E-05
95.43336 355.871 261.2413 6.783765E-05
95.53336 355.871 261.2413 6.783765E-05
95.63335 355.871 261.2413 6.783765E-05
95.73336 355.871 261.2413 6.783765E-05
95.83336 355.871 261.2413 6.783765E-05
95.93336 355.871 261.2413 6.783765E-05
96.03336 355.871 261.2413 6.783765E-05
96.13335 355.871 261.2413 6.783765E-05
96.23336 355.871 261.2413 6.783765E-05
96.33336 355.871 261.2413 6.783765E-05
96.43336 355.871 261.2413 6.783765E-05
96.53336 355.871 261.2413 6.783765E-05
96.63335 355.871 261.2413 6.783765E-05
96.73336 355.871 261.2413 6.783765E-05
96.83336 355.871 261.2413 6.783765E-05
96.93336 355.871 261.2413 6.783765E-05
97.03336 355.871 261.2413 6.783765E-05
