33.74216 0 270 0
33.7728 0 270 0
34.00617 0 270 0
34.02617 0 270 0
34.04617 0 270 0
34.06617 0 270 0
34.08617 0 270 0
34.10617 0 270 0
34.12617 0 270 0
34.14617 0 270 0
34.16617 0 270 0
34.18617 0 270 0
34.20617 0 270 0
34.22617 0 270 0
34.24617 0 270 0
34.26617 0 270 0
34.28617 0 270 0
34.30617 0 270 0
34.32617 0 270 0
34.34617 0 270 0
34.36617 0 270 0
34.38617 0 270 0
34.40617 0 270 0
34.42617 0 270 0
34.44617 0 270 0
34.46617 0 270 0
34.48617 0 270 0
34.50617 0 270 0
34.52617 0 270 0
34.54617 0 270 0
34.56617 0 270 0
34.58617 0 270 0
34.60617 0 270 0
34.62617 0 270 0
34.64617 0 270 0
34.66617 0 270 0
34.68617 0 270 0
34.70617 0 270 0
34.72617 0 270 0
34.74617 0 270 0
34.76617 0 270 0
34.78617 0 270 0
34.80617 0 270 0
34.82617 0 270 0
34.84617 0 270 0
34.86617 0 270 0
34.88617 0 270 0
34.90617 0 270 0
34.92617 0 270 0
34.94617 0 270 0
34.96617 0 270 0
34.98617 0 270 0
35.00617 0 270 0
35.02617 0 270 0
35.04617 0 270 0
35.06617 0 270 0
35.08617 0 270 0
35.10617 0 270 0
35.12617 0 270 0
35.14617 0 270 0
35.16617 0 270 0
35.18617 0 270 0
35.20617 0 270 0
35.22617 0 270 0
35.24617 0 270 0
35.26617 0 270 0
35.28617 0 270 0
35.30617 0 270 0
35.32617 0 270 0
35.34617 0 270 0
35.36617 0 270 0
35.38617 0 270 0
35.40617 0 270 0
35.42617 0 270 0
35.44617 0 270 0
35.46617 0 270 0
35.48617 0 270 0
35.50617 0 270 0
35.52617 0 270 0
35.54617 0 270 0
35.56617 0 270 0
35.58617 0 270 0
35.60617 0 270 0
35.62617 0 270 0
35.64617 0 270 0
35.66617 0 270 0
35.68617 0 270 0
35.70617 0 270 0
35.72617 0 270 0
35.74617 0 270 0
35.76617 0 270 0
35.78617 0 270 0
35.80617 0 270 0
35.82617 0 270 0
35.84617 0 270 0
35.86617 0 270 0
35.88617 0 270 0
35.90617 0 270 0
35.92617 0 270 0
35.94617 0 270 0
35.96617 0 270 0
35.98617 0 270 0
36.00617 0 270 0
36.02617 0 270 0
36.04617 0 270 0
36.06617 0 270 0
36.08617 0 270 0
36.10617 0 270 0
36.12617 0 270 0
36.14617 0 270 0
36.16617 0 270 0
36.18617 0 270 0
36.20617 0 270 0
36.22617 0 270 0
36.24617 0 270 0
36.26617 0 270 0
36.28617 0 270 0
36.30617 0 270 0
36.32617 0 270 0
36.34617 0 270 0
36.36617 0 270 0
36.38617 0 270 0
36.40617 0 270 0
36.42617 0 270 0
36.44617 0 270 0
36.46617 0 270 0
36.48617 0 270 0
36.50617 0 270 0
36.52617 0 270 0
36.54617 0 270 0
36.56617 0 270 0
36.58617 0 270 0
36.60617 0 270 0
36.62617 0 270 0
