-0.03333334 27.05139 300.0266 354.7808
0 27.25043 300.0345 354.6031
0.03333334 26.94217 300.0373 354.826
0.03333334 27.33781 300.0049 354.9067
0.06666667 27.32813 300.0329 354.9404
0.1 26.98505 300.0264 354.9912
0.1333333 26.65879 299.9678 355.1135
0.1333333 26.28979 299.8737 355.1763
0.1333333 20.52275 298.0378 355.88
0.1333333 19.65993 296.6303 356.1454
0.1333333 18.99667 296.3911 355.8847
0.1333333 17.0126 295.3734 355.5757
0.5333334 14.72323 295.2134 355.5395
0.5666667 10.85616 294.4545 355.4636
0.6 11.27249 294.6514 355.4703
0.6 10.03217 294.5181 355.4989
0.6333333 8.999875 294.3952 355.5674
0.6333333 8.136065 294.2629 355.6455
0.6666667 7.501171 294.1448 355.6761
0.6666667 6.890804 294.0103 355.6797
0.6666667 6.225364 293.9045 355.6488
0.7 5.716409 293.8249 355.675
0.7 5.171106 293.7421 355.7156
0.7333333 4.815241 293.6832 355.7376
0.7333333 4.522167 293.6232 355.7447
0.7333333 4.288052 293.5635 355.7869
0.7666667 4.033363 293.486 355.8255
0.7666667 3.744916 293.4251 355.8447
0.8 3.540289 293.3771 355.8553
0.8 3.442281 293.332 355.8568
0.8333333 3.406206 293.2605 355.865
0.8333333 3.407692 293.1658 355.8914
0.8333333 3.409715 293.0461 355.9136
0.8666667 3.436227 292.9342 355.9066
0.8666667 3.583063 292.765 355.9002
0.9 3.849916 292.6003 355.9028
0.9 4.152292 292.3962 355.9167
0.9333333 4.475633 292.0266 355.9056
0.9333333 4.704104 291.5212 355.8013
0.9333333 4.835134 290.9435 355.6386
0.9666666 4.935956 290.4385 355.4971
0.9666666 5.094586 289.9008 355.3526
1 5.274783 289.2971 355.2179
1 5.390342 288.8181 355.0892
1 5.43339 288.2687 354.9198
1.033333 5.413023 287.8017 354.8062
1.033333 5.328829 287.3876 354.7297
1.066667 5.319343 287.0952 354.6844
1.066667 5.488028 286.7006 354.6955
1.1 5.828731 286.2862 354.7323
1.1 6.133142 285.9563 354.7327
1.1 6.374668 285.6179 354.6821
1.133333 6.531206 285.2953 354.6022
1.133333 6.575751 285.0903 354.5143
1.166667 6.625004 284.8576 354.3262
1.166667 6.766275 284.6581 354.1038
1.166667 6.967095 284.4014 353.9596
1.2 6.981425 284.1461 353.9481
1.2 6.867077 283.8069 354.0331
1.233333 6.626475 283.4691 354.0419
1.233333 6.44004 283.2421 353.9726
1.266667 6.366702 283.0681 353.8764
1.266667 6.376125 282.9543 353.713
1.266667 6.499528 282.9124 353.4368
1.3 6.691574 283.0005 353.1553
1.3 6.923778 283.1917 352.924
1.333333 7.213494 283.408 352.7916
1.333333 7.574979 283.6398 352.8154
1.333333 7.904562 283.8777 352.9727
1.366667 7.990703 284.2249 353.1242
1.366667 7.856946 284.5801 353.3021
1.4 7.530402 285.1391 353.5497
1.4 7.328158 285.6433 353.665
1.433333 7.308833 286.1112 353.734
1.433333 7.378166 286.5905 353.8144
1.433333 7.447251 287.0562 353.9744
1.466667 7.471657 287.4112 354.1598
1.466667 7.444992 287.7944 354.3752
1.5 7.466742 288.2186 354.5667
1.5 7.557603 288.5959 354.6474
1.5 7.748048 288.9759 354.727
1.533333 7.996591 289.3553 354.8441
1.533333 8.239977 289.7088 354.9936
1.566667 8.394897 289.9989 355.0718
1.566667 8.469049 290.403 355.1646
1.6 8.409797 290.8949 355.255
1.6 8.209897 291.418 355.2974
1.6 7.946628 292.0354 355.3997
1.633333 7.669271 292.5784 355.5986
1.633333 7.396348 293.1079 355.8314
1.666667 7.216452 293.5257 356.0332
1.666667 7.092964 293.9093 356.1679
1.7 7.001992 294.2576 356.2606
1.7 6.949956 294.6182 356.3825
1.7 6.800979 294.8794 356.4906
1.733333 6.55041 295.1176 356.5664
1.733333 6.281581 295.2951 356.5844
1.766667 6.095387 295.4379 356.5339
1.766667 5.998332 295.5518 356.434
1.766667 5.931572 295.6151 356.3315
1.8 5.875041 295.6046 356.2855
1.8 5.752778 295.5109 356.3207
1.833333 5.629099 295.4315 356.3816
1.833333 5.357445 295.2933 356.3429
1.866667 4.983251 295.185 356.2241
1.866667 4.558296 295.1232 356.1064
1.866667 3.891695 295.0546 356.0708
1.9 3.276551 294.9231 356.0849
1.9 2.755162 294.7444 356.1008
1.933333 2.141868 294.5543 356.1263
1.933333 1.300395 294.3589 356.0872
1.933333 0.1546124 294.1578 355.9698
1.966667 359.1433 293.984 355.9174
1.966667 358.0473 293.7459 355.9428
2 357.2525 293.4876 356.0041
2 356.6779 293.2315 356.0886
2.033333 356.284 292.9764 356.1977
2.033333 356.0049 292.731 356.3171
2.033333 355.7775 292.4296 356.4698
2.066667 355.6414 292.2015 356.5668
2.066667 355.6215 292.0274 356.6067
2.1 355.6821 291.9333 356.593
2.1 355.7921 291.881 356.5648
2.1 355.8923 291.8383 356.5415
2.133333 355.9264 291.7933 356.5438
2.133333 355.9188 291.749 356.5837
2.166667 355.9023 291.7268 356.5628
2.166667 355.8527 291.7202 356.5342
2.2 355.8333 291.7335 356.4985
2.2 355.8294 291.7607 356.3959
2.2 355.8467 291.7762 356.3393
2.233333 355.8487 291.7403 356.2999
2.233333 355.8423 291.664 356.2864
2.266667 355.8661 291.5922 356.2775
2.266667 355.9582 291.4757 356.2579
2.3 356.1155 291.3436 356.2162
2.3 356.2147 291.2218 356.1819
2.3 356.2728 291.0906 356.0699
2.333333 356.2955 290.9175 355.929
2.333333 356.3115 290.7712 355.7944
2.366667 356.3331 290.6081 355.6108
2.366667 356.3569 290.4633 355.4361
2.366667 356.4048 290.3228 355.2164
2.4 356.415 290.2423 355.0422
2.4 356.3863 290.1549 354.882
2.433333 356.3608 290.0394 354.7559
2.433333 356.394 289.9364 354.6174
2.466667 356.4437 289.8325 354.5149
2.466667 356.4934 289.7706 354.4309
2.466667 356.5241 289.7586 354.3573
2.5 356.5374 289.7697 354.3862
2.5 356.6465 289.7701 354.5682
2.533333 356.8232 289.8438 354.6865
2.533333 357.0784 290.0305 354.5928
2.533333 357.406 290.2976 354.4755
2.566667 357.6975 290.5656 354.5543
2.566667 358.0473 290.8108 354.6831
2.6 358.4547 291.0899 354.7172
2.6 358.7929 291.3505 354.7033
2.633333 359.1801 291.5862 354.6433
2.633333 359.6883 291.9254 354.4962
2.633333 0.07359809 292.3094 354.3209
2.666667 0.2696983 292.6554 354.1808
2.666667 0.3240511 293.0417 354.047
2.7 0.2066137 293.3844 353.967
2.7 0.08905247 293.6653 353.9803
2.7 0.06023695 293.962 354.0899
2.733333 0.08383036 294.2975 354.0675
2.733333 0.0896294 294.5829 354.1018
2.766667 0.1689853 294.888 354.1994
2.766667 0.3336872 295.1586 354.3119
2.8 0.4865251 295.4078 354.4032
2.8 0.5881929 295.7004 354.4701
2.8 0.6440332 295.9982 354.4685
2.833333 0.6944219 296.2593 354.4958
2.833333 0.8021371 296.6031 354.5992
2.866667 0.9443218 296.8669 354.7294
2.866667 1.140687 297.1004 354.8674
2.866667 1.313395 297.2762 354.975
2.9 1.548296 297.542 355.04
2.9 1.694245 297.8181 355.0309
2.933333 1.78369 298.0659 355.0469
2.933333 1.875131 298.3912 355.0898
2.966667 1.967683 298.6705 355.1296
2.966667 2.061115 298.8752 355.1942
2.966667 2.140472 299.0739 355.2598
3 2.168477 299.3043 355.3148
3 2.126457 299.5672 355.3855
3.033333 1.996049 299.8263 355.4823
3.033333 1.799302 300.0904 355.6157
3.066667 1.643854 300.271 355.7519
3.066667 1.484531 300.4484 355.9229
3.066667 1.255687 300.6181 356.1082
3.1 0.9136012 300.8006 356.2704
3.1 0.3966702 301.032 356.4327
3.133333 359.9334 301.265 356.5651
3.133333 359.6018 301.4723 356.6964
3.133333 359.2862 301.6544 356.8404
3.166667 358.8538 301.836 356.9807
3.166667 358.2451 301.9969 357.1141
3.2 357.7095 302.1223 357.2137
3.2 357.2022 302.2662 357.3546
3.233333 356.9222 302.3386 357.554
3.233333 356.7646 302.3381 357.7093
3.233333 356.5577 302.2694 357.9105
3.266667 356.3559 302.2144 357.9878
3.266667 356.1922 302.1576 357.9887
3.3 356.1103 302.1059 357.9949
3.3 356.1029 302.0305 357.9406
3.333333 356.1237 301.9294 357.8913
3.333333 356.137 301.814 357.8296
3.333333 356.1078 301.7126 357.7056
3.366667 356.0915 301.6557 357.6115
3.366667 356.0966 301.617 357.5194
3.4 356.1573 301.5733 357.4665
3.4 356.1571 301.424 357.3867
3.4 356.2169 301.3966 357.432
3.433333 356.2275 301.3816 357.4487
3.433333 356.1816 301.316 357.441
3.466667 356.082 301.2499 357.4132
3.466667 356.0345 301.2025 357.3922
3.5 356.0093 301.1954 357.3319
3.5 356.0296 301.2108 357.2578
3.5 356.0978 301.224 357.1785
3.533333 356.2535 301.243 357.1402
3.533333 356.4138 301.2695 357.0981
3.566667 356.6039 301.2757 357.0562
3.566667 356.7234 301.2988 357.0377
3.566667 356.7697 301.33 357.0112
3.6 356.7852 301.3671 356.9793
3.6 356.7868 301.3927 356.9517
3.633333 356.7688 301.421 356.9072
3.633333 356.72 301.4737 356.8669
3.633333 356.6833 301.518 356.8578
3.666667 356.6909 301.5574 356.8409
3.666667 356.7302 301.5874 356.841
3.7 356.7959 301.5941 356.8335
3.7 356.8672 301.6153 356.8308
3.733333 356.9468 301.6171 356.8242
3.733333 357.0203 301.6214 356.8209
3.733333 357.0948 301.6321 356.8225
3.766667 357.1659 301.6265 356.8203
3.766667 357.2493 301.6002 356.8264
3.8 357.3324 301.5824 356.8186
3.8 357.4113 301.5647 356.8152
3.833333 357.4829 301.5399 356.8199
3.833333 357.5164 301.5091 356.8127
3.833333 357.5487 301.4942 356.803
3.866667 357.5863 301.473 356.8013
3.866667 357.6678 301.4693 356.7834
3.9 357.7473 301.469 356.7411
3.9 357.8259 301.4634 356.7194
3.9 357.9155 301.453 356.7329
3.933333 358.0071 301.4335 356.7497
3.933333 358.1053 301.4216 356.7336
3.966667 358.206 301.4434 356.6838
3.966667 358.2868 301.4735 356.6148
4 358.3654 301.5097 356.5665
4 358.4556 301.5276 356.5543
4 358.5293 301.5215 356.5414
4.033333 358.5674 301.521 356.5487
4.033333 358.5976 301.5113 356.5418
4.066667 358.6286 301.5276 356.5234
4.066667 358.6656 301.5528 356.4864
4.066667 358.7141 301.5668 356.4618
4.1 358.7784 301.5832 356.4295
4.1 358.8206 301.5975 356.4012
4.133333 358.8674 301.598 356.3845
4.133333 358.8743 301.5979 356.373
4.166667 358.8747 301.5806 356.3638
4.166667 358.8957 301.5418 356.367
4.166667 358.9107 301.519 356.3701
4.2 358.8961 301.5003 356.3521
4.2 358.8784 301.4915 356.2729
4.233333 358.8875 301.4892 356.2365
4.233333 358.9014 301.4729 356.2177
4.233333 358.9314 301.4487 356.1979
4.266667 358.9683 301.4066 356.1934
4.266667 358.9928 301.3629 356.1967
4.3 359.0143 301.3459 356.1837
4.3 359.029 301.3405 356.1552
4.333333 359.0395 301.3154 356.1557
4.333333 359.0611 301.3145 356.1523
4.333333 359.0733 301.2912 356.1378
4.366667 359.0821 301.2818 356.1376
4.366667 359.0736 301.2751 356.1305
4.4 359.0637 301.2689 356.1363
