-0.03333334 337.6792 241.3381 10.80481
0.03333334 337.5598 241.5672 10.30128
0.03333334 339.8322 237.7071 14.97272
0.1 340.9047 237.2778 15.40134
0.1666667 341.7675 237.4649 14.57211
0.1666667 343.6544 242.984 5.551845
0.1666667 345.3869 245.2116 2.978589
0.1666667 345.4271 246.6783 1.912699
0.1666667 344.7017 249.7973 0.1970185
0.5666667 343.2002 251.5535 0.04019866
0.6 343.2686 252.2136 0.07593491
0.6333333 343.5067 253.3619 359.8067
0.6333333 343.7045 253.2575 359.9228
0.6333333 343.806 253.6954 359.8303
0.6666667 343.8141 254.1612 359.6672
0.6666667 343.6678 254.56 359.5198
0.7 343.4018 254.9446 359.3455
0.7 343.1875 255.3166 359.181
0.7333333 342.9866 255.7343 358.982
0.7333333 342.8742 256.16 358.757
0.7333333 342.9124 256.5077 358.547
0.7666667 343.0661 256.9592 358.2771
0.7666667 343.3673 257.3043 358.117
0.8 343.6672 257.6062 358.0088
0.8 343.9562 257.9838 357.8618
0.8 344.3998 258.3609 357.7144
0.8333333 344.9355 258.6621 357.7314
0.8333333 345.5242 258.9084 357.845
0.8666667 346.2887 259.1273 358.0486
0.8666667 346.9138 259.321 358.252
0.9 347.5037 259.5182 358.485
0.9 348.1297 259.7372 358.7585
0.9 348.8306 259.9551 358.992
0.9333333 349.5637 260.2075 359.0631
0.9333333 350.3291 260.4254 359.0198
0.9666666 351.1115 260.5981 358.8872
0.9666666 351.7367 260.7155 358.695
1 352.0208 260.7839 358.5409
1 352.216 260.8538 358.33
1 352.4062 260.9223 358.0963
1.033333 352.5712 260.9631 357.9282
1.033333 352.8148 260.9728 357.8135
1.066667 353.0323 260.9484 357.7824
1.066667 353.2489 260.904 357.7963
1.066667 353.4398 260.883 357.7694
1.1 353.6408 260.8928 357.7072
1.1 353.8821 260.8994 357.6852
1.133333 354.0305 260.8852 357.7029
1.133333 354.1322 260.8256 357.7621
1.133333 354.1641 260.7455 357.8382
1.166667 354.1789 260.6536 357.914
1.166667 354.2106 260.501 358.0153
1.2 354.2435 260.3499 358.1241
1.2 354.2808 260.2078 358.1996
1.233333 354.3208 259.9949 358.3006
1.233333 354.3525 259.8 358.3947
1.233333 354.3783 259.584 358.4824
1.266667 354.4052 259.3998 358.5461
1.266667 354.4305 259.2095 358.5706
1.3 354.4005 259.0665 358.5712
1.3 354.2947 258.9029 358.5929
1.333333 354.181 258.7088 358.7318
1.333333 354.0805 258.4854 358.9184
1.333333 354.0132 258.2367 359.1162
1.366667 353.9536 258.0671 359.1803
1.366667 353.8702 257.9905 359.0705
1.4 353.7489 257.9797 358.9822
1.4 353.6068 257.9879 358.9623
1.4 353.5008 258.0015 358.9248
1.433333 353.4136 258.0322 358.922
1.433333 353.3142 258.0793 358.9228
1.466667 353.2195 258.1538 358.912
1.466667 353.0701 258.2979 358.8786
1.5 352.9631 258.4544 358.813
1.5 352.8951 258.619 358.7375
1.5 352.8671 258.7761 358.6748
1.533333 352.8419 258.9874 358.5842
1.533333 352.8463 259.212 358.4694
1.566667 352.883 257.4162 358.3516
1.566667 352.918 255.704 358.2022
1.6 352.925 253.9075 358.1454
1.6 352.9343 252.125 358.1435
1.6 352.9742 250.3317 358.157
1.633333 352.9669 248.5372 358.1439
1.633333 352.9767 246.727 358.1286
1.666667 353.0067 244.9417 358.1254
1.666667 353.0322 243.1077 358.1262
1.7 353.0769 241.2885 358.1287
1.7 353.107 239.4073 358.1672
1.7 353.1322 237.5181 358.2374
1.733333 353.1259 235.6127 358.2888
1.733333 353.117 233.6798 358.3221
1.766667 353.1009 231.7472 358.3791
1.766667 353.0939 229.7732 358.4123
1.766667 353.0659 227.7793 358.4725
1.8 353.0026 225.7558 358.5435
1.8 352.9357 223.7202 358.5895
1.833333 352.8407 221.681 358.6354
1.833333 352.7749 219.6167 358.704
1.833333 352.6909 217.4741 358.8139
1.866667 352.5983 215.2897 358.9547
1.866667 352.5094 213.0797 359.1015
1.9 352.3943 210.7458 359.286
1.9 352.2839 208.3984 359.4695
1.933333 352.2096 205.9436 359.6511
1.933333 352.1691 203.5253 359.784
1.933333 352.1137 201.0345 359.9199
1.966667 352.0451 198.5018 0.05919204
1.966667 351.9719 195.8655 0.2451272
2 351.9311 193.1404 0.4671761
2 351.9294 190.416 0.6267203
2 351.9013 187.6782 0.7607514
2.033333 351.797 184.8135 0.9367414
2.033333 351.6249 181.9417 1.107059
2.066667 351.4519 178.9423 1.277074
2.066667 351.385 175.9626 1.430096
2.066667 351.4328 173.2757 1.565574
2.1 351.5283 172.4288 1.649487
2.1 351.6075 171.5136 1.764299
2.133333 351.6342 170.6987 1.92759
2.133333 351.5766 169.8846 2.115821
2.166667 351.4601 168.9712 2.300188
2.166667 351.3631 168.2708 2.373661
2.166667 351.2919 167.5732 2.473052
2.2 351.2531 166.7874 2.634548
2.2 351.2406 166.1868 2.773988
2.233333 351.2788 165.5256 2.945342
2.233333 351.3453 164.9967 3.115623
2.266667 351.4267 164.5426 3.275373
2.266667 351.4851 164.1531 3.434821
2.266667 351.5016 163.8097 3.612433
2.3 351.5001 163.4703 3.816224
2.3 351.4752 163.2002 4.00497
2.333333 351.4428 162.9204 4.233225
2.333333 351.4326 162.7188 4.42644
2.333333 351.4552 162.5865 4.582693
2.366667 351.4982 162.5075 4.733734
2.366667 351.526 162.4636 4.882316
2.4 351.5524 162.457 5.039722
2.4 351.5471 162.4464 5.195668
2.433333 351.5215 162.4352 5.341146
2.433333 351.4714 162.4699 5.421515
2.433333 351.4486 162.5075 5.483363
2.466667 351.4063 162.5652 5.509237
2.466667 351.3827 162.631 5.512832
2.5 351.3622 162.6911 5.515221
2.5 351.3561 162.7497 5.503583
2.5 351.3725 162.8185 5.503547
2.533333 351.3876 162.8767 5.482575
2.533333 351.3909 162.9226 5.466041
2.566667 351.3506 162.9608 5.4444
2.566667 351.321 162.9717 5.411911
2.6 351.3263 162.9939 5.392978
2.6 351.3678 163.0024 5.352869
2.6 351.4105 163.0445 5.282045
2.633333 351.4423 163.0956 5.198245
2.633333 351.4392 163.1614 5.097955
2.666667 351.4187 163.2041 5.027292
2.666667 351.4063 163.2788 4.943149
2.666667 351.4078 163.3218 4.870647
2.7 351.4233 163.3633 4.813012
2.7 351.4421 163.4106 4.760159
2.733333 351.4709 163.4545 4.693325
2.733333 351.4809 163.4998 4.625221
2.766667 351.476 163.5552 4.542724
2.766667 351.4366 163.5867 4.466498
2.766667 351.3856 163.6315 4.370845
2.8 351.3217 163.6454 4.27642
2.8 351.2726 163.6356 4.221373
2.833333 351.2664 163.6227 4.164264
2.833333 351.2757 163.6026 4.135709
2.833333 351.2858 163.5724 4.112761
2.866667 351.2764 163.537 4.09435
2.866667 351.2471 163.5061 4.079764
2.9 351.2462 163.4701 4.052079
2.9 351.249 163.4346 4.040685
2.933333 351.2463 163.3947 4.029466
2.933333 351.2389 163.3684 4.008636
2.933333 351.2229 163.3417 3.99113
2.966667 351.2396 163.3251 4.014756
2.966667 351.2703 163.3098 4.039575
3 351.3161 163.2957 4.075819
3 351.343 163.3215 4.028229
3.033333 351.3576 163.3561 3.990057
3.033333 351.3205 163.3946 3.953453
3.033333 351.2608 163.3989 3.957554
3.066667 351.1835 163.4047 3.945121
3.066667 351.1314 163.4126 3.929364
3.1 351.1232 163.4147 3.920531
3.1 351.1287 163.4218 3.912465
3.1 351.1255 163.4237 3.914052
3.133333 351.0756 163.3905 3.92633
3.133333 351.0093 163.3626 3.936202
3.166667 350.9641 163.3197 3.957214
3.166667 350.9404 163.2645 4.002019
3.2 350.9538 163.1829 4.03939
3.2 350.9907 163.1235 4.059357
3.2 351.0322 163.0458 4.07018
3.233333 351.0473 162.9669 4.0941
3.233333 351.0452 162.8363 4.168866
3.266667 351.0468 162.7027 4.237467
3.266667 351.0524 162.5592 4.271863
3.266667 351.0711 162.4305 4.297615
3.3 351.0777 162.2531 4.360569
3.3 351.101 162.0872 4.393381
3.333333 351.1559 161.888 4.445254
3.333333 351.2176 161.6952 4.502584
3.366667 351.2567 161.5028 4.535093
3.366667 351.2859 161.2992 4.578806
3.366667 351.2988 161.071 4.625299
3.4 351.3128 160.8639 4.648439
3.4 351.3394 160.5926 4.705249
3.433333 351.3555 160.3216 4.748505
3.433333 351.3254 159.8424 4.76528
3.433333 351.229 159.3077 4.731444
3.466667 351.1222 158.5735 4.69608
3.466667 351.1379 157.8103 4.660368
3.5 351.2798 157.1331 4.636882
3.5 351.4741 156.5017 4.63593
3.533333 351.61 155.8504 4.669266
3.533333 351.6452 155.1552 4.729692
3.566667 351.6105 154.3831 4.792492
3.566667 351.6007 153.7423 4.853333
3.566667 351.6653 153.2265 4.887435
3.6 351.8534 152.7516 4.907657
3.6 352.0848 152.3851 4.954187
3.6 352.2904 152.0919 5.036334
3.633333 352.4106 151.9354 5.140653
3.633333 352.5292 151.7932 5.318945
3.666667 352.6385 151.6958 5.521099
3.666667 352.7258 151.6248 5.699068
3.7 352.8125 151.5836 5.899518
3.7 352.8992 151.6229 6.057578
3.7 352.9837 151.742 6.216193
3.733333 353.0249 151.9091 6.351576
3.733333 353.0355 152.1257 6.479796
3.766667 353.0461 152.3385 6.586092
3.766667 353.0799 152.5916 6.712828
3.766667 353.1572 152.9033 6.837419
3.8 353.25 153.2251 6.925649
3.8 353.3708 153.5699 7.057656
3.833333 353.5206 153.916 7.190965
3.833333 353.7235 154.3163 7.350643
3.866667 353.9438 154.7551 7.433405
3.866667 354.0993 155.1976 7.428859
3.866667 354.1394 155.6055 7.408346
3.9 354.1247 156.0546 7.408919
3.9 354.1295 156.4924 7.421065
3.933333 354.2059 156.8796 7.43572
3.933333 354.2993 157.2755 7.436471
3.933333 354.3586 157.6714 7.412683
3.966667 354.3246 157.9229 7.382881
3.966667 354.2244 158.1525 7.358241
4 354.1387 158.3767 7.319415
4 354.1554 158.5999 7.254302
4.033333 354.2051 158.7807 7.208688
4.033333 354.2428 158.9309 7.140325
4.033333 354.2164 159.0644 7.068127
4.066667 354.1717 159.1391 6.997644
4.066667 354.1147 159.2356 6.906882
4.1 354.0981 159.3115 6.840142
4.1 354.1021 159.3635 6.795752
4.1 354.098 159.3935 6.750055
4.133333 354.0564 159.3916 6.674524
4.133333 353.9948 159.3935 6.589972
4.166667 353.9326 159.3702 6.526212
4.166667 353.8916 159.3098 6.45453
4.2 353.8834 159.2577 6.401651
4.2 353.8868 159.1909 6.353553
4.2 353.9174 159.1453 6.293755
4.233333 353.9634 159.1043 6.247665
4.233333 353.9805 159.0588 6.184059
4.266667 353.9638 159.0105 6.134419
4.266667 353.9409 158.9895 6.099288
4.3 353.9195 158.9909 6.071263
4.3 353.9217 158.9893 6.058014
4.3 353.932 159.014 6.055398
4.333333 353.9197 159.0489 6.056075
4.333333 353.9006 159.096 6.071292
4.366667 353.8817 159.1611 6.095928
4.366667 353.851 159.2148 6.127269
4.366667 353.8259 159.2791 6.165176
4.4 353.7898 159.3305 6.201801
4.4 353.7745 159.3823 6.236366
4.433333 353.7761 159.4346 6.265621
4.433333 353.7483 159.4665 6.291207
4.466667 353.6968 159.4843 6.318707
4.466667 353.652 159.4954 6.329661
4.466667 353.6049 159.4848 6.351854
4.5 353.5971 159.489 6.349298
4.5 353.5978 159.4725 6.353954
4.533333 353.6159 159.4574 6.365235
4.533333 353.6114 159.4257 6.373246
4.533333 353.6094 159.3743 6.396897
4.566667 353.6073 159.3337 6.402046
4.566667 353.6168 159.2919 6.402163
4.6 353.6343 159.2598 6.390827
4.6 353.6474 159.2325 6.361697
4.633333 353.6569 159.2219 6.33882
4.633333 353.6646 159.2096 6.320084
4.633333 353.6808 159.2018 6.307315
4.666667 353.6667 159.2134 6.263218
4.666667 353.639 159.2249 6.240496
4.7 353.6215 159.2231 6.271937
4.7 353.6207 159.216 6.28293
4.7 353.642 159.2068 6.280769
4.733333 353.6599 159.237 6.233814
4.733333 353.6599 159.2816 6.164752
4.766667 353.6335 159.3284 6.125926
4.766667 353.5763 159.3615 6.114517
4.8 353.5409 159.378 6.109178
4.8 353.5181 159.4205 6.085202
4.8 353.5033 159.4518 6.055516
4.833333 353.4956 159.4766 6.038846
4.833333 353.4619 159.5041 6.026008
4.866667 353.4412 159.5196 6.022271
4.866667 353.4408 159.5393 6.016347
4.866667 353.4542 159.5357 6.024692
4.9 353.4767 159.5259 6.03655
4.9 353.5086 159.5224 6.042895
4.933333 353.5419 159.5034 6.042574
4.933333 353.5544 159.4809 6.037482
4.966667 353.5406 159.4556 6.051997
4.966667 353.532 159.4151 6.077698
4.966667 353.5377 159.3618 6.118914
5 353.524 159.3357 6.105531
5 353.5108 159.3248 6.101402
5.033333 353.4855 159.3124 6.110445
5.033333 353.4698 159.3043 6.119591
5.033333 353.4631 159.2918 6.148016
5.066667 353.4607 159.2736 6.173787
5.066667 353.4661 159.2746 6.179405
5.1 353.4652 159.2698 6.191384
5.1 353.4571 159.2676 6.184443
5.133333 353.4519 159.2624 6.183171
5.133333 353.442 159.2717 6.168999
5.133333 353.4298 159.283 6.165314
5.166667 353.4162 159.2933 6.1573
5.166667 353.4238 159.3086 6.151593
5.2 353.4297 159.3179 6.136072
5.2 353.4294 159.3405 6.121216
5.2 353.4311 159.3607 6.110006
5.233333 353.4229 159.3536 6.108152
5.233333 353.4071 159.3609 6.10113
5.266667 353.407 159.3637 6.09144
5.266667 353.4189 159.3686 6.084409
5.3 353.4256 159.3755 6.089976
5.3 353.436 159.3647 6.088341
5.3 353.4336 159.3716 6.09319
5.333333 353.4444 159.3754 6.095448
5.333333 353.4424 159.3726 6.090534
5.366667 353.4151 159.3669 6.080206
5.366667 353.4039 159.3617 6.085423
5.366667 353.3986 159.3569 6.087055
5.4 353.4035 159.3445 6.083081
5.4 353.4126 159.3437 6.085814
5.433333 353.4202 159.3496 6.083561
5.433333 353.4177 159.3434 6.070509
5.466667 353.4088 159.3494 6.063182
5.466667 353.4059 159.3567 6.058211
5.466667 353.4081 159.3541 6.040265
5.5 353.4185 159.3706 6.01861
5.5 353.4267 159.393 5.994818
5.533333 353.4229 159.4162 5.971903
5.533333 353.4021 159.4292 5.958912
5.566667 353.4129 159.4276 5.992203
5.566667 353.4226 159.4138 6.025645
5.566667 353.4479 159.4065 6.03486
5.6 353.4803 159.4208 5.9943
5.6 353.4849 159.4515 5.940664
5.633333 353.4549 159.4698 5.932727
5.633333 353.4145 159.4709 5.955393
5.633333 353.389 159.4553 5.973784
5.666667 353.3729 159.4633 5.980399
5.666667 353.3875 159.4701 5.972147
5.7 353.3903 159.4718 5.971165
5.7 353.3869 159.4718 5.979078
5.733333 353.3757 159.4583 5.985818
5.733333 353.3739 159.4379 6.006224
5.733333 353.3908 159.4282 6.02097
5.766667 353.4179 159.4044 6.039819
5.766667 353.454 159.3866 6.051722
5.8 353.4951 159.3674 6.062102
5.8 353.5163 159.3649 6.043753
5.8 353.5242 159.3352 6.061942
5.833333 353.5102 159.3144 6.091041
5.833333 353.504 159.2912 6.104668
5.866667 353.4961 159.286 6.084939
5.866667 353.4714 159.2952 6.063912
5.9 353.4542 159.3101 6.069228
5.9 353.4443 159.3182 6.077519
5.9 353.4318 159.3226 6.093611
5.933333 353.4417 159.3311 6.10324
5.933333 353.4471 159.3365 6.091975
5.966667 353.4621 159.3497 6.081094
5.966667 353.4674 159.3639 6.070922
5.966667 353.4667 159.3597 6.061091
6 353.4594 159.3662 6.040166
6 353.4421 159.3598 6.048449
6.033333 353.4377 159.3654 6.052237
6.033333 353.4509 159.3659 6.045926
6.066667 353.4755 159.3717 6.033529
6.066667 353.4897 159.3719 6.028313
6.066667 353.5043 159.3712 6.032444
6.1 353.5052 159.3725 6.019715
6.1 353.5031 159.3688 6.024519
6.133333 353.5001 159.3636 6.022389
6.133333 353.5043 159.3581 6.038146
6.133333 353.5042 159.3476 6.048256
6.166667 353.5041 159.3361 6.060228
6.166667 353.4962 159.3401 6.062919
6.2 353.4828 159.3394 6.061763
6.2 353.4724 159.331 6.056432
6.233333 353.4653 159.3189 6.054635
6.233333 353.4516 159.3137 6.055313
6.233333 353.4478 159.3178 6.055414
6.266667 353.4461 159.3055 6.065575
6.266667 353.4531 159.311 6.054078
6.3 353.4489 159.3195 6.052794
6.3 353.4426 159.3087 6.048385
6.3 353.4208 159.3213 6.032413
6.333333 353.4148 159.3172 6.028812
6.333333 353.4154 159.3221 6.023932
6.366667 353.4277 159.3159 6.029963
6.366667 353.439 159.3167 6.015919
6.4 353.4347 159.3234 6.006007
6.4 353.4327 159.2935 6.020298
6.4 353.4429 159.2687 6.069234
6.433333 353.4616 159.2172 6.096181
6.433333 353.5031 159.1836 6.088871
6.466667 353.523 159.1708 6.057435
6.466667 353.5247 159.1534 6.020584
6.466667 353.4905 159.1075 6.046379
6.5 353.4572 159.0443 6.070858
6.5 353.4582 158.9899 6.086378
6.533333 353.4763 158.9597 6.066885
6.533333 353.4837 158.9062 6.058248
6.566667 353.4946 158.8672 6.067264
6.566667 353.4935 158.8255 6.064787
6.566667 353.5007 158.7874 6.074612
6.6 353.5217 158.7466 6.07795
6.6 353.5269 158.7129 6.097034
6.633333 353.5461 158.6892 6.114511
6.633333 353.5848 158.6679 6.131066
6.633333 353.6132 158.6561 6.129354
6.666667 353.6226 158.6623 6.120159
6.666667 353.6193 158.6557 6.143645
6.7 353.6043 158.6471 6.171865
6.7 353.586 158.621 6.197099
6.733333 353.5708 158.6394 6.173298
6.733333 353.5407 158.6366 6.169673
6.733333 353.5155 158.6479 6.171885
6.766667 353.4984 158.6542 6.180385
6.766667 353.4795 158.6367 6.195425
6.8 353.4788 158.6415 6.18797
6.8 353.4881 158.6528 6.17792
6.8 353.4947 158.6578 6.165956
6.833333 353.4871 158.6538 6.160031
6.833333 353.4819 158.646 6.15758
6.866667 353.4744 158.6617 6.157831
6.866667 353.4776 158.6589 6.156604
6.9 353.4787 158.6605 6.146781
6.9 353.489 158.6714 6.13535
6.9 353.4969 158.6797 6.121464
6.933333 353.489 158.6825 6.114979
6.933333 353.4849 158.6732 6.118889
6.966667 353.4758 158.6731 6.123561
6.966667 353.4837 158.662 6.126442
7 353.4868 158.6655 6.123442
7 353.4926 158.6611 6.130602
7 353.5028 158.6568 6.139645
7.033333 353.4921 158.6534 6.149554
7.033333 353.476 158.6443 6.149062
7.066667 353.4643 158.6358 6.152194
7.066667 353.4542 158.6354 6.157752
7.066667 353.4624 158.6203 6.153838
7.1 353.4708 158.6211 6.16322
7.1 353.4784 158.6165 6.166292
7.133333 353.4853 158.5999 6.166756
7.133333 353.4872 158.5932 6.165378
7.133333 353.4747 158.5985 6.156693
7.166667 353.4649 158.5981 6.151587
7.166667 353.4626 158.603 6.136936
7.2 353.4723 158.6147 6.131427
7.2 353.481 158.6157 6.12395
7.233333 353.4822 158.6154 6.129199
7.233333 353.4838 158.6151 6.126973
7.233333 353.4667 158.6319 6.112156
7.266667 353.4594 158.6432 6.112916
7.266667 353.467 158.6189 6.155805
7.3 353.481 158.5897 6.195482
7.3 353.5172 158.5863 6.204663
7.333333 353.544 158.595 6.155756
7.333333 353.542 158.6179 6.116456
7.333333 353.5077 158.6196 6.129256
7.366667 353.4572 158.6113 6.147492
7.366667 353.4208 158.5896 6.172282
7.4 353.4169 158.5827 6.172991
7.4 353.4247 158.5896 6.163657
7.4 353.4288 158.5979 6.15998
7.433333 353.4174 158.6012 6.160946
7.433333 353.4067 158.592 6.163759
7.466667 353.3945 158.5939 6.168494
7.466667 353.3904 158.5937 6.172549
7.5 353.3957 158.5941 6.179309
7.5 353.4177 158.5832 6.184601
7.5 353.4419 158.5961 6.165385
7.533333 353.4475 158.6097 6.136188
7.533333 353.456 158.6221 6.1412
7.566667 353.4645 158.6269 6.15962
7.566667 353.4814 158.6552 6.149798
7.566667 353.4809 158.7278 6.075714
7.6 353.4664 158.8181 6.00991
7.6 353.4229 158.9727 5.913098
7.633333 353.3574 159.1556 5.836595
7.633333 353.3123 159.3058 5.799642
7.666667 353.2521 159.5419 5.728418
7.666667 353.1835 159.8775 5.631656
7.666667 353.14 160.3985 5.506908
7.7 353.1002 161.0046 5.395565
7.7 353.0756 161.7706 5.298026
7.733333 353.0307 162.5232 5.242911
7.733333 352.9877 163.4113 5.221815
7.733333 352.9329 164.2704 5.20863
7.766667 352.8595 165.211 5.156914
7.766667 352.7952 166.0369 5.088914
7.8 352.7205 166.9281 4.954768
7.8 352.6516 167.7254 4.830731
7.833333 352.5633 168.6715 4.666405
7.833333 352.4963 169.5512 4.491795
7.833333 352.4417 170.3687 4.300346
7.866667 352.3692 171.2755 4.095575
7.866667 352.3012 172.0394 3.917998
7.9 352.2273 173.0207 3.687839
7.9 352.2075 173.9536 3.455516
7.9 352.2055 174.8868 3.199984
7.933333 352.1697 175.8697 2.930961
7.933333 352.1281 176.7263 2.693473
7.966667 352.0751 177.706 2.410922
7.966667 352.0506 178.5813 2.136895
8 352.0109 179.5255 1.844359
8 351.9874 180.3717 1.563738
8 351.984 181.2404 1.255746
8.033334 351.9907 182.1542 0.8742828
8.033334 351.989 182.8859 0.5351916
8.066667 351.9702 183.8495 0.09657305
8.066667 351.9761 184.6153 359.7457
8.066667 352.0013 185.444 359.3511
8.1 352.0487 186.1209 359.0224
8.1 352.1284 186.7924 358.6744
8.133333 352.2389 187.4486 358.3576
8.133333 352.3329 188.0384 358.0594
8.166667 352.3974 188.5357 357.7773
8.166667 352.4549 189.0913 357.4236
8.166667 352.4972 189.5268 357.1119
8.2 352.5366 190.0152 356.7485
8.2 352.5721 190.3526 356.4612
8.233334 352.5916 190.6228 356.1796
8.233334 352.6101 190.8751 355.8098
8.233334 352.6282 191.1781 355.3289
8.266666 352.6353 191.4904 354.9058
8.266666 352.6643 191.8208 354.5061
8.3 352.7032 192.1339 354.1635
8.3 352.7708 192.4839 353.834
8.333333 352.8521 192.7509 353.6062
8.333333 352.9313 193.0286 353.3663
8.333333 353.0115 193.3528 353.0503
8.366667 353.1036 193.7668 352.669
8.366667 353.1536 194.1526 352.3146
8.4 353.2023 194.565 351.9586
8.4 353.255 194.968 351.6099
8.433333 353.3491 195.4143 351.2318
8.433333 353.4727 195.83 350.8596
8.433333 353.6241 196.3296 350.4669
8.466666 353.7781 196.8107 350.1512
8.466666 353.8944 197.2402 349.9103
8.5 353.9778 197.6992 349.6812
8.5 354.004 198.1464 349.4922
8.5 353.9857 198.5852 349.3114
8.533334 353.9724 198.9048 349.1696
8.533334 353.9804 199.2535 349.0176
8.566667 354.0713 199.4999 348.9303
8.566667 354.1935 199.6342 348.8714
8.6 354.3699 199.7171 348.8413
8.6 354.5148 199.7317 348.8786
8.6 354.6267 199.6481 348.971
8.633333 354.6819 199.5207 349.065
8.633333 354.7126 199.3625 349.1507
8.666667 354.7413 199.1448 349.2431
8.666667 354.7233 198.9093 349.3494
8.666667 354.6876 198.6938 349.4357
8.7 354.6445 198.4147 349.5444
8.7 354.6072 198.1148 349.616
8.733334 354.5805 197.7849 349.692
8.733334 354.5655 197.4115 349.7976
8.733334 354.5519 196.957 349.9209
8.766666 354.5204 196.6068 350.0311
8.766666 354.4847 196.1864 350.1563
8.8 354.4518 195.7401 350.2798
8.8 354.4459 195.2316 350.297
8.833333 354.2831 194.7979 350.362
8.833333 354.1453 194.4211 350.5969
8.833333 354.1138 194.0983 350.7223
8.866667 354.1406 193.754 350.7661
8.866667 354.2137 193.3647 350.8503
8.9 354.2368 193.0376 350.9025
8.9 354.2403 192.7765 350.9605
8.9 354.2526 192.5811 351.018
8.933333 354.291 192.4586 351.0286
8.933333 354.355 192.3156 350.9936
8.966666 354.4202 192.2226 350.9778
8.966666 354.4788 192.1383 350.9986
9 354.5682 192.0727 351.0051
9 354.6743 192.0689 350.9419
9 354.7435 192.0992 350.8224
9.033334 354.8324 192.167 350.6701
9.033334 354.8994 192.2474 350.5781
9.066667 354.9708 192.3173 350.5247
9.066667 355.0757 192.3745 350.4965
9.066667 355.188 192.4284 350.4724
9.1 355.2739 192.5175 350.3899
9.1 355.2969 192.6295 350.3254
9.133333 355.2632 192.7753 350.2851
9.133333 355.2287 192.8962 350.293
9.166667 355.2208 192.9982 350.3343
9.166667 355.226 193.0916 350.3801
9.166667 355.2118 193.1754 350.4174
9.2 355.1983 193.2748 350.4508
9.2 355.1589 193.3652 350.4774
9.233334 355.1613 193.4049 350.5398
9.233334 355.1938 193.4026 350.6166
9.233334 355.2411 193.3286 350.7197
9.266666 355.2936 193.241 350.8203
9.266666 355.3467 193.1174 350.9072
9.3 355.3884 192.9743 351.0026
9.3 355.4165 192.8497 351.0509
9.333333 355.4349 192.6943 351.1
9.333333 355.4872 192.51 351.1525
9.333333 355.5586 192.347 351.1958
9.366667 355.6912 192.1801 351.2632
9.366667 355.8004 192.059 351.3114
9.4 355.8996 191.9528 351.345
9.4 355.9844 191.846 351.3764
9.4 356.0122 191.7769 351.431
9.433333 356.0488 191.7062 351.4783
9.433333 356.097 191.6293 351.5295
9.466666 356.1556 191.564 351.5825
9.466666 356.193 191.5145 351.6097
9.5 356.2237 191.4563 351.6574
9.5 356.2289 191.3717 351.7162
9.5 356.2336 191.2772 351.7628
9.533334 356.2485 191.1561 351.7992
9.533334 356.251 191.0659 351.8336
9.566667 356.2158 190.959 351.8768
9.566667 356.1704 190.8671 351.9164
9.566667 356.0982 190.762 351.9706
9.6 356.0545 190.6666 352.0114
9.6 356.0107 190.575 352.0133
9.633333 355.9576 190.4911 352.0222
9.633333 355.9275 190.411 352.045
9.666667 355.9322 190.3025 352.0687
9.666667 355.9651 190.1941 352.0867
9.666667 355.9993 190.0995 352.1265
9.7 356.0077 190.0235 352.1605
9.7 355.9668 189.9453 352.2181
9.733334 355.8831 189.9105 352.2003
9.733334 355.7661 189.9201 352.1389
9.733334 355.6548 189.9404 352.0901
9.766666 355.5308 189.933 352.1268
9.766666 355.4646 189.8944 352.2023
9.8 355.4593 189.8062 352.2824
9.8 355.5105 189.6883 352.3297
9.833333 355.5967 189.6021 352.245
9.833333 355.7435 189.5441 352.0955
9.833333 355.8242 189.4895 352.043
9.866667 355.7918 189.4003 352.0688
9.866667 355.6826 189.2707 352.1346
9.9 355.5859 189.1049 352.1497
9.9 355.6018 188.9469 352.0771
9.933333 355.7917 188.8904 351.7818
9.933333 355.9442 188.8621 351.692
9.933333 355.9012 188.8242 351.8282
9.966666 355.6214 188.7443 352.0683
9.966666 355.3271 188.6745 352.2869
10 355.283 188.6502 352.3395
10 355.4677 188.6196 352.3226
10 355.6198 188.5704 352.4293
10.03333 355.4928 188.5104 352.6343
10.03333 355.2303 188.4008 352.9055
10.06667 355.0489 188.2405 353.1021
10.06667 354.9846 188.1017 353.0358
10.06667 355.1193 188.0297 352.732
10.1 355.2139 187.9462 352.6558
10.1 355.0467 187.845 352.8012
10.13333 354.618 187.742 352.9663
10.13333 354.2344 187.6174 353.1
10.16667 354.1644 187.4765 353.1892
10.16667 354.3357 187.2577 353.2707
10.16667 354.5849 187.0715 353.2422
10.2 354.9433 186.8402 353.1538
10.2 355.2086 186.6008 353.1372
10.23333 355.3409 186.4331 353.0988
10.23333 355.4099 186.2196 353.0897
10.26667 355.4449 185.9643 353.152
10.26667 355.4851 185.7424 353.1786
10.26667 355.5457 185.4575 353.2032
10.3 355.6201 185.1506 353.2025
10.3 355.7463 184.831 353.1971
10.33333 355.9167 184.4675 353.1982
10.33333 356.0784 184.0813 353.1973
10.33333 356.1934 183.7443 353.1808
10.36667 356.3275 183.2522 353.1887
10.36667 356.4174 182.8697 353.1922
10.4 356.4936 182.3649 353.1665
10.4 356.5027 181.8382 353.1821
10.43333 356.4594 181.2827 353.2378
10.43333 356.367 180.7812 353.2853
10.43333 356.2339 180.2533 353.3049
10.46667 356.0389 179.5209 353.3177
10.46667 355.8949 178.8201 353.3269
10.5 355.8013 178.0367 353.3739
10.5 355.7438 177.1621 353.4942
10.53333 355.7398 176.1244 353.6815
10.53333 355.7294 175.0689 353.8856
10.53333 355.6738 173.98 354.1221
10.56667 355.5949 172.6174 354.439
10.56667 355.528 171.5012 354.6673
10.6 355.4685 170.0778 354.9024
10.6 355.4333 168.5686 355.1698
10.6 355.423 167.1175 355.4679
10.63333 355.4302 165.6911 355.7824
10.63333 355.4568 164.1691 356.1515
10.66667 355.4873 162.4724 356.55
10.66667 355.5088 161.1996 356.8702
10.66667 355.4974 159.7086 357.2777
10.7 355.4841 158.1111 357.7888
10.7 355.4702 156.5831 358.2514
10.73333 355.5369 154.9167 358.7476
10.73333 355.6949 153.5964 359.1392
10.73333 355.9645 151.8612 359.6974
10.76667 356.1935 150.5879 0.08955686
10.76667 356.4357 149.1765 0.478723
10.8 356.6686 147.588 0.8903217
10.8 356.8268 146.2637 1.284457
10.83333 356.9387 144.7674 1.714089
10.83333 357.0075 143.4834 2.015844
10.83333 357.1092 142.1563 2.350808
10.86667 357.215 140.993 2.649326
10.86667 357.2838 139.8268 2.962941
10.9 357.3385 138.7629 3.267859
10.9 357.4068 137.666 3.627194
10.93333 357.5794 136.4279 4.007422
10.93333 357.7972 135.4444 4.2809
10.93333 358.0589 134.5186 4.534449
10.96667 358.311 133.6188 4.776886
10.96667 358.467 132.7817 5.018926
11 358.5273 132.0312 5.255703
11 358.5231 131.3156 5.501354
11.03333 358.5182 130.5781 5.750844
11.03333 358.5566 129.9689 5.959599
11.03333 358.635 129.4115 6.151383
11.06667 358.7325 128.7799 6.357634
11.06667 358.7712 128.288 6.504041
11.06667 358.7505 127.8057 6.642204
11.1 358.6712 127.3815 6.744698
11.1 358.5607 126.9853 6.851555
11.13333 358.4133 126.5746 6.93533
11.13333 358.2807 126.1617 7.011713
11.16667 358.2219 125.7965 7.089251
11.16667 358.1939 125.4535 7.148974
11.2 358.189 125.1317 7.19903
11.2 358.1844 124.7685 7.267555
11.2 358.1898 124.4963 7.303244
11.23333 358.2097 124.207 7.336281
11.23333 358.2586 123.9269 7.376363
11.23333 358.3242 123.6396 7.389416
11.26667 358.3468 123.3975 7.370964
11.26667 358.3657 123.1577 7.368092
11.3 358.4205 122.8942 7.3932
11.3 358.5059 122.6439 7.414654
11.33333 358.6405 122.3906 7.422436
11.33333 358.7563 122.21 7.399811
11.33333 358.8532 122.0361 7.338259
11.36667 358.8565 121.8929 7.272909
11.36667 358.8222 119.7745 7.228543
11.4 358.7917 117.654 7.169393
11.4 358.8057 115.5621 7.105844
11.43333 358.8179 113.5305 7.029953
11.43333 358.8162 111.5195 6.926097
11.43333 358.7639 109.5985 6.817015
11.46667 358.6935 107.7503 6.66116
