1.42014 0 270 0
1.449029 0 270 0
1.481076 0 270 0
1.501076 0 270 0
1.521076 0 270 0
1.541076 0 270 0
1.561076 0 270 0
1.581077 0 270 0
1.601076 0 270 0
1.621076 0 270 0
1.641076 0 270 0
1.661076 0 270 0
1.681076 0 270 0
1.701077 0 270 0
1.721076 0 270 0
1.741076 0 270 0
1.761076 0 270 0
1.781076 0 270 0
1.801076 0 270 0
1.821076 0 270 0
1.841076 0 270 0
1.861076 0 270 0
1.881076 0 270 0
1.901076 0 270 0
1.921076 0 270 0
1.941076 0 270 0
1.961076 0 270 0
1.981076 0 270 0
2.001076 0 270 0
2.021076 0 270 0
2.041076 0 270 0
2.061076 0 270 0
2.081076 0 270 0
2.101076 0 270 0
2.121076 0 270 0
2.141076 0 270 0
2.161077 0 270 0
2.181077 0 270 0
2.201077 0 270 0
2.221076 0 270 0
2.241076 0 270 0
2.261076 0 270 0
2.281076 0 270 0
2.301076 0 270 0
2.321076 0 270 0
2.341076 0 270 0
2.361076 0 270 0
2.381076 0 270 0
2.401076 0 270 0
2.421077 0 270 0
2.441077 0 270 0
2.461076 0 270 0
2.481076 0 270 0
2.501076 0 270 0
2.521076 0 270 0
2.541076 0 270 0
2.561076 0 270 0
2.581076 0 270 0
2.601076 0 270 0
2.621076 0 270 0
2.641076 0 270 0
2.661077 0 270 0
2.681077 0 270 0
2.701077 0 270 0
2.721076 0 270 0
2.741076 0 270 0
2.761076 0 270 0
2.781076 0 270 0
2.801076 0 270 0
2.821076 0 270 0
2.841076 0 270 0
2.861076 0 270 0
2.881076 0 270 0
2.901076 0 270 0
2.921077 0 270 0
2.941077 0 270 0
2.961076 0 270 0
2.981076 0 270 0
3.001076 0 270 0
3.021076 0 270 0
3.041076 0 270 0
3.061076 0 270 0
3.081076 0 270 0
3.101076 0 270 0
3.121076 0 270 0
3.141076 0 270 0
3.161076 0 270 0
3.181077 0 270 0
3.201077 0 270 0
3.221076 0 270 0
3.241076 0 270 0
3.261076 0 270 0
3.281076 0 270 0
3.301076 0 270 0
3.321076 0 270 0
3.341076 0 270 0
3.361076 0 270 0
3.381076 0 270 0
3.401076 0 270 0
3.421076 0 270 0
3.441077 0 270 0
3.461076 0 270 0
3.481076 0 270 0
3.501076 0 270 0
3.521076 0 270 0
3.541076 0 270 0
3.561076 0 270 0
3.581076 0 270 0
3.601076 0 270 0
3.621076 0 270 0
3.641076 0 270 0
3.661076 0 270 0
3.681076 0 270 0
3.701077 0 270 0
3.721076 0 270 0
3.741076 0 270 0
3.761076 0 270 0
3.781076 0 270 0
3.801076 0 270 0
3.821076 0 270 0
3.841076 0 270 0
3.861076 0 270 0
3.881076 0 270 0
3.901076 0 270 0
3.921076 0 270 0
3.941077 0 270 0
3.961076 0 270 0
3.981076 0 270 0
4.001076 0 270 0
4.021076 0 270 0
4.041076 0 270 0
4.061076 0 270 0
4.081077 0 270 0
4.101077 0 270 0
4.121077 0 270 0
4.141077 0 270 0
4.161077 0 270 0
4.181077 0 270 0
4.201077 0 270 0
4.221076 0 270 0
4.241076 0 270 0
4.261076 0 270 0
4.281076 0 270 0
4.301076 0 270 0
4.321076 0 270 0
4.341076 0 270 0
4.361076 0 270 0
4.381076 0 270 0
4.401076 0 270 0
4.421076 0 270 0
4.441076 0 270 0
4.461076 0 270 0
4.481076 0 270 0
4.501076 0 270 0
4.521076 0 270 0
4.541076 0 270 0
4.561076 0 270 0
4.581077 0 270 0
4.601077 0 270 0
4.621077 0 270 0
4.641077 0 270 0
4.661077 0 270 0
4.681077 0 270 0
4.701077 0 270 0
4.721076 0 270 0
4.741076 0 270 0
4.761076 0 270 0
4.781076 0 270 0
4.801076 0 270 0
4.821076 0 270 0
4.841076 0 270 0
4.861076 0 270 0
4.881076 0 270 0
4.901076 0 270 0
4.921076 0 270 0
4.941076 0 270 0
4.961076 0 270 0
4.981076 0 270 0
5.001076 0 270 0
5.021076 0 270 0
5.041076 0 270 0
5.061076 0 270 0
5.081076 0 270 0
5.101077 0 270 0
5.121077 0 270 0
5.141077 0 270 0
5.161077 0 270 0
5.181077 0 270 0
5.201077 0 270 0
5.221076 0 270 0
5.241076 0 270 0
5.261076 0 270 0
