-0.03333334 356.2012 259.12 358.1789
0.03333334 356.1946 259.1358 358.1303
0.03333334 356.2133 259.1658 358.1297
0.06666667 356.202 259.2003 358.1378
0.1 356.1794 259.134 358.1444
0.1333333 356.1846 259.0975 358.1511
0.1333333 356.188 259.1789 358.0824
0.1333333 356.1441 259.1819 358.152
0.4 356.2067 259.1395 358.1801
0.4666667 356.2005 259.0807 358.2301
0.5 356.1645 259.0469 358.2114
0.5 356.1365 258.9825 358.2174
0.5333334 356.1318 258.9765 358.2217
0.5333334 356.1306 258.9703 358.2271
0.5333334 356.1348 258.9569 358.2243
0.5666667 356.1467 258.9658 358.2337
0.5666667 356.1558 258.9695 358.2383
0.6 356.1568 258.996 358.2361
0.6 356.1484 259.0086 358.2444
0.6 356.1292 259.0166 358.2449
0.6333333 356.1251 259.0361 358.2258
0.6333333 356.1106 259.0414 358.2258
0.6666667 356.1106 259.0447 358.2354
0.6666667 356.131 259.0288 358.2629
0.6666667 356.1721 259.019 358.2703
0.7 356.2009 259.04 358.2549
0.7 356.2165 259.0555 358.2066
0.7333333 356.2287 259.0693 358.1897
0.7333333 356.2503 259.0652 358.1992
0.7333333 356.2672 259.0557 358.2083
0.7666667 356.2588 259.0588 358.2324
0.7666667 356.2422 259.0629 358.2292
0.8 356.2326 259.0525 358.2224
0.8 356.2496 259.0524 358.2141
0.8333333 356.2675 259.0473 358.2046
0.8333333 356.299 259.0457 358.1874
0.8333333 356.3203 259.0438 358.1913
0.8666667 356.32 259.0565 358.1961
0.8666667 356.3135 259.0678 358.2021
0.9 356.2932 259.0854 358.2101
0.9 356.2768 259.1008 358.2237
0.9 356.2758 259.1193 358.2217
0.9333333 356.2796 259.1279 358.2095
0.9333333 356.2966 259.1361 358.2095
0.9666666 356.313 259.1313 358.2156
0.9666666 356.3197 259.1464 358.1986
1 356.3317 259.1605 358.1631
1 356.336 259.1928 358.139
1 356.3423 259.1872 358.148
1.033333 356.3615 259.1965 358.1552
1.033333 356.3712 259.212 358.1504
1.066667 356.3932 259.2316 358.1495
1.066667 356.386 259.2358 358.1269
1.1 356.3805 259.2519 358.118
1.1 356.3769 259.2553 358.1142
1.1 356.3889 259.2639 358.1079
1.133333 356.3926 259.264 358.1022
1.133333 356.3885 259.2773 358.1077
1.166667 356.3781 259.2857 358.1027
1.166667 356.3653 259.3025 358.1074
1.166667 356.3497 259.2998 358.1191
1.2 356.3593 259.295 358.1243
1.2 356.3672 259.3013 358.1199
1.233333 356.3622 259.2982 358.1161
1.233333 356.3649 259.2982 358.1106
1.266667 356.3726 259.2834 358.1017
1.266667 356.3782 259.2803 358.1168
1.266667 356.3948 259.2973 358.1124
1.3 356.3948 259.2944 358.1124
1.3 356.3818 259.3068 358.0963
1.333333 356.3782 259.3201 358.1015
1.333333 356.3647 259.3163 358.1088
1.333333 356.348 259.3024 358.1231
1.366667 356.3457 259.2979 358.1403
1.366667 356.3715 259.2878 358.1338
1.4 356.3851 259.3175 358.1005
1.4 356.3629 259.3406 358.0714
1.433333 356.3307 259.3584 358.0695
1.433333 356.3281 259.3623 358.0938
1.433333 356.33 259.3846 358.1133
1.466667 356.3202 259.3994 358.1296
1.466667 356.3242 259.4242 358.1214
1.5 356.3379 259.437 358.1205
1.5 356.3416 259.469 358.1213
1.5 356.3649 259.5129 358.1303
1.533333 356.3769 259.537 358.1386
1.533333 356.3817 259.5485 358.1533
1.566667 356.382 259.5532 358.1465
1.566667 356.3823 259.5637 358.1557
1.6 356.3817 259.5537 358.1441
1.6 356.3801 259.5378 358.1474
1.6 356.3778 259.5169 358.1413
1.633333 356.3563 259.5057 358.1537
1.633333 356.353 259.4903 358.1708
1.666667 356.3331 259.4868 358.1765
1.666667 356.3132 259.4962 358.1637
1.7 356.2858 259.4961 358.1565
1.7 356.2697 259.5043 358.173
1.7 356.2611 259.5085 358.1814
1.733333 356.249 259.5093 358.2166
1.733333 356.2461 259.5151 358.2135
1.766667 356.2534 259.5257 358.208
1.766667 356.2542 259.5246 358.191
1.766667 356.2573 259.5274 358.183
1.8 356.2452 259.5297 358.1774
1.8 356.2259 259.528 358.1884
1.833333 356.2173 259.5301 358.1928
1.833333 356.2005 259.5447 358.198
1.866667 356.1947 259.5444 358.2064
1.866667 356.1912 259.5616 358.2177
1.866667 356.198 259.5709 358.2173
1.9 356.17 259.5705 358.2261
1.9 356.1506 259.5727 358.2356
1.933333 356.1149 259.57 358.2448
1.933333 356.111 259.5652 358.2516
1.933333 356.1018 259.5675 358.2453
1.966667 356.1031 259.5634 358.2546
1.966667 356.0918 259.5586 358.2599
2 356.0722 259.5628 358.2595
2 356.0531 259.567 358.2417
2.033333 356.0417 259.5717 358.2377
2.033333 356.0128 259.5484 358.2642
2.033333 355.9915 259.55 358.2939
2.066667 355.997 259.5295 358.3176
2.066667 356.015 259.5267 358.3185
2.1 356.0048 259.5309 358.2882
2.1 356.0069 259.5327 358.2668
2.1 356.0135 259.526 358.2718
2.133333 356.0447 259.518 358.276
2.133333 356.0523 259.5149 358.2855
2.166667 356.0525 259.524 358.296
2.166667 356.0255 259.514 358.2998
2.2 356.0022 259.5071 358.3029
2.2 355.9821 259.4818 358.3123
2.2 355.9861 259.4687 358.3006
2.233333 356.006 259.4464 358.313
2.233333 356.0356 259.4287 358.3138
2.266667 356.0395 259.4077 358.3173
2.266667 356.0399 259.3995 358.3196
2.3 356.0359 259.398 358.3174
2.3 356.0376 259.3828 358.32
2.3 356.0358 259.3805 358.3167
2.333333 356.0283 259.381 358.3291
2.333333 356.0367 259.3764 358.3408
2.366667 356.0198 259.3648 358.3584
2.366667 356.0045 259.3785 358.3298
2.366667 355.9828 259.3874 358.3063
2.4 355.9758 259.3861 358.2971
2.4 355.9725 259.3889 358.2999
2.433333 355.9595 259.3794 358.3197
2.433333 355.9562 259.3988 358.3236
2.466667 355.9578 259.3955 358.3126
2.466667 355.9613 259.4018 358.3027
2.466667 355.963 259.409 358.291
2.5 355.9606 259.4117 358.2829
2.5 355.9484 259.4133 358.2906
2.533333 355.9473 259.4096 358.2889
2.533333 355.9597 259.409 358.2955
2.533333 355.9755 259.4046 358.2907
2.566667 355.9951 259.4002 358.2944
2.566667 355.9832 259.3921 358.2982
2.6 355.9649 259.3828 358.3018
2.6 355.9413 259.3756 358.3023
2.633333 355.9171 259.3631 358.3079
2.633333 355.9098 259.3542 358.3143
2.633333 355.9172 259.343 358.3228
2.666667 355.9371 259.3391 358.3188
2.666667 355.9588 259.345 358.3123
2.7 355.9719 259.3398 358.314
2.7 355.9609 259.3441 358.3267
2.7 355.9542 259.3374 358.3297
2.733333 355.9468 259.348 358.3229
2.733333 355.9503 259.3516 358.3185
2.766667 355.9495 259.343 358.3225
2.766667 355.9394 259.324 358.3419
2.8 355.9631 259.3085 358.3529
2.8 355.9595 259.3142 358.3371
2.8 355.9456 259.3328 358.2935
2.833333 355.9309 259.3466 358.262
2.833333 355.9172 259.3538 358.2766
2.866667 355.925 259.3651 358.3092
2.866667 355.9312 259.3909 358.322
2.866667 355.9348 259.3997 358.3207
2.9 355.9257 259.4091 358.3138
2.9 355.9225 259.4013 358.311
2.933333 355.9009 259.383 358.3063
2.933333 355.9128 259.376 358.3056
2.966667 355.9221 259.3792 358.3081
2.966667 355.9218 259.3753 358.2959
2.966667 355.914 259.3877 358.2889
3 355.9125 259.3795 358.2987
3 355.9065 259.3918 358.2968
3.033333 355.9041 259.3987 358.2914
3.033333 355.9152 259.4102 358.294
3.066667 355.9023 259.4162 358.3011
3.066667 355.904 259.417 358.3111
3.066667 355.8858 259.4302 358.3134
3.1 355.859 259.4266 358.3007
3.1 355.8506 259.4227 358.2871
3.133333 355.847 259.4383 358.2877
3.133333 355.8637 259.4433 358.316
3.133333 355.8637 259.4438 358.3404
3.166667 355.87 259.4514 358.3513
3.166667 355.8657 259.452 358.3554
3.2 355.8603 259.453 358.3431
3.2 355.8535 259.4525 358.3381
3.233333 355.8377 259.468 358.3256
3.233333 355.8213 259.4645 358.3336
3.233333 355.8181 259.4729 358.3424
3.266667 355.8151 259.5036 358.3468
3.266667 355.8212 259.5085 358.3539
3.3 355.8264 259.5217 358.3616
3.3 355.8284 259.5212 358.3716
3.3 355.835 259.5198 358.3872
3.333333 355.8356 259.5348 358.3779
3.333333 355.8358 259.5287 358.3705
3.366667 355.8488 259.5258 358.3557
3.366667 355.844 259.5338 358.341
3.4 355.825 259.529 358.3413
3.4 355.8055 259.5362 358.3459
3.4 355.7963 259.5521 358.343
3.433333 355.8033 259.5657 358.3403
3.433333 355.8039 259.5903 358.3278
3.466667 355.7867 259.6033 358.3358
3.466667 355.7547 259.6386 358.345
3.466667 355.7335 259.6693 358.3405
3.5 355.7158 259.7026 358.347
3.5 355.696 259.7224 358.3691
3.533333 355.6874 259.732 358.3873
3.533333 355.6966 259.7377 358.4193
3.566667 355.7089 259.7482 358.4203
3.566667 355.709 259.7619 358.3829
3.566667 355.684 259.7788 358.37
3.6 355.6589 259.7902 358.393
3.6 355.6046 259.8152 358.4426
3.633333 355.5527 259.847 358.4865
3.633333 355.5078 259.8713 358.5258
3.633333 355.479 259.9023 358.57
3.666667 355.4583 259.9254 358.5964
3.666667 355.4226 259.9541 358.6432
3.7 355.3831 259.9788 358.6768
3.7 355.358 259.9928 358.7199
3.733333 355.3232 260.0192 358.7671
3.733333 355.2719 260.0393 358.8154
3.733333 355.2055 260.0563 358.8536
3.766667 355.1092 260.0798 358.9151
3.766667 355.0091 260.1055 358.9606
3.8 354.9211 260.1069 359.0095
3.8 354.8288 260.1353 359.0478
3.833333 354.7815 260.1466 359.0912
3.833333 354.7446 260.1607 359.1303
3.833333 354.7021 260.1638 359.1467
3.866667 354.658 260.1839 359.1448
3.866667 354.5912 260.1713 359.1609
3.9 354.5429 260.1758 359.1717
3.9 354.4523 260.1549 359.2031
3.9 354.3864 260.1659 359.2085
3.933333 354.3174 260.1656 359.2151
3.933333 354.2657 260.1818 359.2074
3.966667 354.235 260.2052 359.2169
3.966667 354.2223 260.2177 359.2326
4 354.214 260.232 359.2589
4 354.2239 260.2563 359.2889
4 354.2466 260.2595 359.3168
4.033333 354.2614 260.2719 359.334
4.033333 354.283 260.2894 359.3377
4.066667 354.2992 260.3007 359.343
4.066667 354.3193 260.3196 359.3533
4.066667 354.3313 260.3548 359.3619
4.1 354.37 260.3853 359.3802
4.1 354.4037 260.4017 359.3916
4.133333 354.4499 260.4341 359.394
4.133333 354.4747 260.4701 359.3919
4.166667 354.4837 260.5017 359.3908
4.166667 354.4778 260.5546 359.3983
4.166667 354.4635 260.6273 359.3874
4.2 354.4724 260.7105 359.3986
4.2 354.5084 260.8306 359.4333
4.233333 354.548 260.948 359.4643
4.233333 354.6095 261.0892 359.486
4.233333 354.6792 261.247 359.5097
4.266667 354.7252 261.4206 359.5096
4.266667 354.758 261.5973 359.4664
4.3 354.7923 261.7843 359.4418
4.3 354.8102 262.0479 359.472
4.333333 354.8212 262.2687 359.531
4.333333 354.8303 262.554 359.5987
4.333333 354.8276 262.8005 359.6745
4.366667 354.8165 263.0538 359.7605
4.366667 354.8271 263.2962 359.8192
4.4 354.8647 263.5525 359.8612
4.4 354.925 263.8425 359.8919
4.4 354.9568 264.0944 359.9221
4.433333 355.0083 264.3454 359.9809
4.433333 355.0298 264.6467 0.02608632
4.466667 355.0339 264.8726 0.05881013
4.466667 355.0233 265.1679 0.09535614
4.5 354.9993 265.4098 0.1074762
4.5 354.9716 265.6411 0.1130025
4.5 354.9725 265.8353 0.1219827
4.533333 354.9522 266.0856 0.1521963
4.533333 354.9274 266.3011 0.1623144
4.566667 354.9162 266.4616 0.1771444
4.566667 354.8988 266.6334 0.1976851
4.6 354.8763 266.7773 0.222874
4.6 354.8561 266.8946 0.2602437
4.6 354.8407 267.0135 0.2997816
4.633333 354.84 267.1117 0.3255538
4.633333 354.8458 267.2044 0.3276316
4.666667 354.8483 267.2793 0.3268059
4.666667 354.855 267.3488 0.3376854
4.666667 354.8642 267.3815 0.3562446
4.7 354.8676 267.4267 0.3518667
4.7 354.8464 267.4373 0.3605114
4.733333 354.8389 267.4538 0.3454885
4.733333 354.838 267.4573 0.3373928
4.766667 354.8512 267.4554 0.3281176
4.766667 354.8599 267.459 0.3070916
4.766667 354.8636 267.444 0.3085956
4.8 354.8535 267.4328 0.2965948
4.8 354.8439 267.4252 0.2863219
4.833333 354.8405 267.4009 0.2802992
4.833333 354.85 267.3753 0.2726002
4.833333 354.8673 267.3695 0.263161
4.866667 354.8837 267.3667 0.2560442
4.866667 354.8719 267.3726 0.2691086
4.9 354.8731 267.3719 0.2741781
4.9 354.8663 267.384 0.2725276
4.933333 354.8753 267.373 0.2897012
4.933333 354.8683 267.3543 0.309725
4.933333 354.8681 267.3246 0.3293174
4.966667 354.8824 267.3174 0.3301572
4.966667 354.883 267.283 0.3230168
5 354.8898 267.2895 0.2910132
5 354.9142 267.258 0.27956
5 354.9604 267.2267 0.2890075
5.033333 354.9916 267.2057 0.3014285
5.033333 355.0029 267.1778 0.3086596
5.066667 355.016 267.1451 0.3123972
5.066667 355.0343 267.114 0.3186418
5.1 355.0754 267.0617 0.3194742
5.1 355.1334 267.0224 0.315695
5.1 355.1636 266.9751 0.3146466
5.133333 355.1892 266.9091 0.3142267
5.133333 355.2034 266.8391 0.3157709
5.166667 355.2286 266.7865 0.3048219
5.166667 355.2849 266.6859 0.3080841
5.166667 355.3425 266.5901 0.3065922
5.2 355.3933 266.5005 0.299836
5.2 355.433 266.3867 0.3047048
5.233333 355.4751 266.2589 0.3200595
5.233333 355.4886 266.151 0.3285416
5.266667 355.4369 266.0307 0.3329572
5.266667 355.3453 265.9081 0.3364564
5.266667 355.2706 265.8128 0.3344686
5.3 355.2084 265.6929 0.3380378
5.3 355.1733 265.5661 0.3354835
5.333333 355.2185 265.408 0.3305161
5.333333 355.2977 265.288 0.312133
5.333333 355.4165 265.1449 0.2783222
5.366667 355.5761 265.002 0.2337831
5.366667 355.7336 264.8417 0.1946539
5.4 355.8406 264.69 0.1566318
5.4 355.8819 264.5452 0.1372794
5.433333 355.8602 264.4344 0.1198886
5.433333 355.8251 264.3095 0.09291517
5.433333 355.8115 264.2114 0.08092616
5.466667 355.8203 264.1348 0.07682326
5.466667 355.8613 264.0473 0.07163828
5.5 355.9159 263.9633 0.08426439
5.5 355.9712 263.8947 0.09516972
5.5 356.0151 263.8449 0.1015533
5.533333 356.0396 263.7864 0.112549
5.533333 356.0507 263.7574 0.1164673
5.566667 356.0811 263.7362 0.1091935
5.566667 356.1469 263.7219 0.09314127
5.6 356.2242 263.7076 0.08016194
5.6 356.3462 263.6822 0.08920797
5.6 356.4514 263.6519 0.09398627
5.633333 356.5454 263.6377 0.1083088
5.633333 356.6378 263.6003 0.1188243
5.666667 356.7394 263.5625 0.1348859
5.666667 356.842 263.5374 0.1401716
5.666667 356.9748 263.4879 0.1638428
5.7 357.276 263.4216 0.1717567
5.7 357.4819 263.359 0.1527744
5.733333 357.631 263.3059 0.08778878
5.733333 357.684 263.2624 0.05433842
5.766667 357.6914 263.2022 0.03776062
5.766667 357.6898 263.1347 0.04224491
5.766667 357.7093 263.0635 0.04723393
5.8 357.7076 263.0018 0.05523704
5.8 357.6746 262.95 0.06007318
5.833333 357.6367 262.9047 0.07641244
5.833333 357.6019 262.8716 0.08792842
5.866667 357.5994 262.8232 0.1206612
5.866667 357.6541 262.8007 0.1370673
5.866667 357.7362 262.7726 0.1516381
5.9 357.8835 262.7422 0.1732703
5.9 358.0839 262.7101 0.1896508
5.933333 358.3144 262.6555 0.2109364
5.933333 358.6348 262.5957 0.2137308
5.933333 359.1152 262.5129 0.2168261
5.966667 359.6373 262.4133 0.2158093
5.966667 0.3766672 262.2805 0.2312563
6 1.371339 262.0948 0.2745349
6 2.387285 261.9087 0.2776574
6.033333 3.733623 261.679 0.2224642
6.033333 5.121318 261.4269 0.148589
6.033333 6.490875 261.1517 0.09760328
6.066667 7.858394 260.8702 0.04245043
6.066667 9.302197 260.5792 359.9927
6.1 10.79799 260.2813 359.9645
6.1 12.17893 260.0063 359.9396
6.1 13.73828 259.7004 359.9318
6.133333 14.73757 259.4236 359.9243
6.166667 15.58606 259.1489 359.9824
6.166667 16.34002 258.9166 0.03787495
6.166667 17.24924 258.6957 0.02102555
6.2 18.23104 258.5582 359.9284
6.2 21.70111 257.9695 359.6211
6.233333 21.92444 258.118 359.5524
6.233333 21.93674 258.2266 359.5707
6.233333 24.98099 257.8138 359.3421
6.266667 24.50764 257.9264 359.3714
6.3 25.21054 257.919 359.2984
6.3 25.79683 257.9836 359.3686
6.3 26.12023 258.053 359.4888
6.333333 26.25549 258.1725 359.6537
6.333333 26.35918 258.2824 359.7798
6.333333 26.62361 258.4289 359.8641
6.366667 27.02368 258.5807 359.9091
6.366667 27.74858 258.7241 359.9221
6.4 28.45786 258.8565 359.9496
6.4 28.98923 258.9377 359.9923
6.433333 29.25047 258.9818 0.01355482
6.433333 29.37782 258.9943 359.9721
6.466667 29.59691 259.0139 359.8589
6.466667 29.7809 259.0345 359.7516
6.466667 29.81081 259.0562 359.6565
6.5 29.65145 259.0843 359.5945
6.5 29.28483 259.1107 359.5753
6.533333 29.00786 259.1368 359.571
6.533333 28.85686 259.1684 359.5789
6.533333 28.83062 259.2074 359.5748
6.566667 28.84592 259.2747 359.5868
6.566667 28.8302 259.3079 359.6067
6.6 28.78525 259.3222 359.6295
6.6 28.7249 259.3267 359.6542
6.6 28.68142 259.3296 359.6711
6.633333 28.65172 259.299 359.6691
6.633333 28.59326 259.2986 359.6623
6.666667 28.52124 259.2892 359.6462
6.666667 28.4526 259.2664 359.6096
6.7 28.40763 259.253 359.5978
6.7 28.40735 259.2463 359.5869
6.7 28.40409 259.2579 359.5804
6.733333 28.38451 259.261 359.6031
6.733333 28.31489 259.2695 359.6385
6.766667 28.21524 259.2803 359.6467
6.766667 28.0601 259.2894 359.6657
6.8 27.82452 259.3005 359.6699
6.8 27.44275 259.3133 359.6799
6.8 26.88388 259.3255 359.6852
6.833333 26.06314 259.3294 359.7047
6.833333 25.12375 259.3193 359.7265
6.866667 24.55498 259.3084 359.7436
6.866667 24.07804 259.2692 359.7958
6.866667 23.92741 259.2516 359.8152
6.9 23.93572 259.2391 359.8006
6.9 24.04399 259.2203 359.773
6.933333 24.17285 259.2133 359.765
6.933333 24.32085 259.2089 359.7543
6.966667 24.51848 259.1901 359.7692
6.966667 24.7858 259.1635 359.7924
6.966667 25.13276 259.1482 359.8225
7 25.55996 259.1284 359.834
7 26.04362 259.0837 359.8404
7.033333 26.44514 259.027 359.8461
7.033333 26.81634 258.9536 359.8081
7.033333 27.11817 258.8703 359.7705
7.066667 27.41961 258.818 359.7222
7.066667 27.79414 258.7518 359.6606
7.1 28.10952 258.6991 359.6089
7.1 28.36714 258.6368 359.5619
7.133333 28.52353 258.606 359.528
7.133333 28.62671 258.5805 359.4846
7.166667 28.68822 258.5759 359.4752
7.166667 28.67423 258.5904 359.4913
7.166667 28.59133 258.6105 359.5298
7.2 28.48226 258.6422 359.5696
7.2 28.35351 258.6684 359.5784
7.2 28.2049 258.725 359.5871
7.233333 28.09022 258.772 359.6168
7.233333 27.9658 258.8397 359.6649
7.266667 27.91458 258.8781 359.6907
7.266667 27.89213 258.9283 359.7163
7.3 27.91572 258.9772 359.7324
7.3 27.9438 258.9951 359.7391
7.3 27.97459 259.008 359.7551
7.333333 28.00481 259.0259 359.7419
7.333333 28.03786 259.0236 359.7354
7.366667 28.10534 259.0133 359.7067
7.366667 28.17051 258.9922 359.6839
7.366667 28.29352 258.9901 359.663
7.4 28.39541 258.9664 359.6246
7.4 28.45834 258.9664 359.6043
7.433333 28.48238 258.9465 359.5753
7.433333 28.47486 258.938 359.5659
7.466667 28.46364 258.9377 359.5773
7.466667 28.45126 258.9329 359.5733
7.466667 28.44811 258.9333 359.5656
7.5 28.44625 258.9362 359.5393
7.5 28.42953 258.9358 359.5183
7.533333 28.37805 258.945 359.514
7.533333 28.32842 258.96 359.5063
7.533333 28.24483 258.9682 359.5171
7.566667 28.1993 258.9869 359.5128
7.566667 28.1759 259.0026 359.5115
7.6 28.18402 259.0158 359.5056
7.6 28.19044 259.0316 359.5114
7.633333 28.19133 259.0477 359.5107
7.633333 28.17302 259.0572 359.5083
7.633333 28.14918 259.0595 359.5126
7.666667 28.13366 259.0639 359.5219
7.666667 28.12743 259.0674 359.5168
7.7 28.14703 259.0805 359.5072
7.7 28.16556 259.0888 359.4967
7.7 28.18933 259.089 359.4836
7.733333 28.20128 259.0954 359.4907
7.733333 28.21062 259.0919 359.4998
7.766667 28.21087 259.0961 359.508
7.766667 28.20577 259.093 359.5096
7.8 28.20772 259.1064 359.5284
7.8 28.21855 259.109 359.5388
7.8 28.21514 259.0981 359.5357
7.833333 28.20042 259.0898 359.5433
7.833333 28.17344 259.0756 359.5493
7.866667 28.16336 259.0631 359.5328
7.866667 28.15541 259.0475 359.5075
7.866667 28.162 259.0404 359.5202
7.9 28.15276 259.0193 359.5302
7.9 28.1333 258.9998 359.5483
7.933333 28.10088 258.9783 359.5651
7.933333 28.05913 258.9558 359.5414
7.966667 28.03511 258.9583 359.4914
7.966667 28.04183 258.9565 359.4661
7.966667 28.05998 258.9651 359.4669
8 28.09562 258.9933 359.4777
8 28.11857 259.0427 359.4816
8.033334 28.12378 259.0908 359.4837
8.033334 28.11794 259.1257 359.48
8.066667 28.11229 259.1626 359.4936
8.066667 28.12567 259.2113 359.5117
8.066667 28.18025 259.2537 359.5219
8.1 28.22548 259.2848 359.5295
8.1 28.27784 259.3045 359.5303
8.133333 28.32178 259.3151 359.5268
8.133333 28.36126 259.3266 359.5099
8.133333 28.38445 259.3251 359.4962
8.166667 28.41002 259.3091 359.4762
8.166667 28.43513 259.2876 359.4797
8.2 28.45955 259.2625 359.4871
8.2 28.48941 259.2278 359.4688
8.233334 28.53576 259.2114 359.4248
8.233334 28.58628 259.1842 359.3874
8.233334 28.63333 259.1606 359.3845
8.266666 28.65831 259.1404 359.3798
8.266666 28.65339 259.1353 359.3806
8.3 28.6571 259.1442 359.3761
8.3 28.64889 259.1488 359.3692
8.3 28.65489 259.1609 359.3791
8.333333 28.66664 259.1713 359.3924
8.333333 28.68837 259.1751 359.3928
8.366667 28.71377 259.1807 359.4026
8.366667 28.74162 259.197 359.4159
8.4 28.74562 259.2099 359.4228
8.4 28.73653 259.2262 359.4402
8.4 28.70631 259.2365 359.4482
8.433333 28.69165 259.2507 359.4541
8.433333 28.6776 259.2639 359.4673
8.466666 28.67398 259.2556 359.4662
8.466666 28.67423 259.258 359.4702
8.466666 28.67968 259.2502 359.4654
8.5 28.69577 259.2484 359.4587
8.5 28.71493 259.2408 359.4399
8.533334 28.73295 259.2415 359.4378
8.533334 28.746 259.252 359.4397
8.566667 28.75115 259.2595 359.4399
8.566667 28.75871 259.2766 359.4619
8.566667 28.75928 259.2684 359.4705
8.6 28.7606 259.2812 359.4916
8.6 28.7576 259.2677 359.4945
8.633333 28.74942 259.2702 359.4804
8.633333 28.73528 259.2711 359.4576
8.633333 28.75521 259.2486 359.4352
8.666667 28.77119 259.2457 359.4405
8.666667 28.76303 259.2374 359.4506
8.7 28.74051 259.2343 359.4536
8.7 28.70391 259.2397 359.4615
8.733334 28.66787 259.2455 359.4744
8.733334 28.64628 259.2488 359.4876
8.733334 28.64425 259.239 359.5019
8.766666 28.64873 259.2417 359.507
8.766666 28.66987 259.2311 359.5101
8.8 28.68369 259.2332 359.5102
8.8 28.67585 259.2227 359.502
8.833333 28.66603 259.2203 359.5012
8.833333 28.6547 259.2261 359.5027
8.833333 28.66988 259.229 359.4979
8.866667 28.68565 259.2326 359.5012
8.866667 28.70169 259.2373 359.5176
8.9 28.6863 259.2486 359.5229
8.9 28.65798 259.261 359.5146
8.9 28.61741 259.2762 359.5159
8.933333 28.59658 259.2866 359.5234
8.933333 28.59571 259.2929 359.5309
8.966666 28.60147 259.2945 359.5401
8.966666 28.60275 259.291 359.5278
9 28.60552 259.2863 359.5164
9 28.6059 259.2754 359.5006
9 28.59769 259.2945 359.5088
9.033334 28.5806 259.3066 359.5062
9.033334 28.57416 259.316 359.5192
9.066667 28.57164 259.3409 359.5339
9.066667 28.57847 259.3499 359.5511
9.066667 28.58414 259.3603 359.5463
9.1 28.58656 259.3705 359.5468
9.1 28.58169 259.3721 359.5372
9.133333 28.58855 259.3786 359.5464
9.133333 28.59683 259.3855 359.5655
9.166667 28.60336 259.394 359.5765
9.166667 28.60172 259.396 359.5757
9.166667 28.59542 259.404 359.5728
9.2 28.59456 259.3973 359.5737
9.2 28.61076 259.397 359.5789
9.233334 28.62604 259.4061 359.5906
9.233334 28.62405 259.4211 359.596
9.233334 28.6116 259.4319 359.5937
9.266666 28.59959 259.4353 359.6068
9.266666 28.56816 259.4385 359.6232
9.3 28.56832 259.4387 359.6626
9.3 28.56618 259.4293 359.6792
9.333333 28.56514 259.427 359.6555
9.333333 28.57397 259.4236 359.63
9.333333 28.59251 259.4043 359.6159
9.366667 28.61162 259.3859 359.6108
9.366667 28.62173 259.3853 359.5952
9.4 28.60876 259.3896 359.5899
9.4 28.59828 259.4008 359.5947
9.4 28.5645 259.4094 359.612
9.433333 28.54099 259.4233 359.6437
9.433333 28.5215 259.4267 359.6548
9.466666 28.52807 259.4349 359.6478
9.466666 28.56187 259.4494 359.6458
9.5 28.59194 259.4466 359.6366
9.5 28.61776 259.4463 359.631
9.5 28.62781 259.4589 359.6187
9.533334 28.61388 259.4463 359.6059
9.533334 28.6016 259.4587 359.6059
9.566667 28.58903 259.4539 359.6182
9.566667 28.59229 259.4695 359.6295
9.566667 28.58346 259.4633 359.6176
9.6 28.57799 259.4671 359.5742
9.6 28.56687 259.4801 359.5471
9.633333 28.56262 259.4703 359.5406
9.633333 28.55059 259.4774 359.5565
9.666667 28.55287 259.4985 359.5547
9.666667 28.54959 259.5142 359.5382
9.666667 28.55285 259.5227 359.5226
9.7 28.55447 259.5378 359.5107
9.7 28.56697 259.5606 359.5048
9.733334 28.59083 259.5844 359.499
9.733334 28.60016 259.6084 359.4955
9.733334 28.60517 259.633 359.4938
9.766666 28.60686 259.6696 359.5009
9.766666 28.6195 259.6958 359.4956
9.8 28.6266 259.7323 359.5095
9.8 28.63607 259.7591 359.5114
9.833333 28.62684 259.7822 359.5079
9.833333 28.63563 259.8013 359.5103
9.833333 28.64532 259.8094 359.5085
9.866667 28.65701 259.8178 359.5096
9.866667 28.6675 259.8211 359.495
9.9 28.67924 259.8193 359.487
9.9 28.67965 259.8082 359.4754
9.9 28.69513 259.8107 359.4641
9.933333 28.71294 259.8164 359.4563
9.933333 28.72742 259.8025 359.4653
9.966666 28.72656 259.8092 359.493
9.966666 28.74224 259.8111 359.5162
10 28.75375 259.8091 359.5229
10 28.75783 259.8113 359.5086
10 28.7667 259.8041 359.5135
10.03333 28.77681 259.7997 359.5228
10.03333 28.76005 259.789 359.5305
10.06667 28.71811 259.7859 359.5398
10.06667 28.69193 259.7745 359.5366
10.1 28.67655 259.784 359.5555
10.1 28.67856 259.7773 359.5596
10.1 28.69544 259.7925 359.5752
10.13333 28.71735 259.7961 359.5887
10.13333 28.737 259.7964 359.6019
10.16667 28.75492 259.7729 359.6221
10.16667 28.76604 259.7754 359.6286
10.16667 28.78455 259.7687 359.6089
10.2 28.79533 259.7561 359.5917
10.2 28.80003 259.752 359.5915
10.23333 28.78991 259.7367 359.5967
10.23333 28.80088 259.7387 359.632
10.26667 28.80217 259.7334 359.6474
10.26667 28.79618 259.7321 359.6309
10.26667 28.786 259.7288 359.6341
10.3 28.77757 259.7394 359.6485
10.3 28.7761 259.7422 359.6665
10.33333 28.78391 259.7475 359.6674
10.33333 28.79302 259.7439 359.6667
10.33333 28.8163 259.7357 359.6383
10.36667 28.83635 259.7293 359.6468
10.36667 28.85673 259.7221 359.6411
10.4 28.83953 259.7215 359.6547
10.4 28.82018 259.7134 359.6529
10.43333 28.79994 259.7145 359.6481
10.43333 28.78744 259.7257 359.6554
10.43333 28.78928 259.7249 359.6531
10.46667 28.8102 259.73 359.653
10.46667 28.83727 259.7403 359.6542
10.5 28.84944 259.7334 359.6503
10.5 28.8399 259.7381 359.6556
10.5 28.81816 259.7388 359.6558
10.53333 28.80388 259.7393 359.6597
10.53333 28.79556 259.7398 359.6645
10.56667 28.8162 259.7275 359.6684
10.56667 28.84646 259.7219 359.6705
10.6 28.87716 259.7195 359.6654
10.6 28.89852 259.7219 359.6475
10.6 28.89067 259.7071 359.6626
10.63333 28.8704 259.7188 359.674
10.63333 28.86083 259.7174 359.7041
10.66667 28.85765 259.7259 359.7054
10.66667 28.86535 259.7322 359.6719
10.66667 28.88048 259.735 359.6282
10.7 28.90174 259.7371 359.6313
10.7 28.90078 259.7391 359.6411
10.73333 28.88206 259.769 359.6464
10.73333 28.83177 259.773 359.6451
10.76667 28.79057 259.7749 359.6485
10.76667 28.75342 259.781 359.652
10.76667 28.74565 259.7671 359.6565
10.8 28.77483 259.7637 359.6392
10.8 28.82138 259.7592 359.627
10.83333 28.86732 259.7453 359.6123
10.83333 28.88369 259.7519 359.61
10.83333 28.88452 259.7643 359.6221
10.86667 28.86967 259.7568 359.6217
10.86667 28.8571 259.7767 359.638
10.9 28.86702 259.7812 359.6407
10.9 28.87489 259.7904 359.6582
10.93333 28.88731 259.7892 359.6605
10.93333 28.88198 259.7692 359.6455
10.96667 28.89355 259.7781 359.6256
10.96667 28.89442 259.7593 359.6069
10.96667 28.88978 259.7517 359.6153
11 28.86748 259.7483 359.6256
11 28.85314 259.7586 359.6319
11.03333 28.84898 259.7673 359.6292
11.03333 28.85132 259.7644 359.6114
11.03333 28.83857 259.7698 359.61
11.06667 28.82095 259.7761 359.6095
11.06667 28.81641 259.7791 359.6108
11.1 28.82267 259.7864 359.6234
11.1 28.83532 259.7987 359.6285
11.1 28.84742 259.8068 359.6273
11.13333 28.85744 259.7973 359.6167
11.13333 28.85615 259.8145 359.6212
11.16667 28.84659 259.8138 359.6172
11.16667 28.84304 259.8094 359.6079
11.16667 28.83358 259.8122 359.609
11.2 28.82738 259.8152 359.5869
11.2 28.82361 259.8135 359.5663
11.23333 28.79444 259.8162 359.5614
11.23333 28.74996 259.8517 359.5695
11.26667 28.70034 259.8883 359.5746
11.26667 28.61357 259.9387 359.58
11.26667 28.5506 259.9805 359.5814
11.3 28.49336 260.032 359.6046
11.3 28.45442 260.0593 359.6282
11.33333 28.45037 260.0753 359.6436
11.33333 28.45484 260.0854 359.6451
11.33333 28.45509 260.0935 359.6126
11.36667 28.46703 260.091 359.5749
11.36667 28.49267 260.0804 359.5504
11.4 28.50651 260.0701 359.5616
11.4 28.53265 260.0617 359.579
11.43333 28.53991 260.0562 359.5727
11.43333 28.53212 260.0535 359.5626
11.43333 28.51718 260.0404 359.5637
11.46667 28.48829 260.0247 359.5746
11.46667 28.47696 260.0251 359.5854
11.5 28.48153 260.0065 359.5943
11.5 28.50168 259.9965 359.6053
11.53333 28.53551 260.0023 359.6189
11.53333 28.55987 259.9818 359.623
11.53333 28.59487 259.9639 359.6246
11.56667 28.62174 259.9397 359.6149
11.56667 28.66167 259.9155 359.6043
11.6 28.67899 259.8959 359.5964
11.6 28.69436 259.8817 359.5957
11.6 28.71252 259.8787 359.6142
11.63333 28.7128 259.8764 359.6041
11.63333 28.71291 259.8835 359.591
11.66667 28.70088 259.8947 359.5957
11.66667 28.70378 259.892 359.6068
11.7 28.70225 259.8903 359.6261
11.7 28.69181 259.9075 359.6332
11.7 28.67273 259.9087 359.6205
11.73333 28.66245 259.9057 359.6116
11.73333 28.64981 259.9104 359.6081
11.76667 28.6407 259.9099 359.6104
11.76667 28.62566 259.9056 359.6284
11.76667 28.62434 259.9055 359.6492
11.8 28.62723 259.896 359.6582
11.8 28.65606 259.88 359.6644
11.83333 28.67499 259.8661 359.6678
11.83333 28.69262 259.8315 359.6646
11.86667 28.70398 259.8104 359.6689
11.86667 28.71598 259.7764 359.6725
11.86667 28.71678 259.7383 359.6834
11.9 28.70389 259.7159 359.6848
11.9 28.68235 259.6962 359.6751
11.93333 28.6765 259.6823 359.6665
11.93333 28.69794 259.6461 359.6685
11.93333 28.74177 259.6213 359.6725
11.96667 28.76695 259.5869 359.6703
11.96667 28.7959 259.543 359.656
12 28.79707 259.4966 359.6333
12 28.77113 259.4595 359.6387
12.03333 28.73478 259.4247 359.6473
12.03333 28.68956 259.3912 359.6675
12.03333 28.65142 259.3919 359.6692
12.06667 28.64002 259.4084 359.6347
12.06667 28.66318 259.4344 359.5919
12.1 28.69417 259.4603 359.5958
12.1 28.70788 259.5192 359.6292
12.1 28.69981 259.5724 359.6493
12.13333 28.6627 259.6304 359.6832
12.13333 28.6295 259.6767 359.7188
12.16667 28.61672 259.7074 359.7248
12.16667 28.63683 259.7057 359.7303
12.2 28.66895 259.717 359.7157
12.2 28.71338 259.7029 359.6881
12.2 28.74137 259.6943 359.6718
12.23333 28.74723 259.6795 359.6647
12.23333 28.75352 259.6553 359.6431
12.26667 28.75758 259.6357 359.6242
12.26667 28.75471 259.6193 359.6255
12.26667 28.74811 259.5993 359.6126
12.3 28.70598 259.5699 359.6181
12.3 28.68836 259.5419 359.6263
12.33333 28.6811 259.5452 359.6248
12.33333 28.68246 259.5316 359.5878
12.36667 28.69413 259.5335 359.5801
12.36667 28.70858 259.5423 359.5887
12.36667 28.71775 259.5468 359.5973
12.4 28.733 259.5716 359.6047
12.4 28.73282 259.5915 359.6049
12.43333 28.74083 259.5976 359.6087
12.43333 28.75042 259.6138 359.6136
12.43333 28.75644 259.6226 359.6018
12.46667 28.76348 259.6358 359.5941
12.46667 28.777 259.6293 359.5862
12.5 28.78487 259.6419 359.5732
12.5 28.797 259.6545 359.5692
12.53333 28.81399 259.663 359.5729
12.53333 28.83537 259.6661 359.5722
12.53333 28.86536 259.6727 359.5859
12.56667 28.90087 259.6442 359.5833
12.56667 28.95306 259.5995 359.596
12.6 29.00882 259.5118 359.6076
12.6 29.08334 259.4221 359.6014
12.63333 29.19033 259.3142 359.5977
12.63333 29.28198 259.2148 359.6043
12.63333 29.34736 259.1472 359.6151
12.66667 29.41724 259.0569 359.632
12.66667 29.43882 259.0173 359.6552
12.7 29.43972 258.9885 359.6775
12.7 29.42615 258.9949 359.7406
12.7 29.4007 259.0035 359.7894
12.73333 29.39013 259.024 359.8233
12.73333 29.37626 259.0439 359.8262
12.76667 29.39351 259.0551 359.7968
12.76667 29.4284 259.0823 359.7667
12.8 29.46733 259.0912 359.7634
12.8 29.48888 259.1259 359.7621
12.8 29.48099 259.1529 359.7514
12.83333 29.48153 259.1779 359.7624
12.83333 29.5025 259.2003 359.7679
12.86667 29.52678 259.2108 359.7884
12.86667 29.5435 259.2258 359.7818
12.86667 29.55752 259.2419 359.7612
12.9 29.55411 259.2455 359.7469
12.9 29.54233 259.2562 359.7393
12.93333 29.46254 259.2629 359.717
12.93333 29.34763 259.2757 359.7014
12.96667 29.13586 259.2871 359.6999
12.96667 28.89376 259.3236 359.7299
12.96667 28.70671 259.3633 359.7568
13 28.54548 259.4263 359.807
13 28.39458 259.4904 359.8334
13.03333 28.27172 259.5776 359.841
13.03333 28.14241 259.6403 359.8346
13.03333 27.92918 259.6951 359.8592
13.06667 27.71227 259.7232 359.8677
13.06667 27.4793 259.7514 359.8618
13.1 27.23974 259.7645 359.8376
13.1 27.01464 259.7783 359.8016
13.13333 26.7843 259.8015 359.744
13.13333 26.52378 259.8178 359.69
13.13333 26.22137 259.8597 359.6519
13.16667 25.94326 259.8901 359.634
13.16667 25.54093 259.9844 359.6024
13.2 25.15758 260.0885 359.5787
13.2 24.77019 260.1774 359.5749
13.2 24.24255 260.2819 359.6083
13.23333 23.73391 260.3654 359.6496
13.23333 23.23681 260.4377 359.666
13.26667 22.78499 260.5146 359.6636
13.26667 22.32775 260.5853 359.6436
13.3 21.92255 260.6483 359.621
13.3 21.50736 260.7277 359.6026
13.3 20.98607 260.8054 359.5769
13.33333 20.53779 260.8761 359.562
13.33333 19.91247 260.953 359.5529
13.36667 19.13679 261.0602 359.5393
13.36667 18.57967 261.1663 359.5458
13.36667 17.97649 261.3098 359.5988
13.4 17.36511 261.4424 359.6852
13.4 16.62519 261.5551 359.7993
13.43333 15.86438 261.6676 359.8968
13.43333 15.12386 261.7903 -0.005585907
13.46667 14.42048 261.9408 0.1256568
13.46667 13.75962 262.0818 0.2817818
13.46667 13.02137 262.2131 0.4433101
13.5 12.27281 262.3268 0.5876718
13.5 11.55582 262.4555 0.7126517
13.53333 10.96589 262.6017 0.8109993
13.53333 10.53063 262.7556 0.9044103
13.56667 10.15457 262.9192 1.027674
13.56667 9.854144 263.0434 1.129175
13.56667 9.557222 263.171 1.21228
13.6 9.314969 263.2849 1.258615
13.6 9.135592 263.4245 1.26429
13.63333 8.968081 263.5949 1.255818
13.63333 8.77933 263.74 1.268256
13.63333 8.516939 263.8537 1.288237
13.66667 8.196651 263.9485 1.294987
13.66667 7.847353 264.0312 1.240505
13.7 7.372461 264.1252 1.158045
13.7 6.892959 264.2305 1.104387
13.73333 6.499874 264.336 1.104765
13.73333 6.099476 264.4338 1.124885
13.73333 5.799087 264.5351 1.114457
13.76667 5.553751 264.623 1.069746
13.76667 5.281234 264.7151 1.040774
13.8 4.981805 264.8033 1.021982
13.8 4.69267 264.8777 1.014041
13.8 4.408764 264.9587 1.000306
13.83333 4.074556 265.0417 1.023156
13.83333 3.808351 265.0941 1.042096
13.86667 3.47317 265.1368 1.076575
13.86667 3.19054 265.1738 1.06939
13.86667 2.897498 265.2012 1.054834
13.9 2.511365 265.2253 1.013056
13.9 2.062766 265.2259 0.9997426
13.93333 1.76189 265.2042 1.020478
13.93333 1.560694 265.1722 1.058643
13.96667 1.497063 265.1157 1.095222
13.96667 1.547429 265.062 1.085451
14 1.563686 264.9957 1.063663
14 1.544402 264.9281 1.031732
14 1.50525 264.8497 0.9885995
14.03333 1.503637 264.7681 0.9257805
14.03333 1.561383 264.6754 0.861197
14.06667 1.648327 264.6093 0.804505
14.06667 1.696009 264.5643 0.7520353
14.06667 1.672792 264.5321 0.712828
14.1 1.605801 264.5102 0.6818604
14.1 1.60339 264.5178 0.6643718
14.13333 1.63878 264.5361 0.6469864
14.13333 1.703697 264.5512 0.6534116
14.13333 1.779245 264.5685 0.6778253
14.16667 1.862967 264.5815 0.7056687
14.16667 1.948862 264.5943 0.7235243
14.2 1.994205 264.5991 0.710379
14.2 2.079082 264.6133 0.7041077
14.23333 2.192697 264.6136 0.710852
14.23333 2.345174 264.5829 0.7274672
14.23333 2.506649 264.5434 0.7374886
14.26667 2.746289 264.461 0.723911
14.26667 3.026612 264.3304 0.6930138
14.3 3.289434 264.1604 0.6439548
14.3 3.610672 263.9056 0.5945856
14.3 4.128274 263.5405 0.51446
14.33333 4.583695 263.2464 0.4269198
14.33333 5.2601 262.8618 0.2546472
14.36667 6.005052 262.3921 359.9332
14.36667 6.442694 262.0331 359.6589
14.4 6.88923 261.5815 359.3243
14.4 7.337865 261.1362 359.0283
14.43333 7.886607 260.72 358.7673
14.43333 8.674143 260.243 358.4875
14.43333 9.575972 259.8149 358.2765
14.46667 10.33299 259.477 358.0988
14.46667 11.02301 259.1336 357.9601
14.5 11.571 258.8483 357.8711
14.5 11.9679 258.6132 357.8448
14.53333 12.1846 258.4416 357.8353
14.53333 12.29581 258.2773 357.8532
14.53333 12.23733 258.2173 357.8737
14.56667 11.974 258.2381 357.928
14.56667 11.64465 258.3165 358.0035
14.56667 11.33997 258.421 358.1093
14.6 11.06901 258.5763 358.2234
14.6 10.92143 258.7147 358.3267
14.63333 10.77236 258.8742 358.4396
14.63333 10.6772 259.01 358.5137
14.63333 10.58149 259.1486 358.5615
14.66667 10.53697 259.2664 358.5984
14.66667 10.54475 259.3648 358.6288
14.7 10.63242 259.4572 358.6506
14.7 10.7641 259.5288 358.6615
14.73333 10.94969 259.5957 358.667
14.73333 11.16976 259.6469 358.6712
14.73333 11.35319 259.6729 358.6681
14.76667 11.6202 259.7053 358.648
14.76667 11.91251 259.731 358.6055
14.8 12.23415 259.7487 358.5426
14.8 12.48575 259.775 358.5117
14.8 12.76622 259.7835 358.4696
14.83333 13.05879 259.8004 358.449
14.83333 13.24426 259.8224 358.4514
14.86667 13.4259 259.8288 358.4792
14.86667 13.54958 259.8248 358.5198
14.9 13.67439 259.7966 358.5524
14.9 13.86247 259.7554 358.6002
14.9 14.07453 259.7068 358.6565
14.93333 14.31221 259.666 358.7186
14.93333 14.68342 259.6187 358.7823
14.96667 15.14552 259.5818 358.8274
14.96667 15.54371 259.5749 358.8297
15 16.00345 259.5762 358.8159
15 16.45854 259.586 358.8132
15.03333 16.74135 259.5819 358.8423
15.03333 17.00648 259.6007 358.8863
15.03333 17.1891 259.6028 358.9046
15.06667 17.39751 259.6109 358.8999
15.06667 17.66216 259.6031 358.8855
15.06667 18.37701 259.6121 358.9223
15.1 17.89783 259.6235 358.926
15.1 17.8124 259.6313 358.9501
15.13333 17.68276 259.6396 358.9538
15.13333 17.61133 259.6293 358.9536
15.16667 17.63563 259.6231 358.9524
15.16667 17.70901 259.6146 358.9217
15.16667 17.8097 259.599 358.9017
15.2 17.88513 259.5721 358.8953
15.2 17.955 259.5551 358.889
15.23333 18.01344 259.5349 358.8818
15.23333 18.06323 259.5322 358.8544
15.23333 18.13956 259.538 358.8123
15.26667 18.24068 259.557 358.7633
15.26667 18.40558 259.6213 358.7215
15.3 18.54125 259.69 358.7352
15.3 18.59237 259.7605 358.7549
15.3 18.58648 259.842 358.7833
15.33333 18.58677 259.9105 358.8036
15.33333 18.62572 259.9552 358.802
15.36667 18.7051 260.0108 358.8098
15.36667 18.77286 260.0552 358.8322
15.4 18.81593 260.1019 358.8535
15.4 18.81681 260.1245 358.8506
15.4 18.81491 260.1414 358.8539
15.43333 18.811 260.1343 358.8459
15.43333 18.84265 260.1431 358.8468
15.46667 18.88442 260.1396 358.8273
15.46667 18.94868 260.1559 358.7984
15.5 18.99631 260.1687 358.7869
15.5 19.0325 260.1964 358.7823
15.5 19.04226 260.2287 358.7799
15.53333 19.05618 260.2629 358.7864
15.53333 19.1017 260.3214 358.7931
15.56667 19.17774 260.3972 358.79
15.56667 19.25481 260.4836 358.7931
15.56667 19.3303 260.5915 358.8015
15.6 19.41371 260.6977 358.8212
15.6 19.47201 260.7606 358.8232
15.63333 19.50996 260.8265 358.8137
15.63333 19.54899 260.901 358.7828
15.66667 19.57098 260.9927 358.7858
15.66667 19.57482 261.0592 358.8216
15.66667 19.5486 261.1287 358.8724
15.7 19.49031 261.2019 358.9202
15.7 19.4371 261.2719 358.9731
15.73333 19.41467 261.3257 359.0273
15.73333 19.40572 261.3753 359.0719
15.73333 19.4318 261.3837 359.1084
15.76667 19.45889 261.3625 359.1432
15.76667 19.49668 261.3135 359.1662
15.8 19.54739 261.2462 359.1659
15.8 19.60182 261.1229 359.136
15.83333 19.62021 260.963 359.0798
15.83333 19.61572 260.7996 359.019
15.83333 19.62404 260.6271 358.9646
15.86667 19.62993 260.4675 358.8959
15.86667 19.66819 260.3403 358.8725
15.9 19.70823 260.2173 358.853
15.9 19.76307 260.0817 358.8202
15.9 19.83466 259.9822 358.8065
15.93333 19.90989 259.8855 358.7751
15.93333 19.96458 259.8121 358.7697
15.96667 19.98825 259.7461 358.7887
15.96667 19.99175 259.6975 358.8094
16 19.95569 259.6649 358.8287
16 19.93117 259.6635 358.8181
16 19.93819 259.6849 358.8187
16.03333 19.95956 259.73 358.825
16.03333 19.98757 259.7822 358.855
16.06667 19.97551 259.8391 358.8874
16.06667 19.95238 259.8967 358.9076
16.06667 19.9145 259.9562 358.9105
16.1 19.8689 259.9929 358.8947
16.1 19.77131 260.0364 358.8781
16.13333 19.65297 260.0538 358.8681
16.13333 19.52786 260.0536 358.851
16.16667 19.45698 260.0588 358.8346
16.16667 19.39516 260.0602 358.8211
16.16667 19.31997 260.0563 358.8022
16.2 19.23041 260.0566 358.7934
16.2 19.13435 260.0571 358.78
16.23333 19.03644 260.0612 358.7714
16.23333 18.94697 260.078 358.7722
16.23333 18.86952 260.126 358.803
16.26667 18.77089 260.1701 358.8412
16.26667 18.66899 260.2081 358.8866
16.3 18.55869 260.2284 358.9547
16.3 18.49464 260.2275 359.0417
16.33333 18.53084 260.2223 359.1128
16.33333 18.59777 260.2115 359.1408
16.33333 18.62734 260.1983 359.1216
16.36667 18.5821 260.1996 359.1086
16.36667 18.46876 260.1825 359.108
16.4 18.35044 260.14 359.0999
16.4 18.28163 260.1265 359.0731
16.43333 18.28971 260.1259 359.0218
16.43333 18.33069 260.1569 358.9502
16.43333 18.37093 260.2268 358.9102
16.46667 18.39591 260.3045 358.8926
16.46667 18.44898 260.4172 358.8958
16.5 18.52184 260.522 358.9044
16.5 18.58089 260.6316 358.9374
16.5 18.63244 260.7582 358.969
16.53333 18.67529 260.8876 358.9965
16.53333 18.70778 260.9742 359.0138
16.56667 18.74441 261.0258 359.0281
16.56667 18.79545 261.0479 359.061
16.6 18.83763 261.0496 359.0937
16.6 18.8737 261.0085 359.1211
16.6 18.89757 260.9611 359.1243
16.63333 18.92267 260.893 359.0702
16.63333 18.88712 260.8052 359.0169
16.66667 18.83871 260.718 358.9838
16.66667 18.79655 260.657 358.9598
16.66667 18.78217 260.5898 358.9006
16.7 18.80584 260.5612 358.869
16.7 18.85524 260.5451 358.8374
16.73333 18.92478 260.5537 358.824
16.73333 18.99921 260.5929 358.8212
16.76667 19.08553 260.6274 358.8109
16.76667 19.15903 260.6725 358.8164
16.76667 19.21651 260.7099 358.8165
16.8 19.23944 260.7552 358.8185
16.8 19.23895 260.7879 358.8181
16.83333 19.21564 260.8322 358.8244
16.83333 19.17748 260.8638 358.8231
16.83333 19.09222 260.8907 358.8083
16.86667 18.99052 260.8835 358.7936
16.86667 18.85609 260.8549 358.7783
16.9 18.66421 260.7708 358.7767
16.9 18.45802 260.6807 358.8249
16.93333 18.16402 260.5649 358.9088
16.93333 17.88161 260.4818 358.9417
16.93333 17.42374 260.421 358.9728
16.96667 16.98965 260.4306 359.0167
16.96667 16.56209 260.4717 359.0664
17 16.07158 260.5214 359.1606
17 15.63895 260.5286 359.2842
17 15.03781 260.5286 359.4515
17.03333 14.4138 260.5349 359.5651
17.03333 13.91863 260.5192 359.6266
17.06667 13.36209 260.4814 359.6683
17.06667 12.89677 260.4149 359.6964
17.1 12.45755 260.3427 359.6794
17.1 12.00522 260.2719 359.6393
17.1 11.43129 260.1855 359.6325
17.13333 11.02273 260.1423 359.6363
17.16667 10.13381 260.0709 359.5891
17.2 10.15476 260.091 359.5602
17.2 6.847793 259.956 359.6643
17.2 3.808642 259.8222 359.8183
17.23333 4.337772 259.8823 359.7755
17.23333 3.287629 259.8896 359.7952
17.26667 2.245819 259.8969 359.8254
17.26667 0.7155699 259.8847 359.9218
17.26667 359.3481 259.8599 0.03612512
17.3 357.8509 259.8172 0.1416854
17.3 356.1852 259.7872 0.197853
17.33333 353.9928 259.7727 0.1905194
17.33333 352.8876 259.7723 0.1764746
17.36667 346.7559 259.6763 0.3516688
17.36667 346.669 259.7035 0.3433636
17.36667 346.532 259.7067 0.3270085
17.4 345.2922 259.6436 0.3602411
17.4 344.2123 259.5717 0.4297546
17.43333 343.3458 259.4646 0.4907496
17.43333 342.7937 259.4247 0.4962366
17.43333 342.3064 259.4439 0.4835439
17.46667 341.9987 259.517 0.4730521
17.46667 341.7173 259.6007 0.5013267
17.5 341.5891 259.6949 0.5576599
17.5 341.5205 259.8048 0.5680742
17.5 341.4739 259.9176 0.5449219
17.53333 341.4032 260.0439 0.5176771
17.53333 341.2523 260.2065 0.5076666
17.56667 340.939 260.3709 0.5065538
17.56667 340.4151 260.5412 0.5206269
17.6 339.8828 260.6439 0.5552676
17.6 339.2766 260.7115 0.6236021
17.6 338.8274 260.7495 0.6777999
17.63333 338.5484 260.7361 0.70452
17.63333 338.4012 260.7106 0.6864269
17.66667 338.2668 260.6933 0.642162
17.66667 337.9892 260.6721 0.6253052
17.66667 337.6383 260.6292 0.6493595
17.7 337.2732 260.5706 0.6829075
17.73333 336.9439 260.5001 0.6920962
17.73333 336.6117 260.4433 0.6931846
17.73333 336.2257 260.4106 0.6701004
17.76667 335.8125 260.3881 0.6629711
17.76667 335.4951 260.3691 0.6722875
17.76667 335.2642 260.3727 0.6417019
17.8 335.0527 260.3803 0.5933532
17.8 334.9265 260.394 0.5491545
17.83333 334.8651 260.4185 0.5194131
17.83333 334.8316 260.4382 0.5053646
17.83333 334.8528 260.4286 0.5248839
17.86667 334.8777 260.4365 0.5324251
17.86667 334.9072 260.441 0.5351939
17.9 334.9554 260.4456 0.5305105
17.9 334.9849 260.4597 0.5087483
17.93333 335.0415 260.4896 0.4962337
17.93333 335.1651 260.5067 0.5134264
17.96667 335.265 260.5179 0.5327166
17.96667 335.3552 260.5021 0.5549637
17.96667 335.3978 260.4772 0.5557946
18 335.4041 260.4635 0.5426576
18 335.3532 260.4346 0.5395514
18 335.3039 260.4307 0.523676
18.03333 335.2418 260.4048 0.5224245
18.03333 335.1967 260.389 0.5415898
18.06667 335.1478 260.3564 0.5507067
18.06667 335.1141 260.3267 0.5560054
18.1 335.0976 260.2932 0.5612832
18.1 335.1171 260.2478 0.5571836
18.1 335.0972 260.1979 0.5725407
18.13333 335.0752 260.1626 0.5972011
18.13333 335.0916 260.1293 0.5977356
18.16667 335.128 260.1141 0.5818948
18.16667 335.1617 260.1021 0.5828859
18.2 335.2065 260.0917 0.5613541
18.2 335.2162 260.0693 0.5457008
18.2 335.2029 260.0469 0.5367479
18.23333 335.1761 260.0282 0.5336872
18.23333 335.1724 260.0071 0.521018
18.26667 335.1974 259.9888 0.5032153
18.26667 335.2413 259.9868 0.4653677
18.26667 335.3131 259.9767 0.45108
18.3 335.4089 259.9421 0.4218236
18.3 335.4522 259.917 0.3940231
18.33333 335.4548 259.891 0.3780342
18.33333 335.4683 259.8538 0.3615591
18.36667 335.4967 259.808 0.3542366
18.36667 335.5605 259.7825 0.3388269
18.36667 335.6651 259.7371 0.330148
18.4 335.8006 259.7024 0.3056163
18.4 335.8542 259.6566 0.2825104
18.43333 335.9029 259.6181 0.2840688
18.43333 335.9381 259.5797 0.2674668
18.43333 335.9804 259.541 0.2500004
18.46667 336.0161 259.4925 0.2626079
18.46667 336.0521 259.4114 0.2961267
18.5 336.1165 259.3309 0.3189903
18.5 336.2201 259.2264 0.320902
18.53333 336.364 259.1362 0.2835632
18.53333 336.5192 259.0655 0.2401145
18.53333 336.7101 258.9753 0.1846093
18.56667 336.987 258.8475 0.1354967
18.56667 337.2274 258.7416 0.09916406
18.6 337.5743 258.5677 0.05763036
18.6 337.9518 258.4087 359.9934
18.6 338.3699 258.24 359.9371
18.63333 338.8965 258.0088 359.871
18.63333 339.4284 257.782 359.8072
18.66667 340.0073 257.5063 359.7629
18.66667 340.663 257.2062 359.7272
18.7 341.4061 256.9069 359.6835
18.7 342.2347 256.5788 359.6544
18.73333 343.0805 256.2418 359.6114
18.73333 343.8377 255.8781 359.5558
18.73333 344.6482 255.4345 359.4449
18.76667 345.3459 255.0341 359.3311
18.76667 346.224 254.5519 359.2835
18.76667 347.1316 254.0914 359.2935
18.8 348.0518 253.6377 359.3173
18.8 348.8992 253.1358 359.3199
18.83333 349.6852 252.5432 359.3288
18.83333 350.3518 251.9823 359.327
18.86667 351.0662 251.3381 359.3351
18.86667 351.8303 250.5518 359.3595
18.86667 352.3378 249.7766 359.4402
18.9 352.7445 248.728 359.5576
18.9 352.9316 247.6398 359.6545
18.93333 353.0048 246.4527 359.7283
18.93333 353.041 245.2227 359.7631
18.96667 353.122 243.9671 359.7834
18.96667 353.2477 242.8569 359.7885
18.96667 353.403 241.5347 359.8042
19 353.4937 240.3239 359.8394
19 353.4787 238.9522 359.94
19.03333 353.3742 237.9176 0.008191173
19.03333 353.1981 236.5998 0.01275422
19.03333 353.0726 235.424 0.008412171
19.06667 353.0487 234.2151 0.01106062
19.06667 353.1186 233.2055 0.02484235
19.1 353.2438 232.2884 0.04438256
19.1 353.3935 231.4445 0.09239466
19.1 353.5279 230.6935 0.128406
19.13333 353.6414 230.0202 0.1692255
19.13333 353.7528 229.3912 0.1845772
19.16667 353.8634 228.899 0.1601931
19.16667 354.0293 228.4885 0.105881
19.2 354.1399 228.2386 0.08643722
19.2 354.1757 227.9879 0.1073305
19.23333 354.1357 227.8164 0.187671
19.23333 354.0826 227.6904 0.250329
19.23333 354.0928 227.6526 0.2824649
19.26667 354.1075 227.6377 0.2859596
19.26667 354.124 227.6888 0.2602311
19.26667 354.1299 227.7847 0.2487824
19.3 354.1281 227.8929 0.2693418
19.3 354.1372 227.9837 0.3085895
19.33333 354.1593 228.0875 0.3646242
19.33333 354.1803 228.1935 0.3772755
19.36667 354.202 228.2986 0.38729
19.36667 354.2166 228.376 0.3741547
19.36667 354.2348 228.44 0.3510348
19.4 354.2685 228.4721 0.3064938
19.4 354.2953 228.4859 0.2879186
19.43333 354.3358 228.4883 0.2580644
19.43333 354.3575 228.4643 0.224275
19.46667 354.3574 228.428 0.178846
19.46667 354.3733 228.3601 0.1377421
19.46667 354.414 228.2825 0.09689198
19.5 354.4394 228.1627 0.04947034
19.5 354.4641 228.0425 0.02596226
19.53333 354.5261 227.8769 0.002545823
19.53333 354.5467 227.702 359.9841
19.53333 354.5482 227.5125 359.9475
19.56667 354.5346 227.3299 359.9097
19.56667 354.5211 227.1142 359.8746
19.6 354.5549 226.8566 359.8397
19.6 354.5881 226.6608 359.8097
19.63333 354.6257 226.3816 359.8009
19.63333 354.6183 226.1001 359.7993
19.63333 354.5909 225.8123 359.8094
19.66667 354.5692 225.4536 359.8128
19.66667 354.5573 225.1169 359.8051
19.7 354.5515 224.7786 359.7771
19.7 354.5451 224.3584 359.745
19.7 354.5636 223.9401 359.7211
19.73333 354.577 223.4706 359.6772
19.73333 354.5576 223.0722 359.6264
19.76667 354.5294 222.6472 359.5719
19.76667 354.5007 222.2226 359.5211
19.8 354.4692 221.8352 359.4586
19.8 354.3808 221.4561 359.4161
19.8 354.2553 221.1316 359.4034
19.83333 354.0809 220.8147 359.3609
19.83333 353.9204 220.5226 359.3296
19.86667 353.8355 220.3476 359.3025
19.86667 353.7898 220.1628 359.2683
19.86667 353.7634 220.0252 359.2337
19.9 353.7394 219.9461 359.216
19.9 353.6841 219.9031 359.2094
19.93333 353.6315 219.9124 359.2231
19.93333 353.5825 219.9345 359.2555
19.96667 353.5598 219.9689 359.2814
19.96667 353.5431 220.0493 359.2586
20 353.5352 220.1701 359.2024
20 353.5619 220.3321 359.1615
20 353.6205 220.5053 359.1559
20.03333 353.6998 220.6613 359.1512
20.03333 353.7968 220.8461 359.161
20.06667 353.891 220.999 359.146
20.06667 353.998 221.1734 359.1378
20.06667 354.0732 221.3187 359.1432
20.1 354.108 221.4368 359.145
20.1 354.1128 221.4837 359.1631
20.13333 354.116 221.5264 359.1776
20.13333 354.1262 221.5567 359.1828
20.13333 354.1549 221.5793 359.1857
20.16667 354.1921 221.6133 359.1884
20.16667 354.2389 221.6625 359.1833
20.2 354.2751 221.7057 359.1741
20.2 354.2931 221.7619 359.1955
20.23333 354.3186 221.7877 359.2451
20.23333 354.3321 221.8423 359.2944
20.23333 354.3564 221.9217 359.2961
20.26667 354.3824 222.0241 359.3074
20.26667 354.4197 222.1361 359.3088
20.3 354.4823 222.2997 359.2946
20.3 354.5428 222.43 359.2883
20.3 354.5671 222.5928 359.2785
20.33333 354.5561 222.77 359.2611
20.33333 354.5842 222.957 359.2418
20.36667 354.6104 223.1343 359.1987
20.36667 354.6432 223.3367 359.156
20.4 354.6635 223.5515 359.1313
20.4 354.6951 223.7062 359.1093
20.4 354.7363 223.9006 359.0956
20.43333 354.7679 224.0867 359.0797
20.43333 354.7936 224.265 359.0781
20.46667 354.826 224.4703 359.0517
20.46667 354.8625 224.675 359.0383
20.46667 354.8972 224.8417 359.0497
20.5 354.9364 225.0505 359.0623
20.5 354.957 225.2401 359.076
20.53333 354.9604 225.4086 359.0911
20.53333 354.9527 225.6076 359.1019
20.56667 354.9447 225.8147 359.1077
20.56667 354.972 226.0495 359.0995
20.56667 354.9988 226.3035 359.0667
20.6 354.9352 226.5791 359.0517
20.6 354.7541 226.8582 359.097
20.63333 354.4749 227.152 359.218
20.63333 354.1764 227.4795 359.3242
20.63333 353.884 227.8185 359.4203
20.66667 353.6057 228.2009 359.5035
20.7 353.3885 228.6356 359.5629
20.7 353.2458 229.0113 359.6325
20.7 353.1929 229.4149 359.7224
20.73333 353.2906 229.81 359.7808
20.73333 353.4772 230.2528 359.7877
20.73333 353.7426 230.7063 359.7686
20.76667 353.9306 231.0592 359.7469
20.76667 354.0827 231.5258 359.6806
20.8 354.0698 231.9229 359.6103
20.8 353.9437 232.3186 359.5829
20.83333 353.7894 232.6397 359.6126
20.83333 353.7127 232.9774 359.6534
20.83333 353.7968 233.2565 359.6938
20.86667 354.0113 233.5334 359.726
20.86667 354.3502 233.836 359.7435
20.9 354.8186 234.1557 359.7663
20.9 355.3255 234.505 359.7705
20.93333 355.6909 234.8509 359.7383
20.93333 355.835 235.1319 359.6862
20.93333 355.8174 235.3814 359.6375
20.96667 355.7244 235.5767 359.589
20.96667 355.5781 235.7847 359.5387
21 355.4518 235.9865 359.5171
21 355.3922 236.2248 359.4878
21 355.4017 236.4666 359.4859
21.03333 355.4845 236.6892 359.4902
21.03333 355.6699 236.9922 359.4878
21.06667 355.872 237.2743 359.4953
21.06667 356.0183 237.514 359.4901
21.06667 356.1081 237.7701 359.4583
21.1 356.15 237.9729 359.4539
21.1 356.2083 238.1524 359.4567
21.13333 356.2909 238.332 359.4821
21.13333 356.3866 238.5381 359.497
21.16667 356.4342 238.7054 359.5111
21.16667 356.4396 238.824 359.5139
21.16667 356.4508 238.9841 359.5056
21.2 356.4858 239.105 359.472
21.2 356.526 239.2484 359.4381
21.23333 356.5565 239.3725 359.4212
21.23333 356.5964 239.5006 359.4195
21.23333 356.6382 239.6248 359.424
21.26667 356.653 239.73 359.4235
21.26667 356.6776 239.8264 359.421
21.3 356.6834 239.9274 359.4174
21.3 356.7275 240.0242 359.4199
21.33333 356.7637 240.1232 359.4057
21.33333 356.805 240.2001 359.4069
21.33333 356.8853 240.3083 359.3855
21.36667 356.9548 240.3857 359.3895
21.36667 357.0296 240.4896 359.4128
21.4 357.0575 240.5908 359.4005
21.4 357.0218 240.6985 359.3875
21.4 356.9781 240.8134 359.3807
21.43333 356.9723 240.9135 359.3849
21.43333 357.0079 241.0007 359.3919
21.46667 357.0712 241.085 359.4102
21.46667 357.1495 241.1711 359.4329
21.5 357.2052 241.2332 359.4611
21.5 357.2605 241.2798 359.5
21.5 357.3702 241.353 359.5208
21.53333 357.49 241.4048 359.5329
21.53333 357.5928 241.4477 359.5429
21.56667 357.6694 241.4811 359.543
21.56667 357.7215 241.5115 359.536
21.56667 357.7797 241.5358 359.5152
21.6 357.8255 241.5527 359.5094
21.6 357.883 241.5807 359.515
21.63333 357.9103 241.6016 359.5167
21.63333 357.978 241.6267 359.5246
21.66667 358.0449 241.6318 359.5336
21.66667 358.0913 241.6483 359.538
21.66667 358.1338 241.6616 359.5404
21.7 358.1849 241.6895 359.5388
21.7 358.2124 241.7059 359.5532
21.73333 358.2188 241.7341 359.5526
21.73333 358.1971 241.7421 359.5869
21.73333 358.159 241.7438 359.5954
21.76667 358.1137 241.7226 359.606
21.76667 358.0784 241.7156 359.6178
21.8 358.0599 241.7121 359.624
21.8 358.0555 241.6774 359.6385
21.83333 358.0744 241.6617 359.6487
21.83333 358.0939 241.6474 359.6518
21.83333 358.0925 241.6191 359.657
21.86667 358.0983 241.6115 359.6779
21.86667 358.1219 241.5947 359.7368
21.9 358.1272 241.5933 359.7954
21.9 358.1379 241.6075 359.8685
21.9 358.1623 241.6184 359.9311
21.93333 358.1843 241.6419 359.9287
21.93333 358.276 241.6545 359.8588
21.96667 358.4119 241.6479 359.7497
21.96667 358.6377 241.6097 359.6492
22 358.8137 241.5634 359.6024
22 359.029 241.4981 359.5757
22 359.2132 241.4137 359.5616
22.03333 359.3967 241.3243 359.5467
22.03333 359.5394 241.2224 359.5505
22.06667 359.6224 241.1367 359.5588
22.06667 359.6539 241.0471 359.5926
22.06667 359.6531 240.9569 359.6628
22.1 359.6544 240.8757 359.7444
22.1 359.6943 240.8026 359.818
22.13333 359.744 240.7409 359.8525
22.13333 359.7998 240.6885 359.8335
22.16667 359.8485 240.6555 359.8309
22.16667 359.8745 240.6059 359.8661
22.16667 359.8658 240.5653 359.9272
22.2 359.8347 240.5318 359.949
22.2 359.7582 240.4976 0.01277989
22.23333 359.7039 240.4635 0.06931927
22.23333 359.6601 240.4362 0.08659907
22.26667 359.62 240.3872 0.1331709
22.26667 359.602 240.3617 0.1537717
22.26667 359.5998 240.3163 0.1563409
22.3 359.6033 240.316 0.1634031
22.3 359.6246 240.2892 0.1686061
22.33333 359.6536 240.2516 0.186611
22.33333 359.6628 240.224 0.1942801
22.33333 359.6792 240.1985 0.1698027
22.36667 359.6901 240.1944 0.1518944
22.36667 359.7051 240.1774 0.1846509
22.4 359.7314 240.1702 0.2323935
22.4 359.765 240.1572 0.2673056
22.43333 359.7911 240.1537 0.2982416
22.43333 359.7903 240.1611 0.3182697
22.43333 359.7667 240.1871 0.336529
22.46667 359.7437 240.1994 0.3441142
22.46667 359.7034 240.2276 0.3682354
22.5 359.6444 240.2667 0.3811074
22.5 359.6095 240.3169 0.3773104
22.5 359.5811 240.3762 0.3712721
22.53333 359.5661 240.4296 0.3627881
22.53333 359.5684 240.4875 0.3653674
22.56667 359.5854 240.55 0.3587296
22.56667 359.5976 240.5878 0.356747
22.6 359.6131 240.6378 0.3595815
22.6 359.6205 240.6804 0.3664832
22.6 359.6213 240.6953 0.3609119
22.63333 359.6434 240.7246 0.3460507
22.63333 359.6693 240.7519 0.332573
22.66667 359.705 240.7538 0.3296468
22.66667 359.7431 240.7565 0.330835
22.66667 359.7926 240.7439 0.3194653
22.7 359.8188 240.7331 0.3037184
22.7 359.8406 240.7188 0.2796224
22.73333 359.8423 240.6952 0.2508483
22.73333 359.8556 240.6733 0.2317733
22.76667 359.8774 240.6769 0.2141864
22.76667 359.8887 240.6938 0.2025458
22.76667 359.902 240.7078 0.2259873
22.8 359.8645 240.7278 0.2599187
22.8 359.8188 240.7329 0.3238239
22.83333 359.7915 240.7466 0.3598743
22.83333 359.7987 240.7543 0.3776947
22.83333 359.7891 240.7885 0.3404611
22.86667 359.7858 240.8153 0.3159453
22.86667 359.7714 240.8319 0.3128071
22.9 359.7597 240.8516 0.3176996
22.9 359.7515 240.8822 0.3235533
22.93333 359.7392 240.9056 0.3248732
22.93333 359.7435 240.9262 0.3137373
22.93333 359.7575 240.9499 0.2919052
22.96667 359.7632 242.9734 0.2625476
22.96667 359.8004 244.9732 0.2406148
23 359.8455 246.9814 0.2117115
23 359.8974 248.9732 0.185248
23.03333 359.916 250.9859 0.1623155
23.03333 359.9099 252.9622 0.2037809
23.06667 359.8885 254.9614 0.2256707
23.06667 359.8394 256.9473 0.236924
23.1 359.7383 258.9347 0.2235365
23.1 359.7426 260.9149 0.2479793
23.13333 359.7737 262.8964 0.2763869
23.13333 359.8055 264.8897 0.2751701
23.13333 359.8202 266.8731 0.3049058
23.16667 359.8078 268.8448 0.3438253
23.16667 359.7978 270.8039 0.4056824
23.2 359.8045 272.7662 0.4356723
23.2 359.8132 274.7641 0.4369323
23.23333 359.8001 276.7648 0.4047344
23.23333 359.7339 278.8147 0.2911833
23.26667 359.6971 280.849 0.2471786
23.26667 359.7565 282.8679 0.2860135
23.3 359.8416 284.92 0.302379
23.3 359.9151 286.9532 0.3063464
23.3 359.9592 288.968 0.3106901
23.33333 359.969 290.9814 0.3145926
23.33333 359.9766 292.9949 0.3015222
23.36667 359.9614 294.9879 0.2957659
23.36667 359.9428 296.9758 0.306593
23.4 359.9165 298.9636 0.2912521
23.4 359.9225 300.982 0.2525428
23.43333 359.8911 303.0002 0.2423711
23.43333 359.8496 305.0079 0.2671614
23.46667 359.7915 307.0338 0.2852716
23.46667 359.7404 309.0623 0.2987311
23.46667 359.7037 311.0954 0.3109089
23.5 359.6845 313.1055 0.3298307
23.5 359.6877 315.1174 0.3465049
23.53333 359.7306 317.1123 0.37223
23.53333 359.7105 319.1189 0.3706236
23.53333 359.6608 321.1332 0.336978
23.56667 359.5657 323.1659 0.2997576
23.56667 359.4674 325.1809 0.2927815
23.6 359.3898 327.2236 0.2907271
23.6 359.2822 329.2997 0.2842638
23.63333 359.1204 331.4037 0.2897323
23.63333 358.9315 333.4932 0.319582
23.63333 358.6507 334.2777 0.3672419
23.66667 358.314 332.4941 0.435461
23.66667 357.9793 330.7122 0.5197688
23.7 357.5984 329.0297 0.6244817
23.7 357.2371 327.3372 0.7324962
23.73333 356.8891 325.6282 0.8235965
23.73333 356.4418 324.0132 0.913679
23.73333 356.0537 322.3396 0.9639896
23.76667 355.6789 320.7186 0.9800313
23.76667 354.7193 319.5984 1.064766
23.8 354.8033 317.6248 1.034165
23.8 354.5038 315.9535 1.052089
23.83333 354.1978 314.2298 1.05921
23.83333 353.8786 312.5127 1.039388
23.86667 353.5516 310.7837 1.028085
23.86667 353.2275 309.0681 1.010137
23.9 352.9715 307.3401 0.978982
23.9 352.7742 305.5929 0.9115257
23.9 352.6083 303.8252 0.8333665
23.93333 352.4467 302.1107 0.7476436
23.93333 352.3523 300.3118 0.6967877
23.93333 352.2932 298.5563 0.6586615
23.96667 352.293 296.7848 0.6389461
23.96667 352.318 294.9565 0.6205543
24 352.3428 293.1687 0.5968556
24 352.3497 291.3546 0.585654
24.03333 352.3624 289.5182 0.6052246
24.03333 352.389 287.6299 0.6229594
24.03333 352.4374 285.7434 0.6330897
24.06667 352.5183 283.8312 0.6297138
24.06667 352.573 281.892 0.6222593
24.1 352.6134 279.9169 0.6189355
24.1 352.6054 277.9489 0.5845234
24.13333 352.5896 275.978 0.5586402
24.13333 352.5764 273.8887 0.575205
24.16667 352.57 271.9229 0.5850296
24.16667 352.5709 271.3748 0.5942976
24.2 352.5759 271.3048 0.5860905
24.2 352.5537 271.2301 0.5741327
24.2 352.5171 271.1415 0.5683808
24.23333 352.4882 271.0638 0.5836122
24.23333 352.4767 271.007 0.5857787
24.23333 352.4583 270.9433 0.5739433
24.26667 352.4463 270.8945 0.5539195
24.26667 352.4465 270.8635 0.550658
24.3 352.4547 270.8257 0.5548943
24.3 352.472 270.8058 0.5650135
24.3 352.4692 270.7665 0.559485
24.33333 352.44 270.7484 0.5647658
24.33333 352.4077 270.7308 0.5565848
24.36667 352.4052 270.7509 0.5355143
24.36667 352.4142 270.7523 0.5232909
24.36667 352.4449 270.7491 0.510591
24.4 352.4962 270.7454 0.5061884
24.4 352.5759 270.7572 0.5046709
24.43333 352.6354 270.7742 0.486264
24.43333 352.6621 270.787 0.4794955
24.43333 352.6722 270.7987 0.4787413
24.46667 352.6506 270.8138 0.4812178
24.46667 352.6597 270.8209 0.4803484
24.5 352.6583 270.8071 0.4867924
24.5 352.688 270.7987 0.4911191
24.5 352.7281 270.7704 0.5079932
24.53333 352.7464 270.7525 0.4853991
24.53333 352.7535 270.7357 0.4568776
24.56667 352.7548 270.7107 0.4404809
24.56667 352.765 270.6759 0.425748
24.6 352.7955 270.6691 0.4166225
24.6 352.8304 270.6358 0.4097151
24.6 352.8809 270.6165 0.3941169
24.63333 352.9119 270.6105 0.3752098
24.63333 352.9711 270.598 0.3351122
24.66667 353.0358 270.5755 0.3059916
24.66667 353.059 270.5756 0.2772609
24.66667 353.0659 270.5791 0.2513497
24.7 353.0767 270.5906 0.2449819
24.7 353.0962 270.5981 0.2257106
24.73333 353.1418 270.6078 0.2178763
24.73333 353.2074 270.6207 0.2049501
24.76667 353.2725 270.6216 0.2091204
24.76667 353.3169 270.6213 0.2185913
24.76667 353.3305 270.6079 0.2233771
24.8 353.3307 270.6022 0.2218802
24.8 353.3262 270.5961 0.2024661
24.83333 353.3143 270.5882 0.2083928
24.83333 353.3022 270.5796 0.208903
24.83333 353.3044 270.5647 0.2067117
24.86667 353.3136 270.5477 0.2090494
24.86667 353.3507 270.526 0.2170696
24.9 353.3714 270.518 0.2160014
24.9 353.4008 270.5204 0.1963426
24.93333 353.4223 270.5151 0.1911363
24.93333 353.4206 270.5317 0.1877821
24.96667 353.4275 270.5242 0.1968426
24.96667 353.4437 270.515 0.2276381
24.96667 353.5059 270.4927 0.2613729
25 353.5768 270.4927 0.2596761
25 353.6094 270.4821 0.2185348
25.03333 353.6306 270.4757 0.1791834
25.03333 353.6528 270.4648 0.1714823
25.03333 353.6749 270.4381 0.1648185
25.06667 353.7166 270.4261 0.152897
25.06667 353.7545 270.4108 0.1272507
25.1 353.7936 270.4026 0.117481
25.1 353.835 270.3869 0.1149662
25.13333 353.8687 270.3704 0.1184145
25.13333 353.9069 270.3532 0.1333876
25.13333 353.9569 270.3345 0.1570015
25.16667 353.9925 270.3221 0.1638846
25.16667 354.02 270.3051 0.1723054
25.2 354.0143 270.2841 0.1722984
25.2 353.9893 270.2738 0.1648191
25.2 353.9369 270.252 0.1608084
25.23333 353.9061 270.2531 0.1399879
25.23333 353.8948 270.2593 0.1352953
25.26667 353.917 270.2583 0.1483529
25.26667 353.9486 270.2869 0.1443587
25.3 353.9771 270.2986 0.146378
25.3 354.0013 270.3012 0.1579552
25.3 354.0295 270.308 0.172467
25.33333 354.045 270.306 0.1946074
25.33333 354.0527 270.3079 0.189326
25.36667 354.0422 270.3014 0.1731617
25.36667 354.0471 270.2975 0.1485618
25.36667 354.0571 270.2797 0.1108032
25.4 354.0967 270.2637 0.09330217
25.4 354.1259 270.235 0.09630468
25.43333 354.1645 270.212 0.1159121
25.43333 354.178 270.1888 0.1223408
25.46667 354.1691 270.1506 0.1319662
25.46667 354.1554 270.1329 0.1403696
25.46667 354.1335 270.1022 0.1473074
25.5 354.1226 270.0665 0.1560594
25.5 354.1221 270.0331 0.1654162
25.53333 354.1396 270.0042 0.1943731
25.53333 354.1827 269.9825 0.2124151
25.53333 354.2193 269.945 0.2383128
25.56667 354.2308 269.9156 0.2749412
25.56667 354.2137 269.8648 0.3100308
25.6 354.1996 269.8338 0.3363519
25.6 354.1902 269.7924 0.3681568
25.63333 354.2188 269.7523 0.4036983
25.63333 354.2478 269.7202 0.4240229
25.63333 354.2863 269.6771 0.459012
25.66667 354.313 269.651 0.4863468
25.66667 354.3141 269.6119 0.5222089
25.7 354.3076 269.5858 0.5633985
25.7 354.2835 269.5558 0.6119329
25.73333 354.2514 269.5252 0.6539741
25.73333 354.2092 269.4976 0.6834942
25.73333 354.1836 269.4473 0.7167599
25.76667 354.194 269.4053 0.7351661
25.76667 354.2076 269.3608 0.7316542
25.8 354.1985 269.3177 0.7193249
25.8 354.1407 269.2919 0.7210955
25.8 354.0869 269.254 0.7381313
25.83333 354.0359 269.2554 0.7363085
25.83333 354.0146 269.2541 0.7117029
25.86667 354.0251 269.2782 0.6896246
25.86667 354.0643 269.3065 0.6588241
25.86667 354.1125 269.3409 0.6355953
25.9 354.1761 269.3841 0.6105374
25.9 354.2083 269.4213 0.5954455
25.93333 354.2318 269.4544 0.5890527
25.93333 354.2562 269.4612 0.5902425
25.96667 354.2803 269.4745 0.6052921
25.96667 354.3089 269.4691 0.6266608
25.96667 354.3187 269.4841 0.6308937
26 354.3102 269.4946 0.6185847
26 354.277 269.5115 0.6114828
26.03333 354.2774 269.4945 0.6431226
26.03333 354.2717 269.4875 0.6785849
26.03333 354.2604 269.4696 0.6778162
26.06667 354.243 269.4609 0.669185
26.06667 354.223 269.463 0.6727624
26.1 354.1945 269.4529 0.6865291
26.1 354.1781 269.4495 0.7071922
26.13333 354.158 269.4594 0.7016161
26.13333 354.1346 269.464 0.6893372
26.13333 354.1367 269.4618 0.6880311
26.16667 354.1517 269.4715 0.6940833
26.16667 354.1805 269.4823 0.6789917
26.2 354.2159 269.4949 0.6470701
26.2 354.2435 269.4962 0.6323527
26.2 354.2776 269.5059 0.6225408
26.23333 354.3298 269.5145 0.6187224
26.23333 354.3655 269.5234 0.6175896
26.26667 354.3825 269.5607 0.612804
26.26667 354.3916 269.6015 0.6071219
26.3 354.3958 269.6202 0.6182145
26.3 354.4012 269.6357 0.6241848
26.3 354.4128 269.6552 0.6228346
26.33333 354.4353 269.6718 0.6215133
26.33333 354.4776 269.6682 0.6227365
26.36667 354.5224 269.671 0.622925
26.36667 354.5381 269.6696 0.6269951
26.4 354.5278 269.6706 0.6274304
26.4 354.498 269.6781 0.6188687
26.4 354.4749 269.6763 0.60009
26.43333 354.4544 269.668 0.6091053
26.43333 354.4549 269.6437 0.6224955
26.46667 354.4871 269.6235 0.6261789
26.46667 354.5366 269.5963 0.6221322
26.5 354.5422 269.5917 0.5966462
26.5 354.5247 269.6086 0.5545338
26.5 354.5239 269.6002 0.5056754
26.53333 354.5412 269.6263 0.5031801
26.53333 354.572 269.6352 0.5278139
26.56667 354.6201 269.6381 0.5765498
26.56667 354.6811 269.6537 0.6230286
26.56667 354.7415 269.6681 0.6539343
26.6 354.7661 269.6701 0.7049634
26.6 354.7831 269.6531 0.7442686
26.63333 354.8053 269.6284 0.76631
26.63333 354.8204 269.6112 0.7858314
26.66667 354.8409 269.5787 0.802873
26.66667 354.8678 269.5519 0.8173432
26.66667 354.9078 269.52 0.8400389
26.7 354.9298 269.4835 0.863664
26.7 354.9073 271.4219 0.9061866
26.73333 354.8566 273.3321 0.9762294
26.73333 354.7749 275.2338 1.017753
26.76667 354.7048 277.1767 1.010781
26.76667 354.6434 279.14 0.9643914
26.8 354.6151 281.129 0.9393007
26.8 354.6111 283.1635 0.8782913
26.8 354.6405 285.2219 0.8031086
26.83333 354.7068 287.3038 0.7634379
26.83333 354.784 289.3681 0.7388574
26.86667 354.8825 291.4372 0.7516186
26.86667 354.9414 293.4819 0.7660506
26.9 355.0578 295.5995 0.77003
26.9 354.9678 297.56 0.7533336
26.93333 354.9197 299.541 0.7206531
26.93333 354.8901 301.5511 0.674973
26.96667 354.8777 303.5381 0.671551
26.96667 354.9148 305.5306 0.6885713
27 354.942 307.546 0.691681
27 354.9745 309.5928 0.6870047
27 354.9481 311.6113 0.7093931
27.03333 354.9221 313.5946 0.7244385
27.03333 354.9306 315.6104 0.714022
27.06667 354.9321 317.6003 0.7101328
27.06667 354.956 319.5713 0.7222154
27.1 354.9711 321.562 0.7040732
27.1 354.9894 323.5545 0.7017603
27.13333 354.9545 325.5677 0.7290935
27.13333 354.8828 327.5624 0.7798579
27.16667 354.8308 329.571 0.8084596
27.16667 354.7678 331.5923 0.8316924
27.2 354.7321 333.6477 0.8306697
27.2 354.7066 333.6058 0.835106
27.23333 354.7506 331.6643 0.8520582
27.23333 354.8287 329.7119 0.8589283
27.23333 354.8756 327.7689 0.8387508
27.26667 354.8792 325.8148 0.8064402
27.26667 354.8772 323.9101 0.7630643
27.3 354.8862 321.9738 0.7593561
27.3 354.8805 320.0096 0.7558447
27.33333 354.903 318.2111 0.7250654
27.33333 354.8626 316.2394 0.7161915
27.33333 354.8358 314.3205 0.7143459
27.36667 354.8459 312.3525 0.7296633
27.36667 354.8542 310.3979 0.7320805
27.36667 354.874 308.4448 0.7600598
27.4 354.8878 306.4632 0.7764173
27.4 354.8933 304.4764 0.7843228
27.43333 354.894 302.4814 0.7776329
27.43333 354.8779 300.4684 0.7897469
27.46667 354.8542 298.4312 0.8052483
27.46667 354.8617 296.3943 0.806756
27.5 354.8615 294.3627 0.7996704
27.5 354.8559 292.3123 0.8228504
27.5 354.8503 290.2456 0.8583376
27.53333 354.8062 288.1964 0.8729866
27.53333 354.7601 286.1477 0.8421285
27.56667 354.745 284.1382 0.8145426
27.56667 354.7474 282.1063 0.7995467
27.56667 354.7751 280.0873 0.8129088
27.6 354.804 278.0766 0.8185702
27.6 354.8242 276.0805 0.8167924
27.63333 354.8328 274.1149 0.7917621
27.63333 354.8275 272.1405 0.7836896
27.66667 354.8107 271.3748 0.8125371
27.66667 354.8005 273.4411 0.7879373
27.7 354.7836 275.4735 0.7431887
27.7 354.7844 277.5009 0.71734
27.73333 354.8344 279.5571 0.6878073
27.73333 354.869 281.6427 0.6418505
27.76667 354.8651 283.6122 0.6675239
27.76667 354.8953 285.6266 0.6791123
27.8 354.9142 287.624 0.6997867
27.8 354.9213 289.6212 0.6987727
27.8 354.8836 291.6164 0.7106291
27.83333 354.8366 293.6127 0.7058321
27.83333 354.778 295.5838 0.7077801
27.86667 354.7316 297.5562 0.727985
27.86667 354.6818 299.5407 0.7466367
27.86667 354.6269 301.5296 0.7191991
27.9 354.4962 303.5552 0.6245357
27.9 354.2704 305.5643 0.5736567
27.93333 354.2417 307.5931 0.5991265
