1.467824 0 270 0
1.718325 0 270 0
1.818325 0 270 0
1.918325 0 270 0
2.018325 0 270 0
2.118325 0 270 0
2.218325 0 270 0
2.318325 0 270 0
2.418325 0 270 0
2.518325 0 270 0
2.618325 0 270 0
2.718325 0 270 0
2.818325 0 270 0
2.918325 0 270 0
3.018325 0 270 0
3.118325 0 270 0
3.218325 0 270 0
3.318325 0 270 0
3.418325 0 270 0
3.518325 0 270 0
3.618325 0 270 0
3.718325 0 270 0
3.818325 0 270 0
3.918325 0 270 0
4.018325 0 270 0
4.118325 0 270 0
4.218325 0 270 0
4.318325 0 270 0
4.418325 0 270 0
4.518325 0 270 0
4.618325 0 270 0
4.718325 0 270 0
4.818325 0 270 0
4.918325 0 270 0
5.018325 0 270 0
5.118325 0 270 0
5.218325 0 270 0
5.318325 0 270 0
5.418325 0 270 0
5.518325 0 270 0
5.618325 0 270 0
5.718325 0 270 0
5.818325 0 270 0
5.918325 0 270 0
6.018325 0 270 0
6.118325 0 270 0
6.218325 0 270 0
6.318325 0 270 0
6.418325 0 270 0
6.518325 0 270 0
6.618325 0 270 0
6.718325 0 270 0
6.818325 0 270 0
6.918325 0 270 0
7.018325 0 270 0
7.118325 0 270 0
7.218325 0 270 0
7.318325 0 270 0
7.418325 0 270 0
7.518325 0 270 0
7.618325 0 270 0
7.718325 0 270 0
7.818325 0 270 0
7.918325 0 270 0
8.018325 0 270 0
8.118325 0 270 0
8.218325 0.3171131 268.0253 1.334041E-08
8.318325 2.378347 255.19 0
8.418324 4.592098 241.366 2.141308E-07
8.518325 6.800461 227.5414 -2.149557E-07
8.618325 8.818182 214.6989 0
8.718325 10.83185 201.8558 0
8.818325 12.78991 189.0042 -1.969866E-06
8.918324 14.78468 176.1583 -1.269325E-06
9.018325 17.22208 161.3576 -2.458088E-06
9.118325 19.35274 149.5498 -4.072067E-06
9.218325 20.25326 144.7524 -1.36506E-06
9.318325 20.25326 144.7524 -1.36506E-06
9.418324 20.25326 144.7524 -1.36506E-06
9.518325 20.25326 144.7524 -1.36506E-06
9.618325 20.25326 144.7524 -1.36506E-06
9.718325 20.25326 144.7524 -1.36506E-06
9.818325 20.25326 144.7524 -1.36506E-06
9.918324 20.25326 144.7524 -1.36506E-06
10.01832 20.25326 144.7524 -1.36506E-06
10.11833 20.25326 144.7524 -1.36506E-06
10.21832 20.25326 144.7524 -1.36506E-06
10.31833 20.25326 144.7524 -1.36506E-06
10.41832 20.25326 144.7524 -1.36506E-06
10.51832 20.25326 144.7524 -1.36506E-06
10.61833 20.25326 144.7524 -1.36506E-06
10.71832 20.25326 144.7524 -1.36506E-06
10.81833 20.25326 144.7524 -1.36506E-06
10.91832 20.25326 144.7524 -1.36506E-06
11.01832 20.25326 144.7524 -1.36506E-06
11.11833 20.25326 144.7524 9.100398E-07
11.21832 19.80092 141.7867 4.537124E-07
11.31833 17.83595 128.936 1.79376E-06
11.41832 15.71372 115.0977 2.217302E-06
11.51832 13.52135 101.2704 2.634337E-06
11.61833 11.31319 87.44556 1.741383E-06
11.71832 8.920983 72.63758 2.16057E-06
11.81833 6.405122 58.86646 1.503489E-06
11.91832 6.176802 57.76557 2.146897E-07
12.01832 6.176802 57.76557 2.146897E-07
12.11833 6.176802 57.76557 2.146897E-07
12.21832 6.176802 57.76557 2.146897E-07
12.31833 6.176802 57.76557 2.146897E-07
12.41832 6.176802 57.76557 2.146897E-07
12.51832 6.176802 57.76557 2.146897E-07
12.61833 6.176802 57.76557 2.146897E-07
12.71832 6.176802 57.76557 2.146897E-07
12.81833 6.176802 57.76557 2.146897E-07
12.91832 6.176802 57.76557 2.146897E-07
13.01832 6.176802 57.76557 2.146897E-07
13.11833 6.176802 57.76557 2.146897E-07
13.21832 6.176802 57.76557 2.146897E-07
13.31833 6.176802 57.76557 2.146897E-07
13.41832 6.176802 57.76557 2.146897E-07
13.51832 6.176802 57.76557 0
13.61833 6.176805 57.76557 1.502828E-06
13.71832 7.601171 64.61912 2.153356E-06
13.81833 10.22673 77.3512 3.470226E-06
13.91832 13.15996 92.06162 2.630399E-06
14.01832 15.85545 105.7997 2.662623E-06
14.11833 18.22832 118.5808 0
14.21832 20.40549 131.397 2.732809E-06
14.31833 21.37063 140.3558 -9.168109E-07
14.41833 21.37063 140.3558 -9.168109E-07
14.51832 21.37063 140.3558 -9.168109E-07
14.61833 21.37063 140.3558 -9.168109E-07
14.71832 21.37063 140.3558 -9.168109E-07
14.81833 21.37063 140.3558 -9.168109E-07
14.91833 21.37063 140.3558 -9.168109E-07
15.01832 21.37063 140.3558 -9.168109E-07
15.11833 21.37063 140.3558 -9.168109E-07
15.21832 21.37063 140.3558 -9.168109E-07
15.31833 21.37063 140.3558 -9.168109E-07
15.41833 21.37063 140.3558 -9.168109E-07
15.51832 21.37063 140.3558 -9.168109E-07
15.61833 21.37063 140.3558 -9.168109E-07
15.71832 21.37063 140.3558 -9.168109E-07
15.81833 21.37063 140.3558 -9.168109E-07
15.91833 21.37063 140.3558 -9.168109E-07
16.01833 21.37063 140.3558 -9.168109E-07
16.11832 21.37063 140.3558 -9.168109E-07
16.21832 21.37063 140.3558 -9.168109E-07
16.31833 21.37063 140.3558 -9.168109E-07
16.41833 21.37063 140.3558 -1.833622E-06
16.51833 20.77649 136.4001 -1.82631E-06
16.61832 19.0298 124.528 0
16.71832 17.1921 111.6586 0
16.81833 15.12655 96.80155 0
16.91833 13.41899 83.91432 1.316605E-06
17.01833 11.80427 71.01509 1.308329E-06
17.11832 10.15349 57.11272 0
17.21832 8.673089 44.19727 0
17.31833 7.56143 33.94856 4.306314E-07
17.41833 7.56143 33.94856 4.306314E-07
17.51833 7.56143 33.94856 4.306314E-07
17.61832 7.56143 33.94856 4.306314E-07
17.71832 7.56143 33.94856 4.306314E-07
17.81833 7.56143 33.94856 4.306314E-07
17.91833 7.56143 33.94856 4.306314E-07
18.01833 7.56143 33.94856 4.306314E-07
18.11832 7.56143 33.94856 4.306314E-07
18.21832 7.56143 33.94856 4.306314E-07
18.31833 7.56143 33.94856 4.306314E-07
18.41833 7.56143 33.94856 4.306314E-07
18.51833 7.56143 33.94856 4.306314E-07
18.61832 7.56143 33.94856 4.306314E-07
18.71832 7.56143 33.94856 4.306314E-07
18.81833 7.56143 33.94856 4.306314E-07
18.91833 7.56143 33.94856 4.306314E-07
19.01833 7.56143 33.94856 4.306314E-07
19.11832 7.56143 33.94856 4.306314E-07
19.21832 7.56143 33.94856 4.306314E-07
19.31833 7.56143 33.94856 4.306314E-07
19.41833 7.56143 33.94856 4.306314E-07
19.51833 7.56143 33.94856 4.306314E-07
19.61832 7.56143 33.94856 4.306314E-07
19.71832 7.56143 33.94856 4.306314E-07
19.81833 7.56143 33.94856 4.306314E-07
19.91833 7.69617 38.94671 2.153836E-07
20.01833 8.030962 51.94237 -6.466724E-07
20.11832 8.298604 63.93938 -3.019827E-06
20.21832 8.46345 73.938 -4.747455E-06
20.31833 8.589823 87.93732 -4.749025E-06
20.41833 8.58492 100.9373 -4.748964E-06
20.51833 8.372013 114.9353 -5.177818E-06
20.61832 7.992041 127.9298 -4.310736E-06
20.71832 7.574723 140.923 -4.306447E-06
20.81833 7.152045 155.917 -3.979668E-06
20.91833 6.678704 167.9073 -4.351761E-06
21.01833 5.716005 181.8731 -4.249979E-06
21.11832 4.068581 195.6422 -1.60487E-07
21.21832 4.068581 195.6422 -1.60487E-07
21.31833 4.068581 195.6422 -1.60487E-07
21.41833 4.068581 195.6422 -1.60487E-07
21.51833 4.068581 195.6422 -1.60487E-07
21.61832 4.068581 195.6422 -1.60487E-07
21.71832 4.068581 195.6422 -1.60487E-07
21.81833 4.068581 195.6422 -1.60487E-07
21.91833 4.068581 195.6422 -1.60487E-07
22.01833 4.068581 195.6422 -1.60487E-07
22.11832 4.068581 195.6422 -1.60487E-07
22.21832 4.068581 195.6422 -1.60487E-07
22.31833 4.068581 195.6422 -1.60487E-07
22.41833 4.068581 195.6422 -1.60487E-07
22.51833 4.068581 195.6422 -1.60487E-07
22.61832 4.068581 195.6422 -1.60487E-07
22.71832 4.068581 195.6422 -1.60487E-07
22.81833 4.068581 195.6422 -1.60487E-07
22.91833 4.068581 195.6422 -1.60487E-07
23.01833 4.068581 195.6422 -1.60487E-07
23.11832 4.068581 195.6422 -1.60487E-07
23.21832 4.068581 195.6422 -1.60487E-07
23.31833 4.068581 195.6422 -1.60487E-07
23.41833 4.068581 195.6422 -1.60487E-07
23.51833 4.068581 195.6422 -1.60487E-07
23.61832 4.068581 195.6422 -1.60487E-07
23.71832 4.068581 195.6422 -1.60487E-07
23.81833 4.068581 195.6422 -1.60487E-07
23.91833 4.068581 195.6422 -1.60487E-07
24.01833 4.068581 195.6422 -1.60487E-07
24.11832 4.068581 195.6422 -1.60487E-07
24.21832 4.068581 195.6422 -1.60487E-07
24.31833 4.068581 195.6422 -1.60487E-07
24.41833 4.068583 195.7172 -2.139826E-07
24.51833 4.893585 206.8172 -7.49785E-07
24.61832 8.643588 239.6672 -8.63582E-07
24.71832 8.86859 255.7922 -1.296157E-06
24.81833 8.868588 268.0172 -1.296157E-06
24.91833 8.868591 271.8422 -1.728209E-06
25.01833 8.86859 271.8422 -1.296157E-06
25.11832 8.86859 271.8422 -1.296157E-06
25.21832 8.86859 271.8422 -1.296157E-06
25.31833 8.86859 271.8422 -1.296157E-06
25.41833 8.86859 271.8422 -1.296157E-06
25.51833 8.86859 271.8422 -1.296157E-06
25.61832 8.86859 271.8422 -1.296157E-06
25.71832 8.86859 271.8422 -1.296157E-06
25.81833 8.86859 271.8422 -1.296157E-06
25.91833 8.86859 271.8422 -1.296157E-06
26.01833 8.86859 271.8422 -1.296157E-06
26.11832 8.86859 271.8422 -1.296157E-06
26.21832 8.86859 271.8422 -1.296157E-06
26.31833 8.86859 271.8422 -1.296157E-06
26.41833 8.86859 271.8422 -1.296157E-06
26.51833 8.86859 271.8422 -1.296157E-06
26.61832 8.86859 271.8422 -1.296157E-06
26.71832 8.86859 271.8422 -1.296157E-06
26.81833 8.86859 271.8422 -1.296157E-06
26.91833 8.86859 271.8422 -1.296157E-06
27.01833 8.86859 271.8422 -1.296157E-06
27.11832 8.414965 276.8215 -1.72613E-06
27.21832 7.235534 289.7679 -4.303135E-07
27.31833 5.965378 303.7102 -4.29211E-07
27.41833 4.695221 317.6525 0
27.51833 3.42506 331.5948 -1.069127E-07
27.61832 2.236062 344.5402 6.675189E-07
27.71832 0.8320401 358.4696 6.287238E-07
27.81833 0 6.724358 0
27.91833 0 6.724358 0
28.01833 0 6.724358 0
28.11832 0 6.724358 0
28.21832 0 6.724358 0
28.31833 0 6.724358 0
28.41833 0 6.724358 0
28.51833 0 6.724358 0
28.61832 0 6.724358 0
28.71832 0 6.724358 0
28.81833 0 6.724358 0
28.91833 0 6.724358 0
29.01833 0 6.724358 0
29.11832 0 6.724358 0
29.21832 0 6.724358 0
29.31833 0 6.724358 0
29.41833 0 6.724358 0
29.51833 0 6.724358 0
29.61832 0 6.724358 0
29.71832 0 6.724358 0
29.81833 0 6.724358 0
29.91833 0 6.724358 0
30.01833 0 6.724358 0
30.11832 0 6.724358 0
30.21832 0 6.724358 0
30.31833 0 6.724358 0
30.41833 0 6.724358 0
30.51833 0 6.724358 0
30.61832 0 6.724358 0
30.71832 0 6.724358 0
30.81833 0 6.724358 0
30.91833 0 6.724358 0
31.01833 0 6.724358 0
31.11832 0 6.724358 0
31.21832 0 6.724358 0
31.31833 0 6.724358 0
31.41833 0 6.724358 0
31.51833 0 6.724358 0
31.61832 0 6.724358 0
31.71832 0 6.724358 0
31.81833 0 6.724358 0
31.91833 0 6.724358 0
32.01833 0 6.724358 0
32.11832 0 6.724358 0
32.21833 0 6.724358 0
32.31833 0 6.724358 0
32.41832 0 6.724358 0
32.51833 0 6.724358 0
32.61832 0 6.724358 0
32.71833 0 6.724358 0
32.81833 0 6.724358 0
32.91832 0 6.724358 0
33.01833 0 6.724358 0
33.11832 0 6.724358 0
33.21833 0 6.724358 0
33.31833 0 6.724358 0
33.41832 0 6.724358 0
33.51833 0 6.724358 0
33.61832 0 6.724358 0
33.71833 0 6.724358 0
33.81833 0 6.724358 0
33.91832 0 6.724358 0
34.01833 0 6.724358 0
34.11832 0 6.724358 0
34.21833 0 6.724358 0
34.31833 0 6.724358 0
34.41832 0 6.724358 0
34.51833 0 6.724358 0
34.61832 0 6.724358 0
34.71833 0 6.724358 0
34.81833 0 6.724358 0
34.91832 0 6.724358 0
35.01833 0 6.724358 0
35.11832 0 6.724358 0
35.21833 0 6.724358 0
35.31833 0 6.724358 0
35.41832 0 6.724358 0
35.51833 0 6.724358 0
35.61832 0 6.724358 0
35.71833 0 6.724358 0
35.81833 0 6.724358 0
35.91832 0 6.724358 0
36.01833 0 6.724358 0
36.11832 0 6.724358 0
36.21833 0 6.724358 0
36.31833 0 6.724358 0
36.41832 0 6.724358 0
36.51833 0 6.724358 0
36.61832 0 6.724358 0
36.71833 0 6.724358 0
36.81833 0 6.724358 0
36.91832 0 6.724358 0
37.01833 0 6.724358 0
37.11832 0 6.724358 0
37.21833 0 6.724358 0
37.31833 0 6.724358 0
37.41832 0 6.724358 0
37.51833 0 6.724358 0
37.61832 0 6.724358 0
37.71833 0 6.724358 0
37.81833 0 6.724358 0
37.91832 0 6.724358 0
38.01833 0 6.724358 0
38.11832 0 6.724358 0
38.21833 0 6.724358 0
38.31833 0 6.724358 0
38.41832 0 6.724358 0
38.51833 0 6.724358 0
38.61832 0 6.724358 0
38.71833 0 6.724358 0
38.81833 0 6.724358 0
38.91832 0 6.724358 0
39.01833 0 6.724358 0
39.11832 0 6.724358 0
39.21833 0 6.724358 0
39.31833 0 6.724358 0
39.41832 0 6.724358 0
39.51833 0 6.724358 0
39.61832 0 6.724358 0
39.71833 0 6.724358 0
39.81833 0 6.724358 0
39.91832 0 6.724358 0
40.01833 0 6.724358 0
40.11832 0 6.724358 0
40.21833 0 6.724358 0
40.31833 0 6.724358 0
40.41832 0 6.724358 0
40.51833 0 6.724358 0
40.61832 0 6.724358 0
40.71833 2.212303 16.47557 -1.068013E-07
40.81833 6.160933 29.89924 0
40.91832 12.34365 42.40905 4.369886E-07
41.01833 22.86437 47.82251 -1.853155E-06
41.11832 26.80339 36.01829 9.565456E-07
41.21833 19.65407 24.16064 4.986251E-06
41.31833 12.67386 16.67256 -2.187739E-07
41.41832 12.67386 16.67256 -2.187739E-07
41.51833 12.67386 16.67256 -2.187739E-07
41.61832 12.67386 16.67256 -2.187739E-07
41.71833 12.67386 16.67256 -2.187739E-07
41.81833 12.67386 16.67256 -2.187739E-07
41.91832 12.67386 16.67256 -2.187739E-07
42.01833 12.67386 16.67256 -2.187739E-07
42.11832 12.67386 16.67256 -2.187739E-07
42.21833 12.67386 16.67256 -2.187739E-07
42.31833 12.67386 16.67256 -2.187739E-07
42.41832 12.67386 16.67256 -2.187739E-07
42.51833 12.67386 16.67256 -2.187739E-07
42.61832 12.67386 16.67256 -2.187739E-07
42.71833 12.67386 16.67256 -2.187739E-07
42.81833 12.67386 16.67256 -2.187739E-07
42.91832 12.67386 16.67256 -2.187739E-07
43.01833 12.67386 16.67256 -2.187739E-07
43.11832 12.67386 16.67256 -2.187739E-07
43.21833 12.67386 16.67256 -2.187739E-07
43.31833 12.67386 16.67256 -2.187739E-07
43.41832 12.67386 16.67256 -2.187739E-07
43.51833 12.67386 16.67256 -2.187739E-07
43.61832 12.67386 16.67256 -2.187739E-07
43.71833 12.67386 16.67256 -2.187739E-07
43.81833 12.67386 16.67256 -2.187739E-07
43.91832 12.67386 16.67256 -2.187739E-07
44.01833 12.67386 16.67256 -2.187739E-07
44.11832 12.67386 16.67256 -2.187739E-07
44.21833 12.67386 16.67256 -2.187739E-07
44.31833 12.67386 16.67256 -2.187739E-07
44.41832 12.67386 16.67256 -2.187739E-07
44.51833 12.67386 16.67256 -2.187739E-07
44.61832 12.67386 16.67256 -2.187739E-07
44.71833 12.67386 16.67256 -2.187739E-07
44.81833 12.67386 16.67256 -2.187739E-07
44.91832 12.67386 16.67256 -2.187739E-07
45.01833 12.67386 16.67256 -2.187739E-07
45.11832 12.67386 16.67256 -2.187739E-07
45.21833 12.67386 16.67256 -2.187739E-07
45.31833 12.67386 16.67256 -2.187739E-07
45.41832 12.67386 16.67256 -2.187739E-07
45.51833 12.67386 16.67256 -2.187739E-07
45.61832 12.67386 16.67256 -2.187739E-07
45.71833 12.67386 16.67256 -2.187739E-07
45.81833 12.67386 16.67256 -2.187739E-07
45.91832 12.67386 16.67256 -2.187739E-07
46.01833 12.67386 16.67256 -2.187739E-07
46.11832 12.67386 16.67256 -2.187739E-07
46.21833 12.67386 16.67256 -2.187739E-07
46.31833 12.67386 16.67256 -2.187739E-07
46.41833 12.67386 16.67256 -2.187739E-07
46.51833 12.70405 6.672634 -6.016996E-07
46.61832 12.74617 352.6728 8.206356E-07
46.71833 12.75858 338.6728 0
46.81833 12.71017 324.673 3.938492E-06
46.91833 12.56108 309.6738 5.24826E-06
47.01833 12.24157 294.6774 7.425924E-06
47.11832 11.62133 279.6909 6.537316E-06
47.21833 10.79654 269.3206 -4.345795E-07
47.31833 10.79654 269.3206 -4.345795E-07
47.41833 10.79654 269.3206 -4.345795E-07
47.51833 10.79654 269.3206 -4.345795E-07
47.61832 10.79654 269.3206 -4.345795E-07
47.71833 10.79654 269.3206 -4.345795E-07
47.81833 10.79654 269.3206 -4.345795E-07
47.91833 10.79654 269.3206 -4.345795E-07
48.01833 10.79654 269.3206 -4.345795E-07
48.11832 10.79654 269.3206 -4.345795E-07
48.21833 10.79654 269.3206 -4.345795E-07
48.31833 10.79654 269.3206 -4.345795E-07
48.41833 10.79654 269.3206 -4.345795E-07
48.51833 10.79654 269.3206 -4.345795E-07
48.61832 10.79654 269.3206 -4.345795E-07
48.71833 10.79654 269.3206 -4.345795E-07
48.81833 10.79654 269.3206 -4.345795E-07
48.91833 9.821555 265.4956 0
49.01833 9.296562 245.6207 4.325684E-07
49.11832 9.29656 221.1707 6.488526E-07
49.21833 8.546564 196.5707 -2.158403E-07
49.31833 7.72157 178.4207 -3.769438E-07
49.41833 7.271568 169.2705 -8.069023E-07
49.51833 6.446572 161.8455 -1.181409E-06
49.61832 6.071573 157.8705 -5.366186E-07
49.71833 6.071573 157.8705 -5.366186E-07
49.81833 6.071573 157.8705 -5.366186E-07
49.91833 6.071573 157.8705 -5.366186E-07
50.01833 7.421575 154.9454 -1.076233E-06
50.11832 11.24658 150.8954 -4.352448E-07
50.21833 15.29659 147.7453 -4.425656E-07
50.31833 17.09659 146.2453 0
50.41833 17.7716 145.6453 1.344835E-06
50.51833 18.1466 145.3453 2.695382E-06
50.61832 15.52159 146.9203 -4.430448E-07
50.71833 6.896597 151.2703 -3.224985E-07
50.81833 3.9716 152.5453 -1.069786E-06
50.91833 3.371602 152.7703 -1.443241E-06
51.01833 359.6216 153.8952 -1.607531E-06
51.11832 355.4967 155.4702 -1.819887E-06
51.21833 350.9967 157.4201 -3.24159E-06
51.31833 348.1466 158.0201 -5.234253E-06
51.41833 345.3717 158.1701 -3.529505E-06
51.51833 344.6967 158.1701 -2.434189E-06
51.61832 344.6967 158.1701 -2.434189E-06
51.71833 344.6967 158.1701 -2.434189E-06
51.81833 344.6967 158.1701 -2.434189E-06
51.91833 344.6967 158.1701 -2.434189E-06
52.01833 344.6967 158.1701 -2.434189E-06
52.11832 344.6967 158.1701 -2.434189E-06
52.21833 344.6967 158.1701 -2.434189E-06
52.31833 344.6967 158.1701 -2.434189E-06
52.41833 344.6967 158.1701 -2.434189E-06
52.51833 344.6967 158.1701 -2.434189E-06
52.61832 344.6967 158.1701 -2.434189E-06
52.71833 344.6967 158.1701 -2.434189E-06
52.81833 344.6967 158.1701 -2.434189E-06
52.91833 344.6967 158.1701 -2.434189E-06
53.01833 344.6967 158.1701 -2.434189E-06
53.11832 344.6967 158.1701 -2.434189E-06
53.21833 344.6967 158.1701 -2.434189E-06
53.31833 344.6967 158.1701 -2.434189E-06
53.41833 344.6967 158.1701 -2.434189E-06
53.51833 344.6967 158.1701 -2.434189E-06
53.61832 344.6967 158.1701 -2.434189E-06
53.71833 344.6967 158.1701 -2.434189E-06
53.81833 344.6967 158.1701 -2.434189E-06
53.91833 344.6967 158.1701 -2.434189E-06
54.01833 344.6967 158.1701 -2.434189E-06
54.11832 344.6967 158.1701 -2.434189E-06
54.21833 344.6967 158.1701 -2.434189E-06
54.31833 344.6967 158.1701 -2.434189E-06
54.41833 344.6967 158.1701 -2.434189E-06
54.51833 344.6967 158.1701 -2.434189E-06
54.61832 344.6967 158.1701 -2.434189E-06
54.71833 344.6967 158.1701 -2.434189E-06
54.81833 344.6967 158.1701 -2.434189E-06
54.91833 344.6967 158.1701 -2.434189E-06
55.01833 344.6967 158.1701 -2.434189E-06
55.11832 344.6967 158.1701 -2.434189E-06
55.21833 344.6967 158.1701 -2.434189E-06
55.31833 344.6967 158.1701 -2.434189E-06
55.41833 344.6967 158.1701 -2.434189E-06
55.51833 344.6967 158.1701 -2.434189E-06
55.61832 344.6967 158.1701 -2.434189E-06
55.71833 344.6967 158.1701 -2.434189E-06
55.81833 344.6967 158.1701 -2.434189E-06
55.91833 344.6967 158.1701 -2.434189E-06
56.01833 344.6967 158.1701 -2.434189E-06
56.11832 344.6967 158.1701 -2.434189E-06
56.21833 344.6967 158.1701 -2.434189E-06
56.31833 344.6967 158.1701 -2.434189E-06
56.41833 344.6967 158.1701 -2.434189E-06
56.51833 344.6967 158.1701 -2.434189E-06
56.61832 344.6967 158.1701 -2.434189E-06
56.71833 344.6967 158.1701 -2.434189E-06
56.81833 344.6967 158.1701 -2.434189E-06
56.91833 344.6967 158.1701 -2.434189E-06
57.01833 344.6967 158.1701 -2.434189E-06
57.11832 344.6967 158.1701 -2.434189E-06
57.21833 344.6967 158.1701 -2.434189E-06
57.31833 344.6967 158.1701 -2.434189E-06
57.41833 344.6967 158.1701 -2.434189E-06
57.51833 344.6967 158.1701 -2.434189E-06
57.61832 344.6967 158.1701 -2.434189E-06
57.71833 344.6967 158.1701 -2.434189E-06
57.81833 344.6967 158.1701 -2.434189E-06
57.91833 344.6967 158.1701 -2.434189E-06
58.01833 344.6967 158.1701 -2.434189E-06
58.11832 344.6967 158.1701 -2.434189E-06
58.21833 344.6967 158.1701 -2.434189E-06
58.31833 344.6967 158.1701 -2.434189E-06
58.41833 344.6967 158.1701 -2.434189E-06
58.51833 344.6967 158.1701 -2.434189E-06
58.61832 344.6967 158.1701 -2.434189E-06
58.71833 344.6967 158.1701 -2.434189E-06
58.81833 344.6967 158.1701 -2.434189E-06
58.91833 344.6967 158.1701 -2.434189E-06
59.01833 344.6967 158.1701 -2.434189E-06
59.11832 344.6967 158.1701 -2.434189E-06
59.21833 344.6967 158.1701 -2.434189E-06
59.31833 344.6967 158.1701 -2.434189E-06
59.41833 344.6967 158.1701 -2.434189E-06
59.51833 344.6967 158.1701 -2.434189E-06
59.61832 344.6967 158.1701 -2.434189E-06
59.71833 344.6967 158.1701 -2.434189E-06
59.81833 344.6967 158.1701 -2.434189E-06
59.91833 344.6967 158.1701 -2.434189E-06
60.01833 344.6967 158.1701 -2.434189E-06
60.11832 344.6967 158.1701 -2.434189E-06
60.21833 344.6967 158.1701 -2.434189E-06
60.31833 344.6967 158.1701 -2.434189E-06
60.41833 344.6967 158.1701 -2.434189E-06
60.51833 344.6967 158.1701 -2.434189E-06
60.61832 344.6967 158.1701 -2.434189E-06
60.71833 344.6967 158.1701 -2.434189E-06
60.81833 344.6967 158.1701 -2.434189E-06
60.91833 344.6967 158.1701 -2.434189E-06
61.01833 344.6967 158.1701 -2.434189E-06
61.11832 344.6967 158.1701 -2.434189E-06
61.21833 344.6967 158.1701 -2.434189E-06
61.31833 344.6967 158.1701 -2.434189E-06
61.41833 344.6967 158.1701 -2.434189E-06
61.51833 344.6967 158.1701 -2.434189E-06
61.61832 344.6967 158.1701 -2.434189E-06
61.71833 344.6967 158.1701 -2.434189E-06
61.81833 344.6967 158.1701 -2.434189E-06
61.91833 344.6967 158.1701 -2.434189E-06
62.01833 344.6967 158.1701 -2.434189E-06
62.11832 344.6967 158.1701 -2.434189E-06
62.21833 344.6967 158.1701 -2.434189E-06
62.31833 344.6967 158.1701 -2.434189E-06
62.41833 344.6967 158.1701 -2.434189E-06
62.51833 344.6967 158.1701 -2.434189E-06
62.61832 344.6967 158.1701 -2.434189E-06
62.71833 344.6967 158.1701 -2.434189E-06
62.81833 344.6967 158.1701 -2.434189E-06
62.91833 344.6967 158.1701 -2.434189E-06
63.01833 344.6967 158.1701 -2.434189E-06
63.11832 344.6967 158.1701 -2.434189E-06
63.21833 344.6967 158.1701 -2.434189E-06
63.31833 344.6967 158.1701 -2.434189E-06
63.41833 344.6967 158.1701 -2.434189E-06
63.51833 344.6967 158.1701 -2.434189E-06
63.61832 344.6967 158.1701 -2.434189E-06
63.71833 344.6967 158.1701 -2.434189E-06
63.81833 344.6967 158.1701 -2.434189E-06
63.91833 344.6967 158.1701 -2.434189E-06
64.01833 344.6967 158.1701 -2.434189E-06
64.11832 344.6967 158.1701 -2.434189E-06
64.21832 344.6967 158.1701 -2.434189E-06
64.31833 344.6967 158.1701 -2.434189E-06
64.41833 344.6967 158.1701 -2.434189E-06
64.51833 344.6967 158.1701 -2.434189E-06
64.61832 344.6967 158.1701 -2.434189E-06
64.71832 344.6967 158.1701 -2.434189E-06
64.81833 344.6967 158.1701 -2.434189E-06
64.91833 344.6967 158.1701 -2.434189E-06
65.01833 344.6967 158.1701 -2.434189E-06
65.11832 344.6967 158.1701 -2.434189E-06
65.21832 344.6967 158.1701 -2.434189E-06
65.31833 344.6967 158.1701 -2.434189E-06
65.41833 344.6967 158.1701 -2.434189E-06
65.51833 344.6967 158.1701 -2.434189E-06
65.61832 344.6967 158.1701 -2.434189E-06
65.71832 344.6967 158.1701 -2.434189E-06
65.81833 344.6967 158.1701 -2.434189E-06
65.91833 344.6967 158.1701 -2.434189E-06
66.01833 344.6967 158.1701 -2.434189E-06
66.11832 344.6967 158.1701 -2.434189E-06
66.21832 344.6967 158.1701 -2.434189E-06
66.31833 344.6967 158.1701 -2.434189E-06
66.41833 344.6967 158.1701 -2.434189E-06
66.51833 344.6967 158.1701 -2.434189E-06
66.61832 344.6967 158.1701 -2.434189E-06
66.71832 344.6967 158.1701 -2.434189E-06
66.81833 344.6967 158.1701 -2.434189E-06
66.91833 344.6967 158.1701 -2.434189E-06
67.01833 344.6967 158.1701 -2.434189E-06
67.11832 344.6967 158.1701 -2.434189E-06
67.21832 344.6967 158.1701 -2.434189E-06
67.31833 344.6967 158.1701 -2.434189E-06
67.41833 344.6967 158.1701 -2.434189E-06
67.51833 344.6967 158.1701 -2.434189E-06
67.61832 344.6967 158.1701 -2.434189E-06
67.71832 344.6967 158.1701 -2.434189E-06
67.81833 344.6967 158.1701 -2.434189E-06
67.91833 344.6967 158.1701 -2.434189E-06
68.01833 344.6967 158.1701 -2.434189E-06
68.11832 344.6967 158.1701 -2.434189E-06
68.21832 344.6967 158.1701 -2.434189E-06
68.31833 344.6967 158.1701 -2.434189E-06
68.41833 344.6967 158.1701 -2.434189E-06
68.51833 344.6967 158.1701 -2.434189E-06
68.61832 344.6967 158.1701 -2.434189E-06
68.71832 344.6967 158.1701 -2.434189E-06
68.81833 344.6967 158.1701 -2.434189E-06
68.91833 344.6967 158.1701 -2.434189E-06
69.01833 344.6967 158.1701 -2.434189E-06
69.11832 344.6967 158.1701 -2.434189E-06
69.21832 344.6967 158.1701 -2.434189E-06
69.31833 344.6967 158.1701 -2.434189E-06
69.41833 344.6967 158.1701 -2.434189E-06
69.51833 344.6967 158.1701 -2.434189E-06
69.61832 344.6967 158.1701 -2.434189E-06
69.71832 344.6967 158.1701 -2.434189E-06
69.81833 344.6967 158.1701 -2.434189E-06
69.91833 344.6967 158.1701 -2.434189E-06
70.01833 344.6967 158.1701 -2.434189E-06
70.11832 344.6967 158.1701 -2.434189E-06
70.21832 344.6967 158.1701 -2.434189E-06
70.31833 344.6967 158.1701 -2.434189E-06
70.41833 344.6967 158.1701 -2.434189E-06
70.51833 344.6967 158.1701 -2.434189E-06
70.61832 344.6967 158.1701 -2.434189E-06
70.71832 344.6967 158.1701 -2.434189E-06
70.81833 344.6967 158.1701 -2.434189E-06
70.91833 344.6967 158.1701 -2.434189E-06
71.01833 344.6967 158.1701 -2.434189E-06
71.11832 344.6967 158.1701 -2.434189E-06
71.21832 344.6967 158.1701 -2.434189E-06
71.31833 344.6967 158.1701 -2.434189E-06
71.41833 344.6967 158.1701 -2.434189E-06
71.51833 344.6967 158.1701 -2.434189E-06
71.61832 344.6967 158.1701 -2.434189E-06
71.71832 344.6967 158.1701 -2.434189E-06
71.81833 344.6967 158.1701 -2.434189E-06
71.91833 344.6967 158.1701 -2.434189E-06
72.01833 344.6967 158.1701 -2.434189E-06
72.11832 344.6967 158.1701 -2.434189E-06
72.21832 344.6967 158.1701 -2.434189E-06
72.31833 344.6967 158.1701 -2.434189E-06
72.41833 344.6967 158.1701 -2.434189E-06
72.51833 344.6967 158.1701 -2.434189E-06
72.61832 344.6967 158.1701 -2.434189E-06
72.71832 344.6967 158.1701 -2.434189E-06
72.81833 344.6967 158.1701 -2.434189E-06
72.91833 344.6967 158.1701 -2.434189E-06
73.01833 344.6967 158.1701 -2.434189E-06
73.11832 344.6967 158.1701 -2.434189E-06
73.21832 344.6967 158.1701 -2.434189E-06
73.31833 344.6967 158.1701 -2.434189E-06
73.41833 344.6967 158.1701 -2.434189E-06
73.51833 344.6967 158.1701 -2.434189E-06
73.61832 344.6967 158.1701 -2.434189E-06
73.71832 344.6967 158.1701 -2.434189E-06
73.81833 344.6967 158.1701 -2.434189E-06
73.91833 344.6967 158.1701 -2.434189E-06
74.01833 344.6967 158.1701 -2.434189E-06
74.11832 344.6967 158.1701 -2.434189E-06
74.21832 344.6967 158.1701 -2.434189E-06
74.31833 344.6967 158.1701 -2.434189E-06
74.41833 344.6967 158.1701 -2.434189E-06
74.51833 344.6967 158.1701 -2.434189E-06
74.61832 344.6967 158.1701 -2.434189E-06
74.71832 344.6967 158.1701 -2.434189E-06
74.81833 344.6967 158.1701 -2.434189E-06
74.91833 344.6967 158.1701 -2.434189E-06
75.01833 344.6967 158.1701 -2.434189E-06
75.11832 344.6967 158.1701 -2.434189E-06
75.21832 344.6967 158.1701 -2.434189E-06
75.31833 344.6967 158.1701 -2.434189E-06
75.41833 344.6967 158.1701 -2.434189E-06
75.51833 344.6967 158.1701 -2.434189E-06
75.61832 344.6967 158.1701 -2.434189E-06
75.71832 344.6967 158.1701 -2.434189E-06
75.81833 344.6967 158.1701 -2.434189E-06
75.91833 344.6967 158.1701 -2.434189E-06
76.01833 344.6967 158.1701 -2.434189E-06
76.11832 344.6967 158.1701 -2.434189E-06
76.21832 344.6967 158.1701 -2.434189E-06
76.31833 344.6967 158.1701 -2.434189E-06
76.41833 344.6967 158.1701 -2.434189E-06
76.51833 344.6967 158.1701 -2.434189E-06
76.61832 344.6967 158.1701 -2.434189E-06
76.71832 344.6967 158.1701 -2.434189E-06
76.81833 344.6967 158.1701 -2.434189E-06
76.91833 344.6967 158.1701 -2.434189E-06
77.01833 344.6967 158.1701 -2.434189E-06
77.11832 344.6967 158.1701 -2.434189E-06
77.21832 344.6967 158.1701 -2.434189E-06
77.31833 344.6967 158.1701 -2.434189E-06
77.41833 344.6967 158.1701 -2.434189E-06
77.51833 344.6967 158.1701 -2.434189E-06
77.61832 344.6967 158.1701 -2.434189E-06
77.71832 344.6967 158.1701 -2.434189E-06
77.81833 344.6967 158.1701 -2.434189E-06
77.91833 344.6967 158.1701 -2.434189E-06
78.01833 344.6967 158.1701 -2.434189E-06
78.11832 344.6967 158.1701 -2.434189E-06
78.21832 344.6967 158.1701 -2.434189E-06
78.31833 344.6967 158.1701 -2.434189E-06
78.41833 344.6967 158.1701 -2.434189E-06
78.51833 344.6967 158.1701 -2.434189E-06
78.61832 344.6967 158.1701 -2.434189E-06
78.71832 344.6967 158.1701 -2.434189E-06
78.81833 344.6967 158.1701 -2.434189E-06
78.91833 344.6967 158.1701 -2.434189E-06
79.01833 344.6967 158.1701 -2.434189E-06
79.11832 344.6967 158.1701 -2.434189E-06
79.21832 344.6967 158.1701 -2.434189E-06
79.31833 344.6967 158.1701 -2.434189E-06
79.41833 344.6967 158.1701 -2.434189E-06
79.51833 344.6967 158.1701 -2.434189E-06
79.61832 344.6967 158.1701 -2.434189E-06
79.71832 344.6967 158.1701 -2.434189E-06
79.81833 344.6967 158.1701 -2.434189E-06
79.91833 344.6967 158.1701 -2.434189E-06
80.01833 344.6967 158.1701 -2.434189E-06
80.11832 344.6967 158.1701 -2.434189E-06
80.21832 344.6967 158.1701 -2.434189E-06
80.31833 344.6967 158.1701 -2.434189E-06
80.41833 344.6967 158.1701 -2.434189E-06
80.51833 344.6967 158.1701 -2.434189E-06
80.61832 344.6967 158.1701 -2.434189E-06
80.71832 344.6967 158.1701 -2.434189E-06
80.81833 344.6967 158.1701 -2.434189E-06
80.91833 344.6967 158.1701 -2.434189E-06
81.01833 344.6967 158.1701 -2.434189E-06
81.11832 344.6967 158.1701 -2.434189E-06
81.21832 344.6967 158.1701 -2.434189E-06
81.31833 344.6967 158.1701 -2.434189E-06
81.41833 344.6967 158.1701 -2.434189E-06
81.51833 344.6967 158.1701 -2.434189E-06
81.61832 344.6967 158.1701 -2.434189E-06
81.71832 344.6967 158.1701 -2.434189E-06
81.81833 344.6967 158.1701 -2.434189E-06
81.91833 344.6967 158.1701 -2.434189E-06
82.01833 344.6967 158.1701 -2.434189E-06
82.11832 344.6967 158.1701 -2.434189E-06
82.21832 344.6967 158.1701 -2.434189E-06
82.31833 344.6967 158.1701 -2.434189E-06
82.41833 344.6967 158.1701 -2.434189E-06
82.51833 344.6967 158.1701 -2.434189E-06
82.61832 344.6967 158.1701 -2.434189E-06
82.71832 344.6967 158.1701 -2.434189E-06
82.81833 344.6967 158.1701 -2.434189E-06
82.91833 344.6967 158.1701 -2.434189E-06
83.01833 344.6967 158.1701 -2.434189E-06
83.11832 344.6967 158.1701 -2.434189E-06
83.21832 344.6967 158.1701 -2.434189E-06
83.31833 344.6967 158.1701 -2.434189E-06
83.41833 344.6967 158.1701 -2.434189E-06
83.51833 344.6967 158.1701 -2.434189E-06
83.61832 344.6967 158.1701 -2.434189E-06
83.71832 344.6967 158.1701 -2.434189E-06
83.81833 344.6967 158.1701 -2.434189E-06
83.91833 344.6967 158.1701 -2.434189E-06
84.01833 344.6967 158.1701 -2.434189E-06
84.11832 344.6967 158.1701 -2.434189E-06
84.21832 344.6967 158.1701 -2.434189E-06
84.31833 344.6967 158.1701 -2.434189E-06
84.41833 344.6967 158.1701 -2.434189E-06
84.51833 344.6967 158.1701 -2.434189E-06
84.61832 344.6967 158.1701 -2.434189E-06
84.71832 344.6967 158.1701 -2.434189E-06
84.81833 344.6967 158.1701 -2.434189E-06
84.91833 344.6967 158.1701 -2.434189E-06
85.01833 344.6967 158.1701 -2.434189E-06
85.11832 344.6967 158.1701 -2.434189E-06
85.21832 344.6967 158.1701 -2.434189E-06
85.31833 344.6967 158.1701 -2.434189E-06
85.41833 344.6967 158.1701 -2.434189E-06
85.51833 344.6967 158.1701 -2.434189E-06
85.61832 344.6967 158.1701 -2.434189E-06
85.71832 344.6967 158.1701 -2.434189E-06
85.81833 344.6967 158.1701 -2.434189E-06
85.91833 344.6967 158.1701 -2.434189E-06
86.01833 344.6967 158.1701 -2.434189E-06
86.11832 344.6967 158.1701 -2.434189E-06
86.21832 344.6967 158.1701 -2.434189E-06
86.31833 344.6967 158.1701 -2.434189E-06
86.41833 344.6967 158.1701 -2.434189E-06
86.51833 344.6967 158.1701 -2.434189E-06
86.61832 344.6967 158.1701 -2.434189E-06
86.71832 344.6967 158.1701 -2.434189E-06
86.81833 344.6967 158.1701 -2.434189E-06
86.91833 344.6967 158.1701 -2.434189E-06
87.01833 344.6967 158.1701 -2.434189E-06
87.11832 344.6967 158.1701 -2.434189E-06
87.21832 344.6967 158.1701 -2.434189E-06
87.31833 344.6967 158.1701 -2.434189E-06
87.41833 344.6967 158.1701 -2.434189E-06
87.51833 344.6967 158.1701 -2.434189E-06
87.61832 344.6967 158.1701 -2.434189E-06
87.71832 344.6967 158.1701 -2.434189E-06
87.81833 344.6967 158.1701 -2.434189E-06
87.91833 344.6967 158.1701 -2.434189E-06
88.01833 344.6967 158.1701 -2.434189E-06
88.11832 344.6967 158.1701 -2.434189E-06
88.21832 344.6967 158.1701 -2.434189E-06
88.31833 344.6967 158.1701 -2.434189E-06
88.41833 344.6967 158.1701 -2.434189E-06
88.51833 344.6967 158.1701 -2.434189E-06
88.61832 344.6967 158.1701 -2.434189E-06
88.71832 344.6967 158.1701 -2.434189E-06
88.81833 344.6967 158.1701 -2.434189E-06
88.91833 344.6967 158.1701 -2.434189E-06
89.01833 344.6967 158.1701 -2.434189E-06
89.11832 344.6967 158.1701 -2.434189E-06
89.21832 344.6967 158.1701 -2.434189E-06
89.31833 344.6967 158.1701 -2.434189E-06
89.41833 344.6967 158.1701 -2.434189E-06
89.51833 344.6967 158.1701 -2.434189E-06
89.61832 344.6967 158.1701 -2.434189E-06
89.71832 344.6967 158.1701 -2.434189E-06
89.81833 344.6967 158.1701 -2.434189E-06
89.91833 344.6967 158.1701 -2.434189E-06
90.01833 344.6967 158.1701 -2.434189E-06
90.11832 344.6967 158.1701 -2.434189E-06
90.21832 344.6967 158.1701 -2.434189E-06
90.31833 344.6967 158.1701 -2.434189E-06
90.41833 344.6967 158.1701 -2.434189E-06
90.51833 344.6967 158.1701 -2.434189E-06
90.61832 344.6967 158.1701 -2.434189E-06
90.71832 344.6967 158.1701 -2.434189E-06
90.81833 344.6967 158.1701 -2.434189E-06
90.91833 344.6967 158.1701 -2.434189E-06
91.01833 344.6967 158.1701 -2.434189E-06
91.11832 344.6967 158.1701 -2.434189E-06
91.21832 344.6967 158.1701 -2.434189E-06
91.31833 344.6967 158.1701 -2.434189E-06
91.41833 344.6967 158.1701 -2.434189E-06
91.51833 344.6967 158.1701 -2.434189E-06
91.61832 344.6967 158.1701 -2.434189E-06
91.71832 344.6967 158.1701 -2.434189E-06
91.81833 344.6967 158.1701 -2.434189E-06
91.91833 344.6967 158.1701 -2.434189E-06
92.01833 344.6967 158.1701 -2.434189E-06
92.11832 344.6967 158.1701 -2.434189E-06
92.21832 344.6967 158.1701 -2.434189E-06
92.31833 344.6967 158.1701 -2.434189E-06
92.41833 344.6967 158.1701 -2.434189E-06
92.51833 344.6967 158.1701 -2.434189E-06
92.61832 344.6967 158.1701 -2.434189E-06
92.71832 344.6967 158.1701 -2.434189E-06
92.81833 344.6967 158.1701 -2.434189E-06
92.91833 344.6967 158.1701 -2.434189E-06
93.01833 344.6967 158.1701 -2.434189E-06
93.11832 344.6967 158.1701 -2.434189E-06
93.21832 344.6967 158.1701 -2.434189E-06
93.31833 344.6967 158.1701 -2.434189E-06
93.41833 344.6967 158.1701 -2.434189E-06
93.51833 344.6967 158.1701 -2.434189E-06
93.61832 344.6967 158.1701 -2.434189E-06
93.71832 344.6967 158.1701 -2.434189E-06
93.81833 344.6967 158.1701 -2.434189E-06
93.91833 344.6967 158.1701 -2.434189E-06
94.01833 344.6967 158.1701 -2.434189E-06
94.11832 344.6967 158.1701 -2.434189E-06
94.21832 344.6967 158.1701 -2.434189E-06
94.31833 344.6967 158.1701 -2.434189E-06
94.41833 344.6967 158.1701 -2.434189E-06
94.51833 344.6967 158.1701 -2.434189E-06
94.61832 344.6967 158.1701 -2.434189E-06
94.71832 344.6967 158.1701 -2.434189E-06
94.81833 344.6967 158.1701 -2.434189E-06
94.91833 344.6967 158.1701 -2.434189E-06
95.01833 344.6967 158.1701 -2.434189E-06
95.11832 344.6967 158.1701 -2.434189E-06
95.21832 344.6967 158.1701 -2.434189E-06
95.31833 344.6967 158.1701 -2.434189E-06
95.41833 344.6967 158.1701 -2.434189E-06
95.51833 344.6967 158.1701 -2.434189E-06
95.61832 344.6967 158.1701 -2.434189E-06
95.71832 344.6967 158.1701 -2.434189E-06
95.81833 344.6967 158.1701 -2.434189E-06
95.91833 344.6967 158.1701 -2.434189E-06
96.01833 344.6967 158.1701 -2.434189E-06
96.11832 344.6967 158.1701 -2.434189E-06
96.21832 344.6967 158.1701 -2.434189E-06
96.31833 344.6967 158.1701 -2.434189E-06
96.41833 344.6967 158.1701 -2.434189E-06
96.51833 344.6967 158.1701 -2.434189E-06
96.61832 344.6967 158.1701 -2.434189E-06
96.71832 344.6967 158.1701 -2.434189E-06
96.81833 344.6967 158.1701 -2.434189E-06
96.91833 344.6967 158.1701 -2.434189E-06
97.01833 344.6967 158.1701 -2.434189E-06
97.11832 344.6967 158.1701 -2.434189E-06
97.21832 344.6967 158.1701 -2.434189E-06
97.31833 344.6967 158.1701 -2.434189E-06
97.41833 344.6967 158.1701 -2.434189E-06
97.51833 344.6967 158.1701 -2.434189E-06
97.61832 344.6967 158.1701 -2.434189E-06
97.71832 344.6967 158.1701 -2.434189E-06
97.81833 344.6967 158.1701 -2.434189E-06
97.91833 344.6967 158.1701 -2.434189E-06
98.01833 344.6967 158.1701 -2.434189E-06
98.11832 344.6967 158.1701 -2.434189E-06
98.21832 344.6967 158.1701 -2.434189E-06
98.31833 344.6967 158.1701 -2.434189E-06
98.41833 344.6967 158.1701 -2.434189E-06
98.51833 344.6967 158.1701 -2.434189E-06
98.61832 344.6967 158.1701 -2.434189E-06
98.71832 344.6967 158.1701 -2.434189E-06
98.81833 344.6967 158.1701 -2.434189E-06
98.91833 344.6967 158.1701 -2.434189E-06
99.01833 344.6967 158.1701 -2.434189E-06
99.11832 344.6967 158.1701 -2.434189E-06
99.21832 344.6967 158.1701 -2.434189E-06
99.31833 344.6967 158.1701 -2.434189E-06
99.41833 344.6967 158.1701 -2.434189E-06
99.51833 344.6967 158.1701 -2.434189E-06
99.61832 344.6967 158.1701 -2.434189E-06
99.71832 344.6967 158.1701 -2.434189E-06
99.81833 344.6967 158.1701 -2.434189E-06
99.91833 344.6967 158.1701 -2.434189E-06
100.0183 344.6967 158.1701 -2.434189E-06
100.1183 344.6967 158.1701 -2.434189E-06
100.2183 344.6967 158.1701 -2.434189E-06
100.3183 344.6967 158.1701 -2.434189E-06
100.4183 344.6967 158.1701 -2.434189E-06
100.5183 344.6967 158.1701 -2.434189E-06
100.6183 344.6967 158.1701 -2.434189E-06
100.7183 344.6967 158.1701 -2.434189E-06
100.8183 344.6967 158.1701 -2.434189E-06
100.9183 344.6967 158.1701 -2.434189E-06
101.0183 344.6967 158.1701 -2.434189E-06
101.1183 344.6967 158.1701 -2.434189E-06
101.2183 344.6967 158.1701 -2.434189E-06
101.3183 344.6967 158.1701 -2.434189E-06
101.4183 344.6967 158.1701 -2.434189E-06
101.5183 344.6967 158.1701 -2.434189E-06
101.6183 344.6967 158.1701 -2.434189E-06
101.7183 344.6967 158.1701 -2.434189E-06
101.8183 344.6967 158.1701 -2.434189E-06
101.9183 344.6967 158.1701 -2.434189E-06
102.0183 344.6967 158.1701 -2.434189E-06
102.1183 344.6967 158.1701 -2.434189E-06
102.2183 344.6967 158.1701 -2.434189E-06
102.3183 344.6967 158.1701 -2.434189E-06
102.4183 344.6967 158.1701 -2.434189E-06
102.5183 344.6967 158.1701 -2.434189E-06
102.6183 344.6967 158.1701 -2.434189E-06
102.7183 344.6967 158.1701 -2.434189E-06
102.8183 344.6967 158.1701 -2.434189E-06
102.9183 344.6967 158.1701 -2.434189E-06
103.0183 344.6967 158.1701 -2.434189E-06
103.1183 344.6967 158.1701 -2.434189E-06
103.2183 344.6967 158.1701 -2.434189E-06
103.3183 344.6967 158.1701 -2.434189E-06
103.4183 344.6967 158.1701 -2.434189E-06
103.5183 344.6967 158.1701 -2.434189E-06
103.6183 344.6967 158.1701 -2.434189E-06
103.7183 344.6967 158.1701 -2.434189E-06
103.8183 344.6967 158.1701 -2.434189E-06
103.9183 344.6967 158.1701 -2.434189E-06
104.0183 344.6967 158.1701 -2.434189E-06
104.1183 344.6967 158.1701 -2.434189E-06
104.2183 344.6967 158.1701 -2.434189E-06
104.3183 344.6967 158.1701 -2.434189E-06
104.4183 344.6967 158.1701 -2.434189E-06
104.5183 344.6967 158.1701 -2.434189E-06
104.6183 344.6967 158.1701 -2.434189E-06
104.7183 344.6967 158.1701 -2.434189E-06
104.8183 344.6967 158.1701 -2.434189E-06
104.9183 344.6967 158.1701 -2.434189E-06
105.0183 344.6967 158.1701 -2.434189E-06
105.1183 344.6967 158.1701 -2.434189E-06
105.2183 344.6967 158.1701 -2.434189E-06
105.3183 344.6967 158.1701 -2.434189E-06
105.4183 344.6967 158.1701 -2.434189E-06
105.5183 344.6967 158.1701 -2.434189E-06
105.6183 344.6967 158.1701 -2.434189E-06
105.7183 344.6967 158.1701 -2.434189E-06
105.8183 344.6967 158.1701 -2.434189E-06
105.9183 344.6967 158.1701 -2.434189E-06
106.0183 344.6967 158.1701 -2.434189E-06
106.1183 344.6967 158.1701 -2.434189E-06
106.2183 344.6967 158.1701 -2.434189E-06
106.3183 344.6967 158.1701 -2.434189E-06
106.4183 344.6967 158.1701 -2.434189E-06
106.5183 344.6967 158.1701 -2.434189E-06
106.6183 344.6967 158.1701 -2.434189E-06
106.7183 344.6967 158.1701 -2.434189E-06
106.8183 344.6967 158.1701 -2.434189E-06
106.9183 344.6967 158.1701 -2.434189E-06
107.0183 344.6967 158.1701 -2.434189E-06
107.1183 344.6967 158.1701 -2.434189E-06
107.2183 344.6967 158.1701 -2.434189E-06
107.3183 344.6967 158.1701 -2.434189E-06
107.4183 344.6967 158.1701 -2.434189E-06
107.5183 344.6967 158.1701 -2.434189E-06
107.6183 344.6967 158.1701 -2.434189E-06
107.7183 344.6967 158.1701 -2.434189E-06
107.8183 344.6967 158.1701 -2.434189E-06
107.9183 344.6967 158.1701 -2.434189E-06
108.0183 344.6967 158.1701 -2.434189E-06
108.1183 344.6967 158.1701 -2.434189E-06
108.2183 344.6967 158.1701 -2.434189E-06
108.3183 344.6967 158.1701 -2.434189E-06
108.4183 344.6967 158.1701 -2.434189E-06
108.5183 344.6967 158.1701 -2.434189E-06
108.6183 344.6967 158.1701 -2.434189E-06
108.7183 344.6967 158.1701 -2.434189E-06
108.8183 344.6967 158.1701 -2.434189E-06
108.9183 344.6967 158.1701 -2.434189E-06
109.0183 344.6967 158.1701 -2.434189E-06
109.1183 344.6967 158.1701 -2.434189E-06
109.2183 344.6967 158.1701 -2.434189E-06
109.3183 344.6967 158.1701 -2.434189E-06
109.4183 344.6967 158.1701 -2.434189E-06
109.5183 344.6967 158.1701 -2.434189E-06
109.6183 344.6967 158.1701 -2.434189E-06
109.7183 344.6967 158.1701 -2.434189E-06
109.8183 344.6967 158.1701 -2.434189E-06
109.9183 344.6967 158.1701 -2.434189E-06
110.0183 344.6967 158.1701 -2.434189E-06
110.1183 344.6967 158.1701 -2.434189E-06
110.2183 344.6967 158.1701 -2.434189E-06
110.3183 344.6967 158.1701 -2.434189E-06
110.4183 344.6967 158.1701 -2.434189E-06
110.5183 344.6967 158.1701 -2.434189E-06
110.6183 344.6967 158.1701 -2.434189E-06
110.7183 344.6967 158.1701 -2.434189E-06
110.8183 344.6967 158.1701 -2.434189E-06
110.9183 344.6967 158.1701 -2.434189E-06
111.0183 344.6967 158.1701 -2.434189E-06
111.1183 344.6967 158.1701 -2.434189E-06
111.2183 344.6967 158.1701 -2.434189E-06
111.3183 344.6967 158.1701 -2.434189E-06
111.4183 344.6967 158.1701 -2.434189E-06
111.5183 344.6967 158.1701 -2.434189E-06
111.6183 344.6967 158.1701 -2.434189E-06
111.7183 344.6967 158.1701 -2.434189E-06
111.8183 344.6967 158.1701 -2.434189E-06
111.9183 344.6967 158.1701 -2.434189E-06
112.0183 344.6967 158.1701 -2.434189E-06
112.1183 344.6967 158.1701 -2.434189E-06
112.2183 344.6967 158.1701 -2.434189E-06
112.3183 344.6967 158.1701 -2.434189E-06
112.4183 344.6967 158.1701 -2.434189E-06
112.5183 344.6967 158.1701 -2.434189E-06
112.6183 344.6967 158.1701 -2.434189E-06
112.7183 344.6967 158.1701 -2.434189E-06
112.8183 344.6967 158.1701 -2.434189E-06
112.9183 344.6967 158.1701 -2.434189E-06
113.0183 344.6967 158.1701 -2.434189E-06
113.1183 344.6967 158.1701 -2.434189E-06
113.2183 344.6967 158.1701 -2.434189E-06
113.3183 344.6967 158.1701 -2.434189E-06
113.4183 344.6967 158.1701 -2.434189E-06
113.5183 344.6967 158.1701 -2.434189E-06
113.6183 344.6967 158.1701 -2.434189E-06
113.7183 344.6967 158.1701 -2.434189E-06
113.8183 344.6967 158.1701 -2.434189E-06
113.9183 344.6967 158.1701 -2.434189E-06
114.0183 344.6967 158.1701 -2.434189E-06
114.1183 344.6967 158.1701 -2.434189E-06
114.2183 344.6967 158.1701 -2.434189E-06
114.3183 344.6967 158.1701 -2.434189E-06
114.4183 344.6967 158.1701 -2.434189E-06
114.5183 344.6967 158.1701 -2.434189E-06
114.6183 344.6967 158.1701 -2.434189E-06
114.7183 344.6967 158.1701 -2.434189E-06
114.8183 344.6967 158.1701 -2.434189E-06
114.9183 344.6967 158.1701 -2.434189E-06
115.0183 344.6967 158.1701 -2.434189E-06
115.1183 344.6967 158.1701 -2.434189E-06
115.2183 344.6967 158.1701 -2.434189E-06
115.3183 344.6967 158.1701 -2.434189E-06
115.4183 344.6967 158.1701 -2.434189E-06
115.5183 344.6967 158.1701 -2.434189E-06
115.6183 344.6967 158.1701 -2.434189E-06
115.7183 344.6967 158.1701 -2.434189E-06
115.8183 344.6967 158.1701 -2.434189E-06
115.9183 344.6967 158.1701 -2.434189E-06
116.0183 344.6967 158.1701 -2.434189E-06
116.1183 344.6967 158.1701 -2.434189E-06
116.2183 344.6967 158.1701 -2.434189E-06
116.3183 344.6967 158.1701 -2.434189E-06
116.4183 344.6967 158.1701 -2.434189E-06
116.5183 344.6967 158.1701 -2.434189E-06
116.6183 344.6967 158.1701 -2.434189E-06
116.7183 344.6967 158.1701 -2.434189E-06
116.8183 344.6967 158.1701 -2.434189E-06
116.9183 344.6967 158.1701 -2.434189E-06
117.0183 344.6967 158.1701 -2.434189E-06
117.1183 344.6967 158.1701 -2.434189E-06
117.2183 344.6967 158.1701 -2.434189E-06
117.3183 344.6967 158.1701 -2.434189E-06
117.4183 344.6967 158.1701 -2.434189E-06
117.5183 344.6967 158.1701 -2.434189E-06
117.6183 344.6967 158.1701 -2.434189E-06
117.7183 344.6967 158.1701 -2.434189E-06
117.8183 344.6967 158.1701 -2.434189E-06
117.9183 344.6967 158.1701 -2.434189E-06
118.0183 344.6967 158.1701 -2.434189E-06
118.1183 344.6967 158.1701 -2.434189E-06
118.2183 344.6967 158.1701 -2.434189E-06
118.3183 344.6967 158.1701 -2.434189E-06
118.4183 344.6967 158.1701 -2.434189E-06
118.5183 344.6967 158.1701 -2.434189E-06
118.6183 344.6967 158.1701 -2.434189E-06
118.7183 344.6967 158.1701 -2.434189E-06
118.8183 344.6967 158.1701 -2.434189E-06
118.9183 344.6967 158.1701 -2.434189E-06
119.0183 344.6967 158.1701 -2.434189E-06
119.1183 344.6967 158.1701 -2.434189E-06
119.2183 344.6967 158.1701 -2.434189E-06
119.3183 344.6967 158.1701 -2.434189E-06
119.4183 344.6967 158.1701 -2.434189E-06
119.5183 344.6967 158.1701 -2.434189E-06
119.6183 344.6967 158.1701 -2.434189E-06
119.7183 344.6967 158.1701 -2.434189E-06
119.8183 344.6967 158.1701 -2.434189E-06
119.9183 344.6967 158.1701 -2.434189E-06
120.0183 344.6967 158.1701 -2.434189E-06
120.1183 344.6967 158.1701 -2.434189E-06
120.2183 344.6967 158.1701 -2.434189E-06
120.3183 344.6967 158.1701 -2.434189E-06
120.4183 344.6967 158.1701 -2.434189E-06
120.5183 344.6967 158.1701 -2.434189E-06
120.6183 344.6967 158.1701 -2.434189E-06
120.7183 344.6967 158.1701 -2.434189E-06
120.8183 344.6967 158.1701 -2.434189E-06
120.9183 344.6967 158.1701 -2.434189E-06
121.0183 344.6967 158.1701 -2.434189E-06
121.1183 344.6967 158.1701 -2.434189E-06
121.2183 344.6967 158.1701 -2.434189E-06
121.3183 344.6967 158.1701 -2.434189E-06
121.4183 344.6967 158.1701 -2.434189E-06
121.5183 344.6967 158.1701 -2.434189E-06
121.6183 344.6967 158.1701 -2.434189E-06
121.7183 344.6967 158.1701 -2.434189E-06
121.8183 344.6967 158.1701 -2.434189E-06
121.9183 344.6967 158.1701 -2.434189E-06
122.0183 344.6967 158.1701 -2.434189E-06
122.1183 344.6967 158.1701 -2.434189E-06
122.2183 344.6967 158.1701 -2.434189E-06
122.3183 344.6967 158.1701 -2.434189E-06
122.4183 344.6967 158.1701 -2.434189E-06
122.5183 344.6967 158.1701 -2.434189E-06
122.6183 344.6967 158.1701 -2.434189E-06
122.7183 344.6967 158.1701 -2.434189E-06
122.8183 344.6967 158.1701 -2.434189E-06
122.9183 344.6967 158.1701 -2.434189E-06
123.0183 344.6967 158.1701 -2.434189E-06
123.1183 344.6967 158.1701 -2.434189E-06
123.2183 344.6967 158.1701 -2.434189E-06
123.3183 344.6967 158.1701 -2.434189E-06
123.4183 344.6967 158.1701 -2.434189E-06
123.5183 344.6967 158.1701 -2.434189E-06
123.6183 344.6967 158.1701 -2.434189E-06
123.7183 344.6967 158.1701 -2.434189E-06
123.8183 344.6967 158.1701 -2.434189E-06
123.9183 344.6967 158.1701 -2.434189E-06
124.0183 344.6967 158.1701 -2.434189E-06
124.1183 344.6967 158.1701 -2.434189E-06
124.2183 344.6967 158.1701 -2.434189E-06
124.3183 344.6967 158.1701 -2.434189E-06
124.4183 344.6967 158.1701 -2.434189E-06
124.5183 344.6967 158.1701 -2.434189E-06
124.6183 344.6967 158.1701 -2.434189E-06
124.7183 344.6967 158.1701 -2.434189E-06
124.8183 344.6967 158.1701 -2.434189E-06
124.9183 344.6967 158.1701 -2.434189E-06
125.0183 344.6967 158.1701 -2.434189E-06
125.1183 344.6967 158.1701 -2.434189E-06
125.2183 344.6967 158.1701 -2.434189E-06
125.3183 344.6967 158.1701 -2.434189E-06
125.4183 344.6967 158.1701 -2.434189E-06
125.5183 344.6967 158.1701 -2.434189E-06
125.6183 344.6967 158.1701 -2.434189E-06
125.7183 344.6967 158.1701 -2.434189E-06
125.8183 344.6967 158.1701 -2.434189E-06
125.9183 344.6967 158.1701 -2.434189E-06
126.0183 344.6967 158.1701 -2.434189E-06
126.1183 344.6967 158.1701 -2.434189E-06
126.2183 344.6967 158.1701 -2.434189E-06
126.3183 344.6967 158.1701 -2.434189E-06
126.4183 344.6967 158.1701 -2.434189E-06
126.5183 344.6967 158.1701 -2.434189E-06
126.6183 344.6967 158.1701 -2.434189E-06
126.7183 344.6967 158.1701 -2.434189E-06
126.8183 344.6967 158.1701 -2.434189E-06
126.9183 344.6967 158.1701 -2.434189E-06
127.0183 344.6967 158.1701 -2.434189E-06
127.1183 344.6967 158.1701 -2.434189E-06
127.2183 344.6967 158.1701 -2.434189E-06
127.3183 344.6967 158.1701 -2.434189E-06
127.4183 344.6967 158.1701 -2.434189E-06
127.5183 344.6967 158.1701 -2.434189E-06
127.6183 344.6967 158.1701 -2.434189E-06
127.7183 344.6967 158.1701 -2.434189E-06
127.8183 344.6967 158.1701 -2.434189E-06
127.9183 344.6967 158.1701 -2.434189E-06
128.0183 344.6967 158.1701 -2.434189E-06
128.1183 344.6967 158.1701 -2.434189E-06
128.2183 344.6967 158.1701 -2.434189E-06
128.3183 344.6967 158.1701 -2.434189E-06
128.4183 344.6967 158.1701 -2.434189E-06
128.5183 344.6967 158.1701 -2.434189E-06
128.6183 344.6967 158.1701 -2.434189E-06
128.7183 344.6967 158.1701 -2.434189E-06
128.8183 344.6967 158.1701 -2.434189E-06
128.9183 344.6967 158.1701 -2.434189E-06
129.0183 344.6967 158.1701 -2.434189E-06
129.1183 344.6967 158.1701 -2.434189E-06
129.2183 344.6967 158.1701 -2.434189E-06
129.3183 344.6967 158.1701 -2.434189E-06
129.4183 344.6967 158.1701 -2.434189E-06
129.5183 344.6967 158.1701 -2.434189E-06
129.6183 344.6967 158.1701 -2.434189E-06
129.7183 344.6967 158.1701 -2.434189E-06
129.8183 344.6967 158.1701 -2.434189E-06
129.9183 344.6967 158.1701 -2.434189E-06
130.0183 344.6967 158.1701 -2.434189E-06
130.1183 344.6967 158.1701 -2.434189E-06
130.2183 344.6967 158.1701 -2.434189E-06
130.3183 344.6967 158.1701 -2.434189E-06
130.4183 344.6967 158.1701 -2.434189E-06
130.5183 344.6967 158.1701 -2.434189E-06
130.6183 344.6967 158.1701 -2.434189E-06
130.7183 344.6967 158.1701 -2.434189E-06
130.8183 344.6967 158.1701 -2.434189E-06
130.9183 344.6967 158.1701 -2.434189E-06
131.0183 344.6967 158.1701 -2.434189E-06
131.1183 344.6967 158.1701 -2.434189E-06
131.2183 344.6967 158.1701 -2.434189E-06
131.3183 344.6967 158.1701 -2.434189E-06
131.4183 344.6967 158.1701 -2.434189E-06
131.5183 344.6967 158.1701 -2.434189E-06
131.6183 344.6967 158.1701 -2.434189E-06
131.7183 344.6967 158.1701 -2.434189E-06
131.8183 344.6967 158.1701 -2.434189E-06
131.9183 344.6967 158.1701 -2.434189E-06
132.0183 344.6967 158.1701 -2.434189E-06
132.1183 344.6967 158.1701 -2.434189E-06
132.2183 344.6967 158.1701 -2.434189E-06
132.3183 344.6967 158.1701 -2.434189E-06
132.4183 344.6967 158.1701 -2.434189E-06
132.5183 344.6967 158.1701 -2.434189E-06
132.6183 344.6967 158.1701 -2.434189E-06
132.7183 344.6967 158.1701 -2.434189E-06
132.8183 344.6967 158.1701 -2.434189E-06
132.9183 344.6967 158.1701 -2.434189E-06
133.0183 344.6967 158.1701 -2.434189E-06
133.1183 344.6967 158.1701 -2.434189E-06
133.2183 344.6967 158.1701 -2.434189E-06
133.3183 344.6967 158.1701 -2.434189E-06
133.4183 344.6967 158.1701 -2.434189E-06
133.5183 344.6967 158.1701 -2.434189E-06
133.6183 344.6967 158.1701 -2.434189E-06
133.7183 344.6967 158.1701 -2.434189E-06
133.8183 344.6967 158.1701 -2.434189E-06
133.9183 344.6967 158.1701 -2.434189E-06
134.0183 344.6967 158.1701 -2.434189E-06
134.1183 344.6967 158.1701 -2.434189E-06
134.2183 344.6967 158.1701 -2.434189E-06
134.3183 344.6967 158.1701 -2.434189E-06
134.4183 344.6967 158.1701 -2.434189E-06
134.5183 344.6967 158.1701 -2.434189E-06
134.6183 344.6967 158.1701 -2.434189E-06
134.7183 344.6967 158.1701 -2.434189E-06
134.8183 344.6967 158.1701 -2.434189E-06
134.9183 344.6967 158.1701 -2.434189E-06
135.0183 344.6967 158.1701 -2.434189E-06
135.1183 344.6967 158.1701 -2.434189E-06
135.2183 344.6967 158.1701 -2.434189E-06
135.3183 344.6967 158.1701 -2.434189E-06
135.4183 344.6967 158.1701 -2.434189E-06
135.5183 344.6967 158.1701 -2.434189E-06
135.6183 344.6967 158.1701 -2.434189E-06
135.7183 344.6967 158.1701 -2.434189E-06
135.8183 344.6967 158.1701 -2.434189E-06
135.9183 344.6967 158.1701 -2.434189E-06
136.0183 344.6967 158.1701 -2.434189E-06
136.1183 344.6967 158.1701 -2.434189E-06
136.2183 344.6967 158.1701 -2.434189E-06
136.3183 344.6967 158.1701 -2.434189E-06
136.4183 344.6967 158.1701 -2.434189E-06
136.5183 344.6967 158.1701 -2.434189E-06
136.6183 344.6967 158.1701 -2.434189E-06
136.7183 344.6967 158.1701 -2.434189E-06
136.8183 344.6967 158.1701 -2.434189E-06
136.9183 344.6967 158.1701 -2.434189E-06
137.0183 344.6967 158.1701 -2.434189E-06
137.1183 344.6967 158.1701 -2.434189E-06
137.2183 344.6967 158.1701 -2.434189E-06
137.3183 344.6967 158.1701 -2.434189E-06
137.4183 344.6967 158.1701 -2.434189E-06
137.5183 344.6967 158.1701 -2.434189E-06
137.6183 344.6967 158.1701 -2.434189E-06
137.7183 344.6967 158.1701 -2.434189E-06
137.8183 344.6967 158.1701 -2.434189E-06
137.9183 344.6967 158.1701 -2.434189E-06
138.0183 344.6967 158.1701 -2.434189E-06
138.1183 344.6967 158.1701 -2.434189E-06
138.2183 344.6967 158.1701 -2.434189E-06
138.3183 344.6967 158.1701 -2.434189E-06
138.4183 344.6967 158.1701 -2.434189E-06
138.5183 344.6967 158.1701 -2.434189E-06
138.6183 344.6967 158.1701 -2.434189E-06
138.7183 344.6967 158.1701 -2.434189E-06
138.8183 344.6967 158.1701 -2.434189E-06
138.9183 344.6967 158.1701 -2.434189E-06
139.0183 344.6967 158.1701 -2.434189E-06
139.1183 344.6967 158.1701 -2.434189E-06
139.2183 344.6967 158.1701 -2.434189E-06
139.3183 344.6967 158.1701 -2.434189E-06
139.4183 344.6967 158.1701 -2.434189E-06
139.5183 344.6967 158.1701 -2.434189E-06
139.6183 344.6967 158.1701 -2.434189E-06
139.7183 344.6967 158.1701 -2.434189E-06
139.8183 344.6967 158.1701 -2.434189E-06
139.9183 344.6967 158.1701 -2.434189E-06
140.0183 344.6967 158.1701 -2.434189E-06
140.1183 344.6967 158.1701 -2.434189E-06
140.2183 344.6967 158.1701 -2.434189E-06
140.3183 344.6967 158.1701 -2.434189E-06
140.4183 344.6967 158.1701 -2.434189E-06
140.5183 344.6967 158.1701 -2.434189E-06
140.6183 344.6967 158.1701 -2.434189E-06
140.7183 344.6967 158.1701 -2.434189E-06
140.8183 344.6967 158.1701 -2.434189E-06
140.9183 344.6967 158.1701 -2.434189E-06
141.0183 344.6967 158.1701 -2.434189E-06
141.1183 344.6967 158.1701 -2.434189E-06
141.2183 344.6967 158.1701 -2.434189E-06
141.3183 344.6967 158.1701 -2.434189E-06
141.4183 344.6967 158.1701 -2.434189E-06
141.5183 344.6967 158.1701 -2.434189E-06
141.6183 344.6967 158.1701 -2.434189E-06
141.7183 344.6967 158.1701 -2.434189E-06
141.8183 344.6967 158.1701 -2.434189E-06
141.9183 344.6967 158.1701 -2.434189E-06
142.0183 344.6967 158.1701 -2.434189E-06
142.1183 344.6967 158.1701 -2.434189E-06
142.2183 344.6967 158.1701 -2.434189E-06
142.3183 344.6967 158.1701 -2.434189E-06
142.4183 344.6967 158.1701 -2.434189E-06
142.5183 344.6967 158.1701 -2.434189E-06
142.6183 344.6967 158.1701 -2.434189E-06
142.7183 344.6967 158.1701 -2.434189E-06
142.8183 344.6967 158.1701 -2.434189E-06
142.9183 344.6967 158.1701 -2.434189E-06
143.0183 344.6967 158.1701 -2.434189E-06
143.1183 344.6967 158.1701 -2.434189E-06
143.2183 344.6967 158.1701 -2.434189E-06
143.3183 344.6967 158.1701 -2.434189E-06
143.4183 344.6967 158.1701 -2.434189E-06
143.5183 344.6967 158.1701 -2.434189E-06
143.6183 344.6967 158.1701 -2.434189E-06
143.7183 344.6967 158.1701 -2.434189E-06
143.8183 344.6967 158.1701 -2.434189E-06
143.9183 344.6967 158.1701 -2.434189E-06
144.0183 344.6967 158.1701 -2.434189E-06
144.1183 344.6967 158.1701 -2.434189E-06
144.2183 344.6967 158.1701 -2.434189E-06
144.3183 344.6967 158.1701 -2.434189E-06
144.4183 344.6967 158.1701 -2.434189E-06
144.5183 344.6967 158.1701 -2.434189E-06
144.6183 344.6967 158.1701 -2.434189E-06
144.7183 344.6967 158.1701 -2.434189E-06
144.8183 344.6967 158.1701 -2.434189E-06
144.9183 344.6967 158.1701 -2.434189E-06
145.0183 344.6967 158.1701 -2.434189E-06
145.1183 344.6967 158.1701 -2.434189E-06
145.2183 344.6967 158.1701 -2.434189E-06
145.3183 344.6967 158.1701 -2.434189E-06
145.4183 344.6967 158.1701 -2.434189E-06
145.5183 344.6967 158.1701 -2.434189E-06
145.6183 344.6967 158.1701 -2.434189E-06
145.7183 344.6967 158.1701 -2.434189E-06
145.8183 344.6967 158.1701 -2.434189E-06
145.9183 344.6967 158.1701 -2.434189E-06
146.0183 344.6967 158.1701 -2.434189E-06
146.1183 344.6967 158.1701 -2.434189E-06
146.2183 344.6967 158.1701 -2.434189E-06
146.3183 344.6967 158.1701 -2.434189E-06
146.4183 344.6967 158.1701 -2.434189E-06
146.5183 344.6967 158.1701 -2.434189E-06
146.6183 344.6967 158.1701 -2.434189E-06
146.7183 344.6967 158.1701 -2.434189E-06
146.8183 344.6967 158.1701 -2.434189E-06
146.9183 344.6967 158.1701 -2.434189E-06
147.0183 344.6967 158.1701 -2.434189E-06
147.1183 344.6967 158.1701 -2.434189E-06
147.2183 344.6967 158.1701 -2.434189E-06
147.3183 344.6967 158.1701 -2.434189E-06
147.4183 344.6967 158.1701 -2.434189E-06
147.5183 344.6967 158.1701 -2.434189E-06
147.6183 344.6967 158.1701 -2.434189E-06
147.7183 344.6967 158.1701 -2.434189E-06
147.8183 344.6967 158.1701 -2.434189E-06
147.9183 344.6967 158.1701 -2.434189E-06
148.0183 344.6967 158.1701 -2.434189E-06
148.1183 344.6967 158.1701 -2.434189E-06
148.2183 344.6967 158.1701 -2.434189E-06
148.3183 344.6967 158.1701 -2.434189E-06
148.4183 344.6967 158.1701 -2.434189E-06
148.5183 344.6967 158.1701 -2.434189E-06
148.6183 344.6967 158.1701 -2.434189E-06
148.7183 344.6967 158.1701 -2.434189E-06
148.8183 344.6967 158.1701 -2.434189E-06
148.9183 344.6967 158.1701 -2.434189E-06
149.0183 344.6967 158.1701 -2.434189E-06
149.1183 344.6967 158.1701 -2.434189E-06
149.2183 344.6967 158.1701 -2.434189E-06
149.3183 344.6967 158.1701 -2.434189E-06
149.4183 344.6967 158.1701 -2.434189E-06
149.5183 344.6967 158.1701 -2.434189E-06
149.6183 344.6967 158.1701 -2.434189E-06
149.7183 344.6967 158.1701 -2.434189E-06
149.8183 344.6967 158.1701 -2.434189E-06
149.9183 344.6967 158.1701 -2.434189E-06
150.0183 344.6967 158.1701 -2.434189E-06
150.1183 344.6967 158.1701 -2.434189E-06
150.2183 344.6967 158.1701 -2.434189E-06
150.3183 344.6967 158.1701 -2.434189E-06
150.4183 344.6967 158.1701 -2.434189E-06
150.5183 344.6967 158.1701 -2.434189E-06
150.6183 344.6967 158.1701 -2.434189E-06
150.7183 344.6967 158.1701 -2.434189E-06
150.8183 344.6967 158.1701 -2.434189E-06
150.9183 344.6967 158.1701 -2.434189E-06
151.0183 344.6967 158.1701 -2.434189E-06
151.1183 344.6967 158.1701 -2.434189E-06
151.2183 344.6967 158.1701 -2.434189E-06
151.3183 344.6967 158.1701 -2.434189E-06
151.4183 344.6967 158.1701 -2.434189E-06
151.5183 344.6967 158.1701 -2.434189E-06
151.6183 344.6967 158.1701 -2.434189E-06
151.7183 344.6967 158.1701 -2.434189E-06
151.8183 344.6967 158.1701 -2.434189E-06
151.9183 344.6967 158.1701 -2.434189E-06
152.0183 344.6967 158.1701 -2.434189E-06
152.1183 344.6967 158.1701 -2.434189E-06
152.2183 344.6967 158.1701 -2.434189E-06
152.3183 344.6967 158.1701 -2.434189E-06
152.4183 344.6967 158.1701 -2.434189E-06
152.5183 344.6967 158.1701 -2.434189E-06
152.6183 344.6967 158.1701 -2.434189E-06
152.7183 344.6967 158.1701 -2.434189E-06
152.8183 344.6967 158.1701 -2.434189E-06
152.9183 344.6967 158.1701 -2.434189E-06
153.0183 344.6967 158.1701 -2.434189E-06
153.1183 344.6967 158.1701 -2.434189E-06
153.2183 344.6967 158.1701 -2.434189E-06
153.3183 344.6967 158.1701 -2.434189E-06
153.4183 344.6967 158.1701 -2.434189E-06
153.5183 344.6967 158.1701 -2.434189E-06
153.6183 344.6967 158.1701 -2.434189E-06
153.7183 344.6967 158.1701 -2.434189E-06
153.8183 344.6967 158.1701 -2.434189E-06
153.9183 344.6967 158.1701 -2.434189E-06
154.0183 344.6967 158.1701 -2.434189E-06
154.1183 344.6967 158.1701 -2.434189E-06
154.2183 344.6967 158.1701 -2.434189E-06
154.3183 344.6967 158.1701 -2.434189E-06
154.4183 344.6967 158.1701 -2.434189E-06
154.5183 344.6967 158.1701 -2.434189E-06
154.6183 344.6967 158.1701 -2.434189E-06
154.7183 344.6967 158.1701 -2.434189E-06
154.8183 344.6967 158.1701 -2.434189E-06
154.9183 344.6967 158.1701 -2.434189E-06
155.0183 344.6967 158.1701 -2.434189E-06
155.1183 344.6967 158.1701 -2.434189E-06
155.2183 344.6967 158.1701 -2.434189E-06
155.3183 344.6967 158.1701 -2.434189E-06
155.4183 344.6967 158.1701 -2.434189E-06
155.5183 344.6967 158.1701 -2.434189E-06
155.6183 344.6967 158.1701 -2.434189E-06
155.7183 344.6967 158.1701 -2.434189E-06
155.8183 344.6967 158.1701 -2.434189E-06
155.9183 344.6967 158.1701 -2.434189E-06
156.0183 344.6967 158.1701 -2.434189E-06
156.1183 344.6967 158.1701 -2.434189E-06
156.2183 344.6967 158.1701 -2.434189E-06
156.3183 344.6967 158.1701 -2.434189E-06
156.4183 344.6967 158.1701 -2.434189E-06
156.5183 344.6967 158.1701 -2.434189E-06
156.6183 344.6967 158.1701 -2.434189E-06
156.7183 344.6967 158.1701 -2.434189E-06
156.8183 344.6967 158.1701 -2.434189E-06
156.9183 344.6967 158.1701 -2.434189E-06
157.0183 344.6967 158.1701 -2.434189E-06
157.1183 344.6967 158.1701 -2.434189E-06
157.2183 344.6967 158.1701 -2.434189E-06
157.3183 344.6967 158.1701 -2.434189E-06
157.4183 344.6967 158.1701 -2.434189E-06
157.5183 344.6967 158.1701 -2.434189E-06
157.6183 344.6967 158.1701 -2.434189E-06
157.7183 344.6967 158.1701 -2.434189E-06
157.8183 344.6967 158.1701 -2.434189E-06
157.9183 344.6967 158.1701 -2.434189E-06
158.0183 344.6967 158.1701 -2.434189E-06
158.1183 344.6967 158.1701 -2.434189E-06
158.2183 344.6967 158.1701 -2.434189E-06
158.3183 344.6967 158.1701 -2.434189E-06
158.4183 344.6967 158.1701 -2.434189E-06
158.5183 344.6967 158.1701 -2.434189E-06
158.6183 344.6967 158.1701 -2.434189E-06
158.7183 344.6967 158.1701 -2.434189E-06
158.8183 344.6967 158.1701 -2.434189E-06
158.9183 344.6967 158.1701 -2.434189E-06
159.0183 344.6967 158.1701 -2.434189E-06
159.1183 344.6967 158.1701 -2.434189E-06
159.2183 344.6967 158.1701 -2.434189E-06
159.3183 344.6967 158.1701 -2.434189E-06
159.4183 344.6967 158.1701 -2.434189E-06
159.5183 344.6967 158.1701 -2.434189E-06
159.6183 344.6967 158.1701 -2.434189E-06
159.7183 344.6967 158.1701 -2.434189E-06
159.8183 344.6967 158.1701 -2.434189E-06
159.9183 344.6967 158.1701 -2.434189E-06
160.0183 344.6967 158.1701 -2.434189E-06
160.1183 344.6967 158.1701 -2.434189E-06
160.2183 344.6967 158.1701 -2.434189E-06
160.3183 344.6967 158.1701 -2.434189E-06
160.4183 344.6967 158.1701 -2.434189E-06
160.5183 344.6967 158.1701 -2.434189E-06
160.6183 344.6967 158.1701 -2.434189E-06
160.7183 344.6967 158.1701 -2.434189E-06
160.8183 344.6967 158.1701 -2.434189E-06
160.9183 344.6967 158.1701 -2.434189E-06
161.0183 344.6967 158.1701 -2.434189E-06
161.1183 344.6967 158.1701 -2.434189E-06
161.2183 344.6967 158.1701 -2.434189E-06
161.3183 344.6967 158.1701 -2.434189E-06
161.4183 344.6967 158.1701 -2.434189E-06
161.5183 344.6967 158.1701 -2.434189E-06
161.6183 344.6967 158.1701 -2.434189E-06
161.7183 344.6967 158.1701 -2.434189E-06
161.8183 344.6967 158.1701 -2.434189E-06
161.9183 344.6967 158.1701 -2.434189E-06
162.0183 344.6967 158.1701 -2.434189E-06
162.1183 344.6967 158.1701 -2.434189E-06
162.2183 344.6967 158.1701 -2.434189E-06
162.3183 344.6967 158.1701 -2.434189E-06
162.4183 344.6967 158.1701 -2.434189E-06
162.5183 344.6967 158.1701 -2.434189E-06
162.6183 344.6967 158.1701 -2.434189E-06
162.7183 344.6967 158.1701 -2.434189E-06
162.8183 344.6967 158.1701 -2.434189E-06
162.9183 344.6967 158.1701 -2.434189E-06
163.0183 344.6967 158.1701 -2.434189E-06
163.1183 344.6967 158.1701 -2.434189E-06
163.2183 344.6967 158.1701 -2.434189E-06
163.3183 344.6967 158.1701 -2.434189E-06
163.4183 344.6967 158.1701 -2.434189E-06
163.5183 344.6967 158.1701 -2.434189E-06
163.6183 344.6967 158.1701 -2.434189E-06
163.7183 344.6967 158.1701 -2.434189E-06
163.8183 344.6967 158.1701 -2.434189E-06
163.9183 344.6967 158.1701 -2.434189E-06
164.0183 344.6967 158.1701 -2.434189E-06
164.1183 344.6967 158.1701 -2.434189E-06
164.2183 344.6967 158.1701 -2.434189E-06
164.3183 344.6967 158.1701 -2.434189E-06
164.4183 344.6967 158.1701 -2.434189E-06
164.5183 344.6967 158.1701 -2.434189E-06
164.6183 344.6967 158.1701 -2.434189E-06
164.7183 344.6967 158.1701 -2.434189E-06
164.8183 344.6967 158.1701 -2.434189E-06
164.9183 344.6967 158.1701 -2.434189E-06
165.0183 344.6967 158.1701 -2.434189E-06
165.1183 344.6967 158.1701 -2.434189E-06
165.2183 344.6967 158.1701 -2.434189E-06
165.3183 344.6967 158.1701 -2.434189E-06
165.4183 344.6967 158.1701 -2.434189E-06
165.5183 344.6967 158.1701 -2.434189E-06
165.6183 344.6967 158.1701 -2.434189E-06
165.7183 344.6967 158.1701 -2.434189E-06
165.8183 344.6967 158.1701 -2.434189E-06
165.9183 344.6967 158.1701 -2.434189E-06
166.0183 344.6967 158.1701 -2.434189E-06
166.1183 344.6967 158.1701 -2.434189E-06
166.2183 344.6967 158.1701 -2.434189E-06
166.3183 344.6967 158.1701 -2.434189E-06
166.4183 344.6967 158.1701 -2.434189E-06
166.5183 344.6967 158.1701 -2.434189E-06
166.6183 344.6967 158.1701 -2.434189E-06
166.7183 344.6967 158.1701 -2.434189E-06
166.8183 344.6967 158.1701 -2.434189E-06
166.9183 344.6967 158.1701 -2.434189E-06
167.0183 344.6967 158.1701 -2.434189E-06
167.1183 344.6967 158.1701 -2.434189E-06
167.2183 344.6967 158.1701 -2.434189E-06
167.3183 344.6967 158.1701 -2.434189E-06
167.4183 344.6967 158.1701 -2.434189E-06
167.5183 344.6967 158.1701 -2.434189E-06
167.6183 344.6967 158.1701 -2.434189E-06
167.7183 344.6967 158.1701 -2.434189E-06
167.8183 344.6967 158.1701 -2.434189E-06
167.9183 344.6967 158.1701 -2.434189E-06
168.0183 344.6967 158.1701 -2.434189E-06
168.1183 344.6967 158.1701 -2.434189E-06
168.2183 344.6967 158.1701 -2.434189E-06
168.3183 344.6967 158.1701 -2.434189E-06
168.4183 344.6967 158.1701 -2.434189E-06
168.5183 344.6967 158.1701 -2.434189E-06
168.6183 344.6967 158.1701 -2.434189E-06
168.7183 344.6967 158.1701 -2.434189E-06
168.8183 344.6967 158.1701 -2.434189E-06
168.9183 344.6967 158.1701 -2.434189E-06
169.0183 344.6967 158.1701 -2.434189E-06
169.1183 344.6967 158.1701 -2.434189E-06
169.2183 344.6967 158.1701 -2.434189E-06
169.3183 344.6967 158.1701 -2.434189E-06
169.4183 344.6967 158.1701 -2.434189E-06
169.5183 344.6967 158.1701 -2.434189E-06
169.6183 344.6967 158.1701 -2.434189E-06
169.7183 344.6967 158.1701 -2.434189E-06
169.8183 344.6967 158.1701 -2.434189E-06
169.9183 344.6967 158.1701 -2.434189E-06
170.0183 344.6967 158.1701 -2.434189E-06
170.1183 344.6967 158.1701 -2.434189E-06
170.2183 344.6967 158.1701 -2.434189E-06
170.3183 344.6967 158.1701 -2.434189E-06
170.4183 344.6967 158.1701 -2.434189E-06
170.5183 344.6967 158.1701 -2.434189E-06
170.6183 344.6967 158.1701 -2.434189E-06
170.7183 344.6967 158.1701 -2.434189E-06
170.8183 344.6967 158.1701 -2.434189E-06
170.9183 344.6967 158.1701 -2.434189E-06
171.0183 344.6967 158.1701 -2.434189E-06
171.1183 344.6967 158.1701 -2.434189E-06
171.2183 344.6967 158.1701 -2.434189E-06
171.3183 344.6967 158.1701 -2.434189E-06
171.4183 344.6967 158.1701 -2.434189E-06
171.5183 344.6967 158.1701 -2.434189E-06
171.6183 344.6967 158.1701 -2.434189E-06
171.7183 344.6967 158.1701 -2.434189E-06
171.8183 344.6967 158.1701 -2.434189E-06
171.9183 344.6967 158.1701 -2.434189E-06
172.0183 344.6967 158.1701 -2.434189E-06
172.1183 344.6967 158.1701 -2.434189E-06
172.2183 344.6967 158.1701 -2.434189E-06
172.3183 344.6967 158.1701 -2.434189E-06
172.4183 344.6967 158.1701 -2.434189E-06
172.5183 344.6967 158.1701 -2.434189E-06
172.6183 344.6967 158.1701 -2.434189E-06
172.7183 344.6967 158.1701 -2.434189E-06
172.8183 344.6967 158.1701 -2.434189E-06
172.9183 344.6967 158.1701 -2.434189E-06
173.0183 344.6967 158.1701 -2.434189E-06
173.1183 344.6967 158.1701 -2.434189E-06
173.2183 344.6967 158.1701 -2.434189E-06
173.3183 344.6967 158.1701 -2.434189E-06
173.4183 344.6967 158.1701 -2.434189E-06
173.5183 344.6967 158.1701 -2.434189E-06
173.6183 344.6967 158.1701 -2.434189E-06
173.7183 344.6967 158.1701 -2.434189E-06
173.8183 344.6967 158.1701 -2.434189E-06
173.9183 344.6967 158.1701 -2.434189E-06
174.0183 344.6967 158.1701 -2.434189E-06
174.1183 344.6967 158.1701 -2.434189E-06
174.2183 344.6967 158.1701 -2.434189E-06
174.3183 344.6967 158.1701 -2.434189E-06
174.4183 344.6967 158.1701 -2.434189E-06
174.5183 344.6967 158.1701 -2.434189E-06
174.6183 344.6967 158.1701 -2.434189E-06
174.7183 344.6967 158.1701 -2.434189E-06
174.8183 344.6967 158.1701 -2.434189E-06
174.9183 344.6967 158.1701 -2.434189E-06
175.0183 344.6967 158.1701 -2.434189E-06
175.1183 344.6967 158.1701 -2.434189E-06
175.2183 344.6967 158.1701 -2.434189E-06
175.3183 344.6967 158.1701 -2.434189E-06
175.4183 344.6967 158.1701 -2.434189E-06
175.5183 344.6967 158.1701 -2.434189E-06
175.6183 344.6967 158.1701 -2.434189E-06
175.7183 344.6967 158.1701 -2.434189E-06
175.8183 344.6967 158.1701 -2.434189E-06
175.9183 344.6967 158.1701 -2.434189E-06
176.0183 344.6967 158.1701 -2.434189E-06
176.1183 344.6967 158.1701 -2.434189E-06
176.2183 344.6967 158.1701 -2.434189E-06
176.3183 344.6967 158.1701 -2.434189E-06
176.4183 344.6967 158.1701 -2.434189E-06
176.5183 344.6967 158.1701 -2.434189E-06
176.6183 344.6967 158.1701 -2.434189E-06
176.7183 344.6967 158.1701 -2.434189E-06
176.8183 344.6967 158.1701 -2.434189E-06
176.9183 344.6967 158.1701 -2.434189E-06
177.0183 344.6967 158.1701 -2.434189E-06
177.1183 344.6967 158.1701 -2.434189E-06
177.2183 344.6967 158.1701 -2.434189E-06
177.3183 344.6967 158.1701 -2.434189E-06
177.4183 344.6967 158.1701 -2.434189E-06
177.5183 344.6967 158.1701 -2.434189E-06
177.6183 344.6967 158.1701 -2.434189E-06
177.7183 344.6967 158.1701 -2.434189E-06
177.8183 344.6967 158.1701 -2.434189E-06
177.9183 344.6967 158.1701 -2.434189E-06
178.0183 344.6967 158.1701 -2.434189E-06
178.1183 344.6967 158.1701 -2.434189E-06
178.2183 344.6967 158.1701 -2.434189E-06
178.3183 344.6967 158.1701 -2.434189E-06
178.4183 344.6967 158.1701 -2.434189E-06
178.5183 344.6967 158.1701 -2.434189E-06
178.6183 344.6967 158.1701 -2.434189E-06
178.7183 344.6967 158.1701 -2.434189E-06
178.8183 344.6967 158.1701 -2.434189E-06
178.9183 344.6967 158.1701 -2.434189E-06
179.0183 344.6967 158.1701 -2.434189E-06
179.1183 344.6967 158.1701 -2.434189E-06
179.2183 344.6967 158.1701 -2.434189E-06
179.3183 344.6967 158.1701 -2.434189E-06
179.4183 344.6967 158.1701 -2.434189E-06
179.5183 344.6967 158.1701 -2.434189E-06
179.6183 344.6967 158.1701 -2.434189E-06
179.7183 344.6967 158.1701 -2.434189E-06
179.8183 344.6967 158.1701 -2.434189E-06
179.9183 344.6967 158.1701 -2.434189E-06
180.0183 344.6967 158.1701 -2.434189E-06
180.1183 344.6967 158.1701 -2.434189E-06
180.2183 344.6967 158.1701 -2.434189E-06
180.3183 344.6967 158.1701 -2.434189E-06
180.4183 344.6967 158.1701 -2.434189E-06
180.5183 344.6967 158.1701 -2.434189E-06
180.6183 344.6967 158.1701 -2.434189E-06
180.7183 344.6967 158.1701 -2.434189E-06
180.8183 344.6967 158.1701 -2.434189E-06
180.9183 344.6967 158.1701 -2.434189E-06
181.0183 344.6967 158.1701 -2.434189E-06
181.1183 344.6967 158.1701 -2.434189E-06
181.2183 344.6967 158.1701 -2.434189E-06
181.3183 344.6967 158.1701 -2.434189E-06
181.4183 344.6967 158.1701 -2.434189E-06
181.5183 344.6967 158.1701 -2.434189E-06
181.6183 344.6967 158.1701 -2.434189E-06
181.7183 344.6967 158.1701 -2.434189E-06
181.8183 344.6967 158.1701 -2.434189E-06
181.9183 344.6967 158.1701 -2.434189E-06
182.0183 344.6967 158.1701 -2.434189E-06
182.1183 344.6967 158.1701 -2.434189E-06
182.2183 344.6967 158.1701 -2.434189E-06
182.3183 344.6967 158.1701 -2.434189E-06
182.4183 344.6967 158.1701 -2.434189E-06
182.5183 344.6967 158.1701 -2.434189E-06
182.6183 344.6967 158.1701 -2.434189E-06
182.7183 344.6967 158.1701 -2.434189E-06
182.8183 344.6967 158.1701 -2.434189E-06
182.9183 344.6967 158.1701 -2.434189E-06
183.0183 344.6967 158.1701 -2.434189E-06
183.1183 344.6967 158.1701 -2.434189E-06
183.2183 344.6967 158.1701 -2.434189E-06
183.3183 344.6967 158.1701 -2.434189E-06
183.4183 344.6967 158.1701 -2.434189E-06
183.5183 344.6967 158.1701 -2.434189E-06
183.6183 344.6967 158.1701 -2.434189E-06
183.7183 344.6967 158.1701 -2.434189E-06
183.8183 344.6967 158.1701 -2.434189E-06
183.9183 344.6967 158.1701 -2.434189E-06
184.0183 344.6967 158.1701 -2.434189E-06
184.1183 344.6967 158.1701 -2.434189E-06
184.2183 344.6967 158.1701 -2.434189E-06
184.3183 344.6967 158.1701 -2.434189E-06
184.4183 344.6967 158.1701 -2.434189E-06
184.5183 344.6967 158.1701 -2.434189E-06
184.6183 344.6967 158.1701 -2.434189E-06
184.7183 344.6967 158.1701 -2.434189E-06
184.8183 344.6967 158.1701 -2.434189E-06
184.9183 344.6967 158.1701 -2.434189E-06
185.0183 344.6967 158.1701 -2.434189E-06
185.1183 344.6967 158.1701 -2.434189E-06
185.2183 344.6967 158.1701 -2.434189E-06
185.3183 344.6967 158.1701 -2.434189E-06
185.4183 344.6967 158.1701 -2.434189E-06
185.5183 344.6967 158.1701 -2.434189E-06
185.6183 344.6967 158.1701 -2.434189E-06
185.7183 344.6967 158.1701 -2.434189E-06
185.8183 344.6967 158.1701 -2.434189E-06
185.9183 344.6967 158.1701 -2.434189E-06
186.0183 344.6967 158.1701 -2.434189E-06
186.1183 344.6967 158.1701 -2.434189E-06
186.2183 344.6967 158.1701 -2.434189E-06
186.3183 344.6967 158.1701 -2.434189E-06
186.4183 344.6967 158.1701 -2.434189E-06
186.5183 344.6967 158.1701 -2.434189E-06
186.6183 344.6967 158.1701 -2.434189E-06
186.7183 344.6967 158.1701 -2.434189E-06
186.8183 344.6967 158.1701 -2.434189E-06
186.9183 344.6967 158.1701 -2.434189E-06
187.0183 344.6967 158.1701 -2.434189E-06
187.1183 344.6967 158.1701 -2.434189E-06
187.2183 344.6967 158.1701 -2.434189E-06
187.3183 344.6967 158.1701 -2.434189E-06
187.4183 344.6967 158.1701 -2.434189E-06
187.5183 344.6967 158.1701 -2.434189E-06
187.6183 344.6967 158.1701 -2.434189E-06
187.7183 344.6967 158.1701 -2.434189E-06
187.8183 344.6967 158.1701 -2.434189E-06
187.9183 344.6967 158.1701 -2.434189E-06
188.0183 344.6967 158.1701 -2.434189E-06
188.1183 344.6967 158.1701 -2.434189E-06
188.2183 344.6967 158.1701 -2.434189E-06
188.3183 344.6967 158.1701 -2.434189E-06
188.4183 344.6967 158.1701 -2.434189E-06
188.5183 344.6967 158.1701 -2.434189E-06
188.6183 344.6967 158.1701 -2.434189E-06
188.7183 344.6967 158.1701 -2.434189E-06
188.8183 344.6967 158.1701 -2.434189E-06
188.9183 344.6967 158.1701 -2.434189E-06
189.0183 344.6967 158.1701 -2.434189E-06
189.1183 344.6967 158.1701 -2.434189E-06
189.2183 344.6967 158.1701 -2.434189E-06
189.3183 344.6967 158.1701 -2.434189E-06
189.4183 344.6967 158.1701 -2.434189E-06
189.5183 344.6967 158.1701 -2.434189E-06
189.6183 344.6967 158.1701 -2.434189E-06
189.7183 344.6967 158.1701 -2.434189E-06
189.8183 344.6967 158.1701 -2.434189E-06
189.9183 344.6967 158.1701 -2.434189E-06
190.0183 344.6967 158.1701 -2.434189E-06
190.1183 344.6967 158.1701 -2.434189E-06
190.2183 344.6967 158.1701 -2.434189E-06
190.3183 344.6967 158.1701 -2.434189E-06
190.4183 344.6967 158.1701 -2.434189E-06
190.5183 344.6967 158.1701 -2.434189E-06
190.6183 344.6967 158.1701 -2.434189E-06
190.7183 344.6967 158.1701 -2.434189E-06
190.8183 344.6967 158.1701 -2.434189E-06
190.9183 344.6967 158.1701 -2.434189E-06
191.0183 344.6967 158.1701 -2.434189E-06
191.1183 344.6967 158.1701 -2.434189E-06
191.2183 344.6967 158.1701 -2.434189E-06
191.3183 344.6967 158.1701 -2.434189E-06
191.4183 344.6967 158.1701 -2.434189E-06
191.5183 344.6967 158.1701 -2.434189E-06
191.6183 344.6967 158.1701 -2.434189E-06
191.7183 344.6967 158.1701 -2.434189E-06
191.8183 344.6967 158.1701 -2.434189E-06
191.9183 344.6967 158.1701 -2.434189E-06
192.0183 344.6967 158.1701 -2.434189E-06
192.1183 344.6967 158.1701 -2.434189E-06
192.2183 344.6967 158.1701 -2.434189E-06
192.3183 344.6967 158.1701 -2.434189E-06
192.4183 344.6967 158.1701 -2.434189E-06
192.5183 344.6967 158.1701 -2.434189E-06
192.6183 344.6967 158.1701 -2.434189E-06
192.7183 344.6967 158.1701 -2.434189E-06
192.8183 344.6967 158.1701 -2.434189E-06
192.9183 344.6967 158.1701 -2.434189E-06
193.0183 344.6967 158.1701 -2.434189E-06
193.1183 344.6967 158.1701 -2.434189E-06
193.2183 344.6967 158.1701 -2.434189E-06
193.3183 344.6967 158.1701 -2.434189E-06
193.4183 344.6967 158.1701 -2.434189E-06
193.5183 344.6967 158.1701 -2.434189E-06
193.6183 344.6967 158.1701 -2.434189E-06
193.7183 344.6967 158.1701 -2.434189E-06
193.8183 344.6967 158.1701 -2.434189E-06
193.9183 344.6967 158.1701 -2.434189E-06
194.0183 344.6967 158.1701 -2.434189E-06
194.1183 344.6967 158.1701 -2.434189E-06
194.2183 344.6967 158.1701 -2.434189E-06
194.3183 344.6967 158.1701 -2.434189E-06
194.4183 344.6967 158.1701 -2.434189E-06
194.5183 344.6967 158.1701 -2.434189E-06
194.6183 344.6967 158.1701 -2.434189E-06
194.7183 344.6967 158.1701 -2.434189E-06
194.8183 344.6967 158.1701 -2.434189E-06
194.9183 344.6967 158.1701 -2.434189E-06
195.0183 344.6967 158.1701 -2.434189E-06
195.1183 344.6967 158.1701 -2.434189E-06
195.2183 344.6967 158.1701 -2.434189E-06
195.3183 344.6967 158.1701 -2.434189E-06
195.4183 344.6967 158.1701 -2.434189E-06
195.5183 344.6967 158.1701 -2.434189E-06
195.6183 344.6967 158.1701 -2.434189E-06
195.7183 344.6967 158.1701 -2.434189E-06
195.8183 344.6967 158.1701 -2.434189E-06
195.9183 344.6967 158.1701 -2.434189E-06
196.0183 344.6967 158.1701 -2.434189E-06
196.1183 344.6967 158.1701 -2.434189E-06
196.2183 344.6967 158.1701 -2.434189E-06
196.3183 344.6967 158.1701 -2.434189E-06
196.4183 344.6967 158.1701 -2.434189E-06
196.5183 344.6967 158.1701 -2.434189E-06
196.6183 344.6967 158.1701 -2.434189E-06
196.7183 344.6967 158.1701 -2.434189E-06
196.8183 344.6967 158.1701 -2.434189E-06
196.9183 344.6967 158.1701 -2.434189E-06
197.0183 344.6967 158.1701 -2.434189E-06
197.1183 344.6967 158.1701 -2.434189E-06
197.2183 344.6967 158.1701 -2.434189E-06
197.3183 344.6967 158.1701 -2.434189E-06
197.4183 344.6967 158.1701 -2.434189E-06
197.5183 344.6967 158.1701 -2.434189E-06
197.6183 344.6967 158.1701 -2.434189E-06
197.7183 344.6967 158.1701 -2.434189E-06
197.8183 344.6967 158.1701 -2.434189E-06
197.9183 344.6967 158.1701 -2.434189E-06
198.0183 344.6967 158.1701 -2.434189E-06
198.1183 344.6967 158.1701 -2.434189E-06
198.2183 344.6967 158.1701 -2.434189E-06
198.3183 344.6967 158.1701 -2.434189E-06
198.4183 344.6967 158.1701 -2.434189E-06
198.5183 344.6967 158.1701 -2.434189E-06
198.6183 344.6967 158.1701 -2.434189E-06
198.7183 344.6967 158.1701 -2.434189E-06
198.8183 344.6967 158.1701 -2.434189E-06
198.9183 344.6967 158.1701 -2.434189E-06
199.0183 344.6967 158.1701 -2.434189E-06
199.1183 344.6967 158.1701 -2.434189E-06
199.2183 344.6967 158.1701 -2.434189E-06
199.3183 344.6967 158.1701 -2.434189E-06
199.4183 344.6967 158.1701 -2.434189E-06
199.5183 344.6967 158.1701 -2.434189E-06
199.6183 344.6967 158.1701 -2.434189E-06
199.7183 344.6967 158.1701 -2.434189E-06
199.8183 344.6967 158.1701 -2.434189E-06
199.9183 344.6967 158.1701 -2.434189E-06
200.0183 344.6967 158.1701 -2.434189E-06
200.1183 344.6967 158.1701 -2.434189E-06
200.2183 344.6967 158.1701 -2.434189E-06
200.3183 344.6967 158.1701 -2.434189E-06
200.4183 344.6967 158.1701 -2.434189E-06
200.5183 344.6967 158.1701 -2.434189E-06
200.6183 344.6967 158.1701 -2.434189E-06
200.7183 344.6967 158.1701 -2.434189E-06
200.8183 344.6967 158.1701 -2.434189E-06
200.9183 344.6967 158.1701 -2.434189E-06
201.0183 344.6967 158.1701 -2.434189E-06
201.1183 344.6967 158.1701 -2.434189E-06
201.2183 344.6967 158.1701 -2.434189E-06
201.3183 344.6967 158.1701 -2.434189E-06
201.4183 344.6967 158.1701 -2.434189E-06
201.5183 344.6967 158.1701 -2.434189E-06
201.6183 344.6967 158.1701 -2.434189E-06
201.7183 344.6967 158.1701 -2.434189E-06
201.8183 344.6967 158.1701 -2.434189E-06
201.9183 344.6967 158.1701 -2.434189E-06
202.0183 344.6967 158.1701 -2.434189E-06
202.1183 344.6967 158.1701 -2.434189E-06
202.2183 344.6967 158.1701 -2.434189E-06
202.3183 344.6967 158.1701 -2.434189E-06
202.4183 344.6967 158.1701 -2.434189E-06
202.5183 344.6967 158.1701 -2.434189E-06
202.6183 344.6967 158.1701 -2.434189E-06
202.7183 344.6967 158.1701 -2.434189E-06
202.8183 344.6967 158.1701 -2.434189E-06
202.9183 344.6967 158.1701 -2.434189E-06
203.0183 344.6967 158.1701 -2.434189E-06
203.1183 344.6967 158.1701 -2.434189E-06
203.2183 344.6967 158.1701 -2.434189E-06
203.3183 344.6967 158.1701 -2.434189E-06
203.4183 344.6967 158.1701 -2.434189E-06
203.5183 344.6967 158.1701 -2.434189E-06
203.6183 344.6967 158.1701 -2.434189E-06
203.7183 344.6967 158.1701 -2.434189E-06
203.8183 344.6967 158.1701 -2.434189E-06
203.9183 344.6967 158.1701 -2.434189E-06
204.0183 344.6967 158.1701 -2.434189E-06
204.1183 344.6967 158.1701 -2.434189E-06
204.2183 344.6967 158.1701 -2.434189E-06
204.3183 344.6967 158.1701 -2.434189E-06
204.4183 344.6967 158.1701 -2.434189E-06
204.5183 344.6967 158.1701 -2.434189E-06
204.6183 344.6967 158.1701 -2.434189E-06
204.7183 344.6967 158.1701 -2.434189E-06
204.8183 344.6967 158.1701 -2.434189E-06
204.9183 344.6967 158.1701 -2.434189E-06
205.0183 344.6967 158.1701 -2.434189E-06
205.1183 344.6967 158.1701 -2.434189E-06
205.2183 344.6967 158.1701 -2.434189E-06
205.3183 344.6967 158.1701 -2.434189E-06
205.4183 344.6967 158.1701 -2.434189E-06
205.5183 344.6967 158.1701 -2.434189E-06
205.6183 344.6967 158.1701 -2.434189E-06
205.7183 344.6967 158.1701 -2.434189E-06
205.8183 344.6967 158.1701 -2.434189E-06
205.9183 344.6967 158.1701 -2.434189E-06
206.0183 344.6967 158.1701 -2.434189E-06
206.1183 344.6967 158.1701 -2.434189E-06
206.2183 344.6967 158.1701 -2.434189E-06
206.3183 344.6967 158.1701 -2.434189E-06
206.4183 344.6967 158.1701 -2.434189E-06
206.5183 344.6967 158.1701 -2.434189E-06
206.6183 344.6967 158.1701 -2.434189E-06
206.7183 344.6967 158.1701 -2.434189E-06
206.8183 344.6967 158.1701 -2.434189E-06
206.9183 344.6967 158.1701 -2.434189E-06
207.0183 344.6967 158.1701 -2.434189E-06
207.1183 344.6967 158.1701 -2.434189E-06
207.2183 344.6967 158.1701 -2.434189E-06
207.3183 344.6967 158.1701 -2.434189E-06
207.4183 344.6967 158.1701 -2.434189E-06
207.5183 344.6967 158.1701 -2.434189E-06
207.6183 344.6967 158.1701 -2.434189E-06
207.7183 344.6967 158.1701 -2.434189E-06
207.8183 344.6967 158.1701 -2.434189E-06
207.9183 344.6967 158.1701 -2.434189E-06
208.0183 344.6967 158.1701 -2.434189E-06
208.1183 344.6967 158.1701 -2.434189E-06
208.2183 344.6967 158.1701 -2.434189E-06
208.3183 344.6967 158.1701 -2.434189E-06
208.4183 344.6967 158.1701 -2.434189E-06
208.5183 344.6967 158.1701 -2.434189E-06
208.6183 344.6967 158.1701 -2.434189E-06
208.7183 344.6967 158.1701 -2.434189E-06
208.8183 344.6967 158.1701 -2.434189E-06
208.9183 344.6967 158.1701 -2.434189E-06
209.0183 344.6967 158.1701 -2.434189E-06
209.1183 344.6967 158.1701 -2.434189E-06
209.2183 344.6967 158.1701 -2.434189E-06
209.3183 344.6967 158.1701 -2.434189E-06
209.4183 344.6967 158.1701 -2.434189E-06
209.5183 344.6967 158.1701 -2.434189E-06
209.6183 344.6967 158.1701 -2.434189E-06
209.7183 344.6967 158.1701 -2.434189E-06
209.8183 344.6967 158.1701 -2.434189E-06
209.9183 344.6967 158.1701 -2.434189E-06
210.0183 344.6967 158.1701 -2.434189E-06
210.1183 344.6967 158.1701 -2.434189E-06
210.2183 344.6967 158.1701 -2.434189E-06
210.3183 344.6967 158.1701 -2.434189E-06
210.4183 344.6967 158.1701 -2.434189E-06
210.5183 344.6967 158.1701 -2.434189E-06
210.6183 344.6967 158.1701 -2.434189E-06
210.7183 344.6967 158.1701 -2.434189E-06
210.8183 344.6967 158.1701 -2.434189E-06
210.9183 344.6967 158.1701 -2.434189E-06
211.0183 344.6967 158.1701 -2.434189E-06
211.1183 344.6967 158.1701 -2.434189E-06
211.2183 344.6967 158.1701 -2.434189E-06
211.3183 344.6967 158.1701 -2.434189E-06
211.4183 344.6967 158.1701 -2.434189E-06
211.5183 344.6967 158.1701 -2.434189E-06
211.6183 344.6967 158.1701 -2.434189E-06
211.7183 344.6967 158.1701 -2.434189E-06
211.8183 344.6967 158.1701 -2.434189E-06
211.9183 344.6967 158.1701 -2.434189E-06
212.0183 344.6967 158.1701 -2.434189E-06
212.1183 344.6967 158.1701 -2.434189E-06
212.2183 344.6967 158.1701 -2.434189E-06
212.3183 344.6967 158.1701 -2.434189E-06
212.4183 344.6967 158.1701 -2.434189E-06
212.5183 344.6967 158.1701 -2.434189E-06
212.6183 344.6967 158.1701 -2.434189E-06
212.7183 344.6967 158.1701 -2.434189E-06
212.8183 344.6967 158.1701 -2.434189E-06
212.9183 344.6967 158.1701 -2.434189E-06
213.0183 344.6967 158.1701 -2.434189E-06
213.1183 344.6967 158.1701 -2.434189E-06
213.2183 344.6967 158.1701 -2.434189E-06
213.3183 344.6967 158.1701 -2.434189E-06
213.4183 344.6967 158.1701 -2.434189E-06
213.5183 344.6967 158.1701 -2.434189E-06
213.6183 344.6967 158.1701 -2.434189E-06
213.7183 344.6967 158.1701 -2.434189E-06
213.8183 344.6967 158.1701 -2.434189E-06
213.9183 344.6967 158.1701 -2.434189E-06
214.0183 344.6967 158.1701 -2.434189E-06
214.1183 344.6967 158.1701 -2.434189E-06
214.2183 344.6967 158.1701 -2.434189E-06
214.3183 344.6967 158.1701 -2.434189E-06
214.4183 344.6967 158.1701 -2.434189E-06
214.5183 344.6967 158.1701 -2.434189E-06
214.6183 344.6967 158.1701 -2.434189E-06
214.7183 344.6967 158.1701 -2.434189E-06
214.8183 344.6967 158.1701 -2.434189E-06
214.9183 344.6967 158.1701 -2.434189E-06
215.0183 344.6967 158.1701 -2.434189E-06
215.1183 344.6967 158.1701 -2.434189E-06
215.2183 344.6967 158.1701 -2.434189E-06
215.3183 344.6967 158.1701 -2.434189E-06
215.4183 344.6967 158.1701 -2.434189E-06
215.5183 344.6967 158.1701 -2.434189E-06
215.6183 344.6967 158.1701 -2.434189E-06
215.7183 344.6967 158.1701 -2.434189E-06
215.8183 344.6967 158.1701 -2.434189E-06
215.9183 344.6967 158.1701 -2.434189E-06
216.0183 344.6967 158.1701 -2.434189E-06
216.1183 344.6967 158.1701 -2.434189E-06
216.2183 344.6967 158.1701 -2.434189E-06
216.3183 344.6967 158.1701 -2.434189E-06
216.4183 344.6967 158.1701 -2.434189E-06
216.5183 344.6967 158.1701 -2.434189E-06
216.6183 344.6967 158.1701 -2.434189E-06
216.7183 344.6967 158.1701 -2.434189E-06
216.8183 344.6967 158.1701 -2.434189E-06
216.9183 344.6967 158.1701 -2.434189E-06
217.0183 344.6967 158.1701 -2.434189E-06
217.1183 344.6967 158.1701 -2.434189E-06
217.2183 344.6967 158.1701 -2.434189E-06
217.3183 344.6967 158.1701 -2.434189E-06
217.4183 344.6967 158.1701 -2.434189E-06
217.5183 344.6967 158.1701 -2.434189E-06
217.6183 344.6967 158.1701 -2.434189E-06
217.7183 344.6967 158.1701 -2.434189E-06
217.8183 344.6967 158.1701 -2.434189E-06
217.9183 344.6967 158.1701 -2.434189E-06
218.0183 344.6967 158.1701 -2.434189E-06
218.1183 344.6967 158.1701 -2.434189E-06
218.2183 344.6967 158.1701 -2.434189E-06
218.3183 344.6967 158.1701 -2.434189E-06
218.4183 344.6967 158.1701 -2.434189E-06
218.5183 344.6967 158.1701 -2.434189E-06
218.6183 344.6967 158.1701 -2.434189E-06
218.7183 344.6967 158.1701 -2.434189E-06
218.8183 344.6967 158.1701 -2.434189E-06
218.9183 344.6967 158.1701 -2.434189E-06
219.0183 344.6967 158.1701 -2.434189E-06
219.1183 344.6967 158.1701 -2.434189E-06
219.2183 344.6967 158.1701 -2.434189E-06
219.3183 344.6967 158.1701 -2.434189E-06
219.4183 344.6967 158.1701 -2.434189E-06
219.5183 344.6967 158.1701 -2.434189E-06
219.6183 344.6967 158.1701 -2.434189E-06
219.7183 344.6967 158.1701 -2.434189E-06
219.8183 344.6967 158.1701 -2.434189E-06
219.9183 344.6967 158.1701 -2.434189E-06
220.0183 344.6967 158.1701 -2.434189E-06
220.1183 344.6967 158.1701 -2.434189E-06
220.2183 344.6967 158.1701 -2.434189E-06
220.3183 344.6967 158.1701 -2.434189E-06
220.4183 344.6967 158.1701 -2.434189E-06
220.5183 344.6967 158.1701 -2.434189E-06
220.6183 344.6967 158.1701 -2.434189E-06
220.7183 344.6967 158.1701 -2.434189E-06
220.8183 344.6967 158.1701 -2.434189E-06
220.9183 344.6967 158.1701 -2.434189E-06
221.0183 344.6967 158.1701 -2.434189E-06
221.1183 344.6967 158.1701 -2.434189E-06
221.2183 344.6967 158.1701 -2.434189E-06
221.3183 344.6967 158.1701 -2.434189E-06
221.4183 344.6967 158.1701 -2.434189E-06
221.5183 344.6967 158.1701 -2.434189E-06
221.6183 344.6967 158.1701 -2.434189E-06
221.7183 344.6967 158.1701 -2.434189E-06
221.8183 344.6967 158.1701 -2.434189E-06
221.9183 344.6967 158.1701 -2.434189E-06
222.0183 344.6967 158.1701 -2.434189E-06
222.1183 344.6967 158.1701 -2.434189E-06
222.2183 344.6967 158.1701 -2.434189E-06
222.3183 344.6967 158.1701 -2.434189E-06
222.4183 344.6967 158.1701 -2.434189E-06
222.5183 344.6967 158.1701 -2.434189E-06
222.6183 344.6967 158.1701 -2.434189E-06
222.7183 344.6967 158.1701 -2.434189E-06
222.8183 344.6967 158.1701 -2.434189E-06
222.9183 344.6967 158.1701 -2.434189E-06
223.0183 344.6967 158.1701 -2.434189E-06
223.1183 344.6967 158.1701 -2.434189E-06
223.2183 344.6967 158.1701 -2.434189E-06
223.3183 344.6967 158.1701 -2.434189E-06
223.4183 344.6967 158.1701 -2.434189E-06
223.5183 344.6967 158.1701 -2.434189E-06
223.6183 344.6967 158.1701 -2.434189E-06
223.7183 344.6967 158.1701 -2.434189E-06
223.8183 344.6967 158.1701 -2.434189E-06
223.9183 344.6967 158.1701 -2.434189E-06
224.0183 344.6967 158.1701 -2.434189E-06
224.1183 344.6967 158.1701 -2.434189E-06
224.2183 344.6967 158.1701 -2.434189E-06
224.3183 344.6967 158.1701 -2.434189E-06
224.4183 344.6967 158.1701 -2.434189E-06
224.5183 344.6967 158.1701 -2.434189E-06
224.6183 344.6967 158.1701 -2.434189E-06
224.7183 344.6967 158.1701 -2.434189E-06
224.8183 344.6967 158.1701 -2.434189E-06
224.9183 344.6967 158.1701 -2.434189E-06
225.0183 344.6967 158.1701 -2.434189E-06
225.1183 344.6967 158.1701 -2.434189E-06
225.2183 344.6967 158.1701 -2.434189E-06
225.3183 344.6967 158.1701 -2.434189E-06
225.4183 344.6967 158.1701 -2.434189E-06
225.5183 344.6967 158.1701 -2.434189E-06
225.6183 344.6967 158.1701 -2.434189E-06
225.7183 344.6967 158.1701 -2.434189E-06
225.8183 344.6967 158.1701 -2.434189E-06
225.9183 344.6967 158.1701 -2.434189E-06
226.0183 344.6967 158.1701 -2.434189E-06
226.1183 344.6967 158.1701 -2.434189E-06
226.2183 344.6967 158.1701 -2.434189E-06
226.3183 344.6967 158.1701 -2.434189E-06
226.4183 344.6967 158.1701 -2.434189E-06
226.5183 344.6967 158.1701 -2.434189E-06
226.6183 344.6967 158.1701 -2.434189E-06
226.7183 344.6967 158.1701 -2.434189E-06
226.8183 344.6967 158.1701 -2.434189E-06
226.9183 344.6967 158.1701 -2.434189E-06
227.0183 344.6967 158.1701 -2.434189E-06
227.1183 344.6967 158.1701 -2.434189E-06
227.2183 344.6967 158.1701 -2.434189E-06
227.3183 344.6967 158.1701 -2.434189E-06
227.4183 344.6967 158.1701 -2.434189E-06
227.5183 344.6967 158.1701 -2.434189E-06
227.6183 344.6967 158.1701 -2.434189E-06
227.7183 344.6967 158.1701 -2.434189E-06
227.8183 344.6967 158.1701 -2.434189E-06
227.9183 344.6967 158.1701 -2.434189E-06
228.0183 344.6967 158.1701 -2.434189E-06
228.1183 344.6967 158.1701 -2.434189E-06
228.2183 344.6967 158.1701 -2.434189E-06
228.3183 344.6967 158.1701 -2.434189E-06
228.4183 344.6967 158.1701 -2.434189E-06
228.5183 344.6967 158.1701 -2.434189E-06
228.6183 344.6967 158.1701 -2.434189E-06
228.7183 344.6967 158.1701 -2.434189E-06
228.8183 344.6967 158.1701 -2.434189E-06
228.9183 344.6967 158.1701 -2.434189E-06
229.0183 344.6967 158.1701 -2.434189E-06
229.1183 344.6967 158.1701 -2.434189E-06
229.2183 344.6967 158.1701 -2.434189E-06
229.3183 344.6967 158.1701 -2.434189E-06
229.4183 344.6967 158.1701 -2.434189E-06
229.5183 344.6967 158.1701 -2.434189E-06
229.6183 344.6967 158.1701 -2.434189E-06
