4.816636 0 270 0
4.859072 0 270 0
5.063694 2.703357 256.5616 0.8684194
5.077583 2.703357 256.5616 0.8684194
5.091472 2.703357 256.5616 0.8684194
5.105361 2.703357 256.5616 0.8684194
5.119249 2.703357 256.5616 0.8684194
5.133138 2.703357 256.5616 0.8684194
5.147027 2.703357 256.5616 0.8684194
5.160916 2.703357 256.5616 0.8684194
5.174805 2.703357 256.5616 0.8684194
5.188694 2.703357 256.5616 0.8684194
5.202583 2.703357 256.5616 0.8684194
5.216472 2.703357 256.5616 0.8684194
5.230361 2.703357 256.5616 0.8684194
5.244249 2.703357 256.5616 0.8684194
5.258138 2.703357 256.5616 0.8684194
5.272027 2.703357 256.5616 0.8684194
5.285916 2.703357 256.5616 0.8684194
5.299805 2.703357 256.5616 0.8684194
5.313694 2.703357 256.5616 0.8684194
5.327583 2.703357 256.5616 0.8684194
5.341472 2.703357 256.5616 0.8684194
5.355361 2.703357 256.5616 0.8684194
5.369249 2.703357 256.5616 0.8684194
5.383138 2.703357 256.5616 0.8684194
5.397027 2.703357 256.5616 0.8684194
5.410916 2.703357 256.5616 0.8684194
5.424805 2.703357 256.5616 0.8684194
5.438694 2.703357 256.5616 0.8684194
5.452583 2.703357 256.5616 0.8684194
5.466472 2.703357 256.5616 0.8684194
5.480361 2.703357 256.5616 0.8684194
5.494249 2.703357 256.5616 0.8684194
5.508138 2.703357 256.5616 0.8684194
5.522027 2.703357 256.5616 0.8684194
5.535916 2.703357 256.5616 0.8684194
5.549805 2.703357 256.5616 0.8684194
5.563694 2.703357 256.5616 0.8684194
5.577583 2.703357 256.5616 0.8684194
5.591472 2.703357 256.5616 0.8684194
5.605361 2.703357 256.5616 0.8684194
5.619249 2.703357 256.5616 0.8684194
5.633138 2.703357 256.5616 0.8684194
5.647027 2.703357 256.5616 0.8684194
5.660916 2.703357 256.5616 0.8684194
5.674805 2.703357 256.5616 0.8684194
5.688694 2.703357 256.5616 0.8684194
5.702583 2.703357 256.5616 0.8684194
5.716472 2.703357 256.5616 0.8684194
5.730361 2.703357 256.5616 0.8684194
5.744249 2.703357 256.5616 0.8684194
5.758138 2.703357 256.5616 0.8684194
5.772027 2.703357 256.5616 0.8684194
5.785916 2.703357 256.5616 0.8684194
5.799805 2.703357 256.5616 0.8684194
5.813694 2.703357 256.5616 0.8684194
5.827583 2.703357 256.5616 0.8684194
5.841472 2.703357 256.5616 0.8684194
5.855361 2.703357 256.5616 0.8684194
5.869249 2.703357 256.5616 0.8684194
5.883138 2.703357 256.5616 0.8684194
5.897027 2.703357 256.5616 0.8684194
5.910916 2.703357 256.5616 0.8684194
5.924805 2.703357 256.5616 0.8684194
5.938694 2.703357 256.5616 0.8684194
5.952583 2.703357 256.5616 0.8684194
5.966472 2.703357 256.5616 0.8684194
5.980361 2.703357 256.5616 0.8684194
5.994249 2.703357 256.5616 0.8684194
6.008138 2.703357 256.5616 0.8684194
6.022027 2.703357 256.5616 0.8684194
6.035916 2.703357 256.5616 0.8684194
6.049805 2.703357 256.5616 0.8684194
6.063694 2.703357 256.5616 0.8684194
6.077583 2.703357 256.5616 0.8684194
6.091472 2.703357 256.5616 0.8684194
6.105361 2.703357 256.5616 0.8684194
6.119249 2.703357 256.5616 0.8684194
6.133138 2.703357 256.5616 0.8684194
6.147027 2.703357 256.5616 0.8684194
6.160916 2.703357 256.5616 0.8684194
6.174805 2.703357 256.5616 0.8684194
6.188694 2.703357 256.5616 0.8684194
6.202583 2.703357 256.5616 0.8684194
6.216472 2.703357 256.5616 0.8684194
6.230361 2.703357 256.5616 0.8684194
6.244249 2.703357 256.5616 0.8684194
6.258138 2.703357 256.5616 0.8684194
6.272027 2.703357 256.5616 0.8684194
6.285916 2.703357 256.5616 0.8684194
6.299805 2.703357 256.5616 0.8684194
6.313694 2.703357 256.5616 0.8684194
6.327583 2.703357 256.5616 0.8684194
6.341472 2.703357 256.5616 0.8684194
6.355361 2.703357 256.5616 0.8684194
6.369249 2.703357 256.5616 0.8684194
6.383138 2.703357 256.5616 0.8684194
6.397027 2.703357 256.5616 0.8684194
6.410916 2.703357 256.5616 0.8684194
6.424805 2.703357 256.5616 0.8684194
6.438694 2.703357 256.5616 0.8684194
6.452583 2.703357 256.5616 0.8684194
6.466472 2.703357 256.5616 0.8684194
6.480361 2.703357 256.5616 0.8684194
6.494249 2.703357 256.5616 0.8684194
6.508138 2.703357 256.5616 0.8684194
6.522027 2.703357 256.5616 0.8684194
6.535916 2.703357 256.5616 0.8684194
6.549805 2.703357 256.5616 0.8684194
6.563694 2.703357 256.5616 0.8684194
6.577583 2.703357 256.5616 0.8684194
6.591472 2.703357 256.5616 0.8684194
6.605361 2.703357 256.5616 0.8684194
6.619249 2.703357 256.5616 0.8684194
6.633138 2.703357 256.5616 0.8684194
6.647027 2.703357 256.5616 0.8684194
6.660916 2.703357 256.5616 0.8684194
6.674805 2.703357 256.5616 0.8684194
6.688694 2.703357 256.5616 0.8684194
6.702583 2.703357 256.5616 0.8684194
6.716472 2.703357 256.5616 0.8684194
6.730361 2.703357 256.5616 0.8684194
6.744249 2.703357 256.5616 0.8684194
6.758138 2.703357 256.5616 0.8684194
6.772027 2.703357 256.5616 0.8684194
6.785916 2.703357 256.5616 0.8684194
6.799805 2.703357 256.5616 0.8684194
6.813694 2.703357 256.5616 0.8684194
6.827583 2.703357 256.5616 0.8684194
6.841472 2.703357 256.5616 0.8684194
6.855361 2.703357 256.5616 0.8684194
6.869249 2.703357 256.5616 0.8684194
6.883138 2.703357 256.5616 0.8684194
6.897027 2.703357 256.5616 0.8684194
6.910916 2.703357 256.5616 0.8684194
6.924805 2.703357 256.5616 0.8684194
6.938694 2.703357 256.5616 0.8684194
6.952583 2.703357 256.5616 0.8684194
6.966472 2.703357 256.5616 0.8684194
6.980361 2.703357 256.5616 0.8684194
6.994249 2.703357 256.5616 0.8684194
7.008138 2.703357 256.5616 0.8684194
7.022027 2.703357 256.5616 0.8684194
7.035916 2.703357 256.5616 0.8684194
7.049805 2.703357 256.5616 0.8684194
7.063694 2.703357 256.5616 0.8684194
7.077583 2.703357 256.5616 0.8684194
7.091472 2.703357 256.5616 0.8684194
7.105361 2.703357 256.5616 0.8684194
7.119249 2.703357 256.5616 0.8684194
7.133138 2.703357 256.5616 0.8684194
7.147027 2.703357 256.5616 0.8684194
7.160916 2.703357 256.5616 0.8684194
7.174805 2.703357 256.5616 0.8684194
7.188694 2.703357 256.5616 0.8684194
7.202583 2.703357 256.5616 0.8684194
7.216472 2.703357 256.5616 0.8684194
7.230361 2.703357 256.5616 0.8684194
7.244249 2.703357 256.5616 0.8684194
7.258138 2.703357 256.5616 0.8684194
7.272027 2.703357 256.5616 0.8684194
7.285916 2.703357 256.5616 0.8684194
7.299805 2.703357 256.5616 0.8684194
7.313694 2.703357 256.5616 0.8684194
7.327583 2.703357 256.5616 0.8684194
7.341472 2.703357 256.5616 0.8684194
7.355361 2.703357 256.5616 0.8684194
7.369249 2.703357 256.5616 0.8684194
7.383138 2.703357 256.5616 0.8684194
7.397027 2.703357 256.5616 0.8684194
7.410916 2.703357 256.5616 0.8684194
7.424805 2.703357 256.5616 0.8684194
7.438694 2.703357 256.5616 0.8684194
7.452583 2.703357 256.5616 0.8684194
7.466472 2.703357 256.5616 0.8684194
7.480361 2.703357 256.5616 0.8684194
7.494249 2.703357 256.5616 0.8684194
7.508138 2.703357 256.5616 0.8684194
7.522027 2.703357 256.5616 0.8684194
7.535916 2.703357 256.5616 0.8684194
7.549805 2.703357 256.5616 0.8684194
7.563694 2.703357 256.5616 0.8684194
7.577583 2.703357 256.5616 0.8684194
7.591472 2.703357 256.5616 0.8684194
7.605361 2.703357 256.5616 0.8684194
7.619249 2.703357 256.5616 0.8684194
7.633138 2.703357 256.5616 0.8684194
7.647027 2.703357 256.5616 0.8684194
7.660916 2.703357 256.5616 0.8684194
7.674805 2.703357 256.5616 0.8684194
7.688694 2.703357 256.5616 0.8684194
7.702583 2.703357 256.5616 0.8684194
7.716472 2.703357 256.5616 0.8684194
7.730361 2.703357 256.5616 0.8684194
7.744249 2.703357 256.5616 0.8684194
7.758138 2.703357 256.5616 0.8684194
7.772027 2.703357 256.5616 0.8684194
7.785916 2.703357 256.5616 0.8684194
7.799805 2.703357 256.5616 0.8684194
7.813694 2.703357 256.5616 0.8684194
7.827583 2.703357 256.5616 0.8684194
7.841472 2.703357 256.5616 0.8684194
7.855361 2.703357 256.5616 0.8684194
7.869249 2.703357 256.5616 0.8684194
7.883138 2.703357 256.5616 0.8684194
7.897027 2.703357 256.5616 0.8684194
7.910916 2.703357 256.5616 0.8684194
7.924805 2.703357 256.5616 0.8684194
7.938694 2.703357 256.5616 0.8684194
7.952583 2.703357 256.5616 0.8684194
7.966472 2.703357 256.5616 0.8684194
7.980361 2.703357 256.5616 0.8684194
7.994249 2.703357 256.5616 0.8684194
8.008139 2.703357 256.5616 0.8684194
8.022027 2.703357 256.5616 0.8684194
8.035916 2.703357 256.5616 0.8684194
8.049805 2.703357 256.5616 0.8684194
8.063694 2.703357 256.5616 0.8684194
8.077582 2.703357 256.5616 0.8684194
8.091472 2.703357 256.5616 0.8684194
8.10536 2.703357 256.5616 0.8684194
8.119249 2.703357 256.5616 0.8684194
8.133139 2.703357 256.5616 0.8684194
8.147027 2.703357 256.5616 0.8684194
8.160916 2.703357 256.5616 0.8684194
8.174805 2.703357 256.5616 0.8684194
8.188694 2.703357 256.5616 0.8684194
8.202582 2.703357 256.5616 0.8684194
8.216472 2.703357 256.5616 0.8684194
8.23036 2.703357 256.5616 0.8684194
8.244249 2.703357 256.5616 0.8684194
8.258139 2.703357 256.5616 0.8684194
8.272027 2.703357 256.5616 0.8684194
8.285916 2.703357 256.5616 0.8684194
8.299805 2.703357 256.5616 0.8684194
8.313694 2.703357 256.5616 0.8684194
8.327582 2.703357 256.5616 0.8684194
8.341472 2.703357 256.5616 0.8684194
8.35536 2.703357 256.5616 0.8684194
8.369249 2.703357 256.5616 0.8684194
8.383139 2.703357 256.5616 0.8684194
8.397027 2.703357 256.5616 0.8684194
8.410916 2.703357 256.5616 0.8684194
8.424805 2.703357 256.5616 0.8684194
8.438694 2.703357 256.5616 0.8684194
8.452582 2.703357 256.5616 0.8684194
8.466472 2.703357 256.5616 0.8684194
8.48036 2.703357 256.5616 0.8684194
8.494249 2.703357 256.5616 0.8684194
8.508139 2.703357 256.5616 0.8684194
8.522027 2.703357 256.5616 0.8684194
8.535916 2.703357 256.5616 0.8684194
8.549805 2.703357 256.5616 0.8684194
8.563694 2.703357 256.5616 0.8684194
8.577582 2.703357 256.5616 0.8684194
8.591472 2.703357 256.5616 0.8684194
8.60536 2.703357 256.5616 0.8684194
8.619249 2.703357 256.5616 0.8684194
8.633139 2.703357 256.5616 0.8684194
8.647027 2.703357 256.5616 0.8684194
8.660916 2.703357 256.5616 0.8684194
8.674805 2.703357 256.5616 0.8684194
8.688694 2.703357 256.5616 0.8684194
8.702582 2.703357 256.5616 0.8684194
8.716472 2.703357 256.5616 0.8684194
8.73036 2.703357 256.5616 0.8684194
8.744249 2.703357 256.5616 0.8684194
8.758139 2.703357 256.5616 0.8684194
8.772027 2.703357 256.5616 0.8684194
8.785916 2.703357 256.5616 0.8684194
8.799805 2.703357 256.5616 0.8684194
8.813694 2.703357 256.5616 0.8684194
8.827582 2.703357 256.5616 0.8684194
8.841472 2.703357 256.5616 0.8684194
8.85536 2.703357 256.5616 0.8684194
8.869249 2.703357 256.5616 0.8684194
8.883139 2.703357 256.5616 0.8684194
8.897027 2.703357 256.5616 0.8684194
8.910916 2.703357 256.5616 0.8684194
8.924805 2.703357 256.5616 0.8684194
8.938694 2.703357 256.5616 0.8684194
8.952582 2.703357 256.5616 0.8684194
8.966472 2.703357 256.5616 0.8684194
8.98036 2.703357 256.5616 0.8684194
8.994249 2.703357 256.5616 0.8684194
9.008139 2.703357 256.5616 0.8684194
9.022027 2.703357 256.5616 0.8684194
9.035916 2.703357 256.5616 0.8684194
9.049805 2.703357 256.5616 0.8684194
9.063694 2.703357 256.5616 0.8684194
9.077582 2.703357 256.5616 0.8684194
9.091472 2.703357 256.5616 0.8684194
9.10536 2.703357 256.5616 0.8684194
9.119249 2.703357 256.5616 0.8684194
9.133139 2.703357 256.5616 0.8684194
9.147027 2.703357 256.5616 0.8684194
9.160916 2.703357 256.5616 0.8684194
9.174805 2.703357 256.5616 0.8684194
9.188694 2.703357 256.5616 0.8684194
9.202582 2.703357 256.5616 0.8684194
9.216472 2.703357 256.5616 0.8684194
9.23036 2.703357 256.5616 0.8684194
9.244249 2.703357 256.5616 0.8684194
9.258139 2.703357 256.5616 0.8684194
9.272027 2.703357 256.5616 0.8684194
9.285916 2.703357 256.5616 0.8684194
9.299805 2.703357 256.5616 0.8684194
9.313694 2.703357 256.5616 0.8684194
9.327582 2.703357 256.5616 0.8684194
9.341472 2.703357 256.5616 0.8684194
9.35536 2.703357 256.5616 0.8684194
9.369249 2.703357 256.5616 0.8684194
9.383139 2.703357 256.5616 0.8684194
9.397027 2.703357 256.5616 0.8684194
9.410916 2.703357 256.5616 0.8684194
9.424805 2.703357 256.5616 0.8684194
9.438694 2.703357 256.5616 0.8684194
9.452582 2.703357 256.5616 0.8684194
9.466472 2.703357 256.5616 0.8684194
9.48036 2.703357 256.5616 0.8684194
