-0.03333334 0 270 0
0.03333334 0 270 0
0.03333334 0 270 0
0.03333334 0 270 0
0.03333334 0 270 0
0.03333334 0 270 0
0.03333334 0 270 0
0.06666667 0 270 0
0.06666667 0 270 0
0.06666667 0 270 0
0.06666667 0 270 0
0.06666667 0 270 0
0.1 0 270 0
0.1 0 270 0
0.1 0 270 0
0.1 0 270 0
0.1 0 270 0
0.1333333 0 270 0
0.1333333 0 270 0
0.1333333 0 270 0
0.1333333 0 270 0
0.1333333 0 270 0
0.1666667 0 270 0
0.1666667 0 270 0
0.1666667 0 270 0
0.1666667 0 270 0
0.1666667 0 270 0
0.2 0 270 0
0.2 0 270 0
0.2 0 270 0
0.2 0 270 0
0.2 0 270 0
0.2333333 0 270 0
0.2333333 0 270 0
0.2333333 0 270 0
0.2333333 0 270 0
0.2333333 0 270 0
0.2666667 0 270 0
0.2666667 0 270 0
0.2666667 0 270 0
0.2666667 0 270 0
0.2666667 0 270 0
0.2666667 0 270 0
0.3 0 270 0
0.3 0 270 0
0.3 0 270 0
0.3 0 270 0
0.3 0 270 0
0.3333333 0 270 0
0.3333333 0 270 0
0.3333333 0 270 0
0.3333333 0 270 0
0.3666667 0 270 0
0.3666667 0 270 0
0.3666667 0 270 0
0.3666667 0 270 0
0.3666667 0 270 0
0.4 0 270 0
0.4 0 270 0
0.4 0 270 0
0.4 0 270 0
0.4 0 270 0
0.4333333 0 270 0
0.4333333 0 270 0
0.4333333 0 270 0
0.4333333 0 270 0
0.4333333 0 270 0
0.4666667 0 270 0
0.4666667 0 270 0
0.4666667 0 270 0
0.4666667 0 270 0
0.4666667 0 270 0
0.5 0 270 0
0.5 0 270 0
0.5 0 270 0
0.5 0 270 0
0.5333334 0 270 0
0.5333334 0 270 0
0.5333334 0 270 0
0.5333334 0 270 0
0.5333334 0 270 0
0.5666667 0 270 0
0.5666667 0 270 0
0.5666667 0 270 0
0.5666667 0 270 0
0.5666667 0 270 0
0.6 0 270 0
0.6 0 270 0
0.6 0 270 0
0.6 0 270 0
0.6 0 270 0
0.6333333 0 270 0
0.6333333 0 270 0
0.6333333 0 270 0
0.6333333 0 270 0
0.6333333 0 270 0
0.6666667 0 270 0
0.6666667 0 270 0
0.6666667 0 270 0
0.6666667 0 270 0
0.6666667 0 270 0
0.7 0 270 0
0.7 0 270 0
0.7 0 270 0
0.7 0 270 0
0.7333333 0 270 0
0.7333333 0 270 0
0.7333333 0 270 0
0.7333333 0 270 0
0.7333333 0 270 0
0.7666667 0 270 0
0.7666667 0 270 0
0.7666667 0 270 0
0.7666667 0 270 0
0.7666667 0 270 0
0.8 0 270 0
0.8 0 270 0
0.8 0 270 0
0.8 0 270 0
0.8 0 270 0
0.8333333 0 270 0
0.8333333 0 270 0
0.8333333 0 270 0
0.8333333 0 270 0
0.8666667 0 270 0
0.8666667 0 270 0
0.8666667 0 270 0
0.8666667 0 270 0
0.8666667 0 270 0
0.9 0 270 0
0.9 0 270 0
0.9 0 270 0
0.9 0 270 0
0.9 0 270 0
0.9333333 0 270 0
0.9333333 0 270 0
0.9333333 0 270 0
0.9333333 0 270 0
0.9333333 0 270 0
0.9666666 0 270 0
0.9666666 0 270 0
0.9666666 0 270 0
0.9666666 0 270 0
0.9666666 0 270 0
1 0 270 0
1 0 270 0
1 0 270 0
1 0 270 0
1 0 270 0
1.033333 0 270 0
1.033333 0 270 0
1.033333 0 270 0
1.033333 0 270 0
1.033333 0 270 0
1.066667 0 270 0
1.066667 0 270 0
1.066667 0 270 0
1.066667 0 270 0
1.066667 0 270 0
1.1 0 270 0
1.1 0 270 0
1.1 0 270 0
1.1 0 270 0
1.1 0 270 0
1.133333 0 270 0
1.133333 0 270 0
1.133333 0 270 0
1.133333 0 270 0
1.133333 0 270 0
1.166667 0 270 0
1.166667 0 270 0
1.166667 0 270 0
1.166667 0 270 0
1.166667 0 270 0
1.2 0 270 0
1.2 0 270 0
1.2 0 270 0
1.2 0 270 0
1.233333 0 270 0
1.233333 0 270 0
1.233333 0 270 0
1.233333 0 270 0
1.266667 0 270 0
1.266667 0 270 0
1.266667 0 270 0
1.266667 0 270 0
1.266667 0 270 0
1.3 0 270 0
1.3 0 270 0
1.3 0 270 0
1.3 0 270 0
1.3 0 270 0
1.333333 0 270 0
1.333333 0 270 0
1.333333 0 270 0
1.333333 0 270 0
1.333333 0 270 0
1.366667 0 270 0
1.366667 0 270 0
1.366667 0 270 0
1.366667 0 270 0
1.366667 0 270 0
1.4 0 270 0
1.4 0 270 0
1.4 0 270 0
1.4 0 270 0
1.4 0 270 0
1.433333 0 270 0
1.433333 0 270 0
1.433333 0 270 0
1.433333 0 270 0
1.433333 0 270 0
1.466667 0 270 0
1.466667 0 270 0
1.466667 0 270 0
1.466667 0 270 0
1.466667 0 270 0
1.5 0 270 0
1.5 0 270 0
1.5 0 270 0
1.5 0 270 0
1.5 0 270 0
1.533333 0 270 0
1.533333 0 270 0
1.533333 0 270 0
1.533333 0 270 0
1.533333 0 270 0
1.566667 0 270 0
1.566667 0 270 0
1.566667 0 270 0
1.566667 0 270 0
1.6 0 270 0
1.6 0 270 0
1.6 0 270 0
1.6 0 270 0
1.6 0 270 0
1.633333 0 270 0
1.633333 0 270 0
1.633333 0 270 0
1.633333 0 270 0
1.633333 0 270 0
1.666667 0 270 0
1.666667 0 270 0
1.666667 0 270 0
1.666667 0 270 0
1.666667 0 270 0
1.7 0 270 0
1.7 0 270 0
1.7 0 270 0
1.7 0 270 0
1.7 0 270 0
1.733333 0 270 0
1.733333 0 270 0
1.733333 0 270 0
1.733333 0 270 0
1.733333 0 270 0
1.766667 0 270 0
1.766667 0 270 0
1.766667 0 270 0
1.766667 0 270 0
1.766667 0 270 0
1.8 0 270 0
1.8 0 270 0
1.8 0 270 0
1.8 0 270 0
1.8 0 270 0
1.833333 0 270 0
1.833333 0 270 0
1.833333 0 270 0
1.833333 0 270 0
1.866667 0 270 0
1.866667 0 270 0
1.866667 0 270 0
1.866667 0 270 0
1.866667 0 270 0
1.9 0 270 0
1.9 0 270 0
1.9 0 270 0
1.9 0 270 0
1.9 0 270 0
1.933333 0 270 0
1.933333 0 270 0
1.933333 0 270 0
1.933333 0 270 0
1.933333 0 270 0
1.966667 0 270 0
1.966667 0 270 0
1.966667 0 270 0
1.966667 0 270 0
1.966667 0 270 0
2 0 270 0
2 0 270 0
2 0 270 0
2 0 270 0
2.033333 0 270 0
2.033333 0 270 0
2.033333 0 270 0
2.033333 0 270 0
2.033333 0 270 0
2.066667 0 270 0
2.066667 0 270 0
2.066667 0 270 0
2.066667 0 270 0
2.066667 0 270 0
2.1 0 270 0
2.1 0 270 0
2.1 0 270 0
2.1 0 270 0
2.1 0 270 0
2.133333 0 270 0
2.133333 0 270 0
2.133333 0 270 0
2.133333 0 270 0
2.166667 0 270 0
2.166667 0 270 0
2.166667 0 270 0
2.166667 0 270 0
2.166667 0 270 0
2.2 0 270 0
2.2 0 270 0
2.2 0 270 0
2.2 0 270 0
2.2 0 270 0
2.233333 0 270 0
2.233333 0 270 0
2.233333 0 270 0
2.233333 0 270 0
2.233333 0 270 0
2.266667 0 270 0
2.266667 0 270 0
2.266667 0 270 0
2.266667 0 270 0
2.266667 0 270 0
2.3 0 270 0
2.3 0 270 0
2.3 0 270 0
2.3 0 270 0
2.333333 0 270 0
2.333333 0 270 0
2.333333 0 270 0
2.333333 0 270 0
2.333333 0 270 0
2.366667 0 270 0
2.366667 0 270 0
2.366667 0 270 0
2.366667 0 270 0
2.366667 0 270 0
2.4 0 270 0
2.4 0 270 0
2.4 0 270 0
2.4 0 270 0
2.4 0 270 0
2.433333 0 270 0
2.433333 0 270 0
2.433333 0 270 0
2.433333 0 270 0
2.433333 0 270 0
2.466667 0 270 0
2.466667 0 270 0
2.466667 0 270 0
2.466667 0 270 0
2.466667 0 270 0
2.5 0 270 0
2.5 0 270 0
2.5 0 270 0
2.5 0 270 0
2.533333 0 270 0
2.533333 0 270 0
2.533333 0 270 0
2.533333 0 270 0
2.533333 0 270 0
2.566667 0 270 0
2.566667 0 270 0
2.566667 0 270 0
2.566667 0 270 0
2.566667 0 270 0
2.6 0 270 0
2.6 0 270 0
2.6 0 270 0
2.6 0 270 0
2.6 0 270 0
2.633333 0 270 0
2.633333 0 270 0
2.633333 0 270 0
2.633333 0 270 0
2.633333 0 270 0
2.666667 0 270 0
2.666667 0 270 0
2.666667 0 270 0
2.666667 0 270 0
2.666667 0 270 0
2.7 0 270 0
2.7 0 270 0
2.7 0 270 0
2.7 0 270 0
2.733333 0 270 0
2.733333 0 270 0
2.733333 0 270 0
2.733333 0 270 0
2.733333 0 270 0
2.766667 0 270 0
2.766667 0 270 0
2.766667 0 270 0
2.766667 0 270 0
2.766667 0 270 0
2.8 0 270 0
2.8 0 270 0
2.8 0 270 0
2.8 0 270 0
2.8 0 270 0
2.833333 0 270 0
2.833333 0 270 0
2.833333 0 270 0
2.833333 0 270 0
2.833333 0 270 0
2.866667 0 270 0
2.866667 0 270 0
2.866667 0 270 0
2.866667 0 270 0
2.9 0 270 0
2.9 0 270 0
2.9 0 270 0
2.9 0 270 0
2.9 0 270 0
2.933333 0 270 0
2.933333 0 270 0
2.933333 0 270 0
2.933333 0 270 0
2.933333 0 270 0
2.966667 0 270 0
2.966667 0 270 0
2.966667 0 270 0
2.966667 0 270 0
3 0 270 0
3 0 270 0
3 0 270 0
3 0 270 0
3 0 270 0
3.033333 0 270 0
3.033333 0 270 0
3.033333 0 270 0
3.033333 0 270 0
3.033333 0 270 0
3.066667 0 270 0
3.066667 0 270 0
3.066667 0 270 0
3.066667 0 270 0
3.066667 0 270 0
3.1 0 270 0
3.1 0 270 0
3.1 0 270 0
3.1 0 270 0
3.1 0 270 0
3.133333 0 270 0
3.133333 0 270 0
3.133333 0 270 0
3.133333 0 270 0
3.133333 0 270 0
3.166667 0 270 0
3.166667 0 270 0
3.166667 0 270 0
3.166667 0 270 0
3.2 0 270 0
3.2 0 270 0
3.2 0 270 0
3.2 0 270 0
3.2 0 270 0
3.233333 0 270 0
3.233333 0 270 0
3.233333 0 270 0
3.233333 0 270 0
3.233333 0 270 0
3.266667 0 270 0
3.266667 0 270 0
3.266667 0 270 0
3.266667 0 270 0
3.3 0 270 0
3.3 0 270 0
3.3 0 270 0
3.3 0 270 0
3.3 0 270 0
3.333333 0 270 0
3.333333 0 270 0
3.333333 0 270 0
3.333333 0 270 0
3.366667 0 270 0
3.366667 0 270 0
3.366667 0 270 0
3.366667 0 270 0
3.366667 0 270 0
3.4 0 270 0
3.4 0 270 0
3.4 0 270 0
3.4 0 270 0
3.4 0 270 0
3.433333 0 270 0
3.433333 0 270 0
3.433333 0 270 0
3.433333 0 270 0
3.466667 0 270 0
3.466667 0 270 0
3.466667 0 270 0
3.466667 0 270 0
3.466667 0 270 0
3.5 0 270 0
3.5 0 270 0
3.5 0 270 0
3.5 0 270 0
3.5 0 270 0
3.533333 0 270 0
3.533333 0 270 0
3.533333 0 270 0
3.533333 0 270 0
3.533333 0 270 0
3.566667 0 270 0
3.566667 0 270 0
3.566667 0 270 0
3.566667 0 270 0
3.566667 0 270 0
3.6 0 270 0
3.6 0 270 0
3.6 0 270 0
3.6 0 270 0
3.6 0 270 0
3.633333 0 270 0
3.633333 0 270 0
3.633333 0 270 0
3.633333 0 270 0
3.633333 0 270 0
3.666667 0 270 0
3.666667 0 270 0
3.666667 0 270 0
3.666667 0 270 0
3.666667 0 270 0
3.7 0 270 0
3.7 0 270 0
3.7 0 270 0
3.7 0 270 0
3.7 0 270 0
3.733333 0 270 0
3.733333 0 270 0
3.733333 0 270 0
3.733333 0 270 0
3.733333 0 270 0
3.766667 0 270 0
3.766667 0 270 0
3.766667 0 270 0
3.766667 0 270 0
3.8 0 270 0
3.8 0 270 0
3.8 0 270 0
3.8 0 270 0
3.8 0 270 0
3.8 0 270 0
3.833333 0 270 0
3.833333 0 270 0
3.833333 0 270 0
3.833333 0 270 0
3.833333 0 270 0
3.866667 0 270 0
3.866667 0 270 0
3.866667 0 270 0
3.866667 0 270 0
3.9 0 270 0
3.9 0 270 0
3.9 0 270 0
3.9 0 270 0
3.9 0 270 0
3.933333 0 270 0
3.933333 0 270 0
3.933333 0 270 0
3.933333 0 270 0
3.966667 0 270 0
3.966667 0 270 0
3.966667 0 270 0
3.966667 0 270 0
3.966667 0 270 0
4 0 270 0
4 0 270 0
4 0 270 0
4 0 270 0
4.033333 0 270 0
4.033333 0 270 0
4.033333 0 270 0
4.033333 0 270 0
4.033333 0 270 0
4.066667 0 270 0
4.066667 0 270 0
4.066667 0 270 0
4.066667 0 270 0
4.066667 0 270 0
4.1 0 270 0
4.1 0 270 0
4.1 0 270 0
4.1 0 270 0
4.1 0 270 0
4.133333 0 270 0
4.133333 0 270 0
4.133333 0 270 0
4.133333 0 270 0
4.133333 0 270 0
4.166667 0 270 0
4.166667 0 270 0
4.166667 0 270 0
4.166667 0 270 0
4.166667 0 270 0
4.2 0 270 0
4.2 0 270 0
4.2 0 270 0
4.2 0 270 0
4.233333 0 270 0
4.233333 0 270 0
4.233333 0 270 0
4.233333 0 270 0
4.233333 0 270 0
4.266667 0 270 0
4.266667 0 270 0
4.266667 0 270 0
4.266667 0 270 0
4.266667 0 270 0
4.3 0 270 0
4.3 0 270 0
4.3 0 270 0
4.3 0 270 0
4.3 0 270 0
4.333333 0 270 0
4.333333 0 270 0
4.333333 0 270 0
4.333333 0 270 0
4.366667 0 270 0
4.366667 0 270 0
4.366667 0 270 0
4.366667 0 270 0
4.366667 0 270 0
4.4 0 270 0
4.4 0 270 0
4.4 0 270 0
4.4 0 270 0
4.4 0 270 0
4.433333 0 270 0
4.433333 0 270 0
4.433333 0 270 0
4.433333 0 270 0
4.433333 0 270 0
4.466667 0 270 0
4.466667 0 270 0
4.466667 0 270 0
4.466667 0 270 0
4.466667 0 270 0
4.5 0 270 0
4.5 0 270 0
4.5 0 270 0
4.5 0 270 0
4.533333 0 270 0
4.533333 0 270 0
4.533333 0 270 0
4.533333 0 270 0
4.533333 0 270 0
4.566667 0 270 0
4.566667 0 270 0
4.566667 0 270 0
4.566667 0 270 0
4.566667 0 270 0
4.6 0 270 0
4.6 0 270 0
4.6 0 270 0
4.6 0 270 0
4.6 0 270 0
4.633333 0 270 0
4.633333 0 270 0
4.633333 0 270 0
4.633333 0 270 0
4.633333 0 270 0
4.666667 0 270 0
4.666667 0 270 0
4.666667 0 270 0
4.666667 0 270 0
4.666667 0 270 0
4.7 0 270 0
4.7 0 270 0
4.7 0 270 0
4.7 0 270 0
4.733333 0 270 0
4.733333 0 270 0
4.733333 0 270 0
4.733333 0 270 0
4.733333 0 270 0
4.766667 0 270 0
4.766667 0 270 0
4.766667 0 270 0
4.766667 0 270 0
4.766667 0 270 0
4.8 0 270 0
4.8 0 270 0
4.8 0 270 0
4.8 0 270 0
4.8 0 270 0
4.833333 0 270 0
4.833333 0 270 0
4.833333 0 270 0
4.833333 0 270 0
4.866667 0 270 0
4.866667 0 270 0
4.866667 0 270 0
4.866667 0 270 0
4.866667 0 270 0
4.9 0 270 0
4.9 0 270 0
4.9 0 270 0
4.9 0 270 0
4.9 0 270 0
4.933333 0 270 0
4.933333 0 270 0
4.933333 0 270 0
4.933333 0 270 0
4.933333 0 270 0
4.966667 0 270 0
4.966667 0 270 0
4.966667 0 270 0
4.966667 0 270 0
4.966667 0 270 0
5 0 270 0
5 0 270 0
5 0 270 0
5 0 270 0
5.033333 0 270 0
5.033333 0 270 0
5.033333 0 270 0
5.033333 0 270 0
5.033333 0 270 0
5.066667 0 270 0
5.066667 0 270 0
5.066667 0 270 0
5.066667 0 270 0
5.066667 0 270 0
5.1 0 270 0
5.1 0 270 0
5.1 0 270 0
5.1 0 270 0
5.1 0 270 0
5.133333 0 270 0
5.133333 0 270 0
5.133333 0 270 0
5.133333 0 270 0
5.133333 0 270 0
5.166667 0 270 0
5.166667 0 270 0
5.166667 0 270 0
5.166667 0 270 0
5.2 0 270 0
5.2 0 270 0
5.2 0 270 0
5.2 0 270 0
5.2 0 270 0
5.233333 0 270 0
5.233333 0 270 0
5.233333 0 270 0
5.233333 0 270 0
5.233333 0 270 0
5.266667 0 270 0
5.266667 0 270 0
5.266667 0 270 0
5.266667 0 270 0
5.266667 0 270 0
5.3 0 270 0
5.3 0 270 0
5.3 0 270 0
5.3 0 270 0
5.3 0 270 0
5.333333 0 270 0
5.333333 0 270 0
5.333333 0 270 0
5.333333 0 270 0
5.366667 0 270 0
5.366667 0 270 0
5.366667 0 270 0
5.366667 0 270 0
5.366667 0 270 0
5.4 0 270 0
5.4 0 270 0
5.4 0 270 0
5.4 0 270 0
5.4 0 270 0
5.433333 0 270 0
5.433333 0 270 0
5.433333 0 270 0
5.433333 0 270 0
5.433333 0 270 0
5.466667 0 270 0
5.466667 0 270 0
5.466667 0 270 0
5.466667 0 270 0
5.466667 0 270 0
5.5 0 270 0
5.5 0 270 0
5.5 0 270 0
5.5 0 270 0
5.5 0 270 0
5.533333 0 270 0
5.533333 0 270 0
5.533333 0 270 0
5.533333 0 270 0
5.533333 0 270 0
5.566667 0 270 0
5.566667 0 270 0
5.566667 0 270 0
5.566667 0 270 0
5.6 0 270 0
5.6 0 270 0
5.6 0 270 0
5.6 0 270 0
5.6 0 270 0
5.633333 0 270 0
5.633333 0 270 0
5.633333 0 270 0
5.633333 0 270 0
5.633333 0 270 0
5.666667 0 270 0
5.666667 0 270 0
5.666667 0 270 0
5.666667 0 270 0
5.666667 0 270 0
5.7 0 270 0
5.7 0 270 0
5.7 0 270 0
5.7 0 270 0
5.7 0 270 0
5.733333 0 270 0
5.733333 0 270 0
5.733333 0 270 0
5.733333 0 270 0
5.766667 0 270 0
5.766667 0 270 0
5.766667 0 270 0
5.766667 0 270 0
