-0.03333334 348.769 301.4713 356.751
0.03333334 348.7642 301.4672 356.7551
0.03333334 348.4469 301.53 356.8578
0.1 348.2711 301.649 356.7694
0.1333333 348.3611 301.7108 356.755
0.1666667 348.494 301.7793 356.7068
0.2 348.5569 301.834 356.6581
0.2 348.5301 301.8566 356.6689
0.2 348.4931 301.8656 356.5052
0.2 348.4432 302.1194 356.2127
0.4666667 348.4089 302.2247 356.1815
0.5333334 348.3384 302.2701 356.1425
0.5333334 348.2707 302.3487 356.0214
0.5666667 348.2727 302.336 356.0018
0.5666667 348.2491 302.3842 355.9048
0.6 348.2557 302.4085 355.8888
0.6 348.2411 302.4154 355.9126
0.6333333 348.2135 302.4107 355.934
0.6333333 348.1808 302.3983 355.9639
0.6333333 348.1535 302.403 355.9554
0.6666667 348.1505 302.3928 355.9435
0.6666667 348.1581 302.3794 355.9191
0.7 348.1587 302.3519 355.9248
0.7 348.1704 302.2997 355.9508
0.7 348.1969 302.256 355.9901
0.7333333 348.2296 302.1957 356.0359
0.7333333 348.245 302.1238 356.071
0.7666667 348.2498 302.0509 356.086
0.7666667 348.2573 301.9802 356.1199
0.8 348.2859 301.905 356.1404
0.8 348.3042 301.8564 356.1345
0.8 348.3347 301.795 356.1541
0.8333333 348.3893 301.7556 356.0997
0.8333333 348.4515 301.7285 356.0554
0.8666667 348.5148 301.7021 356.0114
0.8666667 348.5994 301.6513 355.9502
0.8666667 348.6902 301.6004 355.9079
0.9 348.791 301.5706 355.8358
0.9 348.8894 301.5482 355.7878
0.9333333 349.0098 301.5251 355.7158
0.9333333 349.1568 301.4642 355.6702
0.9666666 349.3033 301.3976 355.6425
0.9666666 349.4569 301.3182 355.6222
0.9666666 349.6681 301.2094 355.5804
1 349.8699 301.109 355.5415
1 350.0989 300.9975 355.4938
1.033333 350.3574 300.8581 355.475
1.033333 350.6046 300.6858 355.472
1.066667 350.8484 300.478 355.4638
1.066667 351.0377 300.2943 355.4765
1.066667 351.2371 300.0507 355.5023
1.1 351.352 299.8653 355.5004
1.1 351.434 299.645 355.4812
1.133333 351.4426 299.4415 355.4506
1.133333 351.412 299.2693 355.4322
1.133333 351.3911 299.1157 355.4414
1.166667 351.3886 298.9723 355.444
1.166667 351.4063 298.8557 355.4481
1.2 351.4084 298.7648 355.4659
1.2 351.4041 298.673 355.509
1.233333 351.3803 298.5877 355.5652
1.233333 351.3978 298.4997 355.6345
1.233333 351.428 298.4256 355.7077
1.266667 351.4072 298.3893 355.7769
1.266667 351.3695 298.3656 355.8511
1.3 351.3535 298.3624 355.9016
1.3 351.3234 298.3704 355.945
1.3 351.3053 298.3792 355.9861
1.333333 351.2917 298.4169 355.9897
1.333333 351.2129 298.529 355.8294
1.366667 351.0205 298.7368 355.4425
1.366667 350.8119 298.932 355.1994
1.4 350.6806 299.1378 354.9456
1.4 350.6519 299.2827 354.7897
1.4 350.6198 299.352 354.7198
1.433333 350.5168 299.394 354.6785
1.433333 350.3626 299.402 354.6855
1.466667 350.2281 299.3944 354.7017
1.466667 350.0914 299.373 354.6832
1.466667 349.9332 299.3387 354.6629
1.5 349.8215 299.297 354.6423
1.5 349.7228 299.2241 354.6231
1.533333 349.666 299.1444 354.5989
1.533333 349.6257 299.0728 354.5722
1.566667 349.5978 299.0374 354.5241
1.566667 349.5627 298.9963 354.4858
1.566667 349.5584 298.9502 354.478
1.6 349.5845 298.9076 354.5069
1.6 349.6007 298.8747 354.5347
1.633333 349.6295 298.8896 354.5334
1.633333 349.6534 298.9249 354.5067
1.666667 349.6648 298.959 354.5351
1.666667 349.657 298.9948 354.5411
1.666667 349.6612 299.014 354.549
1.7 349.6701 299.0383 354.5497
1.7 349.6785 299.0608 354.5073
1.733333 349.6999 299.0948 354.4592
1.733333 349.7086 299.1165 354.4397
1.733333 349.7188 299.1337 354.4054
1.766667 349.7265 299.1617 354.3777
1.766667 349.7089 299.2006 354.3402
1.8 349.7114 299.2756 354.2829
1.8 349.7253 299.3643 354.2558
1.833333 349.759 299.459 354.2534
1.833333 349.8269 299.5782 354.3131
1.833333 349.8946 299.7177 354.376
1.866667 349.9275 299.8914 354.4201
1.866667 349.97 300.1975 354.4655
1.9 349.9726 300.6067 354.5018
1.9 349.9261 300.9178 354.5455
1.9 349.8379 301.296 354.564
1.933333 349.7733 301.5903 354.5998
1.933333 349.7014 301.8678 354.6282
1.966667 349.6727 302.0322 354.6128
1.966667 349.6628 302.1873 354.5901
2 349.675 302.2731 354.5644
2 349.6887 302.2922 354.5497
2 349.6934 302.265 354.5251
2.033333 349.6823 302.1899 354.5228
2.033333 349.6459 302.1252 354.53
2.066667 349.5692 301.9897 354.5345
2.066667 349.4906 301.8535 354.5743
2.066667 349.426 301.7472 354.5372
2.1 349.3037 301.6091 354.5327
2.1 349.1721 301.4724 354.504
2.133333 349.0945 301.3828 354.4869
2.133333 348.9895 301.2621 354.5052
2.166667 348.907 301.1524 354.5574
2.166667 348.8518 301.0723 354.6219
2.166667 348.7827 300.9706 354.7255
2.2 348.7049 300.8804 354.811
2.2 348.621 300.8228 354.8526
2.233333 348.5251 300.7769 354.8863
2.233333 348.4387 300.7373 354.9096
2.266667 348.3705 300.7127 354.9364
2.266667 348.3167 300.6561 354.9905
2.266667 348.2687 300.5714 355.0614
2.3 348.2301 300.4867 355.0979
2.3 348.1774 300.4207 355.1103
2.333333 348.1287 300.3416 355.1041
2.333333 348.0685 300.2758 355.0809
2.333333 348.0068 300.2229 355.0614
2.366667 347.953 300.1739 354.9954
2.366667 347.8896 300.1349 354.924
2.4 347.8102 300.0973 354.8907
2.4 347.7079 300.052 354.8342
2.433333 347.6253 300.0105 354.7928
2.433333 347.5684 299.9781 354.7412
2.433333 347.5385 299.9497 354.6815
2.466667 347.5205 299.9119 354.6203
2.466667 347.5204 299.8871 354.5661
2.5 347.5256 299.8481 354.4962
2.5 347.5308 299.8162 354.4192
2.5 347.5352 299.7974 354.3444
2.533333 347.5148 299.7636 354.2597
2.533333 347.497 299.7153 354.1765
2.566667 347.4909 299.6823 354.0999
2.566667 347.496 299.6451 354.0369
2.6 347.5253 299.5965 353.9872
2.6 347.5568 299.5637 353.9487
2.6 347.6078 299.5435 353.9218
2.633333 347.6675 299.5186 353.9152
2.633333 347.7322 299.5149 353.9271
2.666667 347.804 299.505 353.9445
2.666667 347.8905 299.522 353.9709
2.666667 347.9983 299.5537 353.997
2.7 348.106 299.6076 354.0286
2.7 348.1964 299.6497 354.0972
2.733333 348.2659 299.7045 354.1665
2.733333 348.3054 299.7652 354.2153
2.766667 348.3277 299.7939 354.2874
2.766667 348.3499 299.8376 354.3773
2.766667 348.4031 299.8633 354.4662
2.8 348.4619 299.8879 354.507
2.8 348.4821 299.9348 354.5213
2.833333 348.5012 299.9979 354.5031
2.833333 348.5338 300.0173 354.497
2.833333 348.5833 300.0041 354.5238
2.866667 348.6306 299.9535 354.5794
2.866667 348.647 299.8951 354.6188
2.9 348.6685 299.8189 354.6686
2.9 348.6816 299.7511 354.6713
2.933333 348.7025 299.6963 354.6621
2.933333 348.7201 299.6183 354.6638
2.933333 348.7277 299.5577 354.6635
2.966667 348.752 299.4933 354.6993
2.966667 348.7712 299.4603 354.7301
3 348.8079 299.4247 354.7502
3 348.8393 299.4065 354.7798
3.033333 348.8596 299.396 354.792
3.033333 348.8966 299.3854 354.8391
3.033333 348.9173 299.3543 354.8891
3.066667 348.9092 299.332 354.9424
3.066667 348.913 299.3218 354.9474
3.1 348.9173 299.305 354.9339
3.1 348.9112 299.2877 354.9582
3.1 348.9105 299.2532 355.0031
3.133333 348.9262 299.2292 355.0449
3.133333 348.9145 299.1945 355.078
3.166667 348.8992 299.1704 355.0983
3.166667 348.8891 299.1462 355.0947
3.2 348.8932 299.1254 355.0985
3.2 348.8842 299.1109 355.0968
3.2 348.8817 299.1002 355.0973
3.233333 348.8799 299.0904 355.119
3.233333 348.896 299.0759 355.1273
3.266667 348.9177 299.0828 355.1434
3.266667 348.9333 299.0963 355.1344
3.266667 348.9556 299.1048 355.1509
3.3 348.9783 299.1091 355.1629
3.3 349.0199 299.1133 355.1917
3.333333 349.051 299.111 355.2145
3.333333 349.0826 299.0865 355.248
3.366667 349.1032 299.0727 355.2549
3.366667 349.1221 299.0521 355.2586
3.366667 349.1525 299.0232 355.2682
3.4 349.1851 299.0058 355.2675
3.4 349.2383 298.9787 355.2601
3.433333 349.2715 298.9655 355.2451
3.433333 349.2866 298.9658 355.2366
3.433333 349.3041 298.97 355.2421
3.466667 349.3354 298.9714 355.2404
3.466667 349.3485 298.9959 355.2345
3.5 349.3741 299.0295 355.2143
3.5 349.3981 299.0656 355.2079
3.533333 349.4199 299.0798 355.2326
3.533333 349.4424 299.0874 355.2569
3.533333 349.4887 299.086 355.2713
3.566667 349.4987 299.0966 355.2558
3.566667 349.5125 299.1121 355.1976
3.6 349.5291 299.132 355.1424
3.6 349.5405 299.1129 355.1447
3.6 349.559 299.0891 355.19
3.633333 349.5876 299.0576 355.2355
3.633333 349.5934 299.0441 355.252
3.666667 349.5912 299.0376 355.257
3.666667 349.5997 299.0381 355.2556
3.7 349.5996 299.0515 355.2271
3.7 349.6157 299.062 355.2109
3.7 349.614 299.0807 355.2212
3.733333 349.6181 299.0898 355.2492
3.733333 349.6339 299.1333 355.2657
3.766667 349.6361 299.1595 355.2754
3.766667 349.653 299.1862 355.2799
3.766667 349.6463 299.2238 355.2865
3.8 349.6526 299.2408 355.3131
3.8 349.6295 299.2726 355.3364
3.833333 349.5809 299.2787 355.3536
3.833333 349.5604 299.3097 355.3073
3.866667 349.5218 299.3215 355.2966
3.866667 349.4687 299.3252 355.3071
3.866667 349.4359 299.3385 355.3006
3.9 349.3995 299.3372 355.3198
3.9 349.3683 299.345 355.3167
3.933333 349.3321 299.3604 355.3088
3.933333 349.2879 299.3785 355.3029
3.966667 349.2479 299.3765 355.292
3.966667 349.2262 299.3901 355.2761
3.966667 349.1987 299.4008 355.2714
4 349.1725 299.4261 355.2671
4 349.1518 299.4485 355.2566
4.033333 349.1351 299.4921 355.2419
4.033333 349.1046 299.528 355.2434
4.033333 349.0971 299.5568 355.2617
4.066667 349.095 299.5846 355.2608
4.066667 349.102 299.5841 355.2958
4.1 349.1088 299.6094 355.3021
4.1 349.1159 299.6188 355.3134
4.133333 349.1265 299.6396 355.3109
4.133333 349.1395 299.6457 355.3071
4.133333 349.1458 299.643 355.3271
4.166667 349.1506 299.6482 355.3282
4.166667 349.1473 299.6548 355.3301
4.2 349.139 299.6464 355.3371
4.2 349.1555 299.6392 355.3166
4.2 349.1524 299.6304 355.3152
4.233333 349.1534 299.6268 355.3115
4.233333 349.163 299.6219 355.307
4.266667 349.1701 299.6207 355.3053
4.266667 349.1698 299.6161 355.3
4.3 349.167 299.633 355.3054
4.3 349.1703 299.6439 355.299
4.3 349.1899 299.6502 355.2943
4.333333 349.1917 299.6424 355.3245
4.333333 349.19 299.623 355.3655
4.366667 349.2053 299.6069 355.3886
4.366667 349.2114 299.5891 355.3725
4.366667 349.2173 299.5919 355.3323
4.4 349.2411 299.6045 355.2622
4.4 349.2553 299.6073 355.2569
4.433333 349.2646 299.6015 355.2866
4.433333 349.2775 299.5897 355.3343
4.466667 349.2924 299.5928 355.3557
4.466667 349.2942 299.5911 355.36
4.466667 349.3099 299.5936 355.3383
4.5 349.3421 299.5909 355.3243
4.5 349.369 299.5648 355.3365
4.533333 349.3954 299.5321 355.3594
4.533333 349.4322 299.505 355.3777
4.533333 349.4678 299.4868 355.3987
4.566667 349.5152 299.4712 355.3898
4.566667 349.5533 299.4506 355.3849
4.6 349.5765 299.4406 355.3877
4.6 349.6277 299.3961 355.4232
4.633333 349.6593 299.361 355.4452
4.633333 349.679 299.3139 355.4825
4.633333 349.7139 299.2678 355.4742
4.666667 349.7379 299.2033 355.4617
4.666667 349.7482 299.1079 355.4967
4.7 349.7745 299.023 355.5195
4.7 349.7937 298.9146 355.5486
4.733333 349.8101 298.8185 355.5625
4.733333 349.8375 298.7139 355.5633
4.766667 349.8561 298.6489 355.5371
4.766667 349.8774 298.5585 355.5089
4.8 349.8957 298.5132 355.503
4.8 349.9376 298.2455 355.4913
4.8 349.9473 298.2517 355.5062
4.833333 349.9692 298.1517 355.5335
4.833333 349.9915 298.0694 355.5212
4.833333 350.0085 297.9891 355.5047
4.866667 350.0278 297.8829 355.4818
4.866667 350.062 297.7581 355.4683
4.9 350.0792 297.6278 355.447
4.9 350.0712 297.6043 355.4538
4.9 350.0799 297.4565 355.4571
4.933333 350.0862 297.3084 355.4393
4.933333 350.0891 297.1544 355.4428
4.966667 350.0905 296.9572 355.4536
4.966667 350.0989 296.7717 355.4424
4.966667 350.1 296.6013 355.4432
5 350.1049 296.372 355.4555
5 350.0977 296.182 355.448
5.033333 350.0994 295.9688 355.4317
5.033333 350.1042 295.7431 355.4112
5.033333 350.1003 295.5253 355.4035
5.066667 350.0881 295.3033 355.3865
5.066667 350.0707 295.0413 355.3842
5.1 350.0615 294.8251 355.3719
5.1 350.0197 294.5789 355.3302
5.133333 349.9897 294.3732 355.3026
5.133333 349.9702 294.1191 355.2675
5.133333 349.9725 293.9169 355.2453
5.166667 349.9555 293.6956 355.248
5.166667 349.9106 293.4543 355.2864
5.2 349.8867 293.2378 355.3257
5.2 349.8604 292.9985 355.343
5.233333 349.8178 292.8286 355.2933
5.233333 349.7851 292.6437 355.1938
5.233333 349.7714 292.4808 355.1063
5.266667 349.7631 292.2748 355.0152
5.266667 349.748 292.0532 354.9718
5.3 349.718 291.8333 354.9389
5.3 349.6715 291.5955 354.8965
5.3 349.6028 291.3275 354.8355
5.333333 349.5677 291.1274 354.7784
5.333333 349.5138 290.8679 354.7198
5.366667 349.4503 290.6143 354.6694
5.366667 349.4016 290.3654 354.6554
5.4 349.3611 290.0689 354.6382
5.4 349.3255 289.7824 354.6253
5.4 349.3013 289.4985 354.5894
5.433333 349.2998 289.2098 354.5588
5.433333 349.2961 288.9245 354.5304
5.466667 349.2708 288.6242 354.5218
5.466667 349.1887 288.3169 354.5386
5.466667 349.1192 287.9818 354.527
5.5 349.064 287.7216 354.4935
5.5 348.9679 287.4227 354.4803
5.533333 348.8921 287.0928 354.4814
5.533333 348.8546 286.8205 354.4872
5.566667 348.8105 286.4929 354.52
5.566667 348.753 286.1938 354.538
5.566667 348.7008 285.9588 354.5365
5.6 348.6526 285.6433 354.5059
5.6 348.6115 285.3806 354.4973
5.633333 348.5625 285.1312 354.4827
5.633333 348.5035 284.8685 354.463
5.633333 348.4586 284.618 354.4496
5.666667 348.4149 284.3663 354.4375
5.666667 348.3879 284.1049 354.4333
5.7 348.3528 283.8198 354.4368
5.7 348.3287 283.5855 354.416
5.733333 348.3036 283.3 354.3901
5.733333 348.2721 283.0046 354.3711
5.733333 348.2278 282.7719 354.3561
5.766667 348.1862 282.4553 354.3149
5.766667 348.1631 282.1637 354.288
5.8 348.1355 281.9084 354.2692
5.8 348.1179 281.592 354.2375
5.8 348.0952 281.2644 354.2194
5.833333 348.0859 280.9892 354.1884
5.833333 348.0823 280.688 354.1572
5.866667 348.0951 280.3846 354.1505
5.866667 348.0919 280.0593 354.1165
5.9 348.0641 279.7428 354.0954
5.9 348.0367 279.3921 354.1422
5.9 348.0212 279.0751 354.1231
5.933333 348.0064 278.7509 354.1643
5.933333 348.0076 278.3916 354.1964
5.966667 348.0018 278.1207 354.2161
5.966667 348.0104 277.7591 354.2443
5.966667 347.9909 277.4493 354.2249
6 347.9617 277.1555 354.2351
6 347.9229 276.8021 354.2455
6.033333 347.8774 276.4236 354.2483
6.033333 347.8609 276.129 354.2008
6.066667 347.8476 275.8082 354.124
6.066667 347.8596 275.511 354.0214
6.066667 347.9153 275.2432 353.9248
6.1 347.9871 274.9334 353.8753
6.1 348.0318 274.6808 353.8511
6.133333 348.0634 274.454 353.8303
6.133333 348.0825 274.231 353.816
6.166667 348.1119 274.035 353.7977
6.166667 348.1423 273.8116 353.791
6.166667 348.1734 273.6115 353.7799
6.2 348.1661 273.3888 353.772
6.2 348.1237 273.1882 353.7827
6.233333 348.0692 272.9738 353.8127
6.233333 347.9926 272.7238 353.8508
6.233333 347.93 272.4945 353.8784
6.266667 347.8895 272.2322 353.9211
6.266667 347.8775 271.9736 353.9877
6.3 347.8672 271.719 354.06
6.3 347.8456 271.4348 354.1584
6.3 347.8359 271.2253 354.2076
6.333333 347.8379 270.9221 354.2805
6.333333 347.8253 270.6531 354.3858
6.366667 347.8351 270.4034 354.4681
6.366667 347.8554 270.0583 354.5905
6.4 347.8724 269.7552 354.7047
6.4 347.9 269.4444 354.8144
6.4 347.9314 269.1382 354.9355
6.433333 347.9755 268.7837 355.0626
6.433333 348.0133 268.4747 355.1671
6.466667 348.0511 268.128 355.29
6.466667 348.0949 267.7777 355.4326
6.5 348.1401 267.478 355.544
6.5 348.2047 267.0887 355.7102
6.5 348.2899 266.7193 355.8631
6.533333 348.3718 266.3536 356.013
6.533333 348.454 265.99 356.1727
6.566667 348.5128 265.5938 356.3409
6.566667 348.57 265.2146 356.5132
6.566667 348.6538 264.7402 356.6874
6.6 348.7466 264.2909 356.8194
6.6 348.814 263.8643 356.9333
6.633333 348.8639 263.3532 357.0483
6.633333 348.9201 262.7752 357.1603
6.666667 348.9886 262.2586 357.2366
6.666667 349.1266 261.5801 357.3041
6.666667 349.2504 260.9422 357.3934
6.7 349.3605 260.3451 357.466
6.7 349.5316 259.5262 357.523
6.733333 349.6822 258.7451 357.5781
6.733333 349.824 258.0174 357.6046
6.733333 349.9885 257.222 357.5932
6.766667 350.153 256.3247 357.622
6.766667 350.275 255.6244 357.6664
6.8 350.4141 254.8143 357.6985
6.8 350.5329 253.9442 357.6624
6.833333 350.6229 253.2187 357.606
6.833333 350.7688 252.4219 357.5206
6.833333 350.9333 251.7173 357.4257
6.866667 351.0646 251.0939 357.3673
6.866667 351.1635 250.3633 357.3175
6.9 351.2484 249.6954 357.2788
6.9 351.3138 249.0581 357.2626
6.933333 351.3717 248.4546 357.2319
6.933333 351.4066 247.8331 357.1969
6.933333 351.4261 247.2802 357.1606
6.966667 351.4184 246.7708 357.135
6.966667 351.3533 246.1803 357.1321
7 351.2633 245.6758 357.1293
7 351.1722 245.0668 357.1219
7 351.0852 244.448 357.0929
7.033333 350.9832 243.9273 357.0159
7.033333 350.906 243.4915 356.9665
7.066667 350.7872 243.0837 356.9212
7.066667 350.5815 242.6896 356.8997
7.066667 350.4196 242.4508 356.8526
7.1 350.1872 242.2098 356.7597
7.1 349.9381 242.0562 356.6396
7.133333 349.7382 241.9411 356.5565
7.133333 349.5063 241.7783 356.5107
7.166667 349.2399 241.5839 356.4434
7.166667 349.023 241.4195 356.3916
7.166667 348.767 241.2641 356.2628
7.2 348.54 241.1341 356.14
7.2 348.3504 241.0069 356.0273
7.233333 348.2003 240.8407 355.9453
7.233333 348.0519 240.6459 355.8365
7.233333 347.97 240.5219 355.7076
7.266667 347.9077 240.3665 355.5707
7.266667 347.8972 240.1849 355.4604
7.3 347.9015 239.9888 355.4242
7.3 347.9024 239.7493 355.3699
7.333333 347.9148 239.5476 355.3111
7.333333 347.945 239.3773 355.2357
7.333333 347.9952 239.2269 355.1951
7.366667 348.1034 239.0853 355.1641
7.366667 348.2388 238.9585 355.0956
7.4 348.3612 238.8713 355.0341
7.4 348.5159 238.7726 355.0378
7.433333 348.6887 238.7012 355.045
7.433333 348.8913 238.6005 355.0416
7.433333 349.108 238.4888 355.0633
7.466667 349.2891 238.3934 355.0674
7.466667 349.4913 238.2318 355.1404
7.5 349.6909 238.0415 355.2888
7.5 349.8163 237.8406 355.4601
7.5 349.9854 237.5388 355.7282
7.533333 350.0946 237.2451 355.9906
7.533333 350.1619 236.9634 356.2112
7.566667 350.2483 236.6663 356.4282
7.566667 350.3237 236.3437 356.6136
7.6 350.3304 236.0886 356.6962
7.6 350.3046 235.888 356.6875
7.6 350.2709 235.6763 356.6331
7.633333 350.2458 235.477 356.5432
7.633333 350.2623 235.2498 356.4533
7.666667 350.3031 234.9963 356.3747
7.666667 350.3545 234.6703 356.3111
7.666667 350.426 234.3625 356.2708
7.7 350.5098 233.9928 356.1855
7.7 350.6071 233.643 356.0815
7.733333 350.7202 233.2997 355.9575
7.733333 350.9042 232.8654 355.8
7.766667 351.1138 232.4279 355.6536
7.766667 351.31 231.997 355.5307
7.766667 351.4896 231.504 355.4331
7.8 351.6743 230.9178 355.3487
7.8 351.7912 230.4738 355.324
7.833333 351.8571 229.9137 355.334
7.833333 351.8851 229.2954 355.4051
7.833333 351.8969 228.8462 355.4181
7.866667 351.894 228.3219 355.4078
7.866667 351.8596 227.772 355.4857
7.9 351.8483 227.3258 355.5762
7.9 351.848 226.7576 355.6649
7.933333 351.8643 226.2204 355.7163
7.933333 351.8682 225.8101 355.745
7.933333 351.8173 225.2783 355.7876
7.966667 351.7457 224.7482 355.8247
7.966667 351.6583 224.2923 355.8185
8 351.5929 223.8234 355.7821
8 351.5888 223.3833 355.714
8 351.6199 222.9446 355.6049
8.033334 351.6328 222.5297 355.4539
8.033334 351.6278 222.1502 355.2881
8.066667 351.6177 221.7658 355.1307
8.066667 351.5908 221.4164 354.9746
8.1 351.5229 221.0272 354.8352
8.1 351.4592 222.6894 354.7226
8.1 351.3611 224.264 354.5992
8.133333 351.263 225.8782 354.4848
8.166667 351.2015 227.5659 354.3407
8.166667 351.1157 229.162 354.1218
8.166667 351.0308 230.8084 354.0141
8.2 350.925 232.4012 353.9026
8.2 350.6471 233.1231 353.5738
8.233334 350.622 235.0355 353.5246
8.233334 350.3314 235.7184 353.1431
8.266666 350.3162 237.6404 353.1319
8.266666 350.2202 239.1213 353.1512
8.3 350.1214 240.3836 353.3686
8.3 350.03 241.5392 353.4743
8.333333 349.947 242.8094 353.4169
8.333333 349.9095 244.1935 353.2577
8.366667 349.9845 244.8669 352.6342
8.4 350.1883 245.6142 352.2072
8.433333 350.5137 248.1969 352.0653
8.466666 350.8701 250.7015 351.919
8.466666 351.1837 253.1937 352.0317
8.5 351.3592 255.329 352.0716
8.533334 351.3271 257.4817 352.1767
8.566667 351.4446 259.4162 352.1945
8.566667 351.4117 261.0829 352.1989
8.6 351.3272 262.6895 352.1859
8.633333 351.1853 264.0291 352.278
8.666667 351.1167 265.4609 352.2855
8.666667 351.0495 267.0232 352.3541
8.7 351.2671 269.1268 352.5442
8.733334 351.6051 270.8708 352.9269
8.766666 352.1619 272.7719 353.0961
8.8 352.768 273.0436 353.4231
8.8 353.1998 273.1498 353.7618
8.833333 353.2713 273.353 353.8183
8.866667 353.9685 273.7284 354.1234
8.9 354.4245 273.7662 354.5393
8.9 354.8212 273.7711 354.7464
8.933333 355.291 273.8805 354.7765
8.966666 355.6888 273.9457 354.8892
8.966666 355.4945 273.8994 354.7899
9 355.8681 274.1299 354.7946
9.033334 356.1086 274.3023 354.8069
9.066667 356.0768 274.3643 354.7372
9.1 355.9829 274.4009 354.4987
9.133333 355.9275 274.386 354.3289
9.166667 355.8884 274.3364 354.1251
9.166667 355.9852 274.3759 353.9073
9.2 356.0669 274.4319 353.8029
9.233334 356.0123 274.5715 353.9059
9.233334 356.2723 274.9866 353.8663
9.266666 356.3964 275.501 353.886
9.3 356.355 275.9657 353.8547
9.333333 356.2814 276.2038 353.7376
9.333333 356.2423 276.4048 353.7577
9.366667 356.1679 276.2206 353.7726
9.4 356.089 276.1858 353.7436
9.4 355.9607 276.3611 353.6928
9.433333 355.9489 276.384 353.7283
9.433333 355.943 276.5049 353.7054
9.466666 355.9526 276.681 353.6518
9.466666 355.909 276.8851 353.607
9.5 355.8769 277.0721 353.6238
9.5 355.9202 277.3451 353.6756
9.5 356.0021 277.6426 353.7009
9.533334 356.0954 278.0095 353.6786
9.533334 356.1517 278.3891 353.6641
9.566667 356.1826 278.7689 353.5976
9.566667 356.188 279.1971 353.5136
9.6 356.1806 279.6018 353.4236
9.6 356.181 279.9943 353.3312
9.6 356.1584 280.262 353.2879
9.633333 356.1266 280.5725 353.258
9.633333 356.1218 280.865 353.2084
9.666667 356.1202 281.0817 353.1601
9.666667 356.1011 281.3978 353.1024
9.7 356.0765 281.7195 352.992
9.7 356.0306 282.0366 352.8587
9.7 355.9526 282.3841 352.7924
9.733334 355.8752 282.7658 352.7941
9.733334 355.83 283.0923 352.7972
9.766666 355.8145 283.4839 352.8
9.766666 355.7957 283.8413 352.8039
9.766666 355.7473 284.1924 352.8429
9.8 355.6818 284.5339 352.8771
9.8 355.632 284.8915 352.9168
9.833333 355.5865 285.2491 352.9633
9.833333 355.5279 285.7071 352.9989
9.866667 355.4711 286.1389 353.0475
9.866667 355.4175 286.6335 353.1486
9.866667 355.3862 287.0882 353.2702
9.9 355.3975 287.6418 353.4083
9.9 355.4025 288.1286 353.5276
9.933333 355.3147 288.636 353.8434
9.933333 355.1844 289.1783 354.2875
9.966666 355.1249 289.6375 354.6203
9.966666 355.1168 290.2691 354.9595
9.966666 355.1365 290.8374 355.2583
10 355.1826 291.3347 355.4695
10 355.2576 291.9515 355.7249
10.03333 355.3268 292.5672 355.9496
10.03333 355.3862 293.2133 356.1112
10.03333 355.4529 293.7648 356.2074
10.06667 355.5511 294.5143 356.3048
10.06667 355.6428 295.2136 356.3984
10.1 355.7528 295.9017 356.4642
10.1 355.8933 296.7431 356.5874
10.13333 356.0451 297.4974 356.7174
10.13333 356.2108 298.3987 356.805
10.13333 356.3059 299.1427 356.8686
10.16667 356.383 300.061 356.9055
10.16667 356.4447 300.8788 356.9457
10.2 356.5506 301.6839 357.02
10.2 356.6423 302.579 357.0555
10.2 356.7195 303.2716 357.0495
10.23333 356.8466 304.0925 357.0756
10.23333 356.9913 304.932 357.1265
10.26667 357.1158 305.7773 357.1492
10.26667 357.1951 306.6272 357.3076
10.3 357.2629 307.3435 357.4771
10.3 357.3084 308.0528 357.5689
10.3 357.277 308.8403 357.5541
10.33333 357.2307 309.3972 357.5508
10.33333 357.2139 310.0084 357.5258
10.36667 357.2245 310.6507 357.5079
10.36667 357.2415 311.1168 357.4886
10.36667 357.2814 311.6774 357.4367
10.4 357.2884 312.1453 357.3972
10.4 357.2822 312.6293 357.3088
10.43333 357.255 313.1487 357.251
10.43333 357.237 313.6465 357.2411
10.46667 357.2303 314.2581 357.2071
10.46667 357.22 314.8261 357.2766
10.46667 357.2076 315.3818 357.3801
10.5 357.1956 316.042 357.4256
10.5 357.1748 316.7383 357.5271
10.53333 357.1544 317.455 357.6227
10.53333 357.1258 318.1737 357.7414
10.53333 357.0949 318.9669 357.8766
10.56667 357.0652 319.613 357.9516
10.56667 357.0161 320.414 358.0355
10.6 356.9948 321.1565 358.0663
10.6 356.9635 321.8893 358.0927
10.63333 356.9436 322.6788 358.1815
10.63333 356.9545 323.3258 358.2282
10.63333 356.9565 324.067 358.2923
10.66667 356.9368 324.9162 358.3824
10.66667 356.9151 325.6956 358.4464
10.7 356.906 326.4793 358.4853
10.7 356.8597 327.4167 358.5657
10.7 356.6894 328.052 358.6159
10.73333 355.9742 328.0841 358.311
10.73333 355.4344 328.3252 359.7234
10.76667 354.9963 328.5037 358.909
10.76667 354.6093 328.5934 358.8767
10.8 354.422 328.7515 359.0506
10.8 354.3546 329.2333 358.8118
10.8 354.4963 329.6632 358.4466
10.83333 354.632 329.9955 358.4343
10.83333 355.0158 330.7423 358.9525
10.86667 355.1534 331.4011 358.456
10.86667 354.8524 332.0234 358.3166
10.9 354.5685 332.5395 358.4322
10.9 354.576 332.9963 358.5877
10.9 354.7036 333.3626 358.5246
10.93333 354.5698 333.6536 358.4623
10.93333 354.3638 333.8844 358.486
10.96667 354.252 334.1 358.4758
10.96667 354.2841 334.2859 358.4876
10.96667 354.3319 334.4703 358.5766
11 354.3142 334.6209 358.5357
11 354.285 334.8917 358.4606
11.03333 354.3257 335.1916 358.3715
11.03333 354.4253 335.5253 358.2203
11.06667 354.5232 335.8935 358.177
11.06667 354.6138 336.1982 358.1215
11.06667 354.716 336.5164 358.0341
11.1 354.7941 336.8483 357.908
11.1 354.8512 337.1694 357.7903
11.13333 354.9051 337.4667 357.6812
11.13333 355.0315 337.8786 357.6152
11.13333 355.1429 338.216 357.44
11.16667 355.226 338.6602 357.4253
11.16667 355.3185 339.0956 357.3797
11.2 355.3677 339.5292 357.2838
11.2 355.4034 337.9955 357.3406
11.23333 355.4611 336.4318 357.2532
11.23333 355.5236 334.8259 357.2057
11.26667 355.5748 333.1942 357.1933
11.26667 355.5932 331.5785 357.2577
11.3 355.6041 329.8745 357.2253
11.3 355.7048 328.2472 357.1884
11.33333 355.887 327.2069 357.1658
11.33333 356.011 325.8144 357.26
11.36667 356.0316 323.781 357.3018
11.36667 356.1065 322.0695 357.3486
11.4 356.1821 320.393 357.4117
11.4 356.3407 318.8498 357.4883
11.43333 356.6183 318.0027 357.6606
11.43333 356.6775 316.044 357.7156
11.46667 356.7787 314.4339 357.7777
11.46667 357.127 313.6045 358.01
11.5 357.382 312.2645 358.1603
11.5 357.4233 310.2404 358.1698
11.53333 357.5694 308.5338 358.2677
11.56667 357.8709 307.6216 358.5279
11.6 358.0694 306.1103 358.6599
11.6 358.1271 304.4208 358.9151
11.63333 358.466 302.8396 359.0526
11.66667 358.7818 301.2095 359.0468
11.7 358.7489 298.8554 358.9039
11.7 359.0673 297.0597 358.9597
11.73333 359.265 295.0041 359.0207
11.76667 359.3541 293.1087 358.9205
11.8 359.3656 291.2479 358.8466
11.8 359.2654 289.2709 358.8176
11.83333 359.1221 287.3722 358.5819
11.86667 358.9795 285.3365 358.3477
11.9 358.8205 283.2377 358.1183
11.9 358.6946 281.2534 357.9608
11.93333 358.5778 279.228 357.8707
11.96667 358.2719 277.274 357.4797
12 358.1417 275.2688 357.2311
12.03333 357.9704 273.0855 357.0228
12.03333 357.8078 271.6103 356.801
12.06667 357.6804 271.2031 356.7495
12.1 357.3945 270.7213 356.6515
12.13333 357.2009 270.3237 356.5387
12.16667 357.0392 269.935 356.5323
12.2 356.9498 269.6608 356.5949
12.2 356.8806 269.3778 356.5809
12.23333 356.9353 269.4857 356.6227
12.26667 356.8296 269.2211 356.6255
12.26667 356.989 269.2326 356.6685
12.3 357.063 269.3204 356.6227
12.33333 357.0852 269.3425 356.6479
12.36667 357.0749 269.3681 356.7209
12.36667 357.0579 269.3429 356.7349
12.4 357.0826 269.3024 356.8054
12.4 357.0996 269.3925 356.8218
12.43333 357.1156 269.5117 356.8279
12.43333 357.1772 269.713 356.921
12.46667 357.214 269.9561 356.8996
12.46667 357.2509 270.2914 356.9974
12.46667 357.2892 270.7362 356.9561
12.5 357.3712 270.8763 356.7816
12.5 357.487 271.22 357.1322
12.53333 357.5576 271.506 356.8847
12.53333 357.5479 271.6653 356.8718
12.56667 357.6002 271.8469 356.86
12.56667 357.6949 271.9611 356.7193
12.56667 357.7685 272.0628 356.6077
12.6 357.7989 272.0823 356.5091
12.6 357.847 272.0469 356.4145
12.63333 357.8622 272.0038 356.3447
12.63333 357.8812 271.9378 356.3258
12.66667 357.8459 271.8118 356.1893
12.66667 357.8493 271.6895 356.1569
12.66667 357.8597 271.607 356.1175
12.7 357.8666 271.4717 355.9246
12.7 357.8841 271.2387 355.8127
12.73333 357.8994 271.1159 355.7101
12.73333 357.9091 270.9786 355.5852
12.73333 357.8698 270.7685 355.4919
12.76667 357.8502 270.574 355.489
12.76667 357.814 270.3759 355.4556
12.8 357.7957 270.1963 355.4505
12.8 357.8007 270.0212 355.43
12.83333 357.7986 269.8973 355.4343
12.83333 357.8256 269.7931 355.4388
12.83333 357.8517 269.6746 355.4537
12.86667 357.8877 269.5841 355.5107
12.86667 357.9229 269.469 355.5873
12.9 357.9466 269.3812 355.6545
12.9 357.9722 269.2971 355.7419
12.9 357.9857 269.2238 355.8088
12.93333 358.0244 269.1436 355.9265
12.93333 358.0497 269.0613 356.0381
12.96667 358.0451 268.9981 356.1331
12.96667 358.0443 268.9832 356.2307
13 358.0395 268.9853 356.2622
13 358.0907 268.9659 356.3945
13 358.1147 268.93 356.432
13.03333 358.084 268.9148 356.489
13.03333 358.0513 268.8755 356.5873
13.06667 358.0158 268.8631 356.588
13.06667 357.9739 268.8453 356.6161
13.06667 357.9413 268.8128 356.6524
13.1 357.9388 268.8029 356.73
13.1 357.9198 268.7974 356.7096
13.13333 357.8884 268.8041 356.7741
13.13333 357.8622 268.8264 356.7637
13.16667 357.8547 268.8594 356.7825
13.16667 357.8384 268.9047 356.7926
13.16667 357.8102 268.9555 356.8062
13.2 357.7864 268.9898 356.835
13.2 357.7653 269.0468 356.8592
13.23333 357.7571 269.1011 356.8755
13.23333 357.7468 269.1411 356.8814
13.26667 357.7224 269.1964 356.8539
13.26667 357.7092 269.2517 356.8295
13.26667 357.7003 269.2917 356.8129
13.3 357.6992 269.3044 356.8093
13.3 357.721 269.3098 356.8403
13.33333 357.7093 269.3035 356.8279
13.33333 357.6852 269.3022 356.7979
13.33333 357.7022 269.2986 356.8188
13.36667 357.7352 269.2831 356.77
13.36667 357.7245 269.2707 356.7777
13.4 357.7274 269.2497 356.7531
13.4 357.7564 269.2259 356.7732
13.43333 357.7575 269.1944 356.7311
13.43333 357.7744 269.1757 356.7553
13.43333 357.7694 269.1538 356.7068
13.46667 357.7706 269.1546 356.7191
13.46667 357.78 269.1549 356.7064
13.5 357.7833 269.1751 356.7048
13.5 357.7672 269.1742 356.7109
13.5 357.7634 269.2203 356.6863
13.53333 357.7696 269.2478 356.6861
13.53333 357.7533 269.2548 356.6797
13.56667 357.72 269.2712 356.6749
13.56667 357.7029 269.2709 356.6678
13.6 357.702 269.2732 356.6415
13.6 357.6759 269.2741 356.5929
13.6 357.663 269.2906 356.5194
13.63333 357.6701 269.2936 356.4652
13.63333 357.6617 269.2963 356.4512
13.66667 357.6445 269.2977 356.455
13.66667 357.6213 269.2913 356.4492
13.66667 357.5947 269.3042 356.4351
13.7 357.5714 269.3215 356.4001
13.7 357.5517 269.3361 356.3751
13.73333 357.537 269.3504 356.3493
13.73333 357.5205 269.3745 356.3285
13.76667 357.5014 269.3955 356.3203
13.76667 357.4969 269.4117 356.3361
13.76667 357.483 269.4253 356.3449
13.8 357.4681 269.4322 356.338
13.8 357.4462 269.4764 356.3115
13.83333 357.429 269.4934 356.2929
13.83333 357.4167 269.5016 356.3076
13.83333 357.405 269.5015 356.3051
13.86667 357.3555 269.5183 356.3046
13.86667 357.3151 269.5374 356.2653
13.9 357.3014 269.5664 356.1987
13.9 357.2857 269.5788 356.2113
13.93333 357.2756 269.5967 356.2153
13.93333 357.2665 269.6279 356.2014
13.93333 357.2589 269.6642 356.1931
13.96667 357.2597 269.7105 356.1519
13.96667 357.275 269.7736 356.1152
14 357.2854 269.8065 356.0897
14 357.2851 269.8216 356.0819
14 357.2873 269.8126 356.0671
14.03333 357.2947 269.8023 356.0543
14.03333 357.292 269.7831 356.0455
14.06667 357.3155 269.7523 356.031
14.06667 357.3501 269.6719 356.0269
14.1 357.353 269.6211 356.0291
14.1 357.3785 269.5338 356.0766
14.1 357.3936 269.4546 356.0984
14.13333 357.3953 269.3953 356.1335
14.13333 357.3463 269.3447 356.0971
14.16667 357.3059 269.3103 356.166
14.16667 357.3362 269.2814 356.2275
14.2 357.3257 269.2647 356.2184
14.2 357.2859 269.2617 356.2816
14.2 357.2816 269.2642 356.3308
14.23333 357.2816 269.2498 356.3743
14.23333 357.2439 269.2881 356.4234
14.26667 357.2301 269.3172 356.4521
14.26667 357.2245 269.3615 356.4525
14.26667 357.2195 269.4331 356.4729
14.3 357.2289 269.4745 356.4706
14.3 357.2576 269.5983 356.5815
14.33333 357.2545 269.7126 356.4173
14.33333 357.2591 269.8228 356.5192
14.36667 357.267 269.9271 356.469
14.36667 357.3116 270.0262 356.4776
14.36667 357.3701 270.0925 356.5473
14.4 357.4697 270.176 356.5485
14.4 357.4913 270.2292 356.5533
14.43333 357.5158 270.2721 356.5999
14.43333 357.5656 270.3195 356.6231
14.43333 357.6028 270.344 356.6355
14.46667 357.6578 270.3605 356.6526
14.46667 357.6956 270.3767 356.6469
14.5 357.7421 270.3929 356.6232
14.5 357.782 270.3979 356.613
14.53333 357.8123 270.3728 356.6065
14.53333 357.7936 270.3242 356.6089
14.53333 357.7656 270.2903 356.6239
14.56667 357.717 270.2654 356.62
14.56667 357.6908 270.2425 356.5806
14.6 357.6631 270.2511 356.5569
14.6 357.6344 270.2696 356.5448
14.6 357.6031 270.3033 356.5143
14.63333 357.5804 270.3666 356.4961
14.63333 357.542 270.441 356.4884
14.66667 357.5236 270.5149 356.47
14.66667 357.5251 270.5965 356.4476
14.7 357.51 270.6943 356.3827
14.7 357.4513 270.7361 356.3344
14.7 357.405 270.7421 356.3045
14.73333 357.3674 270.7489 356.2483
14.73333 357.3257 270.7405 356.1738
14.76667 357.2939 270.743 356.0814
14.76667 357.2623 270.7431 356.0244
14.76667 357.2158 270.7121 355.9655
14.8 357.1781 270.6619 355.922
14.8 357.1381 270.6046 355.9022
14.83333 357.1064 270.5721 355.8741
14.83333 357.0757 270.5304 355.8343
14.86667 357.0414 270.5253 355.8077
14.86667 357.0049 270.5172 355.7766
14.86667 356.9801 270.5192 355.7608
14.9 356.9185 270.5522 355.7186
14.9 356.8749 270.582 355.6833
14.93333 356.8398 270.6215 355.6892
14.93333 356.8018 270.6883 355.6901
14.93333 356.7579 270.7599 355.6867
14.96667 356.7474 270.8167 355.7089
14.96667 356.75 270.8909 355.7402
15 356.7417 270.9847 355.7401
15 356.7196 271.051 355.746
15.03333 356.6996 271.1068 355.7673
15.03333 356.6698 271.1287 355.819
15.03333 356.6378 271.1255 355.8663
15.06667 356.594 271.0946 355.9111
15.06667 356.5662 271.0582 355.9557
15.1 356.5363 271.0148 355.9569
15.1 356.515 270.959 355.9426
15.1 356.4901 270.9102 355.9317
15.13333 356.4882 270.8641 355.918
15.13333 356.4673 270.8261 355.9123
15.16667 356.4465 270.7905 355.8951
15.16667 356.4486 270.765 355.8947
15.2 356.4486 270.7373 355.9024
15.2 356.4185 270.7226 355.9046
15.2 356.3933 270.7164 355.9284
15.23333 356.3607 270.6746 355.945
15.23333 356.3258 270.6316 355.9668
15.26667 356.2924 270.5918 356.0019
15.26667 356.1953 270.5253 355.9989
15.3 356.1375 270.4581 356.0259
15.3 356.0986 270.3878 356.0214
15.3 356.0509 270.3257 356.0211
15.33333 356.0027 270.2823 355.9951
15.33333 355.9758 270.2403 355.9775
15.36667 355.9297 270.1916 356.029
15.36667 355.8804 270.1467 356.0777
15.36667 355.8272 270.1215 356.1243
15.4 355.7644 270.1219 356.2001
15.4 355.7213 270.1768 356.2547
15.43333 355.7159 270.2683 356.3205
15.43333 355.7561 270.4674 356.413
15.46667 355.7715 270.674 356.363
15.46667 355.7085 270.8108 356.3156
15.46667 355.672 270.9214 356.4385
15.5 355.765 270.9807 356.544
15.5 355.7682 270.9577 356.4502
15.53333 355.7074 270.8929 356.4904
15.53333 355.6732 270.7904 356.4257
15.53333 355.6736 270.6219 356.3853
15.56667 355.6655 270.41 356.4063
15.56667 355.6767 270.1959 356.4398
15.6 355.6422 269.9978 356.2908
15.6 355.6653 269.9097 356.4219
15.63333 355.6582 269.7747 356.3291
15.63333 355.6283 269.6941 356.3071
15.63333 355.6452 269.6624 356.4453
15.66667 355.7108 269.6193 356.4042
15.66667 355.7301 269.6488 356.4997
15.7 355.7805 269.6589 356.5668
15.7 355.7741 269.6608 356.429
15.7 355.7459 269.6505 356.4449
15.73333 355.7475 269.5931 356.4333
15.73333 355.7686 269.4741 356.3962
15.76667 355.7776 269.3862 356.4202
15.76667 355.7588 269.2448 356.3402
15.8 355.7327 269.1143 356.3546
15.8 355.7267 268.9915 356.3211
15.8 355.6896 268.8334 356.2739
15.83333 355.6556 268.6904 356.2888
15.83333 355.6448 268.5603 356.275
15.86667 355.6132 268.4177 356.2225
15.86667 355.5503 268.3188 356.2308
15.86667 355.5208 268.2101 356.218
15.9 355.5115 268.1259 356.2148
15.9 355.5456 268.0403 356.2819
15.93333 355.5534 267.9749 356.27
15.93333 355.5706 267.9461 356.3532
15.96667 355.6042 267.8804 356.3221
15.96667 355.6168 267.8648 356.3089
15.96667 355.6161 267.8307 356.3274
16 355.6091 267.7683 356.3218
16 355.647 267.6852 356.3794
16.03333 355.6841 267.6364 356.4071
16.03333 355.7488 267.5546 356.4537
16.03333 355.7946 267.4879 356.4818
16.06667 355.8152 267.423 356.497
16.06667 355.8167 267.3605 356.4644
16.1 355.8181 267.3056 356.4906
16.1 355.8439 267.2323 356.515
16.13333 355.8747 267.1405 356.5421
16.13333 355.8707 267.0629 356.5938
16.13333 355.85 266.9569 356.6191
16.16667 355.8712 266.8596 356.6469
16.16667 355.8826 266.7789 356.6624
16.2 355.8609 266.6888 356.6751
16.2 355.8044 266.6158 356.6425
16.23333 355.7776 266.5579 356.6281
16.23333 355.775 266.4868 356.647
16.23333 355.7687 266.4132 356.6714
16.26667 355.7517 266.3597 356.6933
16.26667 355.7594 266.3168 356.7175
16.3 355.7719 266.2712 356.7325
16.3 355.763 266.2361 356.701
16.3 355.7134 266.2018 356.6798
16.33333 355.6895 266.1853 356.6517
16.33333 355.6635 266.1545 356.6409
16.36667 355.6682 266.1265 356.6419
16.36667 355.6788 266.0935 356.6352
16.4 355.7144 266.0951 356.6488
16.4 355.731 266.0895 356.6257
16.4 355.7332 266.1165 356.6682
16.43333 355.7325 266.1484 356.6763
16.43333 355.7268 266.1591 356.7515
16.46667 355.7056 266.1608 356.8114
16.46667 355.7136 266.1928 356.8216
16.46667 355.6806 266.2142 356.7905
16.5 355.6714 266.2234 356.837
16.5 355.6752 266.2191 356.8433
16.53333 355.6614 266.2167 356.8609
16.53333 355.6348 266.2145 356.869
16.56667 355.614 266.1431 356.8167
16.56667 355.5985 266.1133 356.881
16.56667 355.5908 266.0925 356.8599
16.6 355.573 266.075 356.8586
16.6 355.5762 266.0742 356.8939
16.63333 355.5872 266.0681 356.9077
16.63333 355.6071 266.0473 356.9085
16.63333 355.6199 266.0302 356.9134
16.66667 355.6176 265.9998 356.907
16.66667 355.6349 265.9702 356.9253
16.7 355.6597 265.9139 356.9552
16.7 355.665 265.876 356.9556
16.73333 355.6492 265.8191 356.9747
16.73333 355.6683 265.7669 357.01
16.73333 355.6747 265.6938 357.0467
16.76667 355.6962 265.6513 357.0678
16.76667 355.7216 265.5753 357.0925
16.8 355.7464 265.5144 357.1119
16.8 355.7548 265.4323 357.1385
16.8 355.7596 265.3696 357.151
16.83333 355.778 265.2796 357.1736
16.83333 355.7737 265.1935 357.1877
16.86667 355.7865 265.1115 357.2241
16.86667 355.812 265.0222 357.2463
16.9 355.8582 264.9233 357.2853
16.9 355.8837 264.8195 357.2896
16.9 355.899 264.712 357.3261
16.93333 355.9424 264.6248 357.3422
16.93333 355.9744 264.5325 357.3433
16.96667 356.0256 264.4103 357.3749
16.96667 356.075 264.312 357.3795
16.96667 356.1176 264.2007 357.3959
17 356.1414 264.0974 357.4038
17 356.1572 263.9619 357.4075
17.03333 356.1772 263.7899 357.4438
17.03333 356.2106 263.6528 357.4734
17.06667 356.2708 263.4845 357.485
17.06667 356.3253 263.3059 357.4994
17.06667 356.3704 263.1702 357.4535
17.1 356.4403 263.0248 357.4017
17.1 356.5157 262.8655 357.3835
17.13333 356.5785 262.7064 357.3967
17.13333 356.6563 262.5173 357.458
17.13333 356.6989 262.3429 357.4549
17.16667 356.6882 262.1935 357.4506
17.16667 356.6666 262.0318 357.4604
17.2 356.6717 261.8528 357.3731
17.2 356.6758 261.7366 357.3838
17.23333 356.7169 261.5837 357.4358
17.23333 356.7353 261.4503 357.3813
17.23333 356.7426 261.3587 357.4061
17.26667 356.7471 261.2316 357.4034
17.26667 356.7544 261.1351 357.3944
17.3 356.7656 261.041 357.3965
17.3 356.7747 260.9645 357.4212
17.33333 356.7948 260.8864 357.4277
17.33333 356.7833 260.8115 357.4488
17.33333 356.7776 260.7558 357.451
17.36667 356.7794 260.7019 357.4027
17.36667 356.7655 260.6741 357.3606
17.4 356.752 260.6175 357.3915
17.4 356.7707 260.5445 357.3875
17.4 356.7895 260.4627 357.4298
17.43333 356.8077 260.3653 357.4296
17.43333 356.8164 260.2866 357.3744
17.46667 356.8067 260.2086 357.3311
17.46667 356.7861 260.1201 357.2719
17.5 356.7295 260.0568 357.1931
17.5 356.7101 260.0266 357.2757
17.5 356.7155 260.0395 357.2816
17.53333 356.6895 260.0383 357.2101
17.53333 356.6498 260.028 357.1982
17.56667 356.6241 260.0418 357.2071
17.56667 356.6343 260.0583 357.233
17.56667 356.6123 260.0454 357.1812
17.6 356.5622 260.0782 357.2198
17.6 356.5388 260.0546 357.2666
17.63333 356.535 260.028 357.2779
17.63333 356.5107 260.0137 357.3035
17.66667 356.4958 259.9807 357.3197
17.66667 356.5082 259.9536 357.3164
17.66667 356.5088 259.9299 357.3171
17.7 356.4959 259.9059 357.2997
17.7 356.4936 259.8758 357.2991
17.73333 356.4918 259.8337 357.313
17.73333 356.4893 259.7885 357.2768
17.73333 356.4912 259.7494 357.2442
17.76667 356.5038 259.7216 357.2428
17.76667 356.5282 259.699 357.1827
17.8 356.5454 259.6815 357.1664
17.8 356.555 259.6676 357.1505
17.83333 356.5959 259.6638 357.1515
17.83333 356.6538 259.6586 357.2129
17.83333 356.6427 259.6097 356.9484
17.86667 356.6237 259.5833 357.0344
17.86667 356.6729 259.4948 357.1323
17.9 356.718 259.4041 357.1126
17.9 356.7285 259.3301 357.2064
17.9 356.6731 259.2694 357.0724
17.93333 356.5939 259.2443 357.0332
17.93333 356.6148 259.2021 357.0054
17.96667 356.6989 259.1753 356.9897
17.96667 356.7412 259.1296 357.0283
18 356.754 259.0803 357.0722
18 356.747 259.0087 357.0928
18 356.729 258.9559 357.1235
18.03333 356.7052 258.8991 357.1391
18.03333 356.6709 258.8373 357.1071
18.06667 356.6672 258.7875 357.1652
18.06667 356.6931 258.746 357.1338
18.06667 356.7281 258.6797 357.1373
18.1 356.7602 258.6088 357.1597
18.1 356.7596 258.565 357.1302
18.13333 356.7753 258.5266 357.2192
18.13333 356.7962 258.4763 357.219
18.16667 356.7916 258.4628 357.266
18.16667 356.7893 258.4171 357.2912
18.16667 356.7803 258.3996 357.3197
18.2 356.7883 258.3722 357.3179
18.2 356.8183 258.3555 357.347
18.23333 356.8004 258.3116 357.3224
18.23333 356.7701 258.2844 357.3541
18.23333 356.7847 258.2216 357.4223
18.26667 356.8151 258.1616 357.4278
18.26667 356.8021 258.1255 357.4207
18.3 356.7816 258.0778 357.3825
18.3 356.7761 258.0523 357.3414
18.33333 356.7859 258.0125 357.3464
18.33333 356.8033 257.9561 357.3197
18.33333 356.7897 257.9337 357.2963
18.36667 356.7883 257.887 357.2605
18.36667 356.8309 257.8707 357.2881
18.4 356.8743 257.8451 357.2729
18.4 356.869 257.8164 357.2661
18.4 356.8834 257.7927 357.2996
18.43333 356.9026 257.7686 357.3118
18.43333 356.913 257.7502 357.3628
18.46667 356.8948 257.7446 357.359
18.46667 356.8939 257.7547 357.3555
18.5 356.892 257.7805 357.3319
18.5 356.8904 257.8179 357.2822
18.5 356.9014 257.8471 357.2979
18.53333 356.9111 257.8829 357.2629
18.53333 356.9224 257.9205 357.2455
18.56667 356.9111 257.9361 357.2304
18.56667 356.9149 257.9722 357.2151
18.6 356.9183 258.0025 357.2012
18.6 356.9019 258.0448 357.182
18.6 356.8864 258.11 357.1619
18.63333 356.8523 258.1632 357.1556
18.63333 356.84 258.2205 357.146
18.66667 356.8294 258.271 357.1396
18.66667 356.7826 258.3418 357.1593
18.66667 356.7573 258.3833 357.1877
18.7 356.7499 258.4279 357.1824
18.7 356.7624 258.4726 357.1828
18.73333 356.7719 258.5012 357.169
18.73333 356.7679 258.5376 357.1478
18.76667 356.7866 258.5576 357.1243
18.76667 356.7972 258.5773 357.1349
18.76667 356.7929 258.5694 357.1707
18.8 356.7631 258.5663 357.2109
18.8 356.7533 258.5789 357.2728
18.83333 356.7291 258.5598 357.221
18.83333 356.7004 258.5553 357.2302
18.83333 356.6969 258.5504 357.2376
18.86667 356.732 258.515 357.2461
18.86667 356.7512 258.5065 357.2502
18.9 356.7566 258.5065 357.2639
18.9 356.7889 258.5097 357.2697
18.93333 356.8013 258.5189 357.2961
18.93333 356.7935 258.5203 357.3132
18.93333 356.7975 258.5386 357.3224
18.96667 356.8026 258.5422 357.337
18.96667 356.7975 258.5682 357.3657
19 356.7904 258.6071 357.3284
19 356.7919 258.6373 357.3312
19 356.7925 258.657 357.3549
19.03333 356.7937 258.6881 357.3527
19.03333 356.7769 258.7085 357.3897
19.06667 356.7628 258.7349 357.383
19.06667 356.7512 258.7735 357.3737
19.1 356.7334 258.7996 357.3701
19.1 356.7156 258.8165 357.3813
19.1 356.6995 258.8339 357.3673
19.13333 356.6713 258.8505 357.3772
19.13333 356.6436 258.8676 357.3709
19.16667 356.6446 258.8763 357.381
19.16667 356.6528 258.8918 357.3955
19.16667 356.6399 258.9148 357.3941
19.2 356.6468 258.9362 357.4175
19.2 356.6612 258.9466 357.4279
19.23333 356.6718 258.9768 357.4438
19.23333 356.6648 259.0182 357.4448
19.26667 356.6599 259.0611 357.438
19.26667 356.6615 259.112 357.4717
19.26667 356.6953 259.1647 357.4907
19.3 356.7236 259.2309 357.5049
19.3 356.7479 259.3147 357.505
19.33333 356.7706 259.3867 357.5027
19.33333 356.7928 259.4862 357.5131
19.33333 356.812 259.5597 357.5027
19.36667 356.817 259.6768 357.5004
19.36667 356.8302 259.7711 357.5019
19.4 356.8561 259.8909 357.507
19.4 356.8758 260.0091 357.5083
19.43333 356.8747 260.1051 357.5098
19.43333 356.8896 260.2244 357.5288
19.43333 356.9265 260.3647 357.5038
19.46667 356.9436 260.5682 357.4649
19.46667 356.9515 260.7806 357.4182
19.5 356.9807 261.047 357.3536
19.5 357.0569 261.34 357.2849
19.5 357.1336 261.6797 357.2493
19.53333 357.2046 262.0815 357.2472
19.53333 357.2543 262.4755 357.2425
19.56667 357.2916 262.9116 357.2613
19.56667 357.3328 263.3998 357.2776
19.6 357.3866 263.8418 357.2835
19.6 357.4311 264.3632 357.2656
19.6 357.4546 264.8819 357.2458
19.63333 357.5033 265.4481 357.2427
19.63333 357.5587 265.9056 357.2392
19.66667 357.6247 266.4854 357.2381
19.66667 357.688 266.976 357.2695
19.7 357.7348 267.546 357.2615
19.7 357.784 268.0548 357.2942
19.7 357.8362 268.487 357.3365
19.73333 357.855 268.964 357.3727
19.73333 357.8583 269.42 357.3581
19.76667 357.8457 269.7646 357.3358
19.76667 357.8051 270.1317 357.3214
19.76667 357.7642 270.5325 357.2867
19.8 357.746 270.8094 357.2714
19.8 357.7141 271.1617 357.2408
19.83333 357.6837 271.4001 357.2159
19.83333 357.6548 271.6704 357.1871
19.86667 357.6121 271.9563 357.1273
19.86667 357.5802 272.2001 357.0823
19.86667 357.5578 272.4533 357.0592
19.9 357.538 272.7285 357.022
19.9 357.5132 273.0435 356.9897
19.93333 357.5052 273.3903 356.9478
19.93333 357.5016 273.7791 356.9238
19.93333 357.5092 274.1715 356.9057
19.96667 357.5 274.5708 356.9157
19.96667 357.5036 274.9981 356.9272
20 357.494 275.3777 356.9453
20 357.4665 275.8284 356.9629
20.03333 357.4612 276.2627 356.9792
20.03333 357.462 276.6754 356.9988
20.03333 357.4468 277.1366 356.9871
20.06667 357.4361 277.5588 357.0294
20.06667 357.4501 277.9301 357.0457
20.1 357.426 278.3468 357.0604
20.1 357.3835 278.7102 357.0915
20.1 357.3281 279.1299 357.1237
20.13333 357.29 279.5206 357.1749
20.13333 357.2513 279.9465 357.206
20.16667 357.2414 280.2791 357.2531
20.16667 357.225 280.6991 357.2832
20.2 357.2198 281.1052 357.3162
20.2 357.2628 281.4257 357.3618
20.2 357.2866 281.8292 357.3634
20.23333 357.3212 282.2061 357.3797
20.23333 357.3873 282.5854 357.3588
20.26667 357.4242 283.0025 357.3698
20.26667 357.4323 283.3883 357.4007
20.26667 357.4388 283.7881 357.3995
20.3 357.4704 284.1872 357.4405
20.3 357.5009 284.6121 357.4144
20.33333 357.5029 285.0797 357.3782
20.33333 357.5264 285.5401 357.382
20.36667 357.5392 286.0019 357.3647
20.36667 357.5428 286.48 357.3729
20.36667 357.5402 286.9482 357.3882
20.4 357.554 287.4247 357.4296
20.4 357.5982 287.7653 357.4667
20.43333 357.6711 288.2137 357.5199
20.43333 357.7146 288.5653 357.5844
20.43333 357.7572 288.8485 357.6449
20.46667 357.8083 289.1957 357.7258
20.46667 357.8272 289.4695 357.7891
20.5 357.8471 289.7369 357.8231
20.5 357.8752 289.9985 357.8353
20.53333 357.9016 290.2467 357.8567
20.53333 357.8942 290.4688 357.8744
20.53333 357.8883 290.703 357.8998
20.56667 357.871 290.9637 357.9164
20.56667 357.8539 291.1617 357.9034
20.6 357.8142 291.4075 357.8875
20.6 357.7853 291.6313 357.849
20.6 357.7593 291.8745 357.8083
20.63333 357.73 292.1388 357.7455
20.63333 357.7185 292.3891 357.6944
20.66667 357.6992 292.6351 357.6434
20.66667 357.6965 292.8881 357.5717
20.7 357.7006 293.1418 357.5346
20.7 357.6971 293.3576 357.4671
20.7 357.6997 293.6132 357.4668
20.73333 357.7094 293.8109 357.4476
20.73333 357.7182 294.0147 357.4021
20.76667 357.7328 294.2451 357.3731
20.76667 357.7464 294.4155 357.3499
20.8 357.7618 294.5893 357.3355
20.8 357.7815 294.7794 357.3095
20.8 357.8057 294.9337 357.2928
20.83333 357.8396 295.0563 357.2898
20.83333 357.8932 295.1879 357.2712
20.86667 357.9329 295.274 357.2567
20.86667 357.9864 295.3837 357.2273
20.86667 358.0321 295.4512 357.2309
20.9 358.0723 295.5115 357.2468
20.9 358.1259 295.5571 357.2622
20.93333 358.1866 295.5951 357.2743
20.93333 358.2316 295.6045 357.293
20.96667 358.2774 295.6147 357.3145
20.96667 358.3253 295.6118 357.3408
20.96667 358.3922 295.5909 357.3653
21 358.4635 295.5519 357.3806
21 358.5121 295.5205 357.3829
21.03333 358.5675 295.4833 357.3615
21.03333 358.6446 295.4485 357.3581
21.03333 358.7163 295.3856 357.3876
21.06667 358.7611 295.2922 357.4361
21.06667 358.8085 295.2066 357.4943
21.1 358.8577 295.1157 357.5317
21.1 358.8946 295.0162 357.5577
21.13333 358.9136 294.9128 357.5922
21.13333 358.9092 294.8062 357.6113
21.13333 358.9048 294.6921 357.6257
21.16667 358.9006 294.5704 357.6498
21.16667 358.9026 294.4534 357.6737
21.2 358.9094 294.3229 357.7061
21.2 358.9207 294.2015 357.7328
21.2 358.9193 294.0807 357.7387
21.23333 358.9122 293.9528 357.7575
21.23333 358.9022 293.8179 357.7747
21.26667 358.868 293.6809 357.7905
21.26667 358.8175 293.5555 357.7816
21.3 358.7923 293.4307 357.752
21.3 358.7628 293.3234 357.7681
21.3 358.7021 293.1651 357.7932
21.33333 358.6333 293.0252 357.8034
21.33333 358.5512 292.9072 357.8004
21.36667 358.4767 292.7792 357.7838
21.36667 358.405 292.6327 357.7625
21.36667 358.3453 292.507 357.7399
21.4 358.259 292.3781 357.717
21.4 358.1542 292.2303 357.6894
21.43333 358.0674 292.0874 357.6944
21.43333 357.97 291.9423 357.6773
21.46667 357.8707 291.7983 357.6631
21.46667 357.7833 291.6396 357.6654
21.46667 357.7177 291.4775 357.6712
21.5 357.6566 291.3262 357.6721
21.5 357.5756 291.1191 357.6681
21.53333 357.5107 290.9268 357.687
21.53333 357.4422 290.7124 357.6854
21.53333 357.3871 290.5395 357.7033
21.56667 357.3182 290.3106 357.74
21.56667 357.2656 290.1125 357.7517
21.6 357.2016 289.8898 357.7739
21.6 357.1555 289.674 357.8145
21.63333 357.1161 289.499 357.8271
21.63333 357.0802 289.3091 357.8464
21.63333 357.0548 289.1263 357.8621
21.66667 357.0335 288.9598 357.8911
21.66667 356.989 288.8036 357.9144
21.7 356.9454 288.6507 357.9224
21.7 356.9065 288.5076 357.9511
21.7 356.8839 288.3604 357.9765
21.73333 356.8684 288.2219 357.993
21.73333 356.842 288.0922 358.0194
21.76667 356.8368 287.9355 358.0436
21.76667 356.8277 287.7749 358.0672
21.8 356.7988 287.6234 358.1016
21.8 356.7539 287.4028 358.1648
21.8 356.7447 287.1776 358.2509
21.83333 356.7035 286.9708 358.2917
21.83333 356.583 286.6971 358.3092
21.86667 356.4713 286.5039 358.2606
21.86667 356.3846 286.2199 358.2249
21.86667 356.3447 285.9633 358.2036
21.9 356.3202 285.7522 358.195
21.9 356.2932 285.5251 358.1507
21.93333 356.2435 285.335 358.1303
21.93333 356.2135 285.2006 358.1246
21.96667 356.1874 285.114 358.0929
21.96667 356.151 285.1076 358.0834
21.96667 356.1058 285.1459 358.0579
22 356.0729 285.2419 358.1361
22 356.0984 285.4112 358.2299
22.03333 356.1342 285.6503 358.3399
22.03333 356.1603 285.9756 358.4524
22.06667 356.1687 286.3377 358.5519
22.06667 356.1698 286.7111 358.6579
22.06667 356.1628 287.063 358.7458
22.1 356.1093 287.4977 358.8211
22.1 356.0715 287.9258 358.8534
22.13333 356.0544 288.4202 358.88
22.13333 356.0297 288.8748 358.9131
22.13333 356.0258 289.3054 358.9273
22.16667 355.9922 289.8038 358.9349
22.16667 355.9555 290.2662 358.9377
22.2 355.9283 290.7705 358.9127
22.2 355.8974 291.2215 358.8592
22.23333 355.8293 291.7837 358.7492
22.23333 355.7557 292.3347 358.6195
22.23333 355.6731 292.8743 358.5048
22.26667 355.5733 293.4968 358.3784
22.26667 355.4766 294.1049 358.2593
22.3 355.3704 294.7502 358.1493
22.3 355.2782 295.4303 358.0281
22.3 355.16 296.1951 357.8947
22.33333 355.0624 296.8353 357.7835
22.33333 354.9392 297.6608 357.636
22.36667 354.8073 298.5106 357.4847
22.36667 354.6815 299.2717 357.3621
22.4 354.5407 300.0747 357.2514
22.4 354.3944 300.8085 357.1611
22.4 354.2289 301.6027 357.0804
22.43333 354.0553 302.3565 357.0125
22.43333 353.9203 302.9269 356.9366
22.46667 353.7305 303.6089 356.8287
22.46667 353.5529 304.2751 356.7074
22.46667 353.4169 304.7678 356.6121
22.5 353.259 305.3708 356.528
22.5 353.1115 305.8357 356.4729
22.53333 352.9688 306.2449 356.4015
22.53333 352.8294 306.6758 356.3302
22.56667 352.7111 307.0415 356.2726
22.56667 352.5712 307.4549 356.2313
22.56667 352.4365 307.8098 356.2165
22.6 352.3482 308.1751 356.1732
22.6 352.2764 308.5388 356.1421
22.63333 352.2045 308.9129 356.1164
22.63333 352.1681 309.2938 356.0676
22.63333 352.1519 309.6595 356.058
22.66667 352.1092 310.0392 356.1034
22.66667 352.0623 310.3504 356.1437
22.7 351.9977 310.6834 356.1901
22.7 351.9284 310.9952 356.2263
22.73333 351.8838 311.3037 356.2493
22.73333 351.8357 311.613 356.2732
22.73333 351.8077 311.8514 356.2796
22.76667 351.7595 312.147 356.2819
22.76667 351.7456 312.3747 356.3288
22.8 351.7392 312.5762 356.3505
22.8 351.7363 312.7655 356.3539
22.8 351.7144 312.9558 356.3856
22.83333 351.7195 313.0996 356.466
22.83333 351.7259 313.2268 356.5266
22.86667 351.6872 313.3456 356.5945
22.86667 351.6586 313.469 356.6222
22.9 351.6419 313.5842 356.6364
22.9 351.6398 313.6952 356.703
22.9 351.6609 313.7424 356.7496
22.93333 351.6514 313.8076 356.7668
22.93333 351.6927 313.8675 356.8897
22.96667 351.7237 313.8993 356.9212
22.96667 351.7009 313.9536 356.8898
22.96667 351.6657 313.981 356.9772
23 351.6696 313.9879 357.0099
23 351.7213 313.99 357.0736
23.03333 351.7151 313.9926 357.0972
23.03333 351.6988 313.988 357.131
23.06667 351.6954 313.9835 357.1678
23.06667 351.7067 313.9849 357.2018
23.06667 351.7003 313.9844 357.2333
23.1 351.7048 313.982 357.2358
23.1 351.6955 313.9731 357.2491
23.13333 351.6973 313.981 357.2985
23.13333 351.721 313.9607 357.3388
23.13333 351.7638 313.9391 357.3815
23.16667 351.7986 313.9095 357.4138
23.16667 351.8614 313.8654 357.4372
23.2 351.9235 313.8195 357.4442
23.2 352.003 313.7542 357.5049
23.23333 352.1032 313.6709 357.5033
23.23333 352.1951 313.59 357.5046
23.23333 352.2946 313.4967 357.5165
23.26667 352.4043 313.3911 357.5181
23.26667 352.5154 313.295 357.5376
23.3 352.6468 313.1626 357.5823
23.3 352.7617 313.0139 357.6288
23.33333 352.8987 312.8583 357.6633
23.33333 353.0617 312.6704 357.6822
23.33333 353.1988 312.4833 357.6739
23.36667 353.3103 312.2924 357.6736
23.36667 353.4626 312.0684 357.666
23.4 353.6064 311.8572 357.6735
23.4 353.7517 311.6002 357.7125
23.4 353.8599 311.3467 357.7548
23.43333 353.9739 311.0746 357.7995
23.43333 354.0687 310.83 357.8223
23.46667 354.1522 310.5506 357.8342
23.46667 354.2206 310.2919 357.8399
23.5 354.2667 310.0623 357.8406
23.5 354.2937 309.7547 357.8714
23.5 354.3112 309.4787 357.9161
23.53333 354.3136 309.1613 357.9604
23.53333 354.3192 308.848 358.0133
23.56667 354.3316 308.5009 358.0788
23.56667 354.3509 308.1854 358.1309
23.56667 354.3708 307.8359 358.1851
23.6 354.3568 307.4584 358.2309
23.6 354.347 307.1254 358.2379
23.63333 354.345 306.758 358.2271
23.63333 354.3326 306.3283 358.2532
23.66667 354.3192 305.9113 358.2877
23.66667 354.2841 305.2971 358.3441
23.66667 354.233 304.7061 358.3711
23.7 354.1985 304.1498 358.3701
23.7 354.1815 303.5602 358.3413
23.73333 354.1623 302.841 358.3397
23.73333 354.1292 302.1765 358.34
23.73333 354.1209 301.584 358.3359
23.76667 354.0986 300.8261 358.3195
23.76667 354.0702 300.1593 358.3024
23.8 354.0141 299.3842 358.2702
23.8 353.9451 298.6382 358.2408
23.83333 353.8802 297.8585 358.2169
23.83333 353.8132 297.0731 358.1852
23.83333 353.7799 296.2921 358.1458
23.86667 353.782 295.4937 358.1172
23.86667 353.799 294.8362 358.0903
23.9 353.8246 294.1375 358.0891
23.9 353.866 293.5359 358.0919
23.9 353.9288 292.8871 358.1344
23.93333 354.0235 292.2764 358.2025
23.93333 354.1384 291.7324 358.2772
23.96667 354.2636 291.2204 358.3455
23.96667 354.4011 290.7441 358.3785
24 354.5193 290.2717 358.4055
24 354.6415 289.8039 358.4431
24 354.814 289.2226 358.4948
24.03333 355.0025 288.6023 358.5446
24.03333 355.1396 288.1145 358.5673
24.06667 355.2462 287.5461 358.5839
24.06667 355.3289 286.9254 358.6016
24.06667 355.3862 286.451 358.614
24.1 355.4839 285.8719 358.6509
24.1 355.566 285.3349 358.7062
24.13333 355.6375 284.8434 358.7492
24.13333 355.7445 284.2892 358.7929
24.16667 355.8004 283.806 358.8123
24.16667 355.8349 283.3742 358.8352
24.16667 355.8995 282.8796 358.8688
24.2 355.9971 282.3699 358.9422
24.2 356.0771 281.9513 359.0222
24.23333 356.1485 283.4674 359.1087
24.23333 356.2068 284.9225 359.2127
24.26667 356.2668 286.4367 359.288
24.26667 356.3014 287.8818 359.3514
24.3 356.3258 289.4176 359.3975
24.3 356.4654 289.8197 359.5854
24.33333 356.4629 291.7586 359.5995
24.33333 356.515 293.1563 359.6969
24.36667 356.5337 294.5756 359.779
24.36667 356.5014 296.0546 359.8296
24.4 356.5417 296.4206 0.02912948
24.4 356.5504 298.4598 0.03860556
24.43333 356.5745 299.9437 0.09786795
24.43333 356.5505 301.4553 0.152699
24.43333 356.5274 302.9847 0.1721752
24.46667 356.51 304.5143 0.2109645
24.46667 356.4605 306.0311 0.2699244
24.5 356.3918 307.6635 0.2916515
24.5 356.285 307.5811 0.4884284
24.53333 356.2986 310.348 0.3806368
24.53333 356.2276 311.9605 0.4040842
24.56667 356.141 313.5435 0.4378905
24.56667 356.0463 315.1199 0.4868334
24.6 355.9295 316.7328 0.4936133
24.6 355.6052 316.8555 0.5882253
24.63333 355.6037 319.1364 0.4979187
24.63333 355.4576 320.7827 0.4600305
24.66667 355.4272 322.8403 0.4026413
24.66667 355.3103 324.5247 0.3395128
24.7 355.1346 326.232 0.2749478
24.7 354.6025 327.4917 0.1052266
24.73333 354.2689 329.1068 0.005727675
24.73333 354.1981 331.3148 359.9909
24.76667 353.9738 333.3237 359.969
24.76667 353.74 335.4863 359.9022
24.8 353.1936 337.3008 359.7543
24.8 353.1511 338.2935 359.7377
24.83333 352.9129 336.4231 359.6635
24.83333 352.364 334.3705 359.5203
24.86667 352.557 332.4034 359.5773
24.86667 352.3062 330.3282 359.5383
24.9 352.0776 328.222 359.4918
24.9 351.8703 326.0066 359.3978
24.93333 351.2569 323.6171 359.2422
24.93333 351.2954 321.5297 359.2607
24.96667 351.0767 319.2787 359.2523
25 350.8945 317.0254 359.281
25 350.7678 314.6721 359.3347
25 350.2281 312.0447 359.2924
25.03333 350.2628 310.071 359.2455
25.03333 350.1745 307.9312 359.1387
25.06667 350.1766 305.8531 359.0826
25.06667 349.9094 303.4061 359.0495
25.1 349.9733 301.439 359.1446
25.1 349.9315 299.3466 359.1602
25.13333 349.8953 297.2781 359.1319
25.16667 349.8404 295.257 359.0651
25.16667 349.6223 292.9628 358.9963
25.2 349.6407 290.989 358.9907
25.2 349.597 288.9195 358.9401
25.2 349.5757 286.8683 358.8427
25.23333 349.613 284.8888 358.7015
25.26667 349.5858 282.7914 358.4638
25.26667 349.6656 280.8754 358.4455
25.3 349.6716 278.9334 358.2625
25.3 349.6662 276.9291 357.8893
25.33333 349.6681 274.9577 357.9115
25.33333 349.6754 273.0251 357.7891
25.36667 349.6877 271.3748 357.4295
25.36667 349.7154 273.4884 357.3705
25.4 349.7397 275.6194 357.2096
25.4 349.8064 278.0079 356.77
25.43333 349.8146 280.2789 356.5982
25.46667 349.7562 282.4515 356.6293
25.5 349.709 284.5173 356.6992
25.53333 349.6938 286.5048 356.7375
25.53333 349.7022 288.3936 356.7765
25.56667 349.7402 290.2682 356.8007
25.6 349.7712 291.9751 356.8883
25.6 349.8197 293.6205 356.8934
25.63333 349.9945 295.4408 356.7982
25.66667 350.3153 297.3858 356.6977
25.7 350.8043 299.3208 356.6563
25.73333 351.4451 301.2001 356.7438
25.76667 352.0079 302.9648 356.8928
25.76667 352.4857 304.7158 357.1002
25.8 352.7879 306.4546 357.3915
25.83333 353.0054 307.9185 357.8553
25.86667 353.0132 309.3865 358.0162
25.9 353.1242 310.8045 357.9503
25.93333 353.3412 312.0141 358.0371
25.93333 353.4126 313.2031 358.0041
25.96667 353.5019 314.5914 357.9266
26 353.4014 316.5102 357.7772
26.03333 353.5151 317.5013 357.7308
26.03333 353.5004 318.9444 357.6635
26.06667 353.4743 320.4663 357.6237
26.1 353.4016 321.8739 357.6944
26.13333 353.3624 323.3881 357.7049
26.13333 353.3073 325.4932 357.641
26.16667 353.2529 326.8552 357.6711
26.2 353.2674 328.4878 357.7011
26.23333 353.2299 330.1717 357.6769
26.23333 353.194 331.8643 357.6324
26.26667 353.2213 333.9707 357.6178
26.3 353.1411 335.6972 357.5915
26.33333 352.8585 337.9636 357.5233
26.36667 352.6089 338.3317 357.8817
26.36667 352.4984 338.2629 358.1781
26.4 352.6018 338.0506 358.3314
26.43333 352.6114 337.4957 358.5135
26.46667 352.7668 336.8332 358.3512
26.46667 352.8379 336.0859 358.009
26.5 352.8922 335.3985 357.8204
26.53333 352.8806 334.9588 357.6439
26.53333 352.6502 335.3553 357.4942
26.56667 352.4382 335.4249 357.4718
26.6 352.483 335.7112 357.697
26.63333 352.5597 336.11 357.6424
26.66667 352.6096 336.3381 357.5352
26.66667 352.5614 336.427 357.5418
26.7 352.4956 336.419 357.5455
26.73333 352.4021 336.4689 357.5417
26.73333 352.4042 336.3432 357.5963
26.73333 352.3903 336.2062 357.6221
26.76667 352.3962 336.0106 357.6625
26.76667 352.4231 335.8311 357.6821
26.8 352.4995 335.6435 357.6971
26.8 352.573 335.4458 357.7016
26.83333 352.6433 335.2476 357.7108
26.83333 352.6897 335.065 357.7526
26.83333 352.7894 334.8616 357.8248
26.86667 352.8568 334.6524 357.8963
26.86667 352.8833 334.4553 357.9334
26.9 352.9293 334.2777 357.9386
26.9 352.972 334.1045 357.986
26.93333 353.0178 333.9522 358.0231
26.93333 353.1105 333.7632 358.0781
26.93333 353.2264 333.5626 358.148
26.96667 353.3551 333.3577 358.1959
26.96667 353.4662 333.1706 358.2413
27 353.6132 332.92 358.2635
27 353.7774 332.6474 358.2732
27.03333 353.9395 332.396 358.2809
27.03333 354.0991 332.1481 358.2806
27.03333 354.2995 331.8648 358.2332
27.06667 354.4854 331.5404 358.2089
27.06667 354.6093 331.2951 358.1427
27.1 354.6643 331.0094 358.0272
27.1 354.6749 330.7501 357.9484
27.1 354.6794 330.5276 357.8933
27.13333 354.7262 330.3221 357.8366
27.13333 354.791 330.1111 357.8001
27.16667 354.8643 329.8917 357.7449
27.16667 354.9073 327.7268 357.6883
27.2 354.927 325.5941 357.6127
27.2 354.9667 323.4501 357.5417
27.23333 355.0291 321.3326 357.4783
27.23333 355.118 319.2008 357.3902
27.26667 355.1953 317.1168 357.3002
27.26667 355.2629 315.0727 357.2041
27.3 355.4528 312.7261 357.0621
27.3 355.4534 310.7307 357.1238
27.33333 355.5115 308.637 357.045
27.33333 355.545 306.5844 356.9111
27.36667 355.487 304.7253 356.4145
27.36667 355.6455 302.759 355.7976
27.4 355.7287 300.8477 355.8542
27.4 355.9041 298.9366 355.7776
27.43333 356.5526 297.2249 355.5853
27.43333 356.8335 295.3989 355.5363
27.46667 356.8169 293.4381 355.7443
27.46667 356.8853 291.4818 355.9564
27.5 356.7943 289.4063 356.1499
27.5 356.7775 287.353 356.4119
27.53333 356.7113 285.2865 356.7919
27.53333 356.6372 283.2712 356.9167
27.56667 356.5418 281.2998 356.7914
27.56667 356.4874 279.346 356.6565
27.6 356.5091 277.3735 356.5833
27.6 356.6643 275.3629 356.5336
27.63333 356.727 273.3182 356.5327
27.63333 356.6891 271.3748 356.5132
27.66667 356.6299 273.3742 356.4723
27.66667 356.5478 275.374 356.3933
27.7 356.4845 277.3267 356.3852
27.7 356.4535 279.2845 356.4349
27.73333 356.4573 281.2589 356.4987
27.73333 356.4375 283.2934 356.5455
27.76667 356.3403 285.3515 356.6107
27.76667 356.299 287.4392 356.6176
27.8 356.1306 289.6975 356.6821
27.83333 355.9272 292.0625 356.8408
27.86667 355.7536 294.3263 357.0399
27.86667 355.6128 296.4739 357.1993
27.9 355.4649 298.4378 357.3971
27.93333 355.3795 300.2834 357.583
