1.516564 0 270 0
1.789834 0 270 0
1.889834 0 270 0
1.989834 0 270 0
2.089834 0 270 0
2.189834 0 270 0
2.289834 0 270 0
2.389834 0 270 0
2.489834 0 270 0
2.589834 0 270 0
2.689834 0 270 0
2.789834 0 270 0
2.889834 0 270 0
2.989834 0 270 0
3.089834 0 270 0
3.189834 0 270 0
3.289834 0 270 0
3.389834 0 270 0
3.489834 0 270 0
3.589834 0 270 0
3.689834 0 270 0
3.789834 0 270 0
3.889834 0 270 0
3.989834 0 270 0
4.089834 0 270 0
4.189834 0 270 0
4.289834 0 270 0
4.389834 0 270 0
4.489834 0 270 0
4.589834 0 270 0
4.689834 0 270 0
4.789834 0 270 0
4.889834 0 270 0
4.989834 0 270 0
5.089834 0 270 0
5.189834 0 270 0
5.289834 0 270 0
5.389834 0 270 0
5.489834 0 270 0
5.589834 0 270 0
5.689834 0 270 0
5.789834 0 270 0
5.889834 0 270 0
5.989834 0 270 0
6.089834 0 270 0
6.189834 0 270 0
6.289834 0 270 0
6.389834 0 270 0
6.489834 0 270 0
6.589834 0 270 0
6.689834 0 270 0
6.789834 0 270 0
6.889834 0 270 0
6.989834 0 270 0
7.089834 0 270 0
7.189834 0 270 0
7.289834 0 270 0
7.389834 0 270 0
7.489834 0 270 0
7.589834 0 270 0
7.689834 0 270 0
7.789834 0 270 0
7.889834 0 270 0
7.989834 0 270 0
8.089834 0 270 0
8.189835 0 270 0
8.289834 0 270 0
8.389834 0 270 0
8.489834 0 270 0
8.589834 0 270 0
8.689835 0 270 0
8.789834 0 270 0
8.889834 0 270 0
8.989834 0 270 0
9.089834 0 270 0
9.189835 0 270 0
9.289834 0 270 0
9.389834 0 270 0
9.489834 0 270 0
9.589834 0 270 0
9.689835 0 270 0
9.789834 0 270 0
9.889834 0 270 0
9.989834 0 270 0
10.08983 0 270 0
10.18983 0 270 0
10.28983 0 270 0
10.38983 0 270 0
10.48983 1.138955 276.9067 5.337139E-08
10.58983 3.416865 290.7202 -1.069118E-07
10.68983 5.369365 302.5603 4.287681E-07
10.78983 7.64728 316.3737 8.614353E-07
10.88983 9.702971 329.2102 2.165411E-06
10.98983 11.64182 342.0646 9.806695E-07
11.08983 13.42817 354.941 2.52359E-06
11.18983 14.68943 6.872761 1.54459E-06
11.28983 14.96672 9.887985 -3.314078E-07
11.38983 14.96672 9.887985 -3.314078E-07
11.48983 14.96672 9.887985 -3.314078E-07
11.58983 14.96672 9.887985 -3.314078E-07
11.68983 14.96672 9.887985 -3.314078E-07
11.78983 14.96672 9.887985 -3.314078E-07
11.88983 14.96672 9.887985 -3.314078E-07
11.98983 14.96672 9.887985 -3.314078E-07
12.08983 14.96672 9.887985 -3.314078E-07
12.18983 14.28911 359.9109 1.887676E-06
12.28983 13.34046 345.9431 4.387253E-07
12.38983 12.39181 331.9753 4.370693E-07
12.48983 11.57867 320.0029 -4.357545E-07
12.58983 10.63002 306.0351 0
12.68983 9.749135 293.065 -4.331419E-07
12.78983 8.800479 279.0972 -4.319724E-07
12.88983 7.851813 265.1293 0
12.98983 6.970911 252.1591 0
13.08983 6.046935 238.1896 -4.292753E-07
13.18983 5.906141 236.0515 4.29165E-07
13.28983 5.906141 236.0515 4.29165E-07
13.38983 5.906141 236.0515 4.29165E-07
13.48983 5.906141 236.0515 4.29165E-07
13.58983 5.906141 236.0515 4.29165E-07
13.68983 5.906141 236.0515 4.29165E-07
13.78983 5.906141 236.0515 4.29165E-07
13.88983 5.906141 236.0515 4.29165E-07
13.98983 6.206141 237.1764 -4.294034E-07
14.08983 8.156148 258.5514 -4.312488E-07
14.18983 10.10615 279.1014 -4.336146E-07
14.28983 10.70616 289.0764 0
14.38983 10.70618 291.1764 -8.688987E-07
14.48983 10.70618 291.1764 -1.303348E-06
14.58983 10.70618 291.1764 -1.303348E-06
14.68983 10.70618 291.1764 -1.303348E-06
14.78983 10.70619 292.7514 -8.68899E-07
14.88983 10.70619 292.8264 -1.303348E-06
14.98983 10.70619 292.8264 -1.303348E-06
15.08983 10.70619 292.8264 -1.303348E-06
15.18983 10.70619 292.8264 -1.303348E-06
15.28983 10.70619 292.8264 -1.303348E-06
15.38983 10.70619 292.8264 -1.303348E-06
15.48983 10.70619 293.8014 -1.303348E-06
15.58983 10.8562 302.9514 -4.34666E-07
15.68983 10.8562 310.6764 -4.34666E-07
15.78983 10.85621 317.3514 -4.346661E-07
15.88983 10.85622 317.5014 -2.17333E-06
15.98983 10.85622 318.4764 -2.82533E-06
16.08983 10.85623 319.3764 -2.607997E-06
16.18983 10.85623 319.3764 -2.607997E-06
16.28983 10.85623 319.3764 -2.607997E-06
16.38983 10.85623 319.3764 -2.607997E-06
16.48983 10.85623 319.3764 -2.607997E-06
16.58983 10.85623 319.3764 -2.607997E-06
16.68983 10.85623 323.5014 -1.738664E-06
16.78983 10.85625 340.6764 -2.281997E-06
16.88983 10.85625 353.4264 -4.889993E-06
16.98983 10.85626 355.2264 -4.183661E-06
17.08983 10.85626 355.6764 -1.094815E-05
17.18983 10.70627 356.9514 -1.197451E-05
17.28983 10.63127 358.4514 -1.380394E-05
17.38983 10.63127 358.4514 -1.380394E-05
17.48983 10.78128 346.3014 -1.401448E-05
17.58983 10.78128 323.8014 -1.564407E-05
17.68983 10.78128 299.8013 -1.73823E-05
17.78983 10.33128 281.8013 -1.77908E-05
17.88983 10.5563 276.2513 -1.650097E-05
17.98983 10.55632 276.2513 -1.606674E-05
18.08983 10.55632 276.2513 -1.606674E-05
18.18983 10.55632 276.2513 -1.519826E-05
18.28983 10.55632 276.2513 -1.519826E-05
18.38984 10.55632 276.2513 -1.519826E-05
18.48983 10.55632 276.3264 -1.519826E-05
18.58983 10.55632 277.2263 -1.432979E-05
18.68983 10.55632 277.9763 -1.519827E-05
18.78983 10.55632 277.9763 -1.519827E-05
18.88984 10.55632 277.9763 -1.519827E-05
18.98983 10.55632 277.9763 -1.519827E-05
19.08983 10.55632 277.9763 -1.519827E-05
19.18983 10.55632 277.9763 -1.519827E-05
19.28983 10.55632 277.9763 -1.519827E-05
19.38984 10.55632 277.9763 -1.519827E-05
19.48983 10.55632 277.9763 -1.519827E-05
19.58983 10.55632 277.9763 -1.519827E-05
19.68983 10.55632 277.9763 -1.519827E-05
19.78983 10.55632 277.9763 -1.519827E-05
19.88984 10.55632 277.9763 -1.519827E-05
19.98983 10.55632 277.9763 -1.519827E-05
20.08983 10.87475 283.9679 -1.391018E-05
20.18983 11.56467 296.9496 -1.481491E-05
20.28983 12.30768 310.9298 -1.529251E-05
20.38984 12.99761 323.9116 -1.752446E-05
20.48983 13.74062 337.8918 -1.494177E-05
20.58983 14.48362 351.872 -2.116315E-05
20.68983 15.17355 4.853623 -2.510091E-05
20.78983 15.91655 18.83382 -3.284898E-05
20.88984 16.60649 31.81545 -3.162817E-05
20.98983 17.24333 43.79856 -3.754602E-05
21.08983 18.03939 58.77749 -3.591647E-05
21.18983 18.72932 71.75925 -3.606049E-05
21.28983 18.79417 72.97948 9.018589E-07
21.38984 18.79417 72.97948 9.018589E-07
21.48983 18.79417 72.97948 9.018589E-07
21.58983 18.79417 72.97948 9.018589E-07
21.68983 18.79417 72.97948 9.018589E-07
21.78983 18.79417 72.97948 9.018589E-07
21.88984 18.79417 72.97948 9.018589E-07
21.98983 18.79417 72.97948 9.018589E-07
22.08983 18.79417 72.97948 9.018589E-07
22.18983 18.79417 72.97948 9.018589E-07
22.28983 18.79417 72.97948 9.018589E-07
22.38984 18.79417 72.97948 9.018589E-07
22.48983 18.79417 72.97948 9.018589E-07
22.58983 18.79417 72.97948 9.018589E-07
22.68983 18.79417 72.97948 9.018589E-07
22.78983 18.79417 72.97948 9.018589E-07
22.88984 18.79417 72.97948 9.018589E-07
22.98983 18.79417 72.97948 9.018589E-07
23.08983 18.79417 72.97948 9.018589E-07
23.18983 18.79417 72.97948 9.018589E-07
23.28983 18.79417 72.97948 9.018589E-07
23.38984 18.79417 72.97948 9.018589E-07
23.48983 18.79417 72.97948 9.018589E-07
23.58983 18.79417 72.97948 9.018589E-07
23.68983 18.79418 72.97948 1.803718E-06
23.78983 18.54416 70.99517 9.005304E-07
23.88984 16.92194 58.09672 1.33862E-06
23.98983 15.17491 44.2061 4.423096E-07
24.08983 13.56033 31.30673 2.195641E-07
24.18983 11.94576 18.40743 -1.527176E-06
24.28983 10.2183 4.51446 -2.358607E-06
24.38984 8.620106 351.6131 -1.781027E-06
24.48983 6.909093 337.7181 -2.365052E-06
24.58983 5.333898 324.814 -3.001203E-06
24.68983 3.81406 311.9032 -3.74355E-06
24.78983 3.561534 309.6442 1.069282E-07
24.88984 3.561534 309.6442 1.069282E-07
24.98983 3.561534 309.6442 1.069282E-07
25.08983 3.561534 309.6442 1.069282E-07
25.18983 3.561534 309.6442 1.069282E-07
25.28983 3.561534 309.6442 1.069282E-07
25.38984 3.561534 309.6442 1.069282E-07
25.48983 3.561534 309.6442 1.069282E-07
25.58983 3.561534 309.6442 1.069282E-07
25.68983 3.561534 309.6442 1.069282E-07
25.78983 3.561537 309.6442 1.069282E-06
25.88984 3.668084 306.6461 1.817994E-06
25.98983 4.162273 292.6548 1.926071E-06
26.08983 4.621164 279.6629 2.783814E-06
26.18983 5.115348 265.6716 2.357266E-06
26.28983 5.574234 252.6795 2.57349E-06
26.38984 6.068426 238.6879 2.361109E-06
26.48983 6.1768 235.6197 -4.293795E-07
26.58983 6.1768 235.6197 -4.293795E-07
26.68983 6.1768 235.6197 -4.293795E-07
26.78983 6.1768 235.6197 -4.293795E-07
26.88984 6.1768 235.6197 -4.293795E-07
26.98983 6.1768 235.6197 -4.293795E-07
27.08983 6.1768 235.6197 -4.293795E-07
27.18983 6.1768 235.6197 -4.293795E-07
27.28983 6.1768 235.6197 -4.293795E-07
27.38984 6.1768 235.6197 -4.293795E-07
27.48983 6.1768 235.6197 -4.293795E-07
27.58983 6.1768 235.6197 -4.293795E-07
27.68983 6.1768 235.6197 -4.293795E-07
27.78983 5.954378 241.6154 0
27.88984 5.469182 254.6063 4.288392E-07
27.98983 4.94667 268.5964 2.142414E-07
28.08983 4.421221 282.5865 2.140805E-07
28.18983 3.89049 296.5765 6.418093E-07
28.28983 3.310941 305.2476 -2.138003E-07
28.38984 3.310941 305.2476 -2.138003E-07
28.48983 3.310941 305.2476 -2.138003E-07
28.58983 3.310941 305.2476 -2.138003E-07
28.68983 3.310941 305.2476 -2.138003E-07
28.78983 3.310941 305.2476 -2.138003E-07
28.88984 3.310941 305.2476 -2.138003E-07
28.98983 3.310941 305.2476 -2.138003E-07
29.08983 3.310944 305.2476 -1.175902E-06
29.18983 3.475445 301.251 -1.28302E-06
29.28983 4.051193 287.2628 -1.497847E-06
29.38984 4.626945 273.2747 -1.71313E-06
29.48983 5.161566 260.2856 -1.500187E-06
29.58983 5.696192 247.2966 -1.716021E-06
29.68983 6.1768 235.6197 -4.293795E-07
29.78983 6.1768 235.6197 -4.293795E-07
29.88984 6.1768 235.6197 -4.293795E-07
29.98983 6.1768 235.6197 -4.293795E-07
30.08983 6.1768 235.6197 -4.293795E-07
30.18983 6.1768 235.6197 -4.293795E-07
30.28983 6.1768 235.6197 -4.293795E-07
30.38984 6.1768 235.6197 -4.293795E-07
30.48983 6.1768 235.6197 -4.293795E-07
30.58983 5.941598 239.6127 -6.437886E-07
30.68983 5.116445 253.5882 0
30.78983 4.286462 267.5634 -4.280842E-07
30.88984 3.511563 280.5402 -3.207674E-07
30.98983 2.727221 293.5165 -4.273708E-07
31.08983 2.327814 299.707 0
31.18983 2.327814 299.707 0
31.28983 2.327814 299.707 0
31.38984 2.327814 299.707 0
31.48983 2.327814 299.707 0
31.58983 2.327815 299.707 4.272393E-07
31.68983 3.799277 311.6165 8.55654E-07
31.78983 5.393364 324.5184 8.575702E-07
31.88984 6.987445 337.4203 9.676825E-07
31.98983 8.581534 350.3222 2.212565E-06
32.08984 10.17562 3.224132 2.412504E-06
32.18983 11.89232 17.1185 2.726564E-06
32.28983 13.48641 30.02043 5.487399E-06
32.38984 13.60903 31.01288 5.709839E-06
32.48983 13.60903 31.01288 5.709839E-06
32.58984 13.60903 31.01288 5.709839E-06
32.68983 13.60903 31.01288 5.709839E-06
32.78983 13.60903 31.01288 5.709839E-06
32.88984 13.60903 31.01288 5.709839E-06
32.98983 13.60903 31.01288 5.709839E-06
33.08984 13.60903 31.01288 5.709839E-06
33.18983 13.60903 31.01288 5.709839E-06
33.28983 13.60903 31.01288 5.709839E-06
33.38984 13.60903 31.01288 5.709839E-06
33.48983 13.60903 31.01288 5.709839E-06
33.58984 13.60903 31.01288 5.709839E-06
33.68983 13.60903 31.01288 5.709839E-06
33.78983 13.60903 31.01288 5.709839E-06
33.88984 13.60903 31.01288 5.709839E-06
33.98983 13.60903 31.01288 5.709839E-06
34.08984 13.60903 31.01288 5.709839E-06
34.18983 13.60903 31.01288 5.709839E-06
34.28983 13.60903 31.01288 5.709839E-06
34.38984 13.60903 31.01288 5.709839E-06
34.48983 13.60903 31.01288 5.709839E-06
34.58984 13.60903 31.01288 5.709839E-06
34.68983 13.60903 31.01288 5.709839E-06
34.78983 13.60903 31.01288 5.709839E-06
34.88984 13.60903 31.01288 5.709839E-06
34.98983 13.60903 31.01288 5.709839E-06
35.08984 13.60903 31.01288 5.709839E-06
35.18983 13.60903 31.01288 5.709839E-06
35.28983 13.60903 31.01288 5.709839E-06
35.38984 13.60903 31.01288 5.709839E-06
35.48983 13.60903 31.01288 5.709839E-06
35.58984 13.60903 31.01288 5.709839E-06
35.68983 13.53403 30.78788 5.268954E-06
35.78983 12.55903 1.012878 7.721987E-06
35.88984 17.20904 328.5379 9.831655E-06
35.98983 17.65906 325.6129 1.254392E-05
36.08984 17.28405 324.7129 1.25181E-05
36.18983 17.28405 324.7129 1.25181E-05
36.28983 17.28405 324.7129 1.25181E-05
36.38984 17.28405 324.7129 1.25181E-05
36.48983 17.28405 324.7129 1.25181E-05
36.58984 17.28405 325.088 1.07298E-05
36.68983 17.28405 325.6129 1.207103E-05
36.78983 17.28405 326.063 1.520055E-05
36.88984 17.28405 326.063 1.520055E-05
36.98983 17.28405 326.1379 1.385933E-05
37.08984 17.28405 326.1379 1.385933E-05
37.18983 17.28405 326.1379 1.385933E-05
37.28983 17.28405 326.1379 1.385933E-05
37.38984 17.28405 326.1379 1.385933E-05
37.48983 17.28405 326.1379 1.385933E-05
37.58984 17.28405 326.1379 1.385933E-05
37.68983 17.28405 326.1379 1.385933E-05
37.78983 17.28405 326.1379 1.385933E-05
37.88984 17.28405 326.1379 1.385933E-05
37.98983 17.28405 326.1379 1.385933E-05
38.08984 17.28405 326.1379 1.385933E-05
38.18983 18.03407 325.9879 1.481509E-05
38.28983 19.38408 325.2379 1.493379E-05
38.38984 19.8341 325.0879 1.769848E-05
38.48983 19.83411 325.088 1.90599E-05
38.58984 19.83411 325.088 1.90599E-05
38.68983 19.83411 325.088 1.90599E-05
38.78983 19.83411 325.088 1.90599E-05
38.88984 19.83411 325.088 1.90599E-05
38.98983 19.83411 325.088 1.90599E-05
39.08984 19.90911 325.1629 1.770685E-05
39.18983 19.90912 325.1629 1.725283E-05
39.28983 19.90912 325.1629 1.725283E-05
39.38984 19.90912 325.1629 1.725283E-05
39.48983 19.90912 325.1629 1.725283E-05
39.58984 19.90912 325.1629 1.725283E-05
39.68983 19.90912 325.1629 1.725283E-05
39.78983 19.90912 325.1629 1.725283E-05
39.88984 19.90913 325.2379 1.770685E-05
39.98983 19.98414 327.113 1.816951E-05
40.08984 20.05916 329.663 1.454254E-05
40.18983 20.05918 333.863 1.908709E-05
40.28983 20.05919 335.363 2.590391E-05
40.38984 20.05919 335.363 2.590391E-05
40.48983 20.05919 335.363 2.590391E-05
40.58984 20.05919 335.363 2.590391E-05
40.68983 20.05919 335.363 2.590391E-05
40.78983 20.05919 335.363 2.590391E-05
40.88984 20.05919 335.363 2.590391E-05
40.98983 20.05919 335.363 2.590391E-05
41.08984 20.05919 335.363 2.590391E-05
41.18983 20.05919 335.363 2.590391E-05
41.28983 20.05919 335.363 2.590391E-05
41.38984 20.05919 335.363 2.590391E-05
41.48983 20.05919 335.363 2.590391E-05
41.58984 20.05919 335.363 2.590391E-05
41.68983 20.05919 335.363 2.590391E-05
41.78983 20.05919 335.363 2.590391E-05
41.88984 20.05919 335.363 2.590391E-05
41.98983 20.05919 335.363 2.590391E-05
42.08984 20.05919 335.363 2.590391E-05
42.18983 20.05919 335.363 2.590391E-05
42.28983 20.05919 335.363 2.590391E-05
42.38984 20.05919 335.363 2.590391E-05
42.48983 20.05919 335.363 2.590391E-05
42.58984 20.05919 335.363 2.590391E-05
42.68983 20.05919 335.363 2.590391E-05
42.78983 20.05919 335.363 2.590391E-05
42.88984 20.05919 335.363 2.590391E-05
42.98983 20.05919 335.363 2.590391E-05
43.08984 20.05919 335.363 2.590391E-05
43.18983 20.05919 335.363 2.590391E-05
43.28983 20.05919 335.363 2.590391E-05
43.38984 20.05919 335.363 2.590391E-05
43.48983 20.05919 335.363 2.590391E-05
43.58984 20.05919 335.363 2.590391E-05
43.68983 20.05919 335.363 2.590391E-05
43.78983 20.05919 335.363 2.590391E-05
43.88984 20.05919 335.363 2.590391E-05
43.98983 20.05919 335.363 2.590391E-05
44.08984 20.05919 335.363 2.590391E-05
44.18983 20.05919 335.363 2.590391E-05
44.28983 20.05919 335.363 2.590391E-05
44.38984 20.05919 335.363 2.590391E-05
44.48983 20.05919 335.363 2.590391E-05
44.58984 20.05919 335.363 2.590391E-05
44.68983 20.05919 335.363 2.590391E-05
44.78983 20.05919 335.363 2.590391E-05
44.88984 20.05919 335.363 2.590391E-05
44.98983 20.13421 331.538 2.818968E-05
45.08984 20.13422 328.988 2.864436E-05
45.18983 20.13425 324.938 3.228174E-05
45.28983 20.13426 323.813 3.455511E-05
45.38984 20.13426 323.813 3.455511E-05
45.48983 20.13426 323.813 3.455511E-05
45.58984 20.13426 323.813 3.455511E-05
45.68983 20.13426 323.813 3.455511E-05
45.78983 20.13426 323.813 3.455511E-05
45.88984 20.13426 323.813 3.455511E-05
45.98983 20.13426 323.813 3.455511E-05
46.08984 20.13426 323.813 3.455511E-05
46.18983 20.13426 323.813 3.455511E-05
46.28983 20.13426 323.813 3.455511E-05
46.38984 20.13426 323.813 3.455511E-05
46.48983 20.13426 323.813 3.455511E-05
46.58984 20.13426 323.813 3.455511E-05
46.68983 20.13426 323.813 3.455511E-05
46.78983 20.13426 323.813 3.455511E-05
46.88984 20.13426 323.813 3.455511E-05
46.98983 20.13426 323.813 3.455511E-05
47.08984 20.13426 323.813 3.455511E-05
47.18983 20.13426 323.813 3.455511E-05
47.28983 20.13426 323.813 3.455511E-05
47.38984 20.13426 323.813 3.455511E-05
47.48983 20.13426 323.813 3.455511E-05
47.58984 20.13426 323.813 3.455511E-05
47.68983 20.13426 323.813 3.455511E-05
47.78983 20.13426 323.813 3.455511E-05
47.88984 20.13426 323.813 3.455511E-05
47.98983 20.13426 323.813 3.455511E-05
48.08984 20.13426 323.813 3.455511E-05
48.18983 20.13426 323.813 3.455511E-05
48.28983 20.13426 323.813 3.455511E-05
48.38984 20.13426 323.813 3.455511E-05
48.48983 20.13426 323.813 3.455511E-05
48.58984 20.13426 323.813 3.455511E-05
48.68983 20.13426 323.813 3.455511E-05
48.78983 20.13426 323.813 3.455511E-05
48.88984 20.13426 323.813 3.455511E-05
48.98983 20.13426 323.813 3.455511E-05
49.08984 20.13426 323.813 3.455511E-05
49.18983 20.13426 323.813 3.455511E-05
49.28983 20.13426 323.813 3.455511E-05
49.38984 20.13426 323.813 3.455511E-05
49.48983 20.13426 323.813 3.455511E-05
49.58984 20.13426 323.813 3.455511E-05
49.68983 20.13426 323.813 3.455511E-05
49.78983 20.13426 324.188 3.319109E-05
49.88984 20.13427 325.3881 3.319109E-05
49.98983 20.13429 326.7381 2.909905E-05
50.08984 20.13429 326.7381 2.909905E-05
50.18983 20.13429 326.7381 2.909905E-05
50.28983 20.13429 326.7381 2.909905E-05
50.38984 20.13429 326.7381 2.909905E-05
50.48983 20.13429 325.6881 2.955372E-05
50.58984 20.1343 319.4631 3.137241E-05
50.68983 19.98433 311.9632 3.361363E-05
50.78983 19.90934 307.9131 3.268962E-05
50.88984 19.90935 307.5382 3.087354E-05
50.98983 19.90935 307.5382 3.087354E-05
51.08984 19.90935 307.5382 3.087354E-05
51.18983 19.90935 307.5382 3.087354E-05
51.28983 19.90935 307.5382 3.087354E-05
51.38984 19.90935 307.5382 3.087354E-05
51.48983 19.90935 307.5382 3.087354E-05
51.58984 19.90935 307.5382 3.087354E-05
51.68983 19.90935 307.5382 3.087354E-05
51.78983 19.90935 307.5382 3.087354E-05
51.88984 19.90935 307.5382 3.087354E-05
51.98983 19.90935 306.9382 3.178158E-05
52.08984 19.98437 300.7882 3.270517E-05
52.18983 20.13439 294.9382 3.36458E-05
52.28983 20.13442 294.7883 3.455514E-05
52.38984 20.13442 294.7883 3.455514E-05
52.48983 20.13442 294.7883 3.455514E-05
52.58984 20.13442 294.7883 3.455514E-05
52.68983 20.13442 294.7883 3.455514E-05
52.78983 20.13442 294.7883 3.455514E-05
52.88984 20.13442 294.7883 3.455514E-05
52.98983 20.88444 291.1882 3.198335E-05
53.08984 20.95944 286.9132 3.108509E-05
53.18983 20.95944 285.6382 3.199935E-05
53.28983 20.95945 284.8882 3.474215E-05
53.38984 20.95945 284.8882 3.474215E-05
53.48983 20.95945 283.5383 3.382788E-05
53.58984 20.43446 262.1632 3.371098E-05
53.68983 20.20948 249.6382 3.275221E-05
53.78983 19.68448 234.9383 3.355024E-05
53.88984 19.68451 230.5882 3.082995E-05
53.98983 17.58452 211.0132 3.761621E-05
54.08984 15.48452 189.4131 3.455129E-05
54.18983 15.48453 189.3381 3.444055E-05
54.28983 12.85953 179.9632 3.745364E-05
54.38984 12.18453 177.2632 4.339955E-05
54.48983 12.18453 177.2632 4.339955E-05
54.58984 12.18454 179.8882 4.54339E-05
54.68983 14.95955 217.2382 4.595367E-05
54.78983 17.35956 256.5383 4.47259E-05
54.88984 17.35956 271.4632 4.383138E-05
54.98983 17.35959 278.5883 4.562042E-05
55.08984 17.3596 281.8132 4.47259E-05
55.18983 17.3596 284.8882 4.472591E-05
55.28983 17.35962 284.8882 4.025332E-05
55.38984 17.35966 284.8882 4.383141E-05
55.48983 17.35966 284.8882 4.293689E-05
55.58984 17.35967 286.0132 4.204236E-05
55.68983 17.35966 287.5882 4.204237E-05
55.78983 17.35966 287.5882 4.114785E-05
55.88984 17.35966 287.5882 4.114785E-05
55.98983 17.35966 287.5882 4.114785E-05
56.08984 17.35966 287.8882 4.114785E-05
56.18983 16.53468 304.1632 4.18583E-05
56.28983 16.53468 331.7632 3.829589E-05
56.38984 16.45968 340.4632 4.006156E-05
56.48983 15.85969 353.3632 3.738845E-05
56.58984 15.33471 2.438203 3.6048E-05
56.68983 14.58471 17.73817 3.749356E-05
56.78984 14.28472 30.33814 3.722281E-05
56.88984 15.18472 28.31312 3.848273E-05
56.98983 16.08474 24.78813 3.931869E-05
57.08984 15.48475 26.58812 3.787357E-05
57.18983 15.48476 27.03811 3.87595E-05
57.28984 17.13476 13.98813 3.439702E-05
57.38984 19.15977 349.7631 3.299016E-05
57.48983 19.38478 333.7881 2.986771E-05
57.58984 19.3848 314.8881 3.213041E-05
57.68983 19.3848 308.8881 3.439312E-05
57.78984 19.3848 308.8881 3.439312E-05
57.88984 19.30981 306.0381 3.437731E-05
57.98983 18.93481 301.9881 3.249416E-05
58.08984 18.93481 301.9881 3.249416E-05
58.18983 18.93481 301.9881 3.249416E-05
58.28984 18.93481 301.9881 3.249416E-05
58.38984 18.93481 301.9881 3.249416E-05
58.48983 18.93481 301.9881 3.249416E-05
58.58984 18.93481 301.9881 3.249416E-05
58.68983 18.93481 301.9881 3.249416E-05
58.78984 18.93481 301.9881 3.249416E-05
58.88984 18.93481 301.9881 3.249416E-05
58.98983 18.93481 301.9881 3.249416E-05
59.08984 18.93482 299.8131 3.339678E-05
59.18983 18.93483 288.2631 3.42994E-05
59.28984 18.93483 287.6631 3.42994E-05
59.38984 18.93483 287.6631 3.42994E-05
59.48983 18.93483 287.6631 3.42994E-05
59.58984 18.93483 287.6631 3.42994E-05
59.68983 19.15985 283.0131 3.705746E-05
59.78984 19.15986 272.6631 3.615362E-05
59.88984 19.15988 267.2631 3.705746E-05
59.98983 18.78488 262.6881 3.877779E-05
60.08984 18.55989 258.6381 3.692514E-05
60.18983 18.55989 258.6381 3.692514E-05
60.28984 18.55989 258.6381 3.692514E-05
60.38984 18.55989 258.6381 3.692514E-05
60.48983 18.55989 258.6381 3.692514E-05
60.58984 18.85989 247.7631 3.608847E-05
60.68983 18.7099 229.688 3.560564E-05
60.78984 18.4849 220.913 3.42083E-05
60.88984 18.4099 219.938 3.464328E-05
60.98983 18.4099 220.013 3.464328E-05
61.08984 18.33491 221.063 3.642709E-05
61.18983 18.33491 221.063 3.597738E-05
61.28984 18.48492 224.888 3.510853E-05
61.38984 20.43492 259.1629 3.46222E-05
61.48983 20.05993 269.4379 3.362979E-05
61.58984 19.60991 274.2379 3.534734E-05
61.68983 18.70992 295.1629 3.515494E-05
61.78984 18.03493 308.3629 3.591555E-05
61.88984 17.88493 311.5879 3.633365E-05
61.98983 17.20994 319.3129 3.664544E-05
62.08984 17.20994 319.5379 3.619854E-05
62.18983 17.20994 319.5379 3.619854E-05
62.28984 17.20994 319.5379 3.619854E-05
62.38984 17.20994 319.5379 3.619854E-05
62.48983 17.20994 319.5379 3.619854E-05
62.58984 17.20994 319.5379 3.619854E-05
62.68983 17.20994 319.5379 3.619854E-05
62.78984 17.20994 319.5379 3.619854E-05
62.88984 17.20994 319.5379 3.619854E-05
62.98983 17.20994 319.5379 3.619854E-05
63.08984 17.20994 319.5379 3.619854E-05
63.18983 17.20994 319.5379 3.619854E-05
63.28984 17.20994 319.5379 3.619854E-05
63.38984 17.05372 317.544 3.75077E-05
63.48983 15.96017 303.5868 3.907215E-05
63.58984 14.7885 288.6326 4.01776E-05
63.68983 13.61682 273.6785 3.953095E-05
63.78984 12.44513 258.7242 3.978144E-05
63.88984 11.41336 245.5561 8.709974E-07
63.98983 11.41336 245.5561 8.709974E-07
64.08984 11.41336 245.5561 8.709974E-07
64.18983 11.41336 245.5561 8.709974E-07
64.28983 11.41336 245.5561 8.709974E-07
64.38983 11.41336 245.5561 8.709974E-07
64.48984 11.41336 245.5561 8.709974E-07
64.58984 11.41336 245.5561 8.709974E-07
64.68983 11.41336 245.5561 8.709974E-07
64.78983 11.41336 245.5561 8.709974E-07
64.88983 11.41336 245.5561 8.709974E-07
64.98984 11.41336 245.5561 8.709974E-07
65.08984 11.41336 245.5561 8.709974E-07
65.18983 11.41336 245.5561 8.709974E-07
65.28983 11.41336 245.5561 8.709974E-07
65.38983 11.41336 245.5561 8.709974E-07
65.48984 11.41336 245.5561 8.709974E-07
65.58984 11.41336 245.5561 8.709974E-07
65.68983 11.41336 245.5561 8.709974E-07
65.78983 11.41336 245.5561 8.709974E-07
65.88983 11.41336 245.5561 8.709974E-07
65.98984 11.41336 245.5561 8.709974E-07
66.08984 11.41336 245.5561 8.709974E-07
66.18983 11.41336 245.5561 8.709974E-07
66.28983 11.41336 245.5561 8.709974E-07
66.38983 11.41336 245.5561 8.709974E-07
66.48984 11.41336 245.5561 8.709974E-07
66.58984 11.41336 245.5561 8.709974E-07
66.68983 11.41336 245.5561 8.709974E-07
66.78983 11.41336 245.5561 8.709974E-07
66.88983 11.41336 245.5561 8.709974E-07
66.98984 11.41336 245.5561 8.709974E-07
67.08984 11.41336 245.5561 8.709974E-07
67.18983 11.41336 245.5561 8.709974E-07
67.28983 11.41336 245.5561 8.709974E-07
67.38983 11.41336 245.5561 8.709974E-07
67.48984 11.41336 245.5561 8.709974E-07
67.58984 11.41336 245.5561 8.709974E-07
67.68983 11.41336 245.5561 8.709974E-07
67.78983 11.41336 245.5561 8.709974E-07
67.88983 11.41336 245.5561 8.709974E-07
67.98984 11.41336 245.5561 8.709974E-07
68.08984 11.41336 245.5561 8.709974E-07
68.18983 11.41336 245.5561 8.709974E-07
68.28983 11.41336 245.5561 8.709974E-07
68.38983 11.41336 245.5561 8.709974E-07
68.48984 11.41336 245.5561 8.709974E-07
68.58984 11.41336 245.5561 8.709974E-07
68.68983 11.41336 245.5561 8.709974E-07
68.78983 11.41336 245.5561 8.709974E-07
68.88983 11.41336 245.5561 8.709974E-07
68.98984 11.41336 245.5561 8.709974E-07
69.08984 11.41336 245.5561 8.709974E-07
69.18983 11.41336 245.5561 8.709974E-07
69.28983 11.41336 245.5561 8.709974E-07
69.38983 11.41336 245.5561 8.709974E-07
69.48984 11.41336 245.5561 8.709974E-07
69.58984 11.41336 245.5561 8.709974E-07
69.68983 11.41336 245.5561 8.709974E-07
69.78983 11.41336 245.5561 8.709974E-07
69.88983 11.41336 245.5561 8.709974E-07
69.98984 11.41336 245.5561 8.709974E-07
70.08984 11.41336 245.5561 8.709974E-07
70.18983 11.41336 245.5561 8.709974E-07
70.28983 11.41336 245.5561 8.709974E-07
70.38983 11.41336 245.5561 8.709974E-07
70.48984 11.41336 245.5561 8.709974E-07
70.58984 11.41336 245.5561 8.709974E-07
70.68983 11.41336 245.5561 8.709974E-07
70.78983 11.41336 245.5561 8.709974E-07
70.88983 11.41336 245.5561 8.709974E-07
70.98984 11.41336 245.5561 8.709974E-07
71.08984 11.41336 245.5561 8.709974E-07
71.18983 11.41336 245.5561 8.709974E-07
71.28983 11.41336 245.5561 8.709974E-07
71.38983 11.41336 245.5561 8.709974E-07
71.48984 11.41336 245.5561 8.709974E-07
71.58984 11.41336 245.5561 8.709974E-07
71.68983 11.41336 245.5561 8.709974E-07
71.78983 11.41336 245.5561 8.709974E-07
71.88983 11.41336 245.5561 8.709974E-07
71.98984 11.41336 245.5561 8.709974E-07
72.08984 11.41336 245.5561 8.709974E-07
72.18983 11.41336 245.5561 8.709974E-07
72.28983 11.41336 245.5561 8.709974E-07
72.38983 11.41336 245.5561 8.709974E-07
72.48984 11.41336 245.5561 8.709974E-07
72.58984 11.41336 245.5561 8.709974E-07
72.68983 11.41336 245.5561 8.709974E-07
72.78983 11.41336 245.5561 8.709974E-07
72.88983 11.41336 245.5561 8.709974E-07
72.98984 11.41336 245.5561 8.709974E-07
73.08984 11.41336 245.5561 8.709974E-07
73.18983 11.41336 245.5561 8.709974E-07
73.28983 11.41336 245.5561 8.709974E-07
73.38983 11.41336 245.5561 8.709974E-07
73.48984 11.41336 245.5561 8.709974E-07
73.58984 11.41336 245.5561 8.709974E-07
73.68983 11.41336 245.5561 8.709974E-07
73.78983 11.41336 245.5561 8.709974E-07
73.88983 11.41336 245.5561 8.709974E-07
73.98984 11.41336 245.5561 8.709974E-07
74.08984 11.41336 245.5561 8.709974E-07
74.18983 11.41336 245.5561 8.709974E-07
74.28983 11.41336 245.5561 8.709974E-07
74.38983 11.41336 245.5561 8.709974E-07
74.48984 11.41336 245.5561 8.709974E-07
74.58984 11.41336 245.5561 8.709974E-07
74.68983 11.41336 245.5561 8.709974E-07
74.78983 11.41336 245.5561 8.709974E-07
74.88983 11.41336 245.5561 8.709974E-07
74.98984 11.41336 245.5561 8.709974E-07
75.08984 11.41336 245.5561 8.709974E-07
75.18983 11.41336 245.5561 8.709974E-07
75.28983 11.41336 245.5561 8.709974E-07
75.38983 11.41336 245.5561 8.709974E-07
75.48984 11.41336 245.5561 8.709974E-07
75.58984 11.41336 245.5561 8.709974E-07
75.68983 11.41336 245.5561 8.709974E-07
75.78983 11.41336 245.5561 8.709974E-07
75.88983 11.41336 245.5561 8.709974E-07
75.98984 11.41336 245.5561 8.709974E-07
76.08984 11.41336 245.5561 8.709974E-07
76.18983 11.41336 245.5561 8.709974E-07
76.28983 11.41336 245.5561 8.709974E-07
76.38983 11.41336 245.5561 8.709974E-07
76.48984 11.41336 245.5561 8.709974E-07
76.58984 11.41336 245.5561 8.709974E-07
76.68983 11.41336 245.5561 8.709974E-07
76.78983 11.41336 245.5561 8.709974E-07
76.88983 11.41336 245.5561 8.709974E-07
76.98984 11.41336 245.5561 8.709974E-07
77.08984 11.41336 245.5561 8.709974E-07
77.18983 11.41336 245.5561 8.709974E-07
77.28983 11.41336 245.5561 8.709974E-07
77.38983 11.41336 245.5561 8.709974E-07
77.48984 11.41336 245.5561 8.709974E-07
77.58984 11.41336 245.5561 8.709974E-07
77.68983 11.41336 245.5561 8.709974E-07
77.78983 11.41336 245.5561 8.709974E-07
77.88983 11.41336 245.5561 8.709974E-07
77.98984 11.41336 245.5561 8.709974E-07
78.08984 11.41336 245.5561 8.709974E-07
78.18983 11.41336 245.5561 8.709974E-07
78.28983 11.41336 245.5561 8.709974E-07
78.38983 11.41336 245.5561 8.709974E-07
78.48984 11.41336 245.5561 8.709974E-07
78.58984 11.41336 245.5561 8.709974E-07
