1.527086 0 270 0
1.779417 0 270 0
1.879417 0 270 0
1.979417 0 270 0
2.079417 0 270 0
2.179417 0 270 0
2.279417 0 270 0
2.379417 0 270 0
2.479417 0 270 0
2.579417 0 270 0
2.679417 0 270 0
2.779417 0 270 0
2.879417 0 270 0
2.979417 0 270 0
3.079417 0 270 0
3.179417 0 270 0
3.279417 0 270 0
3.379417 0 270 0
3.479417 0 270 0
3.579417 0 270 0
3.679417 0 270 0
3.779417 0 270 0
3.879417 0 270 0
3.979417 0 270 0
4.079417 0 270 0
4.179417 0 270 0
4.279417 0 270 0
4.379417 0 270 0
4.479417 0 270 0
4.579417 0 270 0
4.679417 0 270 0
4.779417 0 270 0
4.879417 0 270 0
4.979417 0 270 0
5.079417 0 270 0
5.179417 0 270 0
5.279417 0 270 0
5.379417 0 270 0
5.479417 0 270 0
5.579417 0 270 0
5.679417 0 270 0
5.779417 0 270 0
5.879417 0 270 0
5.979417 0 270 0
6.079417 0 270 0
6.179417 0 270 0
6.279417 0 270 0
6.379417 0 270 0
6.479417 0 270 0
6.579417 1.617402 279.8683 0
6.679417 3.558286 291.7103 -2.138557E-07
6.779417 5.499173 303.5523 -2.144303E-07
6.879417 7.440056 315.3943 0
6.979417 9.219202 326.2495 -4.324732E-07
7.079417 11.32182 339.0782 0
7.179417 13.2627 350.9203 1.206107E-06
7.279417 15.20358 2.762231 2.1842E-06
7.379417 16.67256 11.72511 -1.002647E-06
7.479417 16.67256 11.72511 -1.002647E-06
7.579417 16.67256 11.72511 -1.002647E-06
7.679417 16.67256 11.72511 -1.002647E-06
7.779417 16.67256 11.72511 -1.002647E-06
7.879417 16.67256 11.72511 -1.002647E-06
7.979417 16.67256 11.72511 -1.002647E-06
8.079417 16.67256 11.72511 -1.002647E-06
8.179418 16.67256 11.72511 -1.002647E-06
8.279417 16.67256 11.72511 -1.002647E-06
8.379417 16.67256 11.72511 -1.002647E-06
8.479417 16.67256 11.72511 -1.002647E-06
8.579417 16.67256 11.72511 -1.002647E-06
8.679418 16.67256 11.72511 -1.002647E-06
8.779417 16.67256 11.72511 -1.002647E-06
8.879417 16.67256 11.72511 -1.002647E-06
8.979417 16.67256 11.72511 -1.002647E-06
9.079417 16.67256 11.72511 -1.002647E-06
9.179418 16.67256 11.72511 -1.002647E-06
9.279417 16.67256 11.72511 -1.002647E-06
9.379417 16.67256 11.72511 -1.002647E-06
9.479417 16.67256 11.72511 -1.002647E-06
9.579417 16.67256 11.72511 -1.002647E-06
9.679418 16.67256 11.72511 -1.002647E-06
9.779417 16.67256 11.72511 -1.002647E-06
9.879417 16.67256 11.72511 -1.002647E-06
9.979417 16.67256 11.72511 -1.002647E-06
10.07942 16.67256 11.72511 -1.002647E-06
10.17942 16.67256 11.72511 -1.002647E-06
10.27942 16.67256 11.72511 -1.002647E-06
10.37942 16.67256 11.72511 -1.002647E-06
10.47942 16.67256 11.72511 -1.002647E-06
10.57942 16.67256 11.72511 -1.002647E-06
10.67942 16.67256 11.72511 -1.002647E-06
10.77942 16.67256 11.72511 -1.002647E-06
10.87942 16.67256 11.72511 -1.002647E-06
10.97942 16.35514 7.737729 1.001001E-06
11.07942 15.24415 353.7819 1.106137E-06
11.17942 14.21252 340.8228 3.522925E-06
11.27942 13.18089 327.8638 3.726718E-06
11.37942 12.06989 313.908 3.492298E-06
11.47942 11.11762 301.9458 5.220615E-06
11.57942 10.08598 288.9868 6.9374E-06
11.67942 9.054336 276.0278 6.916371E-06
11.77942 7.943333 262.0718 6.034312E-06
11.87942 6.911676 249.1127 6.235171E-06
11.97942 5.959359 237.1504 6.438095E-06
12.07942 5.906142 236.482 -2.145825E-07
12.17942 5.906142 236.482 -2.145825E-07
12.27942 5.906142 236.482 -2.145825E-07
12.37942 5.906142 236.482 -2.145825E-07
12.47942 5.906142 236.482 -2.145825E-07
12.57942 5.906142 236.482 -2.145825E-07
12.67942 5.906142 236.482 -2.145825E-07
12.77942 5.906142 236.482 -2.145825E-07
12.87942 5.906142 236.482 -2.145825E-07
12.97942 5.906142 236.482 -2.145825E-07
13.07942 5.906142 236.482 -2.145825E-07
13.17942 5.906142 236.482 -2.145825E-07
13.27942 5.906142 236.482 -2.145825E-07
13.37942 5.906142 236.482 -2.145825E-07
13.47942 5.906142 236.482 -2.145825E-07
13.57942 5.906142 236.482 -2.145825E-07
13.67942 5.906142 236.482 -2.145825E-07
13.77942 5.906142 236.482 -2.145825E-07
13.87942 5.906142 236.482 -2.145825E-07
13.97942 5.906142 236.482 -2.145825E-07
14.07942 5.906142 236.482 -2.145825E-07
14.17942 5.906142 236.482 -2.145825E-07
14.27942 5.906142 236.482 -2.145825E-07
14.37942 5.906142 236.482 -2.145825E-07
14.47942 5.906142 236.482 -2.145825E-07
14.57942 5.906142 236.482 -2.145825E-07
14.67942 5.906142 236.482 -2.145825E-07
14.77942 5.906142 236.482 -2.145825E-07
14.87942 5.906142 236.482 -2.145825E-07
14.97942 5.906142 236.482 -2.145825E-07
15.07942 5.906142 236.482 -2.145825E-07
15.17942 5.906142 236.482 -2.145825E-07
15.27942 5.906142 236.482 -2.145825E-07
15.37942 5.906142 236.482 -2.145825E-07
15.47942 5.906142 236.482 -2.145825E-07
15.57942 5.906142 236.482 -2.145825E-07
15.67942 5.906142 236.482 -2.145825E-07
15.77942 5.906142 236.482 -2.145825E-07
15.87942 5.906142 236.482 -2.145825E-07
15.97942 5.906142 236.482 -2.145825E-07
16.07942 5.906142 236.482 -2.145825E-07
16.17942 5.906142 236.482 -2.145825E-07
16.27942 5.906142 236.482 -2.145825E-07
16.37942 5.906142 236.482 -2.145825E-07
16.47942 5.906142 236.482 -2.145825E-07
16.57942 5.906142 236.482 -2.145825E-07
16.67942 5.906142 236.482 -2.145825E-07
16.77942 5.906142 236.482 -2.145825E-07
16.87942 5.906142 236.482 -2.145825E-07
16.97942 5.906142 236.482 -2.145825E-07
17.07942 5.906142 236.482 -2.145825E-07
17.17942 5.906142 236.482 -2.145825E-07
17.27942 5.906142 236.482 -2.145825E-07
17.37942 5.906142 236.482 -2.145825E-07
17.47942 5.906142 236.482 -2.145825E-07
17.57942 5.906142 236.482 -2.145825E-07
17.67942 5.906142 236.482 -2.145825E-07
17.77942 5.906142 236.482 -2.145825E-07
17.87942 5.906142 236.482 -2.145825E-07
17.97942 5.906142 236.482 -2.145825E-07
18.07942 5.906142 236.482 -2.145825E-07
18.17942 5.906144 236.482 -4.29165E-07
18.27942 5.855039 240.4817 -1.501939E-06
18.37942 5.673523 252.4803 -2.144941E-06
18.47942 5.423226 266.4781 -1.929628E-06
18.57942 5.175775 279.4758 -2.35749E-06
18.67942 4.947356 291.4736 -2.356658E-06
18.77942 4.699908 304.4712 -1.499145E-06
18.87942 4.471493 316.4691 -1.28457E-06
18.97942 4.224045 329.4667 -8.560992E-07
19.07942 4.030015 343.4647 -3.209587E-07
19.17942 4.32506 350.7067 1.605397E-07
19.27942 4.32506 350.7067 1.605397E-07
19.37942 4.32506 350.7067 1.605397E-07
19.47942 4.32506 350.7067 1.605397E-07
19.57942 4.325065 350.7067 4.28106E-07
19.67942 5.36432 356.616 3.885679E-07
19.77942 7.442838 8.434678 2.905969E-06
19.87942 9.694561 21.23819 3.897641E-06
19.97942 11.94628 34.04172 2.618022E-06
20.07942 14.37122 47.83004 2.203383E-06
20.17942 16.44973 59.64858 8.902112E-07
20.27942 18.79417 72.97948 9.018589E-07
20.37942 18.79417 72.97948 9.018589E-07
20.47942 18.79417 72.97948 9.018589E-07
20.57942 18.79417 72.97948 9.018589E-07
20.67942 18.79417 72.97948 9.018589E-07
20.77942 18.79417 72.97948 9.018589E-07
20.87942 18.79417 72.97948 9.018589E-07
20.97942 18.79417 72.97948 9.018589E-07
21.07942 18.79417 72.97948 9.018589E-07
21.17942 18.79417 72.97948 9.018589E-07
21.27942 18.79417 72.97948 9.018589E-07
21.37942 18.79417 72.97948 9.018589E-07
21.47942 18.79417 72.97948 9.018589E-07
21.57942 18.79417 72.97948 9.018589E-07
21.67942 18.79419 72.97948 0
21.77942 17.76369 65.04613 0
21.87942 16.09977 52.15306 -4.443127E-07
21.97942 14.33439 38.26474 8.812078E-07
22.07942 12.84451 26.3576 -2.189215E-07
22.17942 11.25928 13.45468 -1.08816E-06
22.27942 9.591708 359.5544 -4.275274E-06
22.37942 8.185117 347.6371 -2.965051E-06
22.47942 6.819793 335.7151 -3.009501E-06
22.57942 5.122963 321.8183 -3.321642E-06
22.67942 3.511654 308.9185 -3.207675E-06
22.77942 2.570737 301.8094 1.068292E-07
22.87942 2.570737 301.8094 1.068292E-07
22.97942 2.570737 301.8094 1.068292E-07
23.07942 2.570737 301.8094 1.068292E-07
23.17942 2.570737 301.8094 1.068292E-07
23.27942 2.570737 301.8094 1.068292E-07
23.37942 2.570737 301.8094 1.068292E-07
23.47942 2.570737 301.8094 1.068292E-07
23.57942 2.570737 301.8094 1.068292E-07
23.67942 2.570737 301.8094 1.068292E-07
23.77942 2.570737 301.8094 1.068292E-07
23.87942 2.570737 301.8094 1.068292E-07
23.97942 2.570737 301.8094 1.068292E-07
24.07942 2.570737 301.8094 1.068292E-07
24.17942 2.570737 301.8094 1.068292E-07
24.27942 2.570737 301.8094 1.068292E-07
24.37942 2.570737 301.8094 1.068292E-07
24.47942 2.570737 301.8094 1.068292E-07
24.57942 2.570737 301.8094 1.068292E-07
24.67942 2.570737 301.8094 1.068292E-07
24.77942 2.570737 301.8094 1.068292E-07
24.87942 2.570737 301.8094 1.068292E-07
24.97942 2.570737 301.8094 1.068292E-07
25.07942 2.570737 301.8094 1.068292E-07
25.17942 2.570737 301.8094 1.068292E-07
25.27942 2.570737 301.8094 1.068292E-07
25.37942 2.570737 301.8094 1.068292E-07
25.47942 2.570737 301.8094 1.068292E-07
25.57942 2.570737 301.8094 1.068292E-07
25.67942 2.570737 301.8094 1.068292E-07
25.77942 2.570737 301.8094 1.068292E-07
25.87942 2.570737 301.8094 1.068292E-07
25.97942 2.570737 301.8094 1.068292E-07
26.07942 2.570737 301.8094 1.068292E-07
26.17942 2.570737 301.8094 1.068292E-07
26.27942 2.570737 301.8094 1.068292E-07
26.37942 2.570737 301.8094 1.068292E-07
26.47942 2.570737 301.8094 1.068292E-07
26.57942 2.570737 301.8094 1.068292E-07
26.67942 2.570737 301.8094 1.068292E-07
26.77942 2.570737 301.8094 1.068292E-07
26.87942 2.570737 301.8094 1.068292E-07
26.97942 2.570737 301.8094 1.068292E-07
27.07942 2.570737 301.8094 1.068292E-07
27.17942 2.570737 301.8094 1.068292E-07
27.27942 2.570737 301.8094 1.068292E-07
27.37942 2.570737 301.8094 1.068292E-07
27.47942 2.570737 301.8094 1.068292E-07
27.57942 2.570737 301.8094 1.068292E-07
27.67942 2.570737 301.8094 1.068292E-07
27.77942 2.570737 301.8094 1.068292E-07
27.87942 2.570737 301.8094 1.068292E-07
27.97942 2.570737 301.8094 1.068292E-07
28.07942 2.570737 301.8094 1.068292E-07
28.17942 2.570737 301.8094 1.068292E-07
28.27942 2.570737 301.8094 1.068292E-07
28.37942 2.570737 301.8094 1.068292E-07
28.47942 2.570737 301.8094 1.068292E-07
28.57942 2.570737 301.8094 1.068292E-07
28.67942 2.570737 301.8094 1.068292E-07
28.77942 2.570737 301.8094 1.068292E-07
28.87942 2.570737 301.8094 1.068292E-07
28.97942 2.570737 301.8094 1.068292E-07
29.07942 2.570737 301.8094 1.068292E-07
29.17942 2.570737 301.8094 1.068292E-07
29.27942 2.570737 301.8094 1.068292E-07
29.37942 2.570737 301.8094 1.068292E-07
29.47942 2.570737 301.8094 1.068292E-07
29.57942 2.570737 301.8094 1.068292E-07
29.67942 2.570737 301.8094 1.068292E-07
29.77942 2.570737 301.8094 1.068292E-07
29.87942 2.570737 301.8094 1.068292E-07
29.97942 2.570737 301.8094 1.068292E-07
30.07942 2.570737 301.8094 1.068292E-07
30.17942 2.570737 301.8094 1.068292E-07
30.27942 2.570737 301.8094 1.068292E-07
30.37942 2.570737 301.8094 1.068292E-07
30.47942 2.570737 301.8094 1.068292E-07
30.57942 2.570737 301.8094 1.068292E-07
30.67942 2.570737 301.8094 1.068292E-07
30.77942 2.570737 301.8094 1.068292E-07
30.87942 2.570737 301.8094 1.068292E-07
30.97942 2.570737 301.8094 1.068292E-07
31.07942 2.570737 301.8094 1.068292E-07
31.17942 2.570737 301.8094 1.068292E-07
31.27942 2.570737 301.8094 1.068292E-07
31.37942 2.570737 301.8094 1.068292E-07
31.47942 2.570737 301.8094 1.068292E-07
31.57942 2.570737 301.8094 1.068292E-07
31.67942 2.570737 301.8094 1.068292E-07
31.77942 2.570737 301.8094 1.068292E-07
31.87942 2.570737 301.8094 1.068292E-07
31.97942 2.570737 301.8094 1.068292E-07
32.07942 2.570737 301.8094 1.068292E-07
32.17942 2.570737 301.8094 1.068292E-07
32.27942 2.570737 301.8094 1.068292E-07
32.37942 2.570737 301.8094 1.068292E-07
32.47942 2.570737 301.8094 1.068292E-07
32.57942 2.570737 301.8094 1.068292E-07
32.67942 2.570737 301.8094 1.068292E-07
32.77942 2.570737 301.8094 1.068292E-07
32.87942 2.570737 301.8094 1.068292E-07
32.97942 2.570737 301.8094 1.068292E-07
33.07942 2.570737 301.8094 1.068292E-07
33.17942 2.570737 301.8094 1.068292E-07
33.27942 2.570737 301.8094 1.068292E-07
33.37942 2.570737 301.8094 1.068292E-07
33.47942 2.570737 301.8094 1.068292E-07
33.57942 2.570737 301.8094 1.068292E-07
33.67942 2.570737 301.8094 1.068292E-07
33.77942 2.570737 301.8094 1.068292E-07
33.87942 2.570737 301.8094 1.068292E-07
33.97942 2.570737 301.8094 1.068292E-07
34.07942 2.570737 301.8094 1.068292E-07
34.17942 2.570737 301.8094 1.068292E-07
34.27942 2.570737 301.8094 1.068292E-07
34.37942 2.570737 301.8094 1.068292E-07
34.47942 2.570737 301.8094 1.068292E-07
34.57942 2.570737 301.8094 1.068292E-07
34.67942 2.570737 301.8094 1.068292E-07
34.77942 2.570737 301.8094 1.068292E-07
34.87942 2.570737 301.8094 1.068292E-07
34.97942 2.570737 301.8094 1.068292E-07
35.07942 2.570737 301.8094 1.068292E-07
35.17942 2.570737 301.8094 1.068292E-07
35.27942 2.570737 301.8094 1.068292E-07
35.37942 2.570737 301.8094 1.068292E-07
35.47942 2.570737 301.8094 1.068292E-07
35.57942 2.570737 301.8094 1.068292E-07
35.67942 2.570737 301.8094 1.068292E-07
35.77942 2.570737 301.8094 1.068292E-07
35.87942 2.570737 301.8094 1.068292E-07
35.97942 2.570737 301.8094 1.068292E-07
36.07942 2.570737 301.8094 1.068292E-07
36.17942 2.570737 301.8094 1.068292E-07
36.27942 2.570737 301.8094 1.068292E-07
36.37942 2.570737 301.8094 1.068292E-07
36.47942 2.570737 301.8094 1.068292E-07
36.57942 2.570737 301.8094 1.068292E-07
36.67942 2.570737 301.8094 1.068292E-07
36.77942 2.570737 301.8094 1.068292E-07
36.87942 2.570737 301.8094 1.068292E-07
36.97942 2.570737 301.8094 1.068292E-07
37.07942 2.570737 301.8094 1.068292E-07
37.17942 2.570737 301.8094 1.068292E-07
37.27942 2.570737 301.8094 1.068292E-07
37.37942 2.570737 301.8094 1.068292E-07
37.47942 2.570737 301.8094 1.068292E-07
37.57942 2.570737 301.8094 1.068292E-07
37.67942 2.570737 301.8094 1.068292E-07
37.77942 2.570737 301.8094 1.068292E-07
37.87942 2.570737 301.8094 1.068292E-07
37.97942 2.570737 301.8094 1.068292E-07
38.07942 2.570737 301.8094 1.068292E-07
38.17942 2.570737 301.8094 1.068292E-07
38.27942 2.570737 301.8094 1.068292E-07
38.37942 2.570737 301.8094 1.068292E-07
38.47942 2.570737 301.8094 1.068292E-07
38.57942 2.570737 301.8094 1.068292E-07
38.67942 2.570737 301.8094 1.068292E-07
38.77942 2.570737 301.8094 1.068292E-07
38.87942 2.570737 301.8094 1.068292E-07
38.97942 2.570737 301.8094 1.068292E-07
39.07942 2.570737 301.8094 1.068292E-07
39.17942 2.570737 301.8094 1.068292E-07
39.27942 2.570737 301.8094 1.068292E-07
39.37942 2.570737 301.8094 1.068292E-07
39.47942 2.570737 301.8094 1.068292E-07
39.57942 2.570737 301.8094 1.068292E-07
39.67942 2.570737 301.8094 1.068292E-07
39.77942 2.570737 301.8094 1.068292E-07
39.87942 2.570737 301.8094 1.068292E-07
39.97942 2.570737 301.8094 1.068292E-07
40.07942 2.570737 301.8094 1.068292E-07
40.17942 2.570737 301.8094 1.068292E-07
40.27942 2.570737 301.8094 1.068292E-07
40.37942 2.570737 301.8094 1.068292E-07
40.47942 2.570737 301.8094 1.068292E-07
40.57942 2.570737 301.8094 1.068292E-07
40.67942 2.570737 301.8094 1.068292E-07
40.77942 2.570737 301.8094 1.068292E-07
40.87942 2.570737 301.8094 1.068292E-07
40.97942 2.570737 301.8094 1.068292E-07
41.07942 2.570737 301.8094 1.068292E-07
41.17942 2.570737 301.8094 1.068292E-07
41.27942 2.570737 301.8094 1.068292E-07
41.37942 2.570737 301.8094 1.068292E-07
41.47942 2.570737 301.8094 1.068292E-07
41.57942 2.570737 301.8094 1.068292E-07
41.67942 2.570737 301.8094 1.068292E-07
41.77942 2.570737 301.8094 1.068292E-07
41.87942 2.570737 301.8094 1.068292E-07
41.97942 2.570737 301.8094 1.068292E-07
42.07942 2.570737 301.8094 1.068292E-07
42.17942 2.570737 301.8094 1.068292E-07
42.27942 2.570737 301.8094 1.068292E-07
42.37942 2.570737 301.8094 1.068292E-07
42.47942 2.570737 301.8094 1.068292E-07
42.57942 2.570737 301.8094 1.068292E-07
42.67942 2.570737 301.8094 1.068292E-07
42.77942 2.570737 301.8094 1.068292E-07
42.87942 2.570737 301.8094 1.068292E-07
42.97942 2.570737 301.8094 1.068292E-07
43.07942 2.570737 301.8094 1.068292E-07
43.17942 2.570737 301.8094 1.068292E-07
43.27942 2.570737 301.8094 1.068292E-07
43.37942 2.570737 301.8094 1.068292E-07
43.47942 2.570737 301.8094 1.068292E-07
43.57942 2.570737 301.8094 1.068292E-07
43.67942 2.570737 301.8094 1.068292E-07
43.77942 2.570737 301.8094 1.068292E-07
43.87942 2.570737 301.8094 1.068292E-07
43.97942 2.570737 301.8094 1.068292E-07
44.07942 2.570737 301.8094 1.068292E-07
44.17942 2.570737 301.8094 1.068292E-07
44.27942 2.570737 301.8094 1.068292E-07
44.37942 2.570737 301.8094 1.068292E-07
44.47942 2.570737 301.8094 1.068292E-07
44.57942 2.570737 301.8094 1.068292E-07
44.67942 2.570737 301.8094 1.068292E-07
44.77942 2.570737 301.8094 1.068292E-07
44.87942 2.570737 301.8094 1.068292E-07
44.97942 2.570737 301.8094 1.068292E-07
45.07942 2.570737 301.8094 1.068292E-07
45.17942 2.570737 301.8094 1.068292E-07
45.27942 2.570737 301.8094 1.068292E-07
45.37942 2.570737 301.8094 1.068292E-07
45.47942 2.570737 301.8094 1.068292E-07
45.57942 2.570737 301.8094 1.068292E-07
45.67942 2.570737 301.8094 1.068292E-07
45.77942 2.570737 301.8094 1.068292E-07
45.87942 2.570737 301.8094 1.068292E-07
45.97942 2.570737 301.8094 1.068292E-07
46.07942 2.570737 301.8094 1.068292E-07
46.17942 2.570737 301.8094 1.068292E-07
46.27942 2.570737 301.8094 1.068292E-07
46.37942 2.570737 301.8094 1.068292E-07
46.47942 2.570737 301.8094 1.068292E-07
46.57942 2.570737 301.8094 1.068292E-07
46.67942 2.570737 301.8094 1.068292E-07
46.77942 2.570737 301.8094 1.068292E-07
46.87942 2.570737 301.8094 1.068292E-07
46.97942 2.570737 301.8094 1.068292E-07
47.07942 2.570737 301.8094 1.068292E-07
47.17942 2.570737 301.8094 1.068292E-07
47.27942 2.570737 301.8094 1.068292E-07
47.37942 2.570737 301.8094 1.068292E-07
47.47942 2.570737 301.8094 1.068292E-07
47.57942 2.570737 301.8094 1.068292E-07
47.67942 2.570737 301.8094 1.068292E-07
47.77942 2.570737 301.8094 1.068292E-07
47.87942 2.570737 301.8094 1.068292E-07
47.97942 2.570737 301.8094 1.068292E-07
48.07942 2.570737 301.8094 1.068292E-07
48.17942 2.570737 301.8094 1.068292E-07
48.27942 2.570737 301.8094 1.068292E-07
48.37942 2.570737 301.8094 1.068292E-07
48.47942 2.570737 301.8094 1.068292E-07
48.57942 2.570737 301.8094 1.068292E-07
48.67942 2.570737 301.8094 1.068292E-07
48.77942 2.570737 301.8094 1.068292E-07
48.87942 2.570737 301.8094 1.068292E-07
48.97942 2.570737 301.8094 1.068292E-07
49.07942 2.570737 301.8094 1.068292E-07
49.17942 2.570737 301.8094 1.068292E-07
49.27942 2.570737 301.8094 1.068292E-07
49.37942 2.570737 301.8094 1.068292E-07
49.47942 2.570737 301.8094 1.068292E-07
49.57942 2.570737 301.8094 1.068292E-07
49.67942 2.570737 301.8094 1.068292E-07
49.77942 2.570737 301.8094 1.068292E-07
49.87942 2.570737 301.8094 1.068292E-07
49.97942 2.570737 301.8094 1.068292E-07
50.07942 2.570737 301.8094 1.068292E-07
50.17942 2.570737 301.8094 1.068292E-07
50.27942 2.570737 301.8094 1.068292E-07
50.37942 2.570737 301.8094 1.068292E-07
50.47942 2.570737 301.8094 1.068292E-07
50.57942 2.570737 301.8094 1.068292E-07
50.67942 2.570737 301.8094 1.068292E-07
50.77942 2.570737 301.8094 1.068292E-07
50.87942 2.570737 301.8094 1.068292E-07
50.97942 2.570737 301.8094 1.068292E-07
51.07942 2.570737 301.8094 1.068292E-07
51.17942 2.570737 301.8094 1.068292E-07
51.27942 2.570737 301.8094 1.068292E-07
51.37942 2.570737 301.8094 1.068292E-07
51.47942 2.570737 301.8094 1.068292E-07
51.57942 2.570737 301.8094 1.068292E-07
51.67942 2.570737 301.8094 1.068292E-07
51.77942 2.570737 301.8094 1.068292E-07
51.87942 2.570737 301.8094 1.068292E-07
51.97942 2.570737 301.8094 1.068292E-07
52.07942 2.570737 301.8094 1.068292E-07
52.17942 2.570737 301.8094 1.068292E-07
52.27942 2.570737 301.8094 1.068292E-07
52.37942 2.570737 301.8094 1.068292E-07
52.47942 2.570737 301.8094 1.068292E-07
52.57942 2.570737 301.8094 1.068292E-07
52.67942 2.570737 301.8094 1.068292E-07
52.77942 2.570737 301.8094 1.068292E-07
52.87942 2.570737 301.8094 1.068292E-07
52.97942 2.570737 301.8094 1.068292E-07
53.07942 2.570737 301.8094 1.068292E-07
53.17942 2.570737 301.8094 1.068292E-07
53.27942 2.570737 301.8094 1.068292E-07
53.37942 2.570737 301.8094 1.068292E-07
53.47942 2.570737 301.8094 1.068292E-07
53.57942 2.570737 301.8094 1.068292E-07
53.67942 2.570737 301.8094 1.068292E-07
53.77942 2.570737 301.8094 1.068292E-07
53.87942 2.570737 301.8094 1.068292E-07
53.97942 2.570737 301.8094 1.068292E-07
54.07942 2.570737 301.8094 1.068292E-07
54.17942 2.570737 301.8094 1.068292E-07
54.27942 2.570737 301.8094 1.068292E-07
54.37942 2.570737 301.8094 1.068292E-07
54.47942 2.570737 301.8094 1.068292E-07
54.57942 2.570737 301.8094 1.068292E-07
54.67942 2.570737 301.8094 1.068292E-07
54.77942 2.570737 301.8094 1.068292E-07
54.87942 2.570737 301.8094 1.068292E-07
54.97942 2.570737 301.8094 1.068292E-07
55.07942 2.570737 301.8094 1.068292E-07
55.17942 2.570737 301.8094 1.068292E-07
55.27942 2.570737 301.8094 1.068292E-07
55.37942 2.570737 301.8094 1.068292E-07
55.47942 2.570737 301.8094 1.068292E-07
55.57942 2.570737 301.8094 1.068292E-07
55.67942 2.570737 301.8094 1.068292E-07
55.77942 2.570737 301.8094 1.068292E-07
55.87942 2.570737 301.8094 1.068292E-07
55.97942 2.570737 301.8094 1.068292E-07
56.07942 2.570737 301.8094 1.068292E-07
56.17942 2.570737 301.8094 1.068292E-07
56.27942 2.570737 301.8094 1.068292E-07
56.37942 2.570737 301.8094 1.068292E-07
56.47942 2.570737 301.8094 1.068292E-07
56.57942 2.570737 301.8094 1.068292E-07
56.67942 2.570737 301.8094 1.068292E-07
56.77942 2.570737 301.8094 1.068292E-07
56.87942 2.570737 301.8094 1.068292E-07
56.97942 2.570737 301.8094 1.068292E-07
57.07942 2.570737 301.8094 1.068292E-07
57.17942 2.570737 301.8094 1.068292E-07
57.27942 2.570737 301.8094 1.068292E-07
57.37942 2.570737 301.8094 1.068292E-07
57.47942 2.570737 301.8094 1.068292E-07
57.57942 2.570737 301.8094 1.068292E-07
57.67942 2.570737 301.8094 1.068292E-07
57.77942 2.570737 301.8094 1.068292E-07
57.87942 2.570737 301.8094 1.068292E-07
57.97942 2.570737 301.8094 1.068292E-07
58.07942 2.570737 301.8094 1.068292E-07
58.17942 2.570737 301.8094 1.068292E-07
58.27942 2.570737 301.8094 1.068292E-07
58.37942 2.570737 301.8094 1.068292E-07
58.47942 2.570737 301.8094 1.068292E-07
58.57942 2.570737 301.8094 1.068292E-07
58.67942 2.570737 301.8094 1.068292E-07
58.77942 2.570737 301.8094 1.068292E-07
58.87942 2.570737 301.8094 1.068292E-07
58.97942 2.570737 301.8094 1.068292E-07
59.07942 2.570737 301.8094 1.068292E-07
59.17942 2.570737 301.8094 1.068292E-07
59.27942 2.570737 301.8094 1.068292E-07
59.37942 2.570737 301.8094 1.068292E-07
59.47942 2.570737 301.8094 1.068292E-07
59.57942 2.570737 301.8094 1.068292E-07
59.67942 2.570737 301.8094 1.068292E-07
59.77942 2.570737 301.8094 1.068292E-07
59.87942 2.570737 301.8094 1.068292E-07
59.97942 2.570737 301.8094 1.068292E-07
60.07942 2.570737 301.8094 1.068292E-07
60.17942 2.570737 301.8094 1.068292E-07
60.27942 2.570737 301.8094 1.068292E-07
60.37942 2.570737 301.8094 1.068292E-07
60.47942 2.570737 301.8094 1.068292E-07
60.57942 2.570737 301.8094 1.068292E-07
60.67942 2.570737 301.8094 1.068292E-07
60.77942 2.570737 301.8094 1.068292E-07
60.87942 2.570737 301.8094 1.068292E-07
60.97942 2.570737 301.8094 1.068292E-07
61.07942 2.570737 301.8094 1.068292E-07
61.17942 2.570737 301.8094 1.068292E-07
61.27942 2.570737 301.8094 1.068292E-07
61.37942 2.570737 301.8094 1.068292E-07
61.47942 2.570737 301.8094 1.068292E-07
61.57942 2.570737 301.8094 1.068292E-07
61.67942 2.570737 301.8094 1.068292E-07
61.77942 2.570737 301.8094 1.068292E-07
61.87942 2.570737 301.8094 1.068292E-07
61.97942 2.570737 301.8094 1.068292E-07
62.07942 2.570737 301.8094 1.068292E-07
62.17942 2.570737 301.8094 1.068292E-07
62.27942 2.570737 301.8094 1.068292E-07
62.37942 2.570737 301.8094 1.068292E-07
62.47942 2.570737 301.8094 1.068292E-07
62.57942 2.570737 301.8094 1.068292E-07
62.67942 2.570737 301.8094 1.068292E-07
62.77942 2.570737 301.8094 1.068292E-07
62.87942 2.570737 301.8094 1.068292E-07
62.97942 2.570737 301.8094 1.068292E-07
63.07942 2.570737 301.8094 1.068292E-07
63.17942 2.570737 301.8094 1.068292E-07
63.27942 2.570737 301.8094 1.068292E-07
63.37942 2.570737 301.8094 1.068292E-07
63.47942 2.570737 301.8094 1.068292E-07
63.57942 2.570737 301.8094 1.068292E-07
63.67942 2.570737 301.8094 1.068292E-07
63.77942 2.570737 301.8094 1.068292E-07
63.87942 2.570737 301.8094 1.068292E-07
63.97942 2.570737 301.8094 1.068292E-07
64.07941 2.570737 301.8094 1.068292E-07
64.17942 2.570737 301.8094 1.068292E-07
64.27942 2.570737 301.8094 1.068292E-07
64.37942 2.570737 301.8094 1.068292E-07
64.47942 2.570737 301.8094 1.068292E-07
64.57941 2.570737 301.8094 1.068292E-07
64.67942 2.570737 301.8094 1.068292E-07
64.77942 2.570737 301.8094 1.068292E-07
64.87942 2.570737 301.8094 1.068292E-07
64.97942 2.570737 301.8094 1.068292E-07
65.07941 2.570737 301.8094 1.068292E-07
65.17942 2.570737 301.8094 1.068292E-07
65.27942 2.570737 301.8094 1.068292E-07
65.37942 2.570737 301.8094 1.068292E-07
65.47942 2.570737 301.8094 1.068292E-07
65.57941 2.570737 301.8094 1.068292E-07
65.67942 2.570737 301.8094 1.068292E-07
65.77942 2.570737 301.8094 1.068292E-07
65.87942 2.570737 301.8094 1.068292E-07
65.97942 2.570737 301.8094 1.068292E-07
66.07941 2.570737 301.8094 1.068292E-07
66.17942 2.570737 301.8094 1.068292E-07
66.27942 2.570737 301.8094 1.068292E-07
66.37942 2.570737 301.8094 1.068292E-07
66.47942 2.570737 301.8094 1.068292E-07
66.57941 2.570737 301.8094 1.068292E-07
66.67942 2.570737 301.8094 1.068292E-07
66.77942 2.570737 301.8094 1.068292E-07
66.87942 2.570737 301.8094 1.068292E-07
66.97942 2.570737 301.8094 1.068292E-07
67.07941 2.570737 301.8094 1.068292E-07
67.17942 2.570737 301.8094 1.068292E-07
67.27942 2.570737 301.8094 1.068292E-07
67.37942 2.570737 301.8094 1.068292E-07
67.47942 2.570737 301.8094 1.068292E-07
67.57941 2.570737 301.8094 1.068292E-07
67.67942 2.570737 301.8094 1.068292E-07
67.77942 2.570737 301.8094 1.068292E-07
67.87942 2.570737 301.8094 1.068292E-07
67.97942 2.570737 301.8094 1.068292E-07
68.07941 2.570737 301.8094 1.068292E-07
68.17942 2.570737 301.8094 1.068292E-07
68.27942 2.570737 301.8094 1.068292E-07
68.37942 2.570737 301.8094 1.068292E-07
68.47942 2.570737 301.8094 1.068292E-07
68.57941 2.570737 301.8094 1.068292E-07
68.67942 2.570737 301.8094 1.068292E-07
68.77942 2.570737 301.8094 1.068292E-07
68.87942 2.570737 301.8094 1.068292E-07
68.97942 2.570737 301.8094 1.068292E-07
69.07941 2.570737 301.8094 1.068292E-07
69.17942 2.570737 301.8094 1.068292E-07
69.27942 2.570737 301.8094 1.068292E-07
69.37942 2.570737 301.8094 1.068292E-07
69.47942 2.570737 301.8094 1.068292E-07
69.57941 2.570737 301.8094 1.068292E-07
69.67942 2.570737 301.8094 1.068292E-07
69.77942 2.570737 301.8094 1.068292E-07
69.87942 2.570737 301.8094 1.068292E-07
69.97942 2.570737 301.8094 1.068292E-07
70.07941 2.570737 301.8094 1.068292E-07
70.17942 2.570737 301.8094 1.068292E-07
70.27942 2.570737 301.8094 1.068292E-07
70.37942 2.570737 301.8094 1.068292E-07
70.47942 2.570737 301.8094 1.068292E-07
70.57942 2.570737 301.8094 1.068292E-07
70.67942 2.570737 301.8094 1.068292E-07
70.77942 2.570737 301.8094 1.068292E-07
70.87942 2.570737 301.8094 1.068292E-07
70.97942 2.570737 301.8094 1.068292E-07
71.07942 2.570737 301.8094 1.068292E-07
71.17942 2.570737 301.8094 1.068292E-07
71.27942 2.570737 301.8094 1.068292E-07
71.37942 2.570737 301.8094 1.068292E-07
71.47942 2.570737 301.8094 1.068292E-07
71.57942 2.570737 301.8094 1.068292E-07
71.67942 2.570737 301.8094 1.068292E-07
71.77942 2.570737 301.8094 1.068292E-07
71.87942 2.570737 301.8094 1.068292E-07
71.97942 2.570737 301.8094 1.068292E-07
72.07942 2.570737 301.8094 1.068292E-07
72.17942 2.570737 301.8094 1.068292E-07
72.27942 2.570737 301.8094 1.068292E-07
72.37942 2.570737 301.8094 1.068292E-07
72.47942 2.570737 301.8094 1.068292E-07
72.57942 2.570737 301.8094 1.068292E-07
72.67942 2.570737 301.8094 1.068292E-07
72.77942 2.570737 301.8094 1.068292E-07
72.87942 2.570737 301.8094 1.068292E-07
72.97942 2.570737 301.8094 1.068292E-07
73.07942 2.570737 301.8094 1.068292E-07
73.17942 2.570737 301.8094 1.068292E-07
73.27942 2.570737 301.8094 1.068292E-07
73.37942 2.570737 301.8094 1.068292E-07
73.47942 2.570737 301.8094 1.068292E-07
73.57942 2.570737 301.8094 1.068292E-07
73.67942 2.570737 301.8094 1.068292E-07
73.77942 2.570737 301.8094 1.068292E-07
73.87942 2.570737 301.8094 1.068292E-07
73.97942 2.570737 301.8094 1.068292E-07
74.07942 2.570737 301.8094 1.068292E-07
74.17942 2.570737 301.8094 1.068292E-07
74.27942 2.570737 301.8094 1.068292E-07
74.37942 2.570737 301.8094 1.068292E-07
74.47942 2.570737 301.8094 1.068292E-07
74.57942 2.570737 301.8094 1.068292E-07
74.67942 2.570737 301.8094 1.068292E-07
74.77942 2.570737 301.8094 1.068292E-07
74.87942 2.570737 301.8094 1.068292E-07
74.97942 2.570737 301.8094 1.068292E-07
75.07942 2.570737 301.8094 1.068292E-07
75.17942 2.570737 301.8094 1.068292E-07
75.27942 2.570737 301.8094 1.068292E-07
75.37942 2.570737 301.8094 1.068292E-07
75.47942 2.570737 301.8094 1.068292E-07
75.57942 2.570737 301.8094 1.068292E-07
75.67942 2.570737 301.8094 1.068292E-07
75.77942 2.570737 301.8094 1.068292E-07
75.87942 2.570737 301.8094 1.068292E-07
75.97942 2.570737 301.8094 1.068292E-07
76.07942 2.570737 301.8094 1.068292E-07
76.17942 2.570737 301.8094 1.068292E-07
76.27942 2.570737 301.8094 1.068292E-07
76.37942 2.570737 301.8094 1.068292E-07
76.47942 2.570737 301.8094 1.068292E-07
76.57942 2.570737 301.8094 1.068292E-07
76.67942 2.570737 301.8094 1.068292E-07
76.77942 2.570737 301.8094 1.068292E-07
76.87942 2.570737 301.8094 1.068292E-07
76.97942 2.570737 301.8094 1.068292E-07
77.07942 2.570737 301.8094 1.068292E-07
77.17942 2.570737 301.8094 1.068292E-07
77.27942 2.570737 301.8094 1.068292E-07
77.37942 2.570737 301.8094 1.068292E-07
77.47942 2.570737 301.8094 1.068292E-07
77.57942 2.570737 301.8094 1.068292E-07
77.67942 2.570737 301.8094 1.068292E-07
77.77942 2.570737 301.8094 1.068292E-07
77.87942 2.570737 301.8094 1.068292E-07
77.97942 2.570737 301.8094 1.068292E-07
78.07942 2.570737 301.8094 1.068292E-07
78.17942 2.570737 301.8094 1.068292E-07
78.27942 2.570737 301.8094 1.068292E-07
78.37942 2.570737 301.8094 1.068292E-07
78.47942 2.570737 301.8094 1.068292E-07
78.57942 2.570737 301.8094 1.068292E-07
78.67942 2.570737 301.8094 1.068292E-07
78.77942 2.570737 301.8094 1.068292E-07
78.87942 2.570737 301.8094 1.068292E-07
78.97942 2.570737 301.8094 1.068292E-07
79.07942 2.570737 301.8094 1.068292E-07
79.17942 2.570737 301.8094 1.068292E-07
79.27942 2.570737 301.8094 1.068292E-07
79.37942 2.570737 301.8094 1.068292E-07
79.47942 2.570737 301.8094 1.068292E-07
79.57942 2.570737 301.8094 1.068292E-07
79.67942 2.570737 301.8094 1.068292E-07
79.77942 2.570737 301.8094 1.068292E-07
79.87942 2.570737 301.8094 1.068292E-07
79.97942 2.570737 301.8094 1.068292E-07
80.07942 2.570737 301.8094 1.068292E-07
80.17942 2.570737 301.8094 1.068292E-07
80.27942 2.570737 301.8094 1.068292E-07
80.37942 2.570737 301.8094 1.068292E-07
80.47942 2.570737 301.8094 1.068292E-07
80.57942 2.570737 301.8094 1.068292E-07
80.67942 2.570737 301.8094 1.068292E-07
80.77942 2.570737 301.8094 1.068292E-07
80.87942 2.570737 301.8094 1.068292E-07
80.97942 2.570737 301.8094 1.068292E-07
81.07942 2.570737 301.8094 1.068292E-07
