2
54
1 623 275 48
11 623 275 48
16 621 282 51
22 622 285 54
33 624 289 54
44 624 289 54
60 629 298 58
80 628 298 62
87 628 299 62
93 628 301 62
102 625 304 58
111 621 309 60
121 612 311 63
127 604 314 63
135 592 315 66
142 571 321 66
149 555 318 63
154 538 320 63
161 511 319 63
163 501 321 63
166 489 322 60
170 477 322 60
175 462 322 54
179 458 319 54
183 456 312 56
187 450 311 58
192 450 321 56
200 447 315 51
204 447 315 58
212 452 318 57
217 459 317 56
221 461 317 56
225 466 317 62
229 465 320 57
233 461 318 62
239 457 321 62
245 445 317 60
250 443 324 57
252 440 322 54
257 437 318 56
258 434 316 56
259 434 313 58
262 433 312 62
267 433 312 58
270 428 311 63
273 429 311 63
276 428 312 60
278 429 312 62
280 429 311 66
283 432 308 66
287 433 305 63
291 441 304 68
293 446 303 70
294 446 303 70
60
1 991 288 38
7 989 289 39
10 980 285 39
12 976 285 40
15 971 286 42
19 970 288 44
22 968 295 46
39 968 295 48
48 968 295 48
51 967 299 50
55 965 295 51
61 968 300 48
65 965 299 46
93 967 302 46
100 966 304 46
105 973 305 50
111 969 304 51
121 972 305 51
126 979 304 51
130 989 306 51
135 1007 307 51
139 1012 302 51
142 1019 297 54
145 1022 291 62
147 5 297 62
149 18 308 56
152 21 308 56
155 31 308 57
161 43 302 57
166 60 301 54
171 73 298 52
176 81 300 51
182 89 298 48
188 85 299 45
193 83 302 45
194 78 306 46
196 66 309 51
199 21 303 52
201 988 300 56
203 929 317 56
206 883 327 51
209 855 347 54
211 845 332 60
213 830 313 66
215 817 295 56
216 812 285 48
219 802 281 44
221 793 282 39
224 789 284 34
226 787 282 32
230 786 280 34
235 790 275 32
239 794 273 28
244 793 269 26
249 801 266 28
253 818 269 28
255 818 274 27
259 816 276 28
266 824 277 28
269 831 275 28