2
49
1 205 315 42
89 205 315 42
94 200 314 42
101 191 313 39
106 181 314 37
111 175 312 37
117 167 309 35
121 156 309 32
124 151 310 32
131 142 309 35
136 137 309 35
142 127 308 35
150 113 301 34
156 101 302 33
162 97 298 33
169 84 292 35
175 74 296 35
183 62 305 35
188 60 305 35
194 50 299 35
203 40 299 35
208 36 304 38
212 29 308 38
219 29 308 38
223 35 302 39
226 45 302 40
231 54 301 39
234 61 302 37
238 67 300 36
243 77 301 32
250 77 301 32
252 76 299 36
256 69 299 36
261 64 301 37
266 53 302 38
272 47 309 39
277 28 313 38
281 14 316 38
286 2 315 38
291 1022 317 38
293 1022 315 38
296 1021 312 38
300 1020 310 39
306 2 319 40
311 1020 318 40
316 1015 322 40
320 996 318 41
323 982 315 41
327 959 314 41
60
1 909 316 54
8 903 313 56
13 895 313 56
20 884 311 54
26 876 315 51
30 867 313 51
34 860 309 51
39 848 311 49
43 838 312 47
47 828 310 47
51 822 314 46
60 821 310 44
65 814 306 42
71 810 302 42
76 806 297 42
83 804 292 44
89 799 297 43
101 799 297 44
125 799 297 44
129 799 297 44
132 786 290 49
136 777 289 51
140 768 292 53
145 754 290 53
151 746 294 53
157 746 293 53
165 741 292 53
168 734 287 53
172 716 294 53
176 706 290 56
180 695 294 59
184 686 293 60
189 672 289 64
193 655 287 65
198 645 287 67
202 631 284 68
208 612 281 68
215 598 283 68
221 588 281 68
228 566 286 68
235 554 282 67
241 548 282 64
246 536 282 64
251 527 280 64
255 519 275 68
258 516 273 67
262 512 274 65
267 527 279 65
271 534 282 63
276 533 282 61
280 527 282 62
283 522 280 64
287 510 282 64
290 496 276 59
295 474 272 57
300 455 278 58
305 448 277 58
312 438 278 57
322 433 279 55
327 433 279 55