2
49
1 205 315 63
89 205 315 63
94 200 314 63
101 191 313 58
106 181 314 56
111 175 312 56
117 167 309 52
121 156 309 48
124 151 310 48
131 142 309 52
136 137 309 52
142 127 308 52
150 113 301 51
156 101 302 50
162 97 298 50
169 84 292 52
175 74 296 52
183 62 305 52
188 60 305 52
194 50 299 52
203 40 299 52
208 36 304 57
212 29 308 57
219 29 308 57
223 35 302 58
226 45 302 60
231 54 301 58
234 61 302 56
238 67 300 54
243 77 301 48
250 77 301 48
252 76 299 54
256 69 299 54
261 64 301 56
266 53 302 57
272 47 309 58
277 28 313 57
281 14 316 57
286 2 315 57
291 1022 317 57
293 1022 315 57
296 1021 312 57
300 1020 310 58
306 2 319 60
311 1020 318 60
316 1015 322 60
320 996 318 62
323 982 315 62
327 959 314 62
60
1 909 316 81
8 903 313 84
13 895 313 84
20 884 311 81
26 876 315 76
30 867 313 76
34 860 309 76
39 848 311 74
43 838 312 70
47 828 310 70
51 822 314 69
60 821 310 66
65 814 306 63
71 810 302 63
76 806 297 63
83 804 292 66
89 799 297 64
101 799 297 66
125 799 297 66
129 799 297 66
132 786 290 74
136 777 289 76
140 768 292 80
145 754 290 80
151 746 294 80
157 746 293 80
165 741 292 80
168 734 287 80
172 716 294 80
176 706 290 84
180 695 294 88
184 686 293 90
189 672 289 96
193 655 287 98
198 645 287 100
202 631 284 102
208 612 281 102
215 598 283 102
221 588 281 102
228 566 286 102
235 554 282 100
241 548 282 96
246 536 282 96
251 527 280 96
255 519 275 102
258 516 273 100
262 512 274 98
267 527 279 98
271 534 282 94
276 533 282 92
280 527 282 93
283 522 280 96
287 510 282 96
290 496 276 88
295 474 272 86
300 455 278 87
305 448 277 87
312 438 278 86
322 433 279 82
327 433 279 82