2
53
1 612 264 65
81 612 264 65
83 584 262 65
86 553 262 65
90 518 258 65
94 470 259 65
99 420 254 65
104 373 255 65
109 342 240 65
354 342 240 65
366 350 250 65
385 351 257 65
611 351 257 65
616 333 261 65
621 318 259 65
625 306 261 65
627 289 258 65
628 280 261 65
678 280 261 65
681 269 261 65
725 269 261 65
741 258 266 65
771 258 266 65
781 243 271 65
793 238 270 65
912 245 268 65
964 245 268 65
968 282 269 65
975 369 257 65
980 415 251 65
985 435 248 65
993 460 251 65
1004 488 256 65
1011 507 248 65
1042 507 248 65
1053 514 232 65
1072 522 226 65
1123 522 226 65
1140 561 216 65
1155 561 216 65
1164 528 210 65
1173 498 202 65
1194 490 200 65
1201 527 200 65
1211 541 194 65
1228 541 194 65
1232 503 181 65
1244 472 193 65
1275 472 193 65
1283 503 189 65
1291 503 189 65
1299 508 176 65
1549 508 176 65
9
122 652 268 65
202 652 268 65
211 645 258 65
220 610 248 65
224 567 251 65
230 503 259 65
233 467 259 65
236 440 264 65
237 431 264 65