2
16
1 435 276 65
17 471 264 65
26 508 263 65
125 508 263 65
137 545 264 65
148 589 267 65
161 639 269 65
170 674 267 65
182 702 265 65
195 716 261 65
208 733 258 65
280 733 258 65
296 722 259 65
306 722 264 65
470 722 264 65
2007 722 264 65
50
470 648 269 65
483 637 268 65
496 619 273 65
509 591 274 65
522 559 275 65
532 511 279 65
544 474 275 65
555 439 274 65
567 430 270 65
578 406 269 65
593 380 272 65
596 369 276 65
713 369 276 65
729 359 271 65
893 359 271 65
908 322 264 65
923 310 262 65
1028 310 262 65
1041 289 261 65
1053 272 261 65
1067 256 258 65
1132 256 258 65
1143 239 261 65
1180 239 261 65
1193 235 247 65
1211 235 247 65
1219 235 247 65
1230 252 246 65
1263 252 246 65
1275 234 247 65
1294 219 251 65
1324 210 254 65
1407 210 254 65
1539 210 254 65
1553 230 253 65
1583 258 268 65
1725 258 268 65
1740 283 266 65
1808 283 266 65
1821 323 264 65
1829 361 261 65
1852 361 261 65
1877 403 262 65
1895 431 260 65
1907 463 266 65
1917 499 266 65
1930 542 264 65
1940 577 262 65
1952 596 260 65
2007 596 260 65