2
1694
314 744 269 35
315 744 269 35
316 744 269 35
317 744 269 35
318 744 269 35
319 744 269 35
320 744 269 35
321 744 269 35
322 744 269 35
323 744 269 35
324 744 269 35
325 744 269 35
326 744 269 35
327 744 269 35
328 744 269 35
329 744 269 35
330 744 269 35
331 744 269 35
332 744 269 35
333 744 269 35
334 744 269 35
335 744 269 35
336 744 269 35
337 744 269 35
338 744 269 35
339 744 269 35
340 744 269 35
341 744 269 35
342 744 269 35
343 744 269 35
344 744 269 35
345 744 269 35
346 744 269 35
347 744 269 35
348 744 269 35
349 744 269 35
350 744 269 35
351 744 269 35
352 744 269 35
353 744 269 35
354 744 269 35
355 744 269 35
356 744 269 35
357 744 269 35
358 744 269 35
359 744 269 35
360 744 269 35
361 744 269 35
362 744 269 35
363 744 269 35
364 744 269 35
365 744 269 35
366 744 269 35
367 744 269 35
368 744 269 35
369 744 269 35
370 744 269 35
371 744 269 35
372 744 269 35
373 744 269 35
374 744 269 35
375 744 269 35
376 744 269 35
377 744 269 35
378 744 269 35
379 744 269 35
380 744 269 35
381 744 269 35
382 744 269 35
383 744 269 35
384 744 269 35
385 744 269 35
386 744 269 35
387 744 269 35
388 744 269 35
389 744 269 35
390 744 269 35
391 744 269 35
392 744 269 35
393 744 269 35
394 744 269 35
395 744 269 35
396 744 269 35
397 744 269 35
398 744 269 35
399 744 269 35
400 744 269 35
401 744 269 35
402 744 269 35
403 744 269 35
404 744 269 35
405 744 269 35
406 744 269 35
407 744 269 35
408 744 269 35
409 744 269 35
410 744 269 35
411 744 269 35
412 744 269 35
413 744 269 35
414 744 269 35
415 744 269 35
416 744 269 35
417 744 269 35
418 744 269 35
419 744 269 35
420 744 269 35
421 744 269 35
422 744 269 35
423 744 269 35
424 744 269 35
425 744 269 35
426 744 269 35
427 744 269 35
428 744 269 35
429 744 269 35
430 744 269 35
431 744 269 35
432 744 269 35
433 744 269 35
434 744 269 35
435 744 269 35
436 744 269 35
437 744 269 35
438 744 269 35
439 744 269 35
440 744 269 35
441 744 269 35
442 744 269 35
443 744 269 35
444 744 269 35
445 744 269 35
446 744 269 35
447 744 269 35
448 744 269 35
449 744 269 35
450 744 269 35
451 744 269 35
452 744 269 35
453 744 269 35
454 744 269 35
455 744 269 35
456 744 269 35
457 744 269 35
458 744 269 35
459 744 269 35
460 744 269 35
461 744 269 35
462 744 269 35
463 744 269 35
464 744 269 35
465 744 269 35
466 744 269 35
467 744 269 35
468 744 269 35
469 744 269 35
470 744 269 35
471 744 269 35
472 744 269 35
473 744 269 35
474 744 269 35
475 744 269 35
476 744 269 35
477 744 269 35
478 744 269 35
479 744 269 35
480 744 269 35
481 744 269 35
482 744 269 35
483 744 269 35
484 744 269 35
485 744 269 35
486 744 269 35
487 744 269 35
488 744 269 35
489 744 269 35
490 744 269 35
491 744 269 35
492 744 269 35
493 744 269 35
494 744 269 35
495 744 269 35
496 744 269 35
497 744 269 35
498 744 269 35
499 744 269 35
500 744 269 35
501 744 269 35
502 744 269 35
503 744 269 35
504 744 269 35
505 744 269 35
506 744 269 35
507 744 269 35
508 744 269 35
509 744 269 35
510 744 269 35
511 744 269 35
512 744 269 35
513 744 269 35
514 744 269 35
515 744 269 35
516 744 269 35
517 744 269 35
518 744 269 35
519 744 269 35
520 744 269 35
521 744 269 35
522 744 269 35
523 744 269 35
524 744 269 35
525 744 269 35
526 744 269 35
527 744 269 35
528 744 269 35
529 744 269 35
530 744 269 35
531 744 269 35
532 744 269 35
533 744 269 35
534 744 269 35
535 744 269 35
536 744 269 35
537 744 269 35
538 744 269 35
539 744 269 35
540 744 269 35
541 744 269 35
542 744 269 35
543 744 269 35
544 744 269 35
545 744 269 35
546 744 269 35
547 744 269 35
548 744 269 35
549 744 269 35
550 744 269 35
551 744 269 35
552 744 269 35
553 744 269 35
554 744 269 35
555 744 269 35
556 744 269 35
557 744 269 35
558 744 269 35
559 744 269 35
560 744 269 35
561 744 269 35
562 744 269 35
563 744 269 35
564 744 269 35
565 744 269 35
566 744 269 35
567 744 269 35
568 744 269 35
569 744 269 35
570 744 269 35
571 744 269 35
572 744 269 35
573 744 269 35
574 744 269 35
575 744 269 35
576 744 269 35
577 744 269 35
578 744 269 35
579 744 269 35
580 744 269 35
581 744 269 35
582 744 269 35
583 744 269 35
584 744 269 35
585 744 269 35
586 744 269 35
587 744 269 35
588 744 269 35
589 744 269 35
590 744 269 35
591 744 269 35
592 744 269 35
593 744 269 35
594 744 269 35
595 744 269 35
596 744 269 35
597 744 269 35
598 744 269 35
599 744 269 35
600 744 269 35
601 744 269 35
602 744 269 35
603 744 269 35
604 744 269 35
605 744 269 35
606 744 269 35
607 744 269 35
608 744 269 35
609 744 269 35
610 744 269 35
611 744 269 35
612 744 269 35
613 744 269 35
614 744 269 35
615 744 269 35
616 744 269 35
617 744 269 35
618 744 269 35
619 744 269 35
620 744 269 35
621 744 269 35
622 744 269 35
623 744 269 35
624 744 269 35
625 744 269 35
626 744 269 35
627 744 269 35
628 744 269 35
629 744 269 35
630 744 269 35
631 744 269 35
632 744 269 35
633 744 269 35
634 744 269 35
635 744 269 35
636 744 269 35
637 744 269 35
638 744 269 35
639 744 269 35
640 744 269 35
641 744 269 35
642 744 269 35
643 744 269 35
644 744 269 35
645 744 269 35
646 744 269 35
647 744 269 35
648 744 269 35
649 744 269 35
650 744 269 35
651 744 269 35
652 744 269 35
653 744 269 35
654 744 269 35
655 744 269 35
656 744 269 35
657 744 269 35
658 744 269 35
659 744 269 35
660 744 269 35
661 744 269 35
662 744 269 35
663 744 269 35
664 744 269 35
665 744 269 35
666 744 269 35
667 744 269 35
668 744 269 35
669 744 269 35
670 744 269 35
671 744 269 35
672 744 269 35
673 744 269 35
674 744 269 35
675 744 269 35
676 744 269 35
677 744 269 35
678 744 269 35
679 744 269 35
680 744 269 35
681 744 269 35
682 744 269 35
683 744 269 35
684 744 269 35
685 744 269 35
686 744 269 35
687 744 269 35
688 744 269 35
689 744 269 35
690 744 269 35
691 744 269 35
692 744 269 35
693 744 269 35
694 744 269 35
695 744 269 35
696 744 269 35
697 744 269 35
698 744 269 35
699 744 269 35
700 744 269 35
701 744 269 35
702 744 269 35
703 744 269 35
704 744 269 35
705 744 269 35
706 744 269 35
707 744 269 35
708 744 269 35
709 744 269 35
710 744 269 35
711 744 269 35
712 744 269 35
713 744 269 35
714 744 269 35
715 744 269 35
716 744 269 35
717 744 269 35
718 744 269 35
719 744 269 35
720 744 269 35
721 744 269 35
722 744 269 35
723 744 269 35
724 744 269 35
725 744 269 35
726 744 269 35
727 744 269 35
728 744 269 35
729 744 269 35
730 744 269 35
731 744 269 35
732 744 269 35
733 744 269 35
734 744 269 35
735 744 269 35
736 744 269 35
737 744 269 35
738 744 269 35
739 744 269 35
740 744 269 35
741 744 269 35
742 744 269 35
743 744 269 35
744 744 269 35
745 744 269 35
746 744 269 35
747 744 269 35
748 744 269 35
749 744 269 35
750 744 269 35
751 744 269 35
752 744 269 35
753 744 269 35
754 744 269 35
755 744 269 35
756 744 269 35
757 744 269 35
758 744 269 35
759 744 269 35
760 744 269 35
761 744 269 35
762 744 269 35
763 744 269 35
764 744 269 35
765 744 269 35
766 744 269 35
767 744 269 35
768 744 269 35
769 744 269 35
770 744 269 35
771 744 269 35
772 744 269 35
773 744 269 35
774 744 269 35
775 744 269 35
776 744 269 35
777 744 269 35
778 744 269 35
779 744 269 35
780 744 269 35
781 744 269 35
782 744 269 35
783 744 269 35
784 744 269 35
785 744 269 35
786 744 269 35
787 744 269 35
788 744 269 35
789 744 269 35
790 744 269 35
791 744 269 35
792 744 269 35
793 744 269 35
794 744 269 35
795 744 269 35
796 744 269 35
797 744 269 35
798 744 269 35
799 744 269 35
800 744 269 35
801 744 269 35
802 744 269 35
803 744 269 35
804 744 269 35
805 744 269 35
806 744 269 35
807 744 269 35
808 744 269 35
809 744 269 35
810 744 269 35
811 744 269 35
812 744 269 35
813 744 269 35
814 744 269 35
815 744 269 35
816 744 269 35
817 744 269 35
818 744 269 35
819 744 269 35
820 744 269 35
821 744 269 35
822 744 269 35
823 744 269 35
824 744 269 35
825 744 269 35
826 744 269 35
827 744 269 35
828 744 269 35
829 744 269 35
830 744 269 35
831 744 269 35
832 744 269 35
833 744 269 35
834 744 269 35
835 744 269 35
836 744 269 35
837 744 269 35
838 744 269 35
839 744 269 35
840 744 269 35
841 744 269 35
842 744 269 35
843 744 269 35
844 744 269 35
845 744 269 35
846 744 269 35
847 744 269 35
848 744 269 35
849 744 269 35
850 744 269 35
851 744 269 35
852 744 269 35
853 744 269 35
854 744 269 35
855 744 269 35
856 744 269 35
857 744 269 35
858 744 269 35
859 744 269 35
860 744 269 35
861 744 269 35
862 744 269 35
863 744 269 35
864 744 269 35
865 744 269 35
866 744 269 35
867 744 269 35
868 744 269 35
869 744 269 35
870 744 269 35
871 744 269 35
872 744 269 35
873 744 269 35
874 744 269 35
875 744 269 35
876 744 269 35
877 744 269 35
878 744 269 35
879 744 269 35
880 744 269 35
881 744 269 35
882 744 269 35
883 744 269 35
884 744 269 35
885 744 269 35
886 744 269 35
887 744 269 35
888 744 269 35
889 744 269 35
890 744 269 35
891 744 269 35
892 744 269 35
893 744 269 35
894 744 269 35
895 744 269 35
896 744 269 35
897 744 269 35
898 744 269 35
899 744 269 35
900 744 269 35
901 744 269 35
902 744 269 35
903 744 269 35
904 744 269 35
905 744 269 35
906 744 269 35
907 744 269 35
908 744 269 35
909 744 269 35
910 744 269 35
911 744 269 35
912 744 269 35
913 744 269 35
914 744 269 35
915 744 269 35
916 744 269 35
917 744 269 35
918 744 269 35
919 744 269 35
920 744 269 35
921 744 269 35
922 744 269 35
923 744 269 35
924 744 269 35
925 744 269 35
926 744 269 35
927 744 269 35
928 744 269 35
929 744 269 35
930 744 269 35
931 744 269 35
932 744 269 35
933 744 269 35
934 744 269 35
935 744 269 35
936 744 269 35
937 744 269 35
938 744 269 35
939 744 269 35
940 744 269 35
941 744 269 35
942 744 269 35
943 744 269 35
944 744 269 35
945 744 269 35
946 744 269 35
947 744 269 35
948 744 269 35
949 744 269 35
950 744 269 35
951 744 269 35
952 744 269 35
953 744 269 35
954 744 269 35
955 744 269 35
956 744 269 35
957 744 269 35
958 744 269 35
959 744 269 35
960 744 269 35
961 744 269 35
962 744 269 35
963 744 269 35
964 744 269 35
965 744 269 35
966 744 269 35
967 744 269 35
968 744 269 35
969 744 269 35
970 744 269 35
971 744 269 35
972 744 269 35
973 744 269 35
974 744 269 35
975 744 269 35
976 744 269 35
977 744 269 35
978 744 269 35
979 744 269 35
980 744 269 35
981 744 269 35
982 744 269 35
983 744 269 35
984 744 269 35
985 744 269 35
986 744 269 35
987 744 269 35
988 744 269 35
989 744 269 35
990 744 269 35
991 744 269 35
992 744 269 35
993 744 269 35
994 744 269 35
995 744 269 35
996 744 269 35
997 744 269 35
998 744 269 35
999 744 269 35
1000 744 269 35
1001 744 269 35
1002 744 269 35
1003 744 269 35
1004 744 269 35
1005 744 269 35
1006 744 269 35
1007 744 269 35
1008 744 269 35
1009 744 269 35
1010 744 269 35
1011 744 269 35
1012 744 269 35
1013 744 269 35
1014 744 269 35
1015 744 269 35
1016 744 269 35
1017 744 269 35
1018 744 269 35
1019 744 269 35
1020 744 269 35
1021 744 269 35
1022 744 269 35
1023 744 269 35
1024 744 269 35
1025 744 269 35
1026 744 269 35
1027 744 269 35
1028 744 269 35
1029 744 269 35
1030 744 269 35
1031 744 269 35
1032 744 269 35
1033 744 269 35
1034 744 269 35
1035 744 269 35
1036 744 269 35
1037 744 269 35
1038 744 269 35
1039 744 269 35
1040 744 269 35
1041 744 269 35
1042 744 269 35
1043 744 269 35
1044 744 269 35
1045 744 269 35
1046 744 269 35
1047 744 269 35
1048 744 269 35
1049 744 269 35
1050 744 269 35
1051 744 269 35
1052 744 269 35
1053 744 269 35
1054 744 269 35
1055 744 269 35
1056 744 269 35
1057 744 269 35
1058 744 269 35
1059 744 269 35
1060 744 269 35
1061 744 269 35
1062 744 269 35
1063 744 269 35
1064 744 269 35
1065 744 269 35
1066 744 269 35
1067 744 269 35
1068 744 269 35
1069 744 269 35
1070 744 269 35
1071 744 269 35
1072 744 269 35
1073 744 269 35
1074 744 269 35
1075 744 269 35
1076 744 269 35
1077 744 269 35
1078 744 269 35
1079 744 269 35
1080 744 269 35
1081 744 269 35
1082 744 269 35
1083 744 269 35
1084 744 269 35
1085 744 269 35
1086 744 269 35
1087 744 269 35
1088 744 269 35
1089 744 269 35
1090 744 269 35
1091 744 269 35
1092 744 269 35
1093 744 269 35
1094 744 269 35
1095 744 269 35
1096 744 269 35
1097 744 269 35
1098 744 269 35
1099 744 269 35
1100 744 269 35
1101 744 269 35
1102 744 269 35
1103 744 269 35
1104 744 269 35
1105 744 269 35
1106 744 269 35
1107 744 269 35
1108 744 269 35
1109 744 269 35
1110 744 269 35
1111 744 269 35
1112 744 269 35
1113 744 269 35
1114 744 269 35
1115 744 269 35
1116 744 269 35
1117 744 269 35
1118 744 269 35
1119 744 269 35
1120 744 269 35
1121 744 269 35
1122 744 269 35
1123 744 269 35
1124 744 269 35
1125 744 269 35
1126 744 269 35
1127 744 269 35
1128 744 269 35
1129 744 269 35
1130 744 269 35
1131 744 269 35
1132 744 269 35
1133 744 269 35
1134 744 269 35
1135 744 269 35
1136 744 269 35
1137 744 269 35
1138 744 269 35
1139 744 269 35
1140 744 269 35
1141 744 269 35
1142 744 269 35
1143 744 269 35
1144 744 269 35
1145 744 269 35
1146 744 269 35
1147 744 269 35
1148 744 269 35
1149 744 269 35
1150 744 269 35
1151 744 269 35
1152 744 269 35
1153 744 269 35
1154 744 269 35
1155 744 269 35
1156 744 269 35
1157 744 269 35
1158 744 269 35
1159 744 269 35
1160 744 269 35
1161 744 269 35
1162 744 269 35
1163 744 269 35
1164 744 269 35
1165 744 269 35
1166 744 269 35
1167 744 269 35
1168 744 269 35
1169 744 269 35
1170 744 269 35
1171 744 269 35
1172 744 269 35
1173 744 269 35
1174 744 269 35
1175 744 269 35
1176 744 269 35
1177 744 269 35
1178 744 269 35
1179 744 269 35
1180 744 269 35
1181 744 269 35
1182 744 269 35
1183 744 269 35
1184 744 269 35
1185 744 269 35
1186 744 269 35
1187 744 269 35
1188 744 269 35
1189 744 269 35
1190 744 269 35
1191 744 269 35
1192 744 269 35
1193 744 269 35
1194 744 269 35
1195 744 269 35
1196 744 269 35
1197 744 269 35
1198 744 269 35
1199 744 269 35
1200 744 269 35
1201 744 269 35
1202 744 269 35
1203 744 269 35
1204 744 269 35
1205 744 269 35
1206 744 269 35
1207 744 269 35
1208 744 269 35
1209 744 269 35
1210 744 268 35
1211 744 268 35
1212 743 268 34
1213 743 268 34
1214 743 268 34
1215 743 267 34
1216 743 267 34
1217 743 267 34
1218 743 267 34
1219 743 267 34
1220 742 266 33
1221 742 266 33
1222 742 266 33
1223 742 266 33
1224 742 266 33
1225 742 265 33
1226 742 265 33
1227 742 265 33
1228 741 265 32
1229 741 265 32
1230 741 264 32
1231 741 264 32
1232 741 264 32
1233 741 264 32
1234 742 264 32
1235 742 263 32
1236 743 263 32
1237 743 263 32
1238 744 263 32
1239 744 262 32
1240 745 262 32
1241 745 262 32
1242 745 262 32
1243 746 262 32
1244 746 261 32
1245 747 261 32
1246 747 261 32
1247 748 261 32
1248 748 260 32
1249 749 260 32
1250 749 260 32
1251 749 260 32
1252 749 259 32
1253 749 259 32
1254 749 259 32
1255 749 258 32
1256 749 258 32
1257 749 258 32
1258 749 257 32
1259 749 257 32
1260 749 257 32
1261 749 256 32
1262 749 256 32
1263 749 256 32
1264 749 255 32
1265 749 255 32
1266 749 254 32
1267 749 254 32
1268 749 254 32
1269 749 253 32
1270 749 253 32
1271 749 253 32
1272 749 252 32
1273 749 252 32
1274 749 252 32
1275 749 251 32
1276 749 251 32
1277 749 251 32
1278 749 250 32
1279 749 250 32
1280 749 250 32
1281 750 249 32
1282 750 249 32
1283 750 249 32
1284 750 248 32
1285 751 248 32
1286 751 247 32
1287 751 247 32
1288 751 247 32
1289 752 246 32
1290 752 246 32
1291 752 246 32
1292 752 245 32
1293 753 245 32
1294 753 244 32
1295 753 244 32
1296 753 244 32
1297 754 243 32
1298 754 243 32
1299 754 243 32
1300 754 243 32
1301 754 242 32
1302 754 242 32
1303 753 242 32
1304 753 242 32
1305 753 241 32
1306 753 241 32
1307 753 241 32
1308 753 241 32
1309 753 240 32
1310 753 240 32
1311 752 240 32
1312 752 240 32
1313 752 239 32
1314 752 239 32
1315 752 239 32
1316 752 239 32
1317 752 239 32
1318 752 238 32
1319 752 238 32
1320 752 238 32
1321 753 238 32
1322 753 238 32
1323 753 238 32
1324 753 238 32
1325 753 237 32
1326 753 237 32
1327 753 237 32
1328 753 237 32
1329 753 237 32
1330 753 237 32
1331 753 236 32
1332 753 236 32
1333 753 236 32
1334 753 236 32
1335 754 236 32
1336 754 236 32
1337 754 236 32
1338 754 235 32
1339 754 235 32
1340 754 235 32
1341 754 235 32
1342 754 235 32
1343 754 235 32
1344 754 235 32
1345 754 235 32
1346 754 235 32
1347 754 235 32
1348 754 235 32
1349 754 235 32
1350 754 235 32
1351 754 235 32
1352 754 235 32
1353 754 235 32
1354 754 235 32
1355 754 235 32
1356 754 235 32
1357 754 235 32
1358 754 235 32
1359 754 235 32
1360 754 235 32
1361 754 235 32
1362 754 235 32
1363 754 235 32
1364 754 235 32
1365 754 235 32
1366 754 235 32
1367 754 235 32
1368 754 235 32
1369 754 235 32
1370 754 235 32
1371 754 235 32
1372 754 235 32
1373 754 235 32
1374 754 235 32
1375 754 235 32
1376 754 235 32
1377 753 236 32
1378 753 236 32
1379 752 237 32
1380 752 237 32
1381 752 237 32
1382 751 238 32
1383 751 238 32
1384 750 239 32
1385 750 239 32
1386 750 239 32
1387 750 239 32
1388 750 239 32
1389 750 239 32
1390 750 239 32
1391 750 239 32
1392 750 239 32
1393 750 239 32
1394 750 239 32
1395 750 239 32
1396 750 239 32
1397 750 239 32
1398 750 239 32
1399 750 239 32
1400 750 239 32
1401 750 239 32
1402 750 239 32
1403 750 239 32
1404 750 239 32
1405 750 239 32
1406 750 239 32
1407 750 239 32
1408 750 239 32
1409 750 239 32
1410 750 239 32
1411 750 239 32
1412 750 239 32
1413 750 239 32
1414 750 239 32
1415 750 239 32
1416 750 239 32
1417 750 239 32
1418 751 238 32
1419 751 238 32
1420 751 238 32
1421 751 238 32
1422 751 238 32
1423 751 238 32
1424 752 237 32
1425 752 237 32
1426 752 237 32
1427 752 237 32
1428 752 237 32
1429 752 237 32
1430 753 236 32
1431 753 236 32
1432 753 236 32
1433 753 236 32
1434 753 236 32
1435 753 236 32
1436 753 236 32
1437 753 235 31
1438 753 235 31
1439 753 235 31
1440 753 235 31
1441 753 235 31
1442 753 235 31
1443 753 235 31
1444 753 235 31
1445 754 234 30
1446 754 234 30
1447 754 234 30
1448 754 234 30
1449 754 234 30
1450 754 234 30
1451 754 234 30
1452 754 234 30
1453 754 233 29
1454 754 233 29
1455 754 233 29
1456 754 233 29
1457 754 233 29
1458 754 233 29
1459 754 233 29
1460 754 233 29
1461 754 233 29
1462 754 233 29
1463 754 233 29
1464 754 233 29
1465 754 233 29
1466 754 233 29
1467 754 233 29
1468 754 233 29
1469 754 233 29
1470 754 233 29
1471 754 233 29
1472 754 233 29
1473 754 233 29
1474 754 233 29
1475 754 233 29
1476 754 233 29
1477 754 234 29
1478 754 235 30
1479 754 236 30
1480 755 237 31
1481 755 237 31
1482 755 238 31
1483 755 239 32
1484 755 240 32
1485 755 240 32
1486 755 241 32
1487 755 241 32
1488 755 242 32
1489 755 242 32
1490 755 242 32
1491 755 243 32
1492 755 243 32
1493 755 244 32
1494 755 244 32
1495 754 244 32
1496 754 245 32
1497 754 245 32
1498 754 246 32
1499 754 246 32
1500 754 246 32
1501 754 247 32
1502 754 247 32
1503 754 248 32
1504 754 248 32
1505 754 249 32
1506 754 249 32
1507 754 250 32
1508 754 250 32
1509 754 251 32
1510 754 252 32
1511 754 252 32
1512 754 253 32
1513 754 253 32
1514 754 254 32
1515 754 256 32
1516 755 258 32
1517 755 259 32
1518 756 261 32
1519 756 263 32
1520 756 263 32
1521 755 263 32
1522 755 263 32
1523 755 263 32
1524 754 262 32
1525 754 262 32
1526 753 262 32
1527 753 262 32
1528 753 262 32
1529 752 262 32
1530 752 262 32
1531 751 262 32
1532 751 262 32
1533 751 262 32
1534 750 262 32
1535 750 262 32
1536 749 262 32
1537 749 262 32
1538 749 262 32
1539 748 262 32
1540 748 262 32
1541 747 262 32
1542 747 262 32
1543 747 262 32
1544 746 262 32
1545 746 262 32
1546 745 262 32
1547 745 262 32
1548 745 262 32
1549 744 263 32
1550 744 263 32
1551 744 263 32
1552 744 264 32
1553 743 264 32
1554 743 265 32
1555 743 265 32
1556 743 265 32
1557 742 266 32
1558 742 266 32
1559 742 267 32
1560 742 268 32
1561 742 268 32
1562 742 269 32
1563 742 270 32
1564 742 270 32
1565 742 270 32
1566 742 270 32
1567 742 270 32
1568 742 270 32
1569 742 270 32
1570 742 270 32
1571 742 270 32
1572 742 270 32
1573 742 270 32
1574 742 270 32
1575 742 270 32
1576 742 270 32
1577 742 270 32
1578 742 270 32
1579 742 270 32
1580 742 270 32
1581 742 270 32
1582 742 270 32
1583 742 270 32
1584 742 270 32
1585 742 270 32
1586 742 270 32
1587 742 270 32
1588 742 270 32
1589 742 270 32
1590 742 270 32
1591 742 270 32
1592 742 270 32
1593 742 270 32
1594 742 270 32
1595 742 270 32
1596 742 270 32
1597 742 270 32
1598 742 270 32
1599 742 270 32
1600 742 270 32
1601 742 270 32
1602 742 270 32
1603 742 270 32
1604 742 270 32
1605 742 270 32
1606 742 270 32
1607 742 270 32
1608 742 270 32
1609 742 270 32
1610 742 270 32
1611 742 270 32
1612 742 270 32
1613 742 270 32
1614 742 270 32
1615 742 270 32
1616 742 270 32
1617 742 270 32
1618 742 270 32
1619 742 270 32
1620 742 270 32
1621 742 270 32
1622 742 270 32
1623 742 270 32
1624 742 270 32
1625 742 270 32
1626 742 270 32
1627 742 270 32
1628 742 270 32
1629 742 270 32
1630 742 270 32
1631 742 270 32
1632 742 270 32
1633 742 270 32
1634 742 270 32
1635 742 270 32
1636 742 270 32
1637 742 270 32
1638 742 270 32
1639 742 270 32
1640 742 270 32
1641 742 270 32
1642 742 270 32
1643 742 270 32
1644 742 270 32
1645 742 270 32
1646 742 270 32
1647 742 270 32
1648 742 270 32
1649 742 270 32
1650 742 270 32
1651 742 270 32
1652 742 270 32
1653 742 270 32
1654 742 270 32
1655 742 270 32
1656 742 270 32
1657 742 270 32
1658 742 270 32
1659 742 270 32
1660 742 270 32
1661 742 270 32
1662 742 270 32
1663 742 270 32
1664 742 270 32
1665 742 270 32
1666 742 270 32
1667 742 270 32
1668 742 270 32
1669 742 270 32
1670 742 270 32
1671 742 270 32
1672 742 270 32
1673 742 270 32
1674 742 270 32
1675 742 270 32
1676 742 270 32
1677 742 270 32
1678 742 270 32
1679 742 270 32
1680 742 270 32
1681 742 270 32
1682 742 270 32
1683 742 270 32
1684 742 270 32
1685 742 270 32
1686 742 270 32
1687 742 270 32
1688 742 270 32
1689 742 270 32
1690 742 270 32
1691 742 270 32
1692 742 270 32
1693 742 270 32
1694 742 270 32
1695 742 270 32
1696 742 270 32
1697 742 270 32
1698 742 270 32
1699 742 270 32
1700 742 270 32
1701 742 270 32
1702 742 270 32
1703 742 270 32
1704 742 270 32
1705 742 270 32
1706 742 270 32
1707 742 270 32
1708 742 270 32
1709 742 270 32
1710 742 270 32
1711 742 270 32
1712 742 270 32
1713 742 270 32
1714 742 270 32
1715 742 270 32
1716 742 270 32
1717 742 270 32
1718 742 270 32
1719 742 270 32
1720 742 270 32
1721 742 270 32
1722 742 270 32
1723 742 270 32
1724 742 270 32
1725 742 270 32
1726 742 270 32
1727 742 270 32
1728 742 270 32
1729 742 270 32
1730 742 270 32
1731 742 270 32
1732 742 270 32
1733 742 270 32
1734 742 270 32
1735 742 270 32
1736 742 270 32
1737 742 270 32
1738 742 270 32
1739 742 270 32
1740 742 270 32
1741 742 270 32
1742 742 270 32
1743 742 270 32
1744 742 270 32
1745 742 270 32
1746 742 270 32
1747 742 270 32
1748 742 270 32
1749 742 270 32
1750 742 270 32
1751 742 270 32
1752 742 270 32
1753 742 270 32
1754 742 270 32
1755 742 270 32
1756 742 270 32
1757 742 270 32
1758 742 270 32
1759 742 270 32
1760 742 270 32
1761 742 270 32
1762 742 270 32
1763 742 270 32
1764 742 270 32
1765 742 270 32
1766 742 270 32
1767 742 270 32
1768 742 270 32
1769 742 270 32
1770 742 270 32
1771 742 270 32
1772 742 270 32
1773 742 270 32
1774 742 270 32
1775 742 270 32
1776 742 270 32
1777 742 270 32
1778 742 270 32
1779 742 270 32
1780 742 270 32
1781 742 270 32
1782 742 270 32
1783 742 270 32
1784 742 270 32
1785 742 270 32
1786 742 270 32
1787 742 270 32
1788 742 270 32
1789 742 270 32
1790 742 270 32
1791 742 270 32
1792 742 270 32
1793 742 270 32
1794 742 270 32
1795 742 270 32
1796 742 270 32
1797 742 270 32
1798 742 270 32
1799 742 270 32
1800 742 270 32
1801 742 270 32
1802 742 270 32
1803 742 270 32
1804 742 270 32
1805 742 270 32
1806 742 270 32
1807 742 270 32
1808 742 270 32
1809 742 270 32
1810 742 270 32
1811 742 270 32
1812 742 270 32
1813 742 270 32
1814 742 270 32
1815 742 270 32
1816 742 270 32
1817 742 270 32
1818 742 270 32
1819 742 270 32
1820 742 270 32
1821 742 270 32
1822 742 270 32
1823 742 270 32
1824 742 270 32
1825 742 270 32
1826 742 270 32
1827 742 270 32
1828 742 270 32
1829 742 270 32
1830 742 270 32
1831 742 270 32
1832 742 270 32
1833 742 270 32
1834 742 270 32
1835 742 270 32
1836 742 270 32
1837 742 270 32
1838 742 270 32
1839 742 270 32
1840 742 270 32
1841 742 270 32
1842 742 270 32
1843 742 270 32
1844 742 270 32
1845 742 270 32
1846 742 270 32
1847 742 270 32
1848 742 270 32
1849 742 270 32
1850 742 270 32
1851 742 270 32
1852 742 270 32
1853 742 270 32
1854 742 270 32
1855 742 270 32
1856 742 270 32
1857 742 270 32
1858 742 270 32
1859 742 270 32
1860 742 270 32
1861 742 270 32
1862 742 270 32
1863 742 270 32
1864 742 270 32
1865 742 270 32
1866 742 270 32
1867 742 270 32
1868 742 270 32
1869 742 270 32
1870 742 270 32
1871 742 270 32
1872 742 270 32
1873 742 270 32
1874 742 270 32
1875 742 270 32
1876 742 270 32
1877 742 270 32
1878 742 270 32
1879 742 270 32
1880 742 270 32
1881 742 270 32
1882 742 270 32
1883 742 270 32
1884 742 270 32
1885 742 270 32
1886 742 270 32
1887 742 270 32
1888 742 270 32
1889 742 270 32
1890 742 270 32
1891 742 270 32
1892 742 270 32
1893 742 270 32
1894 742 270 32
1895 742 270 32
1896 742 270 32
1897 742 270 32
1898 742 270 32
1899 742 270 32
1900 742 270 32
1901 742 270 32
1902 742 270 32
1903 742 270 32
1904 742 270 32
1905 742 270 32
1906 742 270 32
1907 742 270 32
1908 742 270 32
1909 742 270 32
1910 742 270 32
1911 742 270 32
1912 742 270 32
1913 742 270 32
1914 742 270 32
1915 742 270 32
1916 742 270 32
1917 742 270 32
1918 742 270 32
1919 742 270 32
1920 742 270 32
1921 742 270 32
1922 742 270 32
1923 742 270 32
1924 742 270 32
1925 742 270 32
1926 742 270 32
1927 742 270 32
1928 742 270 32
1929 742 270 32
1930 742 270 32
1931 742 270 32
1932 742 270 32
1933 742 270 32
1934 742 270 32
1935 742 270 32
1936 742 270 32
1937 742 270 32
1938 742 270 32
1939 742 270 32
1940 742 270 32
1941 742 270 32
1942 742 270 32
1943 742 270 32
1944 742 270 32
1945 742 270 32
1946 742 270 32
1947 742 270 32
1948 742 270 32
1949 742 270 32
1950 742 270 32
1951 742 270 32
1952 742 270 32
1953 742 270 32
1954 742 270 32
1955 742 270 32
1956 742 270 32
1957 742 270 32
1958 742 270 32
1959 742 270 32
1960 742 270 32
1961 742 270 32
1962 742 270 32
1963 742 270 32
1964 742 270 32
1965 742 270 32
1966 742 270 32
1967 742 270 32
1968 742 270 32
1969 742 270 32
1970 742 270 32
1971 742 270 32
1972 742 270 32
1973 742 270 32
1974 742 270 32
1975 742 270 32
1976 742 270 32
1977 742 270 32
1978 742 270 32
1979 742 270 32
1980 742 270 32
1981 742 270 32
1982 742 270 32
1983 742 270 32
1984 742 270 32
1985 742 270 32
1986 742 270 32
1987 742 270 32
1988 742 270 32
1989 742 270 32
1990 742 270 32
1991 742 270 32
1992 742 270 32
1993 742 270 32
1994 742 270 32
1995 742 270 32
1996 742 270 32
1997 742 270 32
1998 742 270 32
1999 742 270 32
2000 742 270 32
2001 742 270 32
2002 742 270 32
2003 742 270 32
2004 742 270 32
2005 742 270 32
2006 742 270 32
2007 742 270 32
2007
1 435 277 40
2 438 277 40
3 440 276 40
4 443 276 40
5 445 276 40
6 448 275 39
7 450 275 39
8 453 275 39
9 455 274 39
10 458 274 39
11 461 274 39
12 464 274 39
13 467 274 39
14 470 274 39
15 472 273 39
16 475 273 39
17 478 273 39
18 481 273 39
19 484 273 39
20 488 273 39
21 491 273 39
22 495 273 39
23 498 273 38
24 501 273 38
25 505 273 38
26 508 273 38
27 509 273 38
28 511 272 38
29 512 272 38
30 513 270 40
31 513 270 40
32 513 269 41
33 512 269 41
34 512 268 41
35 512 268 42
36 512 267 42
37 512 267 43
38 512 266 43
39 511 266 43
40 511 265 44
41 511 265 44
42 511 265 44
43 511 265 44
44 511 265 44
45 511 265 44
46 511 265 44
47 511 265 44
48 511 265 44
49 511 265 44
50 511 265 44
51 511 265 44
52 511 265 44
53 511 265 44
54 511 265 44
55 511 265 44
56 511 265 44
57 511 265 44
58 511 265 44
59 511 265 44
60 511 265 44
61 511 265 44
62 511 265 44
63 511 265 44
64 511 265 44
65 511 265 44
66 511 265 44
67 511 265 44
68 511 265 44
69 511 265 44
70 511 265 44
71 511 265 44
72 511 265 44
73 511 265 44
74 511 265 44
75 511 265 44
76 511 265 44
77 511 265 44
78 511 265 44
79 511 265 44
80 511 265 44
81 511 265 44
82 511 265 44
83 511 265 44
84 511 265 44
85 511 265 44
86 511 265 44
87 511 265 44
88 511 265 44
89 511 265 44
90 511 265 44
91 511 265 44
92 511 265 44
93 511 265 44
94 511 265 44
95 511 265 44
96 511 265 44
97 511 265 44
98 511 265 44
99 511 265 44
100 511 265 44
101 511 265 44
102 511 265 44
103 511 265 44
104 510 265 44
105 508 265 44
106 508 265 44
107 508 265 44
108 508 265 44
109 508 265 44
110 508 265 44
111 508 265 44
112 508 265 44
113 508 265 44
114 508 265 44
115 508 265 44
116 508 265 44
117 508 265 44
118 508 265 44
119 508 265 44
120 508 265 44
121 508 265 44
122 508 265 44
123 508 265 44
124 508 265 44
125 508 265 44
126 508 265 44
127 508 265 44
128 511 265 44
129 515 265 44
130 518 264 44
131 521 264 44
132 524 264 44
133 527 265 44
134 530 265 44
135 533 265 44
136 536 266 44
137 539 266 44
138 544 267 44
139 550 268 44
140 555 268 44
141 560 269 44
142 563 269 44
143 566 268 44
144 569 268 44
145 572 267 44
146 575 267 44
147 579 268 43
148 583 269 43
149 586 269 42
150 590 270 41
151 596 272 40
152 603 274 39
153 609 276 38
154 616 278 37
155 622 280 36
156 624 281 36
157 627 281 36
158 629 282 36
159 631 281 36
160 634 280 36
161 636 280 36
162 638 279 36
163 641 278 36
164 643 277 36
165 647 278 35
166 650 278 35
167 654 279 34
168 657 279 34
169 661 280 33
170 664 279 34
171 667 279 34
172 669 278 35
173 672 278 35
174 675 277 36
175 676 276 36
176 678 275 36
177 679 275 36
178 681 274 36
179 682 273 36
180 687 274 36
181 691 274 35
182 696 275 35
183 700 276 34
184 705 276 34
185 709 277 33
186 709 277 33
187 709 277 33
188 711 276 34
189 714 274 34
190 716 273 35
191 718 271 35
192 721 271 35
193 724 271 35
194 727 272 35
195 729 272 35
196 732 272 35
197 735 272 35
198 738 270 35
199 742 267 35
200 745 265 35
201 745 265 35
202 745 265 35
203 745 265 35
204 745 265 35
205 745 265 35
206 745 265 35
207 745 265 35
208 745 265 35
209 745 265 35
210 745 265 35
211 745 265 35
212 745 265 35
213 745 265 35
214 745 265 35
215 745 265 35
216 745 265 35
217 751 268 35
218 751 268 35
219 751 268 35
220 751 268 35
221 751 268 35
222 751 268 35
223 751 268 35
224 751 268 35
225 751 268 35
226 751 268 35
227 751 268 35
228 751 268 35
229 751 268 35
230 751 268 35
231 751 268 35
232 751 268 35
233 751 268 35
234 751 268 35
235 751 268 35
236 751 268 35
237 751 268 35
238 751 268 35
239 751 268 35
240 751 268 35
241 751 268 35
242 751 268 35
243 751 268 35
244 751 268 35
245 751 268 35
246 751 268 35
247 751 268 35
248 751 268 35
249 751 268 35
250 751 268 35
251 751 268 35
252 737 268 45
253 736 268 45
254 736 268 46
255 735 268 46
256 735 268 46
257 735 268 46
258 734 268 47
259 734 268 47
260 734 268 47
261 733 268 48
262 733 268 48
263 733 268 48
264 733 268 47
265 732 268 47
266 731 269 46
267 730 269 46
268 729 269 45
269 729 269 45
270 729 269 45
271 729 269 45
272 729 269 45
273 729 269 45
274 729 269 45
275 729 269 45
276 729 269 45
277 729 269 45
278 729 269 45
279 729 269 45
280 729 269 45
281 729 269 45
282 729 269 45
283 729 269 45
284 729 269 45
285 729 269 45
286 729 269 45
287 727 269 47
288 723 269 49
289 721 269 51
290 719 269 52
291 718 269 53
292 717 269 54
293 716 269 55
294 714 269 56
295 714 269 56
296 713 269 56
297 712 269 56
298 712 269 56
299 711 269 56
300 710 269 56
301 709 269 56
302 707 269 56
303 706 269 56
304 705 270 56
305 703 270 56
306 704 270 56
307 705 270 56
308 704 270 56
309 704 269 56
310 704 269 56
311 704 269 56
312 703 269 56
313 703 269 56
314 651 269 28
315 650 270 28
316 648 270 27
317 647 270 27
318 646 271 27
319 646 272 26
320 645 273 26
321 645 273 26
322 645 273 26
323 645 271 27
324 645 268 27
325 645 267 27
326 644 266 27
327 644 265 27
328 644 265 27
329 644 265 27
330 644 265 27
331 644 265 27
332 644 265 27
333 644 265 27
334 644 265 27
335 644 265 27
336 644 265 27
337 644 265 27
338 644 265 27
339 644 265 27
340 644 265 27
341 644 265 27
342 644 265 27
343 644 265 27
344 644 265 27
345 644 265 27
346 644 265 27
347 644 265 27
348 644 265 27
349 644 265 27
350 644 265 27
351 644 265 27
352 644 265 27
353 644 265 27
354 644 265 27
355 644 265 27
356 644 265 27
357 644 265 27
358 644 265 27
359 644 265 27
360 644 265 27
361 644 265 27
362 644 265 27
363 644 265 27
364 644 265 27
365 644 265 27
366 644 265 27
367 644 265 27
368 644 265 27
369 644 265 27
370 644 265 27
371 644 265 27
372 644 265 27
373 644 265 27
374 644 265 27
375 644 265 27
376 644 265 27
377 644 265 27
378 644 265 27
379 644 265 27
380 644 265 27
381 644 265 27
382 644 265 27
383 644 265 27
384 644 265 27
385 644 265 27
386 644 265 27
387 644 265 27
388 644 265 27
389 644 265 27
390 644 265 27
391 644 265 27
392 644 265 27
393 644 265 27
394 644 265 27
395 644 265 27
396 644 265 27
397 644 265 27
398 644 265 27
399 644 265 27
400 644 265 27
401 644 265 27
402 649 265 27
403 649 265 27
404 649 265 27
405 649 265 27
406 649 265 27
407 649 265 27
408 649 265 27
409 649 265 27
410 649 265 27
411 649 265 27
412 649 265 27
413 649 265 27
414 649 265 27
415 649 265 27
416 649 265 27
417 649 265 27
418 654 260 27
419 654 260 27
420 654 260 27
421 654 260 27
422 654 260 27
423 654 260 27
424 654 260 27
425 654 260 27
426 654 260 27
427 654 260 27
428 654 260 27
429 654 260 27
430 654 260 27
431 654 260 27
432 654 260 27
433 654 260 27
434 654 260 27
435 654 260 27
436 654 260 27
437 654 260 27
438 654 260 27
439 654 260 27
440 654 260 27
441 654 260 27
442 654 260 27
443 654 260 27
444 654 260 27
445 654 260 27
446 654 260 27
447 654 260 27
448 654 260 27
449 654 260 27
450 654 260 27
451 654 260 27
452 654 260 27
453 654 260 27
454 654 260 27
455 654 260 27
456 654 260 27
457 654 260 27
458 653 262 27
459 653 265 27
460 652 267 26
461 652 270 26
462 651 272 26
463 650 272 26
464 649 271 26
465 649 271 26
466 648 271 26
467 647 270 26
468 646 270 26
469 646 270 26
470 645 269 26
471 644 269 26
472 643 269 26
473 643 269 27
474 642 269 27
475 641 269 27
476 641 269 28
477 640 270 28
478 639 270 28
479 639 270 29
480 638 270 29
481 637 270 29
482 637 270 30
483 636 270 30
484 635 270 30
485 633 271 30
486 632 271 30
487 630 272 30
488 629 272 30
489 627 273 30
490 626 273 30
491 625 273 30
492 623 273 31
493 622 274 31
494 621 274 31
495 619 274 32
496 618 274 32
497 616 274 33
498 615 274 33
499 614 275 33
500 612 275 34
501 611 275 34
502 609 275 34
503 606 276 34
504 604 276 34
505 602 277 34
506 600 277 34
507 597 277 34
508 595 278 34
509 593 278 34
510 590 279 34
511 588 279 34
512 585 279 34
513 583 279 35
514 580 279 35
515 577 279 36
516 575 278 36
517 572 278 37
518 569 278 37
519 567 278 38
520 564 278 38
521 560 278 39
522 557 278 39
523 553 277 40
524 549 277 40
525 545 277 40
526 541 277 40
527 537 277 40
528 533 277 39
529 529 277 39
530 525 277 39
531 520 277 39
532 515 277 40
533 509 277 40
534 504 277 40
535 501 277 40
536 498 277 41
537 495 277 41
538 492 277 41
539 489 277 42
540 486 277 42
541 484 277 42
542 482 277 42
543 479 276 42
544 477 276 42
545 473 276 42
546 469 276 41
547 465 276 41
548 461 276 41
549 457 276 40
550 453 276 40
551 450 276 40
552 447 275 40
553 445 275 40
554 442 275 40
555 439 274 40
556 436 274 40
557 436 274 40
558 436 274 40
559 435 273 40
560 435 273 40
561 435 273 40
562 435 273 40
563 435 273 40
564 435 273 40
565 434 272 40
566 434 272 40
567 434 272 40
568 430 272 40
569 427 272 39
570 423 272 39
571 421 272 39
572 419 271 38
573 417 271 38
574 415 270 38
575 413 270 37
576 411 269 37
577 409 269 37
578 407 268 37
579 406 268 37
580 404 268 37
581 402 267 37
582 400 267 37
583 400 267 37
584 400 267 37
585 400 267 37
586 390 273 37
587 390 273 37
588 390 273 37
589 390 273 37
590 390 273 37
591 390 273 37
592 390 273 37
593 390 270 38
594 389 267 39
595 389 267 39
596 389 267 39
597 389 267 39
598 389 267 39
599 389 267 39
600 389 267 39
601 389 267 39
602 389 267 39
603 389 267 39
604 389 267 39
605 389 267 39
606 389 267 39
607 389 267 39
608 389 267 39
609 389 267 39
610 389 267 39
611 389 267 39
612 389 267 39
613 389 267 39
614 389 267 39
615 389 267 39
616 389 267 39
617 389 267 39
618 389 267 39
619 389 267 39
620 389 267 39
621 389 267 39
622 389 267 39
623 389 267 39
624 389 267 39
625 389 267 39
626 389 267 39
627 389 267 39
628 389 267 39
629 389 267 39
630 389 267 39
631 389 267 39
632 389 267 39
633 389 267 39
634 389 267 39
635 389 267 39
636 389 267 39
637 389 267 39
638 389 267 39
639 389 267 39
640 389 267 39
641 389 267 39
642 389 267 39
643 389 267 39
644 389 267 39
645 389 267 39
646 389 267 39
647 389 267 39
648 389 267 39
649 389 267 39
650 389 267 39
651 389 267 39
652 389 267 39
653 389 267 39
654 389 267 39
655 389 267 39
656 389 267 39
657 389 267 39
658 389 267 39
659 389 267 39
660 389 267 39
661 389 267 39
662 389 267 39
663 389 267 39
664 389 267 39
665 389 267 39
666 389 267 39
667 389 267 39
668 389 267 39
669 389 267 39
670 389 267 39
671 389 267 39
672 389 267 39
673 389 267 39
674 389 267 39
675 389 267 39
676 389 267 39
677 389 267 39
678 389 267 39
679 389 267 39
680 389 267 39
681 389 267 39
682 389 267 39
683 389 267 39
684 389 267 39
685 389 267 39
686 389 267 39
687 389 267 39
688 389 267 39
689 389 267 39
690 389 267 39
691 389 267 39
692 389 267 39
693 389 267 39
694 389 267 39
695 389 267 39
696 389 267 39
697 389 267 39
698 389 267 39
699 389 267 39
700 389 267 39
701 389 267 39
702 389 267 39
703 389 267 39
704 389 267 39
705 389 267 39
706 385 266 39
707 381 266 40
708 377 265 40
709 373 264 40
710 373 264 40
711 373 264 40
712 373 264 40
713 373 264 40
714 373 264 40
715 373 264 40
716 373 264 40
717 373 264 40
718 373 264 40
719 373 264 40
720 373 264 40
721 373 264 40
722 373 264 40
723 373 264 40
724 373 264 40
725 373 264 40
726 373 264 40
727 373 264 40
728 373 264 40
729 373 264 40
730 373 264 40
731 373 264 40
732 373 264 40
733 373 264 40
734 373 264 40
735 373 264 40
736 373 264 40
737 373 264 40
738 373 264 40
739 373 264 40
740 373 264 40
741 373 264 40
742 373 264 40
743 373 264 40
744 373 264 40
745 373 264 40
746 373 264 40
747 373 264 40
748 373 264 40
749 373 264 40
750 373 264 40
751 373 264 40
752 373 264 40
753 373 264 40
754 373 264 40
755 373 264 40
756 373 264 40
757 373 264 40
758 373 264 40
759 373 264 40
760 373 264 40
761 373 264 40
762 373 264 40
763 373 264 40
764 373 264 40
765 373 264 40
766 373 264 40
767 373 264 40
768 373 264 40
769 373 264 40
770 373 264 40
771 373 264 40
772 373 264 40
773 373 264 40
774 373 264 40
775 373 264 40
776 373 264 40
777 373 264 40
778 373 264 40
779 373 264 40
780 373 264 40
781 373 264 40
782 373 264 40
783 373 264 40
784 374 264 40
785 374 265 40
786 374 265 40
787 374 265 40
788 374 265 40
789 375 265 40
790 375 265 40
791 375 265 40
792 375 265 40
793 375 266 40
794 376 266 40
795 376 266 40
796 376 266 40
797 376 266 40
798 376 266 40
799 377 266 40
800 377 267 40
801 377 267 40
802 377 267 40
803 377 267 40
804 378 267 40
805 378 267 40
806 378 267 40
807 378 267 40
808 378 268 40
809 379 268 40
810 379 268 40
811 379 268 40
812 378 268 39
813 378 268 38
814 377 268 38
815 377 268 37
816 376 268 36
817 374 270 36
818 372 271 36
819 370 273 36
820 369 275 35
821 367 277 35
822 365 278 35
823 363 280 35
824 361 283 34
825 359 285 33
826 356 288 31
827 354 290 30
828 354 290 30
829 354 290 30
830 354 290 30
831 354 290 30
832 354 290 30
833 354 290 30
834 354 290 30
835 354 290 30
836 354 290 30
837 354 290 30
838 354 290 30
839 354 290 30
840 354 290 30
841 354 290 30
842 354 290 30
843 354 290 30
844 354 290 30
845 354 290 30
846 354 290 30
847 354 290 30
848 354 290 30
849 354 290 30
850 354 290 30
851 354 290 30
852 354 290 30
853 354 290 30
854 354 290 30
855 354 290 30
856 354 290 30
857 354 290 30
858 354 290 30
859 354 290 30
860 355 290 30
861 356 290 30
862 357 289 30
863 358 289 30
864 359 285 30
865 359 281 30
866 361 274 33
867 361 273 34
868 360 273 34
869 360 272 35
870 361 270 35
871 361 268 35
872 363 269 35
873 365 269 35
874 365 269 35
875 365 269 35
876 365 269 35
877 365 269 35
878 365 269 35
879 365 269 35
880 365 269 35
881 365 269 35
882 365 269 35
883 365 269 35
884 365 269 35
885 365 269 35
886 365 269 35
887 365 269 35
888 365 269 35
889 365 269 35
890 363 269 35
891 362 269 35
892 360 269 35
893 359 269 35
894 357 269 35
895 355 269 35
896 353 269 35
897 352 269 35
898 350 268 35
899 348 268 35
900 346 268 35
901 344 268 35
902 342 268 35
903 340 268 35
904 339 269 35
905 337 269 35
906 335 269 35
907 333 269 35
908 332 269 34
909 331 269 33
910 330 269 33
911 328 268 32
912 327 268 31
913 326 268 30
914 325 270 30
915 324 271 30
916 322 271 31
917 321 271 33
918 319 270 34
919 318 270 35
920 316 270 36
921 315 270 38
922 313 269 39
923 311 269 40
924 310 269 41
925 308 269 43
926 307 268 44
927 305 268 45
928 305 268 45
929 305 268 45
930 305 268 45
931 305 268 45
932 305 268 45
933 305 268 45
934 305 268 45
935 305 268 45
936 305 268 45
937 305 268 45
938 305 268 45
939 305 268 45
940 305 268 45
941 305 268 45
942 305 268 45
943 305 268 45
944 305 268 45
945 305 269 44
946 306 269 44
947 306 269 44
948 307 269 43
949 307 270 43
950 308 270 42
951 308 270 42
952 308 271 42
953 309 271 41
954 309 272 41
955 309 272 41
956 309 272 41
957 301 265 45
958 300 264 45
959 308 263 45
960 308 263 45
961 308 263 45
962 308 263 45
963 309 262 45
964 309 262 45
965 309 262 45
966 309 262 45
967 310 262 45
968 310 262 45
969 310 262 45
970 310 262 45
971 310 262 45
972 310 262 45
973 310 262 45
974 310 262 45
975 310 262 45
976 310 262 45
977 310 262 45
978 310 262 45
979 310 262 45
980 310 262 45
981 311 262 45
982 311 262 45
983 312 262 45
984 312 262 45
985 313 262 45
986 313 262 45
987 314 262 45
988 314 262 45
989 314 262 45
990 314 262 45
991 314 262 45
992 314 262 45
993 314 262 45
994 314 262 45
995 314 262 45
996 314 262 45
997 314 262 45
998 314 262 45
999 314 262 45
1000 314 262 45
1001 314 262 45
1002 314 262 45
1003 314 262 45
1004 314 262 45
1005 314 262 45
1006 314 262 45
1007 314 262 45
1008 314 262 45
1009 314 262 45
1010 314 262 45
1011 314 262 45
1012 314 262 45
1013 314 262 45
1014 314 262 45
1015 314 262 45
1016 314 262 45
1017 314 262 45
1018 314 262 45
1019 314 262 45
1020 314 262 45
1021 314 262 45
1022 314 262 45
1023 314 262 45
1024 314 262 45
1025 314 262 45
1026 311 264 45
1027 307 265 45
1028 304 267 45
1029 302 267 45
1030 300 267 45
1031 299 267 45
1032 297 267 45
1033 295 267 45
1034 293 267 45
1035 291 267 45
1036 290 267 45
1037 288 267 44
1038 286 267 44
1039 284 267 44
1040 280 267 44
1041 277 266 44
1042 273 266 44
1043 273 266 44
1044 273 266 44
1045 273 266 44
1046 273 266 44
1047 273 266 44
1048 273 266 44
1049 273 266 44
1050 273 266 44
1051 273 266 44
1052 273 266 44
1053 273 266 44
1054 273 266 44
1055 272 266 44
1056 271 266 44
1057 269 265 44
1058 268 265 44
1059 268 265 44
1060 268 265 44
1061 268 265 44
1062 268 265 44
1063 268 265 44
1064 290 270 38
1065 290 270 38
1066 290 270 38
1067 290 270 38
1068 290 270 38
1069 290 270 38
1070 290 270 38
1071 290 270 38
1072 291 270 38
1073 291 270 38
1074 291 270 38
1075 291 270 38
1076 291 270 38
1077 291 270 38
1078 291 270 38
1079 291 270 38
1080 291 270 37
1081 291 270 37
1082 291 270 37
1083 291 270 37
1084 291 270 37
1085 291 270 37
1086 291 270 37
1087 291 270 37
1088 292 270 37
1089 292 270 37
1090 292 270 37
1091 292 270 37
1092 292 270 37
1093 292 270 37
1094 292 270 37
1095 292 270 37
1096 292 269 37
1097 292 269 37
1098 292 269 37
1099 292 269 37
1100 292 269 37
1101 292 269 37
1102 292 269 37
1103 292 269 37
1104 293 269 37
1105 293 269 37
1106 293 269 37
1107 293 269 37
1108 293 269 37
1109 293 269 37
1110 293 269 37
1111 293 269 37
1112 293 269 36
1113 293 269 36
1114 293 269 36
1115 293 269 36
1116 293 269 36
1117 293 269 36
1118 293 269 36
1119 293 269 36
1120 294 269 36
1121 294 269 36
1122 294 269 36
1123 294 269 36
1124 294 269 36
1125 294 269 36
1126 294 269 36
1127 252 268 65
1128 252 268 65
1129 252 269 66
1130 252 269 65
1131 251 269 66
1132 251 269 66
1133 251 269 66
1134 251 269 66
1135 251 270 66
1136 251 270 66
1137 250 270 67
1138 250 271 67
1139 250 272 67
1140 250 272 67
1141 249 272 68
1142 249 273 68
1143 248 273 69
1144 248 273 69
1145 248 273 69
1146 248 273 69
1147 248 273 69
1148 248 273 69
1149 248 273 69
1150 248 273 69
1151 248 273 69
1152 248 273 69
1153 248 272 69
1154 247 271 69
1155 247 271 69
1156 247 270 69
1157 246 269 69
1158 246 268 69
1159 246 268 69
1160 245 268 70
1161 245 267 70
1162 245 267 70
1163 244 267 70
1164 244 266 71
1165 243 266 71
1166 243 266 71
1167 243 265 71
1168 242 264 72
1169 242 264 72
1170 242 263 72
1171 242 263 72
1172 242 263 72
1173 242 262 72
1174 241 262 73
1175 241 261 73
1176 240 261 73
1177 240 261 74
1178 239 260 74
1179 239 260 74
1180 239 259 75
1181 238 259 75
1182 238 259 76
1183 238 259 76
1184 238 258 76
1185 238 258 76
1186 238 258 76
1187 238 258 75
1188 238 257 75
1189 238 257 75
1190 238 257 75
1191 238 257 75
1192 238 257 75
1193 238 257 75
1194 238 256 75
1195 238 256 75
1196 239 256 75
1197 239 256 75
1198 239 256 75
1199 239 255 75
1200 239 255 75
1201 239 255 75
1202 239 255 75
1203 239 255 75
1204 239 255 75
1205 239 255 75
1206 239 255 75
1207 239 255 75
1208 239 255 75
1209 239 255 75
1210 239 255 75
1211 239 255 75
1212 239 255 75
1213 239 255 75
1214 239 255 75
1215 239 255 75
1216 239 255 75
1217 239 255 75
1218 239 255 75
1219 240 254 75
1220 242 245 75
1221 243 245 74
1222 245 245 73
1223 247 245 72
1224 248 245 71
1225 249 245 70
1226 249 248 69
1227 249 251 69
1228 249 253 68
1229 250 255 68
1230 250 254 67
1231 251 253 67
1232 252 252 67
1233 253 252 66
1234 253 251 66
1235 253 250 66
1236 253 250 66
1237 253 249 67
1238 252 249 67
1239 252 249 67
1240 252 248 67
1241 252 248 68
1242 251 247 68
1243 251 247 68
1244 251 247 68
1245 251 247 68
1246 252 247 67
1247 252 247 67
1248 252 247 67
1249 251 247 68
1250 251 247 68
1251 251 247 68
1252 252 247 67
1253 252 247 67
1254 252 247 67
1255 252 247 67
1256 252 248 68
1257 252 248 67
1258 251 249 68
1259 251 249 68
1260 250 250 68
1261 249 251 67
1262 248 252 67
1263 247 252 66
1264 246 253 66
1265 246 253 65
1266 244 254 65
1267 243 255 65
1268 241 256 65
1269 239 257 65
1270 238 258 65
1271 236 259 65
1272 234 259 65
1273 233 260 65
1274 231 260 65
1275 229 261 65
1276 229 261 65
1277 227 262 64
1278 226 262 64
1279 225 262 64
1280 224 262 63
1281 222 262 63
1282 221 263 63
1283 219 263 63
1284 218 264 63
1285 217 264 63
1286 216 264 63
1287 215 264 63
1288 213 264 62
1289 213 264 62
1290 212 263 62
1291 211 263 62
1292 211 263 61
1293 210 263 62
1294 210 263 61
1295 209 263 62
1296 209 263 61
1297 208 263 62
1298 208 263 62
1299 208 264 62
1300 207 264 62
1301 206 264 62
1302 206 264 62
1303 206 264 62
1304 206 264 62
1305 206 264 62
1306 206 264 62
1307 206 264 62
1308 206 264 62
1309 206 264 62
1310 206 264 62
1311 206 264 62
1312 206 264 62
1313 206 264 62
1314 206 264 62
1315 205 264 62
1316 205 263 62
1317 205 263 61
1318 205 263 61
1319 204 263 61
1320 204 263 61
1321 204 263 61
1322 204 263 61
1323 203 263 60
1324 203 263 60
1325 203 263 60
1326 203 263 60
1327 202 263 60
1328 202 263 60
1329 202 263 60
1330 202 263 60
1331 202 263 60
1332 202 262 60
1333 202 262 60
1334 202 262 60
1335 202 262 60
1336 202 262 60
1337 202 262 60
1338 202 262 60
1339 202 262 60
1340 202 262 60
1341 202 262 60
1342 202 262 60
1343 202 262 60
1344 202 262 60
1345 202 262 60
1346 202 262 60
1347 202 262 60
1348 202 262 60
1349 202 262 60
1350 202 262 60
1351 202 262 60
1352 202 262 60
1353 202 262 60
1354 202 262 60
1355 202 262 60
1356 202 262 60
1357 202 262 60
1358 202 262 60
1359 202 262 60
1360 202 262 60
1361 202 262 60
1362 202 262 60
1363 202 262 60
1364 202 262 60
1365 202 262 60
1366 202 262 60
1367 202 262 60
1368 202 262 60
1369 202 262 60
1370 202 262 60
1371 202 262 60
1372 201 262 61
1373 203 263 60
1374 204 264 59
1375 204 264 59
1376 204 264 59
1377 204 264 59
1378 204 264 59
1379 204 264 59
1380 204 264 59
1381 204 264 59
1382 204 264 59
1383 204 264 59
1384 204 264 59
1385 204 264 59
1386 204 264 59
1387 204 264 59
1388 204 263 59
1389 206 262 59
1390 207 262 60
1391 209 262 62
1392 211 262 63
1393 211 262 63
1394 212 264 64
1395 213 264 64
1396 214 264 64
1397 216 263 64
1398 217 263 64
1399 217 263 64
1400 217 263 64
1401 217 263 64
1402 217 263 64
1403 217 263 64
1404 217 263 64
1405 217 263 64
1406 217 263 64
1407 217 263 64
1408 217 263 64
1409 217 263 64
1410 217 263 64
1411 217 263 64
1412 217 263 64
1413 217 263 64
1414 217 263 64
1415 216 263 64
1416 216 263 64
1417 216 263 65
1418 216 263 65
1419 215 263 65
1420 215 263 65
1421 215 263 65
1422 215 263 65
1423 215 263 65
1424 215 263 65
1425 215 263 65
1426 214 263 66
1427 212 263 67
1428 212 263 67
1429 212 263 67
1430 212 263 67
1431 212 263 67
1432 212 263 67
1433 212 263 67
1434 212 263 67
1435 212 263 67
1436 212 263 67
1437 212 263 67
1438 212 263 67
1439 212 263 67
1440 212 263 67
1441 212 263 67
1442 212 263 67
1443 212 263 67
1444 212 263 67
1445 212 263 67
1446 212 263 67
1447 212 263 67
1448 212 263 67
1449 212 263 67
1450 212 263 67
1451 212 263 67
1452 212 263 67
1453 212 263 67
1454 212 263 67
1455 211 262 68
1456 211 262 68
1457 210 262 69
1458 210 262 69
1459 210 262 70
1460 210 262 70
1461 210 262 70
1462 210 262 70
1463 210 262 70
1464 210 262 71
1465 210 262 71
1466 210 262 71
1467 210 262 71
1468 210 262 71
1469 210 263 71
1470 210 263 71
1471 210 263 71
1472 210 263 71
1473 210 263 71
1474 210 263 72
1475 210 263 72
1476 210 263 72
1477 210 263 72
1478 210 263 72
1479 210 263 72
1480 210 263 72
1481 210 263 72
1482 210 263 71
1483 210 263 71
1484 210 263 71
1485 209 263 71
1486 210 262 72
1487 210 262 72
1488 209 262 71
1489 209 262 71
1490 209 262 71
1491 209 262 71
1492 209 262 71
1493 208 262 71
1494 209 262 71
1495 209 262 71
1496 208 262 71
1497 208 262 71
1498 208 262 71
1499 208 262 70
1500 208 262 70
1501 208 262 70
1502 208 262 71
1503 208 262 71
1504 208 262 71
1505 207 262 70
1506 207 262 70
1507 207 262 70
1508 207 262 70
1509 207 262 70
1510 207 262 70
1511 207 262 70
1512 207 262 70
1513 206 262 70
1514 206 262 70
1515 206 262 70
1516 206 262 70
1517 206 262 70
1518 206 262 70
1519 206 262 70
1520 206 262 70
1521 206 262 70
1522 205 262 70
1523 205 262 70
1524 205 262 69
1525 205 262 69
1526 205 262 70
1527 205 262 70
1528 205 262 70
1529 205 262 70
1530 204 262 69
1531 204 262 69
1532 204 262 69
1533 204 262 69
1534 204 262 70
1535 204 262 70
1536 204 262 69
1537 204 262 69
1538 203 262 69
1539 203 262 69
1540 217 260 59
1541 219 259 57
1542 221 258 57
1543 222 258 56
1544 222 258 56
1545 238 260 44
1546 239 260 44
1547 239 260 44
1548 240 261 44
1549 241 261 44
1550 241 261 44
1551 242 261 44
1552 243 260 44
1553 244 258 44
1554 245 257 44
1555 246 258 44
1556 246 258 44
1557 247 259 44
1558 247 260 44
1559 248 260 44
1560 248 261 44
1561 248 262 44
1562 248 263 44
1563 247 264 44
1564 247 265 44
1565 247 265 44
1566 248 265 44
1567 248 265 44
1568 248 265 44
1569 248 265 44
1570 249 264 44
1571 249 264 44
1572 249 264 44
1573 249 264 44
1574 250 264 44
1575 250 264 44
1576 252 265 44
1577 254 267 44
1578 256 268 44
1579 256 268 44
1580 256 268 44
1581 256 268 44
1582 256 268 44
1583 256 268 44
1584 256 268 44
1585 256 268 44
1586 256 268 44
1587 256 268 44
1588 256 268 44
1589 256 268 44
1590 256 268 44
1591 256 268 44
1592 256 268 44
1593 262 269 44
1594 262 269 44
1595 262 269 44
1596 262 269 44
1597 262 269 44
1598 262 269 44
1599 262 269 44
1600 262 269 44
1601 262 269 44
1602 262 269 44
1603 262 269 44
1604 262 269 44
1605 262 269 44
1606 262 269 44
1607 262 269 44
1608 262 269 44
1609 262 269 44
1610 262 269 44
1611 262 269 44
1612 262 269 44
1613 262 269 44
1614 262 269 44
1615 262 269 44
1616 262 269 44
1617 262 269 44
1618 262 269 44
1619 262 269 44
1620 262 269 44
1621 262 269 44
1622 262 269 44
1623 262 269 44
1624 262 269 44
1625 262 269 44
1626 262 269 44
1627 262 269 44
1628 262 269 44
1629 262 269 44
1630 262 269 44
1631 262 269 44
1632 262 269 44
1633 262 269 44
1634 262 269 44
1635 262 269 44
1636 262 269 44
1637 262 269 44
1638 262 269 44
1639 262 269 44
1640 262 269 44
1641 262 269 44
1642 262 269 44
1643 262 269 44
1644 262 269 44
1645 262 269 44
1646 262 269 44
1647 262 269 44
1648 262 269 44
1649 262 268 44
1650 262 268 44
1651 262 267 44
1652 262 266 44
1653 262 266 44
1654 262 265 44
1655 262 264 44
1656 262 264 44
1657 262 263 44
1658 262 262 44
1659 262 262 44
1660 262 261 44
1661 261 261 44
1662 261 261 44
1663 260 261 45
1664 260 261 45
1665 259 262 45
1666 259 262 45
1667 258 262 46
1668 258 262 46
1669 257 262 46
1670 257 262 46
1671 257 261 46
1672 257 261 46
1673 257 261 46
1674 257 261 46
1675 257 260 46
1676 257 260 46
1677 257 260 46
1678 257 259 46
1679 257 259 46
1680 257 259 46
1681 257 259 46
1682 257 259 46
1683 257 259 46
1684 257 259 46
1685 257 259 46
1686 257 259 46
1687 257 259 46
1688 257 259 46
1689 257 259 46
1690 257 259 46
1691 257 259 46
1692 257 259 46
1693 257 259 46
1694 257 259 46
1695 257 259 46
1696 257 259 46
1697 257 259 46
1698 257 259 46
1699 257 259 46
1700 257 259 46
1701 257 259 46
1702 257 259 46
1703 257 259 46
1704 257 259 46
1705 257 259 46
1706 257 259 46
1707 257 259 46
1708 257 259 46
1709 257 259 46
1710 257 259 46
1711 257 259 46
1712 257 259 46
1713 257 259 46
1714 257 259 46
1715 257 259 46
1716 257 259 46
1717 257 259 46
1718 258 259 46
1719 259 260 46
1720 259 260 46
1721 260 261 46
1722 261 261 46
1723 262 261 46
1724 263 261 46
1725 264 261 46
1726 266 262 46
1727 267 262 46
1728 268 262 46
1729 269 262 46
1730 270 262 46
1731 271 262 46
1732 272 262 46
1733 273 262 46
1734 274 262 46
1735 275 262 46
1736 276 262 46
1737 277 262 46
1738 277 262 46
1739 277 262 46
1740 277 262 46
1741 277 262 46
1742 277 262 46
1743 277 262 46
1744 277 262 46
1745 277 262 46
1746 277 262 46
1747 277 262 46
1748 277 262 46
1749 277 262 46
1750 277 262 46
1751 277 262 46
1752 277 262 46
1753 277 262 46
1754 277 262 46
1755 277 262 46
1756 277 262 46
1757 277 262 46
1758 277 262 46
1759 277 262 46
1760 277 262 46
1761 277 262 46
1762 277 262 46
1763 277 262 46
1764 277 262 46
1765 277 262 46
1766 277 262 46
1767 277 262 46
1768 277 262 46
1769 277 262 46
1770 277 262 46
1771 277 262 46
1772 277 262 46
1773 277 262 46
1774 277 262 46
1775 277 262 46
1776 277 262 46
1777 277 262 46
1778 277 262 46
1779 277 262 46
1780 277 262 46
1781 277 262 46
1782 277 262 46
1783 277 262 46
1784 277 262 46
1785 279 263 45
1786 282 263 45
1787 284 264 44
1788 286 264 43
1789 286 264 43
1790 286 263 43
1791 286 263 43
1792 286 263 43
1793 286 262 43
1794 286 262 43
1795 287 262 43
1796 287 262 43
1797 287 261 43
1798 287 261 43
1799 287 261 43
1800 287 260 43
1801 287 260 43
1802 288 260 43
1803 288 260 43
1804 289 260 43
1805 289 261 43
1806 290 261 43
1807 290 261 43
1808 291 261 43
1809 293 262 43
1810 294 263 43
1811 296 264 43
1812 297 265 43
1813 299 266 43
1814 300 267 43
1815 302 268 43
1816 305 268 43
1817 308 268 43
1818 312 268 43
1819 315 267 43
1820 318 267 43
1821 321 267 43
1822 325 266 43
1823 329 266 43
1824 333 265 43
1825 337 265 43
1826 341 265 43
1827 346 265 42
1828 350 265 42
1829 354 265 42
1830 356 265 42
1831 357 265 42
1832 359 265 42
1833 361 265 42
1834 363 265 42
1835 364 264 42
1836 366 264 42
1837 368 264 42
1838 369 264 42
1839 371 264 42
1840 371 264 42
1841 371 264 42
1842 371 264 42
1843 371 264 42
1844 371 264 42
1845 371 264 42
1846 371 264 42
1847 371 264 42
1848 371 264 42
1849 371 264 42
1850 371 264 42
1851 371 264 42
1852 371 264 42
1853 371 264 42
1854 371 264 42
1855 371 264 42
1856 371 264 42
1857 371 264 42
1858 371 264 42
1859 371 264 42
1860 371 264 42
1861 371 264 42
1862 371 264 42
1863 371 264 42
1864 371 264 42
1865 375 265 42
1866 378 265 42
1867 382 266 42
1868 385 266 42
1869 387 265 42
1870 390 265 42
1871 392 265 42
1872 394 265 41
1873 396 265 41
1874 398 265 40
1875 400 265 40
1876 402 265 40
1877 403 265 40
1878 405 264 40
1879 406 264 40
1880 409 264 40
1881 411 264 40
1882 414 263 39
1883 416 263 39
1884 417 264 39
1885 418 264 39
1886 420 265 39
1887 421 265 39
1888 422 266 39
1889 424 266 39
1890 426 267 39
1891 428 267 39
1892 430 268 39
1893 432 268 39
1894 433 268 39
1895 435 268 39
1896 436 269 39
1897 438 269 39
1898 439 269 39
1899 442 269 39
1900 444 270 39
1901 447 270 39
1902 449 271 39
1903 452 271 39
1904 454 272 39
1905 457 272 39
1906 460 272 39
1907 464 272 39
1908 467 271 39
1909 470 271 39
1910 474 271 40
1911 478 270 40
1912 483 270 41
1913 487 269 41
1914 491 269 42
1915 492 268 43
1916 493 268 43
1917 494 267 44
1918 499 268 44
1919 504 269 44
1920 508 269 44
1921 513 270 44
1922 515 270 44
1923 518 270 44
1924 520 269 44
1925 522 269 44
1926 524 269 44
1927 526 269 44
1928 528 268 43
1929 530 268 43
1930 532 268 43
1931 534 268 43
1932 537 269 43
1933 539 269 43
1934 544 270 43
1935 549 272 42
1936 553 273 42
1937 558 274 41
1938 563 274 40
1939 569 273 38
1940 574 273 37
1941 575 272 37
1942 576 271 38
1943 577 270 38
1944 578 269 39
1945 579 268 39
1946 581 268 39
1947 584 268 39
1948 586 267 39
1949 588 267 39
1950 589 268 39
1951 589 268 39
1952 590 269 39
1953 591 269 38
1954 591 270 38
1955 592 270 38
1956 593 270 38
1957 594 270 38
1958 594 269 38
1959 595 269 38
1960 596 269 38
1961 596 269 38
1962 597 269 38
1963 597 270 38
1964 598 270 38
1965 598 270 38
1966 599 270 38
1967 599 270 38
1968 600 270 38
1969 600 271 38
1970 601 271 38
1971 601 271 38
1972 601 271 38
1973 601 271 38
1974 601 271 38
1975 601 271 38
1976 601 271 38
1977 601 271 38
1978 601 271 38
1979 601 271 38
1980 601 271 38
1981 601 271 38
1982 601 271 38
1983 601 271 38
1984 601 271 38
1985 601 271 38
1986 601 271 38
1987 601 271 38
1988 601 271 38
1989 601 271 38
1990 601 271 38
1991 601 271 38
1992 601 271 38
1993 601 271 38
1994 601 271 38
1995 601 271 38
1996 601 271 38
1997 601 271 38
1998 601 271 38
1999 601 271 38
2000 601 271 38
2001 601 271 38
2002 601 271 38
2003 601 271 38
2004 601 271 38
2005 601 271 38
2006 601 271 38
2007 601 271 38
