3
733
224 751 268 35
225 751 268 35
226 751 268 35
227 751 268 35
228 751 268 35
229 751 268 35
230 751 268 35
231 751 268 35
232 751 268 35
233 751 268 35
234 751 268 35
235 751 268 35
236 751 268 35
237 751 268 35
238 751 268 35
239 751 268 35
240 751 268 35
241 751 268 35
242 751 268 35
243 751 268 35
244 751 268 35
245 751 268 35
246 751 268 35
247 751 268 35
248 751 268 35
249 751 268 35
250 751 268 35
251 751 268 35
252 751 268 35
253 751 268 35
254 751 268 35
255 751 268 35
256 751 268 35
257 751 268 35
258 751 268 35
259 751 268 35
260 751 268 35
261 751 268 35
262 751 268 35
263 751 268 35
264 750 268 35
265 748 268 35
266 747 269 35
267 745 269 35
268 744 269 35
269 744 269 35
270 744 269 35
271 744 269 35
272 744 269 35
273 744 269 35
274 744 269 35
275 744 269 35
276 744 269 35
277 744 269 35
278 744 269 35
279 744 269 35
280 744 269 35
281 744 269 35
282 744 269 35
283 744 269 35
284 744 269 35
285 744 269 35
286 744 269 35
287 744 269 35
288 744 269 35
289 744 269 35
290 744 269 35
291 744 269 35
292 744 269 35
293 744 269 35
294 744 269 35
295 744 269 35
296 744 269 35
297 744 269 35
298 744 269 35
299 744 269 35
300 744 269 35
301 744 269 35
302 744 269 35
303 744 269 35
304 744 269 35
305 744 269 35
306 744 269 35
307 744 269 35
308 744 269 35
309 744 269 35
310 744 269 35
311 744 269 35
312 744 269 35
313 744 269 35
314 744 269 35
315 744 269 35
316 744 269 35
317 744 269 35
318 744 269 35
319 744 269 35
320 744 269 35
321 744 269 35
322 744 269 35
323 744 269 35
324 744 269 35
325 744 269 35
326 744 269 35
327 744 269 35
328 744 269 35
329 744 269 35
330 744 269 35
331 744 269 35
332 744 269 35
333 744 269 35
334 744 269 35
335 744 269 35
336 744 269 35
337 744 269 35
338 744 269 35
339 744 269 35
340 744 269 35
341 744 269 35
342 744 269 35
343 744 269 35
344 744 269 35
345 744 269 35
346 744 269 35
347 744 269 35
348 744 269 35
349 744 269 35
350 744 269 35
351 744 269 35
352 744 269 35
353 744 269 35
354 744 269 35
355 744 269 35
356 744 269 35
357 744 269 35
358 744 269 35
359 744 269 35
360 744 269 35
361 744 269 35
362 744 269 35
363 744 269 35
364 744 269 35
365 744 269 35
366 744 269 35
367 744 269 35
368 744 269 35
369 744 269 35
370 744 269 35
371 744 269 35
372 744 269 35
373 744 269 35
374 744 269 35
375 744 269 35
376 744 269 35
377 744 269 35
378 744 269 35
379 744 269 35
380 744 269 35
381 744 269 35
382 744 269 35
383 744 269 35
384 744 269 35
385 744 269 35
386 744 269 35
387 744 269 35
388 744 269 35
389 744 269 35
390 744 269 35
391 744 269 35
392 744 269 35
393 744 269 35
394 744 269 35
395 744 269 35
396 744 269 35
397 744 269 35
398 744 269 35
399 744 269 35
400 744 269 35
401 744 269 35
402 744 269 35
403 744 269 35
404 744 269 35
405 744 269 35
406 744 269 35
407 744 269 35
408 744 269 35
409 744 269 35
410 744 269 35
411 744 269 35
412 744 269 35
413 744 269 35
414 744 269 35
415 744 269 35
416 744 269 35
417 744 269 35
418 744 269 35
419 744 269 35
420 744 269 35
421 744 269 35
422 744 269 35
423 744 269 35
424 744 269 35
425 744 269 35
426 744 269 35
427 744 269 35
428 744 269 35
429 744 269 35
430 744 269 35
431 744 269 35
432 744 269 35
433 744 269 35
434 744 269 35
435 744 269 35
436 744 269 35
437 744 269 35
438 744 269 35
439 744 269 35
440 744 269 35
441 744 269 35
442 744 269 35
443 744 269 35
444 744 269 35
445 744 269 35
446 744 269 35
447 744 269 35
448 744 269 35
449 744 269 35
450 744 269 35
451 744 269 35
452 744 269 35
453 744 269 35
454 744 269 35
455 744 269 35
456 744 269 35
457 744 269 35
458 744 269 35
459 744 269 35
460 744 269 35
461 744 269 35
462 744 269 35
463 744 269 35
464 744 269 35
465 744 269 35
466 744 269 35
467 744 269 35
468 744 269 35
469 744 269 35
470 744 269 35
471 744 269 35
472 744 269 35
473 744 269 35
474 744 269 35
475 744 269 35
476 744 269 35
477 744 269 35
478 744 269 35
479 744 269 35
480 744 269 35
481 744 269 35
482 744 269 35
483 744 269 35
484 744 269 35
485 744 269 35
486 744 269 35
487 744 269 35
488 744 269 35
489 744 269 35
490 744 269 35
491 744 269 35
492 744 269 35
493 744 269 35
494 744 269 35
495 744 269 35
496 744 269 35
497 744 269 35
498 744 269 35
499 744 269 35
500 744 269 35
501 744 269 35
502 744 269 35
503 744 269 35
504 744 269 35
505 744 269 35
506 744 269 35
507 744 269 35
508 744 269 35
509 744 269 35
510 744 269 35
511 744 269 35
512 744 269 35
513 744 269 35
514 744 269 35
515 744 269 35
516 744 269 35
517 744 269 35
518 744 269 35
519 744 269 35
520 744 269 35
521 744 269 35
522 744 269 35
523 744 269 35
524 744 269 35
525 744 269 35
526 744 269 35
527 744 269 35
528 744 269 35
529 744 269 35
530 744 269 35
531 744 269 35
532 744 269 35
533 744 269 35
534 744 269 35
535 744 269 35
536 744 269 35
537 744 269 35
538 744 269 35
539 744 269 35
540 744 269 35
541 744 269 35
542 744 269 35
543 744 269 35
544 744 269 35
545 744 269 35
546 744 269 35
547 744 269 35
548 744 269 35
549 744 269 35
550 744 269 35
551 744 269 35
552 744 269 35
553 744 269 35
554 744 269 35
555 744 269 35
556 744 269 35
557 744 269 35
558 744 269 35
559 744 269 35
560 744 269 35
561 744 269 35
562 744 269 35
563 744 269 35
564 744 269 35
565 744 269 35
566 744 269 35
567 744 269 35
568 744 269 35
569 744 269 35
570 744 269 35
571 744 269 35
572 744 269 35
573 744 269 35
574 744 269 35
575 744 269 35
576 744 269 35
577 744 269 35
578 744 269 35
579 744 269 35
580 744 269 35
581 744 269 35
582 744 269 35
583 744 269 35
584 744 269 35
585 744 269 35
586 744 269 35
587 744 269 35
588 744 269 35
589 744 269 35
590 744 269 35
591 744 269 35
592 744 269 35
593 744 269 35
594 744 269 35
595 744 269 35
596 744 269 35
597 744 269 35
598 744 269 35
599 744 269 35
600 744 269 35
601 744 269 35
602 744 269 35
603 744 269 35
604 744 269 35
605 744 269 35
606 744 269 35
607 744 269 35
608 744 269 35
609 744 269 35
610 744 269 35
611 744 269 35
612 744 269 35
613 744 269 35
614 744 269 35
615 744 269 35
616 744 269 35
617 744 269 35
618 744 269 35
619 744 269 35
620 744 269 35
621 744 269 35
622 744 269 35
623 744 269 35
624 744 269 35
625 744 269 35
626 744 269 35
627 744 269 35
628 744 269 35
629 744 269 35
630 744 269 35
631 744 269 35
632 744 269 35
633 744 269 35
634 744 269 35
635 744 269 35
636 744 269 35
637 744 269 35
638 744 269 35
639 744 269 35
640 744 269 35
641 744 269 35
642 744 269 35
643 744 269 35
644 744 269 35
645 744 269 35
646 744 269 35
647 744 269 35
648 744 269 35
649 744 269 35
650 744 269 35
651 744 269 35
652 744 269 35
653 744 269 35
654 744 269 35
655 744 269 35
656 744 269 35
657 744 269 35
658 744 269 35
659 744 269 35
660 744 269 35
661 744 269 35
662 744 269 35
663 744 269 35
664 744 269 35
665 744 269 35
666 744 269 35
667 744 269 35
668 744 269 35
669 744 269 35
670 744 269 35
671 744 269 35
672 744 269 35
673 744 269 35
674 744 269 35
675 744 269 35
676 744 269 35
677 744 269 35
678 744 269 35
679 744 269 35
680 744 269 35
681 744 269 35
682 744 269 35
683 744 269 35
684 744 269 35
685 744 269 35
686 744 269 35
687 744 269 35
688 744 269 35
689 744 269 35
690 744 269 35
691 744 269 35
692 744 269 35
693 744 269 35
694 744 269 35
695 744 269 35
696 744 269 35
697 744 269 35
698 744 269 35
699 744 269 35
700 744 269 35
701 744 269 35
702 744 269 35
703 744 269 35
704 744 269 35
705 744 269 35
706 744 269 35
707 744 269 35
708 744 269 35
709 744 269 35
710 744 269 35
711 744 269 35
712 744 269 35
713 744 269 35
714 744 269 35
715 744 269 35
716 744 269 35
717 744 269 35
718 744 269 35
719 744 269 35
720 744 269 35
721 744 269 35
722 744 269 35
723 744 269 35
724 744 269 35
725 744 269 35
726 744 269 35
727 744 269 35
728 744 269 35
729 744 269 35
730 744 269 35
731 744 269 35
732 744 269 35
733 744 269 35
734 744 269 35
735 744 269 35
736 744 269 35
737 744 269 35
738 744 269 35
739 744 269 35
740 744 269 35
741 744 269 35
742 744 269 35
743 744 269 35
744 744 269 35
745 744 269 35
746 744 269 35
747 744 269 35
748 744 269 35
749 744 269 35
750 744 269 35
751 744 269 35
752 744 269 35
753 744 269 35
754 744 269 35
755 744 269 35
756 744 269 35
757 744 269 35
758 744 269 35
759 744 269 35
760 744 269 35
761 744 269 35
762 744 269 35
763 744 269 35
764 744 269 35
765 744 269 35
766 744 269 35
767 744 269 35
768 744 269 35
769 744 269 35
770 744 269 35
771 744 269 35
772 744 269 35
773 744 269 35
774 744 269 35
775 744 269 35
776 744 269 35
777 744 269 35
778 744 269 35
779 744 269 35
780 744 269 35
781 744 269 35
782 744 269 35
783 744 269 35
784 744 269 35
785 744 269 35
786 744 269 35
787 744 269 35
788 744 269 35
789 744 269 35
790 744 269 35
791 744 269 35
792 744 269 35
793 744 269 35
794 744 269 35
795 744 269 35
796 744 269 35
797 744 269 35
798 744 269 35
799 744 269 35
800 744 269 35
801 744 269 35
802 744 269 35
803 744 269 35
804 744 269 35
805 744 269 35
806 744 269 35
807 744 269 35
808 744 269 35
809 744 269 35
810 744 269 35
811 744 269 35
812 744 269 35
813 744 269 35
814 744 269 35
815 744 269 35
816 744 269 35
817 744 269 35
818 744 269 35
819 744 269 35
820 744 269 35
821 744 269 35
822 744 269 35
823 744 269 35
824 744 269 35
825 744 269 35
826 744 269 35
827 744 269 35
828 744 269 35
829 744 269 35
830 744 269 35
831 744 269 35
832 744 269 35
833 744 269 35
834 744 269 35
835 744 269 35
836 744 269 35
837 744 269 35
838 744 269 35
839 744 269 35
840 744 269 35
841 744 269 35
842 744 269 35
843 744 269 35
844 744 269 35
845 744 269 35
846 744 269 35
847 744 269 35
848 744 269 35
849 744 269 35
850 744 269 35
851 744 269 35
852 744 269 35
853 744 269 35
854 744 269 35
855 744 269 35
856 744 269 35
857 744 269 35
858 744 269 35
859 744 269 35
860 744 269 35
861 744 269 35
862 744 269 35
863 744 269 35
864 744 269 35
865 744 269 35
866 744 269 35
867 744 269 35
868 744 269 35
869 744 269 35
870 744 269 35
871 744 269 35
872 744 269 35
873 744 269 35
874 744 269 35
875 744 269 35
876 744 269 35
877 744 269 35
878 744 269 35
879 744 269 35
880 744 269 35
881 744 269 35
882 744 269 35
883 744 269 35
884 744 269 35
885 744 269 35
886 744 269 35
887 744 269 35
888 744 269 35
889 744 269 35
890 744 269 35
891 744 269 35
892 744 269 35
893 744 269 35
894 744 269 35
895 744 269 35
896 744 269 35
897 744 269 35
898 744 269 35
899 744 269 35
900 744 269 35
901 744 269 35
902 744 269 35
903 744 269 35
904 744 269 35
905 744 269 35
906 744 269 35
907 744 269 35
908 744 269 35
909 744 269 35
910 744 269 35
911 744 269 35
912 744 269 35
913 744 269 35
914 744 269 35
915 744 269 35
916 744 269 35
917 744 269 35
918 744 269 35
919 744 269 35
920 744 269 35
921 744 269 35
922 744 269 35
923 744 269 35
924 744 269 35
925 744 269 35
926 744 269 35
927 744 269 35
928 744 269 35
929 744 269 35
930 744 269 35
931 744 269 35
932 744 269 35
933 744 269 35
934 744 269 35
935 744 269 35
936 744 269 35
937 744 269 35
938 744 269 35
939 744 269 35
940 744 269 35
941 744 269 35
942 744 269 35
943 744 269 35
944 744 269 35
945 744 269 35
946 744 269 35
947 744 269 35
948 744 269 35
949 744 269 35
950 744 269 35
951 744 269 35
952 744 269 35
953 744 269 35
954 744 269 35
955 744 269 35
956 744 269 35
705
252 722 267 33
253 721 267 33
254 720 267 33
255 719 268 33
256 718 268 33
257 718 268 33
258 717 268 33
259 716 269 33
260 715 269 33
261 714 269 33
262 714 269 33
263 714 269 33
264 714 269 33
265 714 269 33
266 714 269 33
267 714 269 33
268 714 269 33
269 714 269 33
270 714 269 33
271 714 269 33
272 714 269 33
273 714 269 33
274 714 269 33
275 714 269 33
276 714 269 33
277 714 269 33
278 714 269 33
279 714 269 33
280 714 269 33
281 714 269 33
282 714 269 33
283 714 269 33
284 714 269 33
285 714 269 33
286 714 269 33
287 708 269 33
288 701 270 32
289 695 270 32
290 692 270 32
291 690 270 32
292 687 269 32
293 685 269 32
294 682 269 32
295 681 269 32
296 679 269 32
297 678 269 32
298 676 269 32
299 675 269 32
300 673 269 32
301 670 269 32
302 667 270 32
303 665 270 32
304 662 271 32
305 659 271 32
306 659 271 31
307 659 271 30
308 658 271 30
309 657 270 30
310 656 270 29
311 655 269 29
312 654 269 29
313 653 269 29
314 651 269 28
315 650 270 28
316 648 270 27
317 647 270 27
318 646 271 27
319 646 272 26
320 645 273 26
321 645 273 26
322 645 273 26
323 645 271 27
324 645 268 27
325 645 267 27
326 644 266 27
327 644 265 27
328 644 265 27
329 644 265 27
330 644 265 27
331 644 265 27
332 644 265 27
333 644 265 27
334 644 265 27
335 644 265 27
336 644 265 27
337 644 265 27
338 644 265 27
339 644 265 27
340 644 265 27
341 644 265 27
342 644 265 27
343 644 265 27
344 644 265 27
345 644 265 27
346 644 265 27
347 644 265 27
348 644 265 27
349 644 265 27
350 644 265 27
351 644 265 27
352 644 265 27
353 644 265 27
354 644 265 27
355 644 265 27
356 644 265 27
357 644 265 27
358 644 265 27
359 644 265 27
360 644 265 27
361 644 265 27
362 644 265 27
363 644 265 27
364 644 265 27
365 644 265 27
366 644 265 27
367 644 265 27
368 644 265 27
369 644 265 27
370 644 265 27
371 644 265 27
372 644 265 27
373 644 265 27
374 644 265 27
375 644 265 27
376 644 265 27
377 644 265 27
378 644 265 27
379 644 265 27
380 644 265 27
381 644 265 27
382 644 265 27
383 644 265 27
384 644 265 27
385 644 265 27
386 644 265 27
387 644 265 27
388 644 265 27
389 644 265 27
390 644 265 27
391 644 265 27
392 644 265 27
393 644 265 27
394 644 265 27
395 644 265 27
396 644 265 27
397 644 265 27
398 644 265 27
399 644 265 27
400 644 265 27
401 644 265 27
402 649 265 27
403 649 265 27
404 649 265 27
405 649 265 27
406 649 265 27
407 649 265 27
408 649 265 27
409 649 265 27
410 649 265 27
411 649 265 27
412 649 265 27
413 649 265 27
414 649 265 27
415 649 265 27
416 649 265 27
417 649 265 27
418 654 260 27
419 654 260 27
420 654 260 27
421 654 260 27
422 654 260 27
423 654 260 27
424 654 260 27
425 654 260 27
426 654 260 27
427 654 260 27
428 654 260 27
429 654 260 27
430 654 260 27
431 654 260 27
432 654 260 27
433 654 260 27
434 654 260 27
435 654 260 27
436 654 260 27
437 654 260 27
438 654 260 27
439 654 260 27
440 654 260 27
441 654 260 27
442 654 260 27
443 654 260 27
444 654 260 27
445 654 260 27
446 654 260 27
447 654 260 27
448 654 260 27
449 654 260 27
450 654 260 27
451 654 260 27
452 654 260 27
453 654 260 27
454 654 260 27
455 654 260 27
456 654 260 27
457 654 260 27
458 653 262 27
459 653 265 27
460 652 267 26
461 652 270 26
462 651 272 26
463 650 272 26
464 649 271 26
465 649 271 26
466 648 271 26
467 647 270 26
468 646 270 26
469 646 270 26
470 645 269 26
471 644 269 26
472 643 269 26
473 643 269 27
474 642 269 27
475 641 269 27
476 641 269 28
477 640 270 28
478 639 270 28
479 639 270 29
480 638 270 29
481 637 270 29
482 637 270 30
483 636 270 30
484 635 270 30
485 633 271 30
486 632 271 30
487 630 272 30
488 629 272 30
489 627 273 30
490 626 273 30
491 625 273 30
492 623 273 31
493 622 274 31
494 621 274 31
495 619 274 32
496 618 274 32
497 616 274 33
498 615 274 33
499 614 275 33
500 612 275 34
501 611 275 34
502 609 275 34
503 606 276 34
504 604 276 34
505 602 277 34
506 600 277 34
507 597 277 34
508 595 278 34
509 593 278 34
510 590 279 34
511 588 279 34
512 585 279 34
513 583 279 35
514 580 279 35
515 577 279 36
516 575 278 36
517 572 278 37
518 569 278 37
519 567 278 38
520 564 278 38
521 560 278 39
522 557 278 39
523 553 277 40
524 549 277 40
525 545 277 40
526 541 277 40
527 537 277 40
528 533 277 39
529 529 277 39
530 525 277 39
531 520 277 39
532 515 277 40
533 509 277 40
534 504 277 40
535 501 277 40
536 498 277 41
537 495 277 41
538 492 277 41
539 489 277 42
540 486 277 42
541 484 277 42
542 482 277 42
543 479 276 42
544 477 276 42
545 473 276 42
546 469 276 41
547 465 276 41
548 461 276 41
549 457 276 40
550 453 276 40
551 450 276 40
552 447 275 40
553 445 275 40
554 442 275 40
555 439 274 40
556 436 274 40
557 436 274 40
558 436 274 40
559 435 273 40
560 435 273 40
561 435 273 40
562 435 273 40
563 435 273 40
564 435 273 40
565 434 272 40
566 434 272 40
567 434 272 40
568 430 272 40
569 427 272 39
570 423 272 39
571 421 272 39
572 419 271 38
573 417 271 38
574 415 270 38
575 413 270 37
576 411 269 37
577 409 269 37
578 407 268 37
579 406 268 37
580 404 268 37
581 402 267 37
582 400 267 37
583 400 267 37
584 400 267 37
585 400 267 37
586 390 273 37
587 390 273 37
588 390 273 37
589 390 273 37
590 390 273 37
591 390 273 37
592 390 273 37
593 390 270 38
594 389 267 39
595 389 267 39
596 389 267 39
597 389 267 39
598 389 267 39
599 389 267 39
600 389 267 39
601 389 267 39
602 389 267 39
603 389 267 39
604 389 267 39
605 389 267 39
606 389 267 39
607 389 267 39
608 389 267 39
609 389 267 39
610 389 267 39
611 389 267 39
612 389 267 39
613 389 267 39
614 389 267 39
615 389 267 39
616 389 267 39
617 389 267 39
618 389 267 39
619 389 267 39
620 389 267 39
621 389 267 39
622 389 267 39
623 389 267 39
624 389 267 39
625 389 267 39
626 389 267 39
627 389 267 39
628 389 267 39
629 389 267 39
630 389 267 39
631 389 267 39
632 389 267 39
633 389 267 39
634 389 267 39
635 389 267 39
636 389 267 39
637 389 267 39
638 389 267 39
639 389 267 39
640 389 267 39
641 389 267 39
642 389 267 39
643 389 267 39
644 389 267 39
645 389 267 39
646 389 267 39
647 389 267 39
648 389 267 39
649 389 267 39
650 389 267 39
651 389 267 39
652 389 267 39
653 389 267 39
654 389 267 39
655 389 267 39
656 389 267 39
657 389 267 39
658 389 267 39
659 389 267 39
660 389 267 39
661 389 267 39
662 389 267 39
663 389 267 39
664 389 267 39
665 389 267 39
666 389 267 39
667 389 267 39
668 389 267 39
669 389 267 39
670 389 267 39
671 389 267 39
672 389 267 39
673 389 267 39
674 389 267 39
675 389 267 39
676 389 267 39
677 389 267 39
678 389 267 39
679 389 267 39
680 389 267 39
681 389 267 39
682 389 267 39
683 389 267 39
684 389 267 39
685 389 267 39
686 389 267 39
687 389 267 39
688 389 267 39
689 389 267 39
690 389 267 39
691 389 267 39
692 389 267 39
693 389 267 39
694 389 267 39
695 389 267 39
696 389 267 39
697 389 267 39
698 389 267 39
699 389 267 39
700 389 267 39
701 389 267 39
702 389 267 39
703 389 267 39
704 389 267 39
705 389 267 39
706 385 266 39
707 381 266 40
708 377 265 40
709 373 264 40
710 373 264 40
711 373 264 40
712 373 264 40
713 373 264 40
714 373 264 40
715 373 264 40
716 373 264 40
717 373 264 40
718 373 264 40
719 373 264 40
720 373 264 40
721 373 264 40
722 373 264 40
723 373 264 40
724 373 264 40
725 373 264 40
726 373 264 40
727 373 264 40
728 373 264 40
729 373 264 40
730 373 264 40
731 373 264 40
732 373 264 40
733 373 264 40
734 373 264 40
735 373 264 40
736 373 264 40
737 373 264 40
738 373 264 40
739 373 264 40
740 373 264 40
741 373 264 40
742 373 264 40
743 373 264 40
744 373 264 40
745 373 264 40
746 373 264 40
747 373 264 40
748 373 264 40
749 373 264 40
750 373 264 40
751 373 264 40
752 373 264 40
753 373 264 40
754 373 264 40
755 373 264 40
756 373 264 40
757 373 264 40
758 373 264 40
759 373 264 40
760 373 264 40
761 373 264 40
762 373 264 40
763 373 264 40
764 373 264 40
765 373 264 40
766 373 264 40
767 373 264 40
768 373 264 40
769 373 264 40
770 373 264 40
771 373 264 40
772 373 264 40
773 373 264 40
774 373 264 40
775 373 264 40
776 373 264 40
777 373 264 40
778 373 264 40
779 373 264 40
780 373 264 40
781 373 264 40
782 373 264 40
783 373 264 40
784 374 264 40
785 374 265 40
786 374 265 40
787 374 265 40
788 374 265 40
789 375 265 40
790 375 265 40
791 375 265 40
792 375 265 40
793 375 266 40
794 376 266 40
795 376 266 40
796 376 266 40
797 376 266 40
798 376 266 40
799 377 266 40
800 377 267 40
801 377 267 40
802 377 267 40
803 377 267 40
804 378 267 40
805 378 267 40
806 378 267 40
807 378 267 40
808 378 268 40
809 379 268 40
810 379 268 40
811 379 268 40
812 378 268 39
813 378 268 38
814 377 268 38
815 377 268 37
816 376 268 36
817 374 270 36
818 372 271 36
819 370 273 36
820 369 275 35
821 367 277 35
822 365 278 35
823 363 280 35
824 361 283 34
825 359 285 33
826 356 288 31
827 354 290 30
828 354 290 30
829 354 290 30
830 354 290 30
831 354 290 30
832 354 290 30
833 354 290 30
834 354 290 30
835 354 290 30
836 354 290 30
837 354 290 30
838 354 290 30
839 354 290 30
840 354 290 30
841 354 290 30
842 354 290 30
843 354 290 30
844 354 290 30
845 354 290 30
846 354 290 30
847 354 290 30
848 354 290 30
849 354 290 30
850 354 290 30
851 354 290 30
852 354 290 30
853 354 290 30
854 354 290 30
855 354 290 30
856 354 290 30
857 354 290 30
858 354 290 30
859 354 290 30
860 355 290 30
861 356 290 30
862 357 289 30
863 358 289 30
864 359 285 30
865 359 281 30
866 361 274 33
867 361 273 34
868 360 273 34
869 360 272 35
870 361 270 35
871 361 268 35
872 363 269 35
873 365 269 35
874 365 269 35
875 365 269 35
876 365 269 35
877 365 269 35
878 365 269 35
879 365 269 35
880 365 269 35
881 365 269 35
882 365 269 35
883 365 269 35
884 365 269 35
885 365 269 35
886 365 269 35
887 365 269 35
888 365 269 35
889 365 269 35
890 363 269 35
891 362 269 35
892 360 269 35
893 359 269 35
894 357 269 35
895 355 269 35
896 353 269 35
897 352 269 35
898 350 268 35
899 348 268 35
900 346 268 35
901 344 268 35
902 342 268 35
903 340 268 35
904 339 269 35
905 337 269 35
906 335 269 35
907 333 269 35
908 332 269 34
909 331 269 33
910 330 269 33
911 328 268 32
912 327 268 31
913 326 268 30
914 325 270 30
915 324 271 29
916 322 273 29
917 321 274 28
918 322 274 28
919 322 274 28
920 323 274 27
921 323 274 27
922 325 275 27
923 326 275 27
924 328 276 27
925 329 276 27
926 329 276 27
927 329 276 27
928 329 276 27
929 329 276 27
930 329 276 27
931 329 276 27
932 329 276 27
933 329 276 27
934 329 276 27
935 329 276 27
936 329 276 27
937 329 276 27
938 329 276 27
939 329 276 27
940 329 276 27
941 329 276 27
942 329 276 27
943 329 276 27
944 329 276 27
945 329 276 27
946 329 276 27
947 329 276 27
948 329 276 27
949 329 276 27
950 329 276 27
951 329 276 27
952 329 276 27
953 329 276 27
954 329 276 27
955 329 276 27
956 329 276 27
31
927 280 260 26
928 280 260 26
929 280 260 26
930 280 260 26
931 280 260 26
932 280 260 26
933 280 260 26
934 280 260 26
935 280 260 26
936 280 260 26
937 280 260 26
938 280 260 26
939 280 260 26
940 280 260 26
941 280 260 26
942 280 260 26
943 280 260 26
944 280 260 26
945 281 261 26
946 282 261 26
947 283 262 26
948 284 262 26
949 285 263 26
950 286 264 26
951 286 264 26
952 287 265 26
953 288 266 26
954 288 267 26
955 289 267 26
956 289 268 26
956 287 266 26
