7
173
1 670 255 27
2 670 255 27
3 670 255 27
4 670 255 27
5 670 255 27
6 670 255 27
7 670 255 27
8 670 255 27
9 670 255 27
10 670 255 27
11 670 255 27
12 670 255 27
13 651 263 37
14 651 263 37
15 651 263 37
16 651 263 37
17 651 263 37
18 651 263 37
19 651 263 37
20 651 263 37
21 651 263 37
22 651 263 37
23 651 263 37
24 651 263 37
25 651 263 37
26 651 263 37
27 651 263 37
28 651 263 37
29 651 263 37
30 651 263 37
31 651 263 37
32 651 263 37
33 651 263 37
34 651 263 37
35 651 263 37
36 651 263 37
37 651 263 37
38 651 263 37
39 651 263 37
40 651 263 37
41 651 263 37
42 651 263 37
43 651 263 37
44 651 263 37
45 651 263 37
46 651 263 37
47 651 263 37
48 651 263 37
49 651 263 37
50 651 263 37
51 651 263 37
52 651 263 37
53 651 263 37
54 651 263 37
55 651 263 37
56 651 263 37
57 651 263 37
58 651 263 37
59 651 263 37
60 651 263 37
61 651 263 37
62 651 263 37
63 651 263 37
64 651 263 37
65 651 263 37
66 651 263 37
67 651 263 37
68 651 263 37
69 651 263 37
70 651 263 37
71 651 263 37
72 651 263 37
73 651 263 37
74 651 263 37
75 651 263 37
76 645 261 37
77 645 261 38
78 582 269 40
79 577 269 40
80 572 269 40
81 566 268 40
82 560 269 40
83 555 270 40
84 549 271 40
85 543 269 43
86 537 267 45
87 530 266 48
88 523 264 50
89 518 266 50
90 512 268 50
91 504 267 51
92 496 265 52
93 489 264 51
94 481 263 49
95 472 261 44
96 464 261 42
97 456 261 40
98 447 260 40
99 438 260 38
100 431 257 36
101 420 260 33
102 416 263 32
103 410 262 32
104 404 260 32
105 401 260 30
106 394 261 29
107 389 259 29
108 383 261 27
109 380 262 27
110 376 262 26
111 373 261 26
112 369 260 25
113 363 259 24
114 356 258 23
115 354 259 23
116 352 259 23
117 352 258 23
118 352 257 24
119 352 256 24
120 350 255 24
121 348 253 23
122 347 252 22
123 346 251 21
124 345 250 18
125 345 249 18
126 345 249 18
127 346 248 18
128 346 247 18
129 346 247 18
130 346 246 18
131 346 246 18
132 346 246 18
133 346 246 18
134 346 246 18
135 346 246 18
136 346 246 18
137 346 246 18
138 346 246 18
139 346 246 18
140 346 246 18
141 346 246 18
142 346 246 18
143 346 246 18
144 346 246 18
145 346 246 18
146 346 246 18
147 346 246 18
148 347 247 18
149 347 247 18
150 348 244 18
151 349 243 18
152 350 242 18
153 350 241 17
154 351 240 17
155 351 240 17
156 352 239 17
157 352 239 16
158 353 238 16
159 353 237 15
160 354 236 15
161 356 234 15
162 357 233 15
163 357 233 15
164 357 233 15
165 356 232 15
166 356 232 15
167 356 232 15
168 356 231 15
169 356 230 15
170 355 229 15
171 354 228 15
172 354 228 15
173 354 228 15
239
177 340 219 17
178 340 219 17
179 340 219 17
180 340 219 17
181 340 219 17
182 340 219 17
183 340 219 17
184 340 217 17
185 339 214 17
186 339 212 17
187 340 211 17
188 340 209 17
189 340 209 17
190 340 208 17
191 340 208 17
192 340 207 17
193 341 205 17
194 343 203 17
195 344 201 17
196 345 199 17
197 345 198 17
198 345 197 18
199 345 196 18
200 346 196 18
201 346 195 18
202 347 195 18
203 347 194 18
204 347 194 18
205 347 194 18
206 347 194 18
207 347 194 18
208 347 194 18
209 347 194 18
210 347 194 18
211 347 194 18
212 347 194 18
213 347 194 18
214 347 194 18
215 347 194 18
216 347 194 18
217 347 194 18
218 347 194 18
219 347 194 18
220 347 194 18
221 347 194 18
222 347 194 18
223 347 194 18
224 347 194 18
225 347 194 18
226 347 194 18
227 347 194 18
228 347 194 18
229 347 194 18
230 347 194 18
231 347 194 18
232 347 194 18
233 347 194 18
234 347 194 18
235 347 194 18
236 347 194 18
237 347 194 18
238 347 194 18
239 347 194 18
240 347 194 18
241 347 194 18
242 347 194 18
243 347 194 18
244 347 194 18
245 347 194 18
246 347 194 18
247 347 194 18
248 347 194 18
249 347 194 18
250 347 194 18
251 347 194 18
252 347 194 18
253 347 194 18
254 347 194 18
255 347 194 18
256 347 194 18
257 347 194 18
258 347 194 18
259 347 194 18
260 347 194 18
261 347 194 18
262 347 194 18
263 347 194 18
264 347 194 18
265 347 194 18
266 347 194 18
267 347 194 18
268 347 194 18
269 347 194 18
270 347 194 18
271 347 194 18
272 347 194 18
273 347 194 18
274 347 194 18
275 347 194 18
276 347 194 18
277 347 194 18
278 347 194 18
279 347 194 18
280 347 194 18
281 347 194 18
282 347 194 18
283 347 194 18
284 347 194 18
285 347 194 18
286 347 194 18
287 347 194 18
288 347 194 18
289 347 194 18
290 347 194 18
291 347 194 18
292 347 194 18
293 347 194 18
294 347 194 18
295 347 194 18
296 347 194 18
297 347 194 18
298 347 194 18
299 347 194 18
300 347 194 18
301 347 194 18
302 347 194 18
303 347 194 18
304 347 194 18
305 347 194 18
306 347 194 18
307 347 194 18
308 347 194 18
309 347 194 18
310 347 194 18
311 347 194 18
312 347 194 18
313 347 194 18
314 347 194 18
315 347 194 18
316 347 194 18
317 347 194 18
318 347 194 18
319 347 194 18
320 347 194 18
321 347 194 18
322 347 194 18
323 347 194 18
324 347 194 18
325 347 194 18
326 347 194 18
327 347 194 18
328 347 194 18
329 347 194 18
330 347 194 18
331 347 194 18
332 347 194 18
333 347 194 18
334 347 194 18
335 347 194 18
336 347 194 18
337 347 194 18
338 347 194 18
339 347 194 18
340 347 194 18
341 347 194 18
342 347 194 18
343 347 194 18
344 347 194 18
345 347 194 18
346 347 194 18
347 347 194 18
348 347 194 18
349 347 194 18
350 347 194 18
351 347 194 18
352 347 194 18
353 347 194 18
354 347 194 18
355 347 194 18
356 347 194 18
357 347 194 18
358 347 194 18
359 347 194 18
360 347 194 18
361 347 194 18
362 347 194 18
363 347 194 18
364 347 194 18
365 347 194 18
366 347 194 18
367 347 194 18
368 347 194 18
369 347 194 18
370 347 194 18
371 347 194 18
372 347 194 18
373 347 194 18
374 347 194 18
375 347 194 18
376 347 194 18
377 347 194 18
378 347 194 18
379 347 194 18
380 347 194 18
381 347 194 18
382 347 194 18
383 347 194 18
384 347 194 18
385 347 194 18
386 347 194 18
387 347 194 18
388 347 194 18
389 347 194 18
390 347 194 18
391 347 194 18
392 347 194 18
393 347 194 18
394 347 194 18
395 347 194 18
396 347 194 18
397 347 194 18
398 347 194 18
399 347 194 18
400 347 194 18
401 347 194 18
402 347 194 18
403 347 194 18
404 347 194 18
405 347 194 18
406 347 194 18
407 347 194 18
408 347 194 18
409 347 194 18
410 347 194 18
411 347 194 18
412 347 194 18
413 347 194 18
414 347 194 18
415 347 194 18
77
1 668 254 19
2 668 254 19
3 668 254 19
4 668 254 19
5 668 254 19
6 668 254 19
7 668 254 19
8 668 254 19
9 668 254 19
10 668 254 19
11 668 254 19
12 668 254 19
13 668 254 19
14 668 254 19
15 668 254 19
16 668 254 19
17 668 254 19
18 668 254 19
19 668 254 19
20 668 254 19
21 668 254 19
22 668 254 19
23 668 254 19
24 668 254 19
25 668 254 19
26 668 254 19
27 668 254 19
28 668 254 19
29 668 254 19
30 668 254 19
31 668 254 19
32 668 254 19
33 668 254 19
34 668 254 19
35 668 254 19
36 668 254 19
37 668 254 19
38 668 254 19
39 668 254 19
40 668 254 19
41 668 254 19
42 668 254 19
43 668 254 19
44 668 254 19
45 668 254 19
46 668 254 19
47 668 254 19
48 668 254 19
49 668 254 19
50 668 254 19
51 668 254 19
52 668 254 19
53 668 254 19
54 668 254 19
55 668 254 19
56 668 254 19
57 668 254 19
58 668 254 19
59 668 254 19
60 668 254 19
61 668 254 19
62 668 254 19
63 668 254 19
64 668 254 19
65 668 254 19
66 668 254 19
67 668 254 19
68 668 254 19
69 668 254 19
70 668 254 19
71 668 254 19
72 668 254 19
73 668 254 19
74 668 254 19
75 668 254 19
76 668 254 19
77 668 254 19
46
122 658 254 19
123 658 254 19
124 658 254 19
125 658 254 19
126 658 254 19
127 658 254 19
128 658 254 19
129 658 254 19
130 658 254 19
131 658 254 19
132 658 254 19
133 658 254 19
134 658 254 19
135 658 254 19
136 658 254 19
137 658 254 19
138 658 254 19
139 658 254 19
140 658 254 19
141 658 254 19
142 658 254 19
143 658 254 19
144 658 254 19
145 658 254 19
146 658 254 19
147 658 254 19
148 658 254 19
149 658 254 19
150 658 254 19
151 658 254 19
152 658 254 19
153 658 254 19
154 658 254 19
155 658 254 19
156 658 254 19
157 658 254 19
158 658 254 19
159 658 254 19
160 658 254 19
161 658 254 19
162 658 254 19
163 658 254 19
164 658 254 19
165 667 255 18
166 676 255 16
167 676 255 16
236
180 676 255 16
181 675 253 17
182 673 250 18
183 672 248 19
184 672 248 19
185 672 248 19
186 672 248 19
187 672 248 19
188 672 248 19
189 672 248 19
190 672 248 19
191 672 248 19
192 672 248 19
193 672 248 19
194 672 248 19
195 672 248 19
196 672 248 19
197 672 248 19
198 672 248 19
199 672 248 19
200 672 248 19
201 672 248 19
202 672 248 19
203 672 248 19
204 665 244 19
205 662 242 19
206 660 240 20
207 657 237 20
208 655 235 21
209 652 233 21
210 650 230 21
211 647 228 21
212 643 225 21
213 640 223 21
214 637 221 21
215 631 218 21
216 625 223 23
217 620 223 24
218 614 229 25
219 607 228 26
220 602 220 27
221 591 221 27
222 581 223 29
223 569 223 29
224 561 245 34
225 552 248 34
226 538 270 34
227 529 270 34
228 518 262 36
229 512 258 36
230 501 254 36
231 490 249 36
232 477 255 36
233 463 258 36
234 455 268 36
235 445 269 33
236 439 263 33
237 431 262 33
238 423 259 31
239 417 258 31
240 414 265 31
241 414 265 31
242 407 277 30
243 407 277 30
244 405 275 30
245 403 275 30
246 401 275 30
247 401 276 30
248 401 276 30
249 401 276 30
250 401 276 30
251 401 276 30
252 401 276 30
253 401 276 30
254 401 276 30
255 401 276 30
256 401 276 30
257 401 276 30
258 401 276 30
259 401 276 30
260 401 276 30
261 401 276 30
262 401 280 30
263 402 273 31
264 403 265 32
265 403 265 32
266 402 266 32
267 402 266 32
268 403 268 32
269 404 269 32
270 404 269 32
271 404 269 32
272 404 269 32
273 404 269 32
274 404 269 32
275 404 269 32
276 404 269 32
277 404 269 32
278 404 269 32
279 404 269 32
280 404 269 32
281 404 269 32
282 404 269 32
283 404 269 32
284 404 269 32
285 404 269 32
286 404 269 32
287 404 269 32
288 404 269 32
289 404 269 32
290 404 269 32
291 404 269 32
292 404 269 32
293 404 269 32
294 404 269 32
295 404 269 32
296 404 269 32
297 404 269 32
298 404 269 32
299 404 269 32
300 404 269 32
301 404 269 32
302 404 269 32
303 404 269 32
304 404 269 32
305 404 269 32
306 404 269 32
307 404 269 32
308 404 269 32
309 404 269 32
310 404 269 32
311 404 269 32
312 404 269 32
313 404 269 32
314 404 269 32
315 404 269 32
316 404 269 32
317 404 269 32
318 404 269 32
319 404 269 32
320 404 269 32
321 404 269 32
322 404 269 32
323 404 269 32
324 404 269 32
325 391 270 32
326 391 270 32
327 391 270 32
328 391 270 32
329 391 270 32
330 390 266 35
331 390 266 35
332 390 266 35
333 390 266 35
334 390 266 35
335 390 266 35
336 390 266 35
337 390 266 35
338 390 266 35
339 387 266 38
340 387 266 38
341 385 265 40
342 385 265 40
343 381 267 42
344 379 266 42
345 378 266 42
346 376 265 42
347 373 264 45
348 373 264 45
349 373 264 45
350 373 264 45
351 373 264 45
352 373 264 45
353 373 264 45
354 373 264 45
355 373 264 45
356 370 266 48
357 370 266 48
358 369 265 49
359 368 264 51
360 367 263 52
361 367 263 52
362 367 263 52
363 367 263 52
364 364 262 54
365 364 262 54
366 364 262 54
367 364 262 54
368 358 276 55
369 358 276 55
370 358 276 55
371 358 276 55
372 358 276 55
373 358 276 55
374 358 276 55
375 358 276 55
376 358 276 55
377 358 276 55
378 358 276 55
379 358 276 55
380 358 276 55
381 358 276 55
382 358 276 55
383 358 276 55
384 358 276 55
385 358 276 55
386 358 276 55
387 358 276 55
388 358 276 55
389 358 276 55
390 356 283 57
391 356 283 57
392 356 283 57
393 356 283 57
394 356 283 57
395 356 283 57
396 356 283 57
397 356 283 57
398 356 283 57
399 356 283 57
400 356 283 57
401 356 283 57
402 356 283 57
403 356 283 57
404 356 283 57
405 356 283 57
406 356 283 57
407 356 283 57
408 356 283 57
409 356 283 57
410 356 283 57
411 356 283 57
412 356 283 57
413 356 283 57
414 356 283 57
415 356 283 57
16
309 359 173 15
310 360 172 15
311 360 171 15
312 361 171 15
313 361 170 15
314 362 169 15
315 362 168 15
316 362 170 15
317 363 171 15
318 363 173 15
319 364 174 15
320 364 176 15
321 365 177 15
322 365 179 15
323 365 179 15
324 368 232 15
77
1 577 269 38
2 577 269 38
3 577 269 38
4 577 269 38
5 577 269 38
6 577 269 38
7 577 269 38
8 577 269 38
9 577 269 38
10 577 269 38
11 577 269 38
12 577 269 38
13 577 269 38
14 577 269 38
15 577 269 38
16 577 269 38
17 577 269 38
18 577 269 38
19 577 269 38
20 577 269 38
21 577 269 38
22 577 269 38
23 577 269 38
24 577 269 38
25 577 269 38
26 577 269 38
27 577 269 38
28 577 269 38
29 577 269 38
30 577 269 38
31 577 269 38
32 577 269 38
33 577 269 38
34 577 269 38
35 577 269 38
36 577 269 38
37 577 269 38
38 577 269 38
39 577 269 38
40 577 269 38
41 577 269 38
42 577 269 38
43 577 269 38
44 577 269 38
45 577 269 38
46 577 269 38
47 577 269 38
48 577 269 38
49 577 269 38
50 577 269 38
51 577 269 38
52 577 269 38
53 577 269 38
54 577 269 38
55 577 269 38
56 577 269 38
57 577 269 38
58 577 269 38
59 577 269 38
60 577 269 38
61 577 269 38
62 577 269 38
63 577 269 38
64 577 269 38
65 577 269 38
66 577 269 38
67 577 269 38
68 577 269 38
69 577 269 38
70 577 269 38
71 577 269 38
72 577 269 38
73 577 269 38
74 577 269 38
75 577 269 38
76 582 264 38
77 587 258 38
