4
569
15 936 294 31
16 935 294 31
17 934 294 32
18 933 294 32
19 932 294 32
20 932 294 32
21 932 294 32
22 932 294 32
23 932 294 32
24 932 294 32
25 932 294 32
26 932 294 32
27 932 294 32
28 932 294 32
29 932 294 32
30 932 294 32
31 932 294 32
32 932 294 32
33 932 294 32
34 932 294 32
35 932 294 32
36 932 294 32
37 932 294 32
38 932 294 32
39 932 294 32
40 932 294 32
41 932 294 32
42 932 294 32
43 932 294 32
44 932 294 32
45 932 294 32
46 932 294 32
47 932 294 32
48 932 294 32
49 932 294 32
50 932 294 32
51 932 294 32
52 932 294 32
53 932 294 32
54 932 294 32
55 932 294 32
56 932 294 32
57 932 294 32
58 932 294 32
59 932 294 32
60 932 294 32
61 932 294 32
62 932 294 32
63 932 294 32
64 932 294 32
65 932 294 32
66 932 294 32
67 932 294 32
68 932 294 32
69 932 294 32
70 932 294 32
71 932 294 32
72 932 294 32
73 932 294 32
74 932 294 32
75 932 294 32
76 932 294 32
77 932 294 32
78 932 294 32
79 932 294 32
80 932 294 32
81 932 294 32
82 932 294 32
83 932 294 32
84 932 294 32
85 932 294 32
86 932 294 32
87 932 294 32
88 932 294 32
89 932 294 32
90 932 294 32
91 932 294 32
92 932 294 32
93 932 294 32
94 932 294 32
95 932 294 32
96 932 294 32
97 932 294 32
98 932 294 32
99 932 294 32
100 932 294 32
101 932 294 32
102 932 294 32
103 932 294 32
104 932 294 32
105 932 294 32
106 932 294 32
107 932 294 32
108 932 294 32
109 932 294 32
110 932 294 32
111 932 294 32
112 932 294 32
113 932 294 32
114 932 294 32
115 932 294 32
116 932 294 32
117 829 306 80
118 840 305 79
119 851 303 78
120 862 302 77
121 873 300 76
122 883 299 75
123 932 294 32
124 900 294 69
125 905 293 68
126 911 293 68
127 916 292 67
128 917 292 66
129 918 292 64
130 919 291 63
131 920 291 61
132 921 291 60
133 922 290 59
134 922 290 58
135 923 289 57
136 923 289 56
137 923 288 55
138 924 288 53
139 924 287 52
140 924 287 51
141 926 286 51
142 927 286 50
143 929 285 50
144 930 284 49
145 931 284 49
146 932 284 48
147 933 284 48
148 933 283 47
149 934 283 47
150 935 283 46
151 936 283 46
152 936 283 46
153 936 283 46
154 936 283 46
155 936 283 46
156 936 283 46
157 936 283 46
158 936 283 46
159 936 283 46
160 936 283 46
161 936 283 46
162 936 283 46
163 936 283 46
164 936 283 46
165 936 283 46
166 936 283 46
167 936 283 46
168 936 283 46
169 936 283 46
170 936 283 46
171 936 283 46
172 936 283 46
173 936 283 46
174 936 283 46
175 936 283 46
176 936 283 46
177 936 283 46
178 936 283 46
179 936 283 46
180 936 283 46
181 936 283 46
182 936 283 46
183 936 283 46
184 936 283 46
185 936 283 46
186 936 283 46
187 936 283 46
188 936 283 46
189 936 283 46
190 936 283 46
191 936 283 46
192 936 283 46
193 936 283 46
194 936 283 46
195 936 283 46
196 936 283 46
197 936 283 46
198 936 283 46
199 936 283 46
200 936 283 46
201 936 283 46
202 936 283 46
203 936 283 46
204 936 283 46
205 936 283 46
206 936 283 46
207 936 283 46
208 936 283 46
209 936 283 46
210 936 283 46
211 936 283 46
212 936 283 46
213 936 283 46
214 936 283 46
215 936 283 46
216 936 283 46
217 936 283 46
218 936 283 46
219 936 283 46
220 936 283 46
221 936 283 46
222 936 283 46
223 936 283 46
224 936 283 46
225 936 283 46
226 936 283 46
227 936 283 46
228 936 283 46
229 936 283 46
230 936 283 46
231 936 283 46
232 936 283 46
233 936 283 46
234 936 283 46
235 936 283 46
236 936 283 46
237 936 283 46
238 936 283 46
239 936 283 46
240 936 283 46
241 936 283 46
242 936 283 46
243 936 283 46
244 936 283 46
245 936 283 46
246 936 283 46
247 936 283 46
248 936 283 46
249 936 283 46
250 936 283 46
251 936 283 46
252 936 283 46
253 936 283 46
254 936 283 46
255 936 283 46
256 936 283 46
257 936 283 46
258 936 283 46
259 936 283 46
260 936 283 46
261 936 283 46
262 936 283 46
263 936 283 46
264 936 283 46
265 936 283 46
266 936 283 46
267 936 283 46
268 936 283 46
269 936 283 46
270 936 283 46
271 936 283 46
272 936 283 46
273 936 283 46
274 936 283 46
275 936 283 46
276 936 283 46
277 936 283 46
278 936 283 46
279 936 283 46
280 937 284 47
281 937 286 48
282 938 287 49
283 938 289 51
284 939 290 52
285 939 292 53
286 940 293 54
287 941 294 54
288 941 295 54
289 942 296 54
290 942 296 54
291 943 297 54
292 943 298 54
293 944 299 54
294 947 299 54
295 949 298 54
296 952 298 54
297 955 298 54
298 958 298 54
299 960 297 54
300 963 297 54
301 972 297 54
302 980 297 54
303 1017 314 34
304 818 316 34
305 619 318 34
306 421 321 34
307 222 323 34
308 23 325 34
309 25 326 35
310 28 327 36
311 30 328 37
312 33 329 38
313 35 330 39
314 36 329 39
315 36 328 39
316 37 327 39
317 37 326 39
318 38 325 39
319 39 326 39
320 40 327 39
321 40 327 39
322 41 328 39
323 42 329 39
324 43 329 39
325 44 329 39
326 45 329 39
327 46 328 39
328 47 328 39
329 48 328 39
330 49 328 39
331 50 329 39
332 51 330 39
333 52 330 39
334 53 331 39
335 54 332 39
336 55 333 39
337 56 334 39
338 57 335 39
339 58 335 39
340 59 336 39
341 60 337 39
342 61 337 39
343 62 337 39
344 63 337 39
345 64 337 39
346 65 337 39
347 66 337 39
348 68 336 39
349 70 336 39
350 72 335 39
351 74 335 39
352 77 334 39
353 79 334 39
354 81 333 39
355 83 333 39
356 85 332 39
357 86 332 39
358 86 332 39
359 87 331 39
360 87 331 39
361 88 331 39
362 87 331 39
363 86 332 39
364 85 332 39
365 84 332 39
366 83 332 39
367 82 333 39
368 81 333 39
369 79 333 39
370 76 333 39
371 74 333 39
372 71 333 39
373 71 333 39
374 71 333 39
375 71 333 39
376 71 333 39
377 71 333 39
378 71 333 39
379 71 333 39
380 71 333 39
381 71 333 39
382 71 333 39
383 71 333 39
384 71 333 39
385 71 333 39
386 71 333 39
387 73 333 39
388 75 334 39
389 76 334 39
390 78 335 39
391 80 335 39
392 80 335 39
393 80 335 39
394 80 335 39
395 80 335 39
396 80 335 39
397 80 335 39
398 80 335 39
399 80 335 39
400 80 335 39
401 80 335 39
402 80 335 39
403 80 335 39
404 80 335 39
405 80 335 39
406 80 335 39
407 80 335 39
408 80 335 39
409 80 335 39
410 80 335 39
411 80 335 39
412 80 335 39
413 80 335 39
414 80 335 39
415 80 335 39
416 80 335 39
417 80 335 39
418 80 335 39
419 80 335 39
420 80 335 39
421 80 335 39
422 80 335 39
423 80 335 39
424 80 335 39
425 80 335 39
426 80 335 39
427 80 335 39
428 80 335 39
429 80 335 39
430 80 335 39
431 80 335 39
432 80 335 39
433 80 335 39
434 80 335 39
435 80 335 39
436 80 335 39
437 80 335 39
438 80 335 39
439 80 335 39
440 80 335 39
441 80 335 39
442 80 335 39
443 80 335 39
444 80 335 39
445 80 335 39
446 80 335 39
447 80 335 39
448 80 335 39
449 80 335 39
450 80 335 39
451 80 335 39
452 80 335 39
453 80 335 39
454 80 335 39
455 80 335 39
456 80 335 39
457 80 335 39
458 80 335 39
459 80 335 39
460 80 335 39
461 80 335 39
462 80 335 39
463 80 335 39
464 80 335 39
465 80 335 39
466 80 335 39
467 80 335 39
468 80 335 39
469 80 335 39
470 80 335 39
471 80 335 39
472 80 335 39
473 80 335 39
474 80 335 39
475 80 335 39
476 80 335 39
477 80 335 39
478 80 335 39
479 80 335 39
480 80 335 39
481 80 335 39
482 80 335 39
483 80 335 39
484 80 335 39
485 80 335 39
486 80 335 39
487 80 335 39
488 80 335 39
489 80 335 39
490 80 335 39
491 80 335 39
492 80 335 39
493 80 335 39
494 80 335 39
495 80 335 39
496 80 335 39
497 80 335 39
498 80 335 39
499 80 335 39
500 80 335 39
501 80 335 39
502 80 335 39
503 80 335 39
504 80 335 39
505 80 335 39
506 80 335 39
507 80 335 39
508 80 335 39
509 80 335 39
510 80 335 39
511 80 335 39
512 80 335 39
513 80 335 39
514 80 335 39
515 80 335 39
516 80 335 39
517 80 335 39
518 80 335 39
519 80 335 39
520 80 335 39
521 80 335 39
522 80 335 39
523 80 335 39
524 80 335 39
525 80 335 39
526 80 335 39
527 80 335 39
528 80 335 39
529 80 335 39
530 80 335 39
531 80 335 39
532 80 335 39
533 80 335 39
534 80 335 39
535 80 335 39
536 80 335 39
537 80 335 39
538 80 335 39
539 80 335 39
540 80 335 39
541 80 335 39
542 80 335 39
543 80 335 39
544 80 335 39
545 80 335 39
546 80 335 39
547 80 335 39
548 80 335 39
549 80 335 39
550 80 335 39
551 80 335 39
552 80 335 39
553 80 335 39
554 80 335 39
555 80 335 39
556 80 335 39
557 80 335 39
558 80 335 39
559 80 335 39
560 80 335 39
561 80 335 39
562 80 335 39
563 80 335 39
564 80 335 39
565 80 335 39
566 80 335 39
567 80 335 39
568 80 335 39
569 80 335 39
570 80 335 39
571 80 335 39
572 80 335 39
573 80 335 39
574 80 335 39
575 80 335 39
576 80 335 39
577 80 335 39
578 80 335 39
579 80 335 39
580 80 335 39
581 80 335 39
582 80 335 39
583 80 335 39
583
1 134 275 30
2 135 275 30
3 135 275 30
4 135 275 30
5 135 275 30
6 135 275 30
7 136 275 30
8 136 274 30
9 136 274 30
10 136 274 30
11 137 274 30
12 137 274 30
13 137 274 30
14 137 274 30
15 137 274 30
16 138 274 30
17 138 274 30
18 138 274 30
19 138 274 30
20 138 275 30
21 139 275 30
22 139 275 30
23 139 275 30
24 139 275 30
25 139 275 30
26 139 275 30
27 140 275 30
28 140 275 30
29 140 275 30
30 140 275 30
31 140 275 30
32 141 275 30
33 141 275 30
34 141 276 30
35 141 276 29
36 141 276 29
37 142 276 29
38 142 276 29
39 142 276 29
40 142 276 29
41 142 276 29
42 143 276 29
43 143 276 29
44 143 276 29
45 143 276 29
46 143 276 29
47 143 276 29
48 144 277 29
49 144 277 29
50 144 277 29
51 144 277 29
52 144 277 29
53 145 277 29
54 145 277 29
55 145 277 29
56 145 277 29
57 145 277 29
58 146 277 29
59 146 277 29
60 146 277 29
61 146 277 29
62 146 277 29
63 147 277 29
64 147 277 29
65 147 277 29
66 147 277 29
67 148 277 29
68 148 277 29
69 148 277 29
70 148 277 29
71 148 277 29
72 149 277 29
73 149 277 29
74 149 277 29
75 149 276 28
76 149 276 28
77 150 276 28
78 150 276 28
79 150 276 28
80 150 276 28
81 150 276 28
82 151 276 28
83 151 276 28
84 151 276 28
85 151 276 28
86 152 276 28
87 152 276 28
88 152 276 28
89 152 276 28
90 152 276 28
91 153 276 28
92 153 276 28
93 153 276 28
94 153 276 28
95 153 276 28
96 153 276 28
97 153 276 28
98 153 276 28
99 153 276 28
100 153 276 28
101 154 275 28
102 154 275 28
103 154 275 28
104 154 275 28
105 154 275 28
106 154 275 28
107 154 275 28
108 154 275 28
109 154 275 28
110 154 275 28
111 154 275 28
112 154 275 28
113 154 275 28
114 154 275 28
115 155 275 28
116 155 274 28
117 155 274 28
118 155 274 28
119 155 274 28
120 155 274 28
121 155 274 28
122 155 274 28
123 155 274 28
124 155 274 28
125 155 274 28
126 155 274 28
127 155 274 28
128 155 274 28
129 155 274 28
130 156 273 28
131 156 273 28
132 156 273 28
133 156 273 28
134 156 273 28
135 156 273 28
136 156 273 28
137 156 273 28
138 156 273 28
139 156 273 28
140 156 273 28
141 156 273 28
142 156 273 28
143 156 273 28
144 156 273 28
145 156 273 28
146 156 273 28
147 156 273 28
148 156 273 28
149 156 273 28
150 156 273 28
151 156 273 28
152 156 273 28
153 156 273 28
154 156 273 28
155 156 273 28
156 156 273 28
157 156 273 28
158 156 273 28
159 156 273 28
160 156 273 28
161 156 273 28
162 156 273 28
163 156 273 28
164 156 273 28
165 156 273 28
166 156 273 28
167 156 273 28
168 156 273 28
169 156 273 28
170 156 273 28
171 156 273 28
172 156 273 28
173 156 273 28
174 156 273 28
175 156 273 28
176 156 273 28
177 156 273 28
178 156 273 28
179 156 273 28
180 156 273 28
181 156 273 28
182 156 273 28
183 156 273 28
184 156 273 28
185 156 273 28
186 156 273 28
187 156 273 28
188 156 273 28
189 156 273 28
190 156 273 28
191 156 273 28
192 156 273 28
193 156 273 28
194 156 273 28
195 156 273 28
196 156 273 28
197 156 273 28
198 156 273 28
199 156 273 28
200 156 273 28
201 156 273 28
202 156 273 28
203 156 273 28
204 156 273 28
205 156 273 28
206 156 273 28
207 156 273 28
208 156 273 28
209 156 273 28
210 156 273 28
211 156 273 28
212 156 273 28
213 156 273 28
214 156 273 28
215 156 273 28
216 156 273 28
217 156 273 28
218 156 273 28
219 156 273 28
220 156 273 28
221 156 273 28
222 156 273 28
223 156 273 28
224 156 273 28
225 156 273 28
226 156 273 28
227 156 273 28
228 156 273 28
229 156 273 28
230 156 273 28
231 156 273 28
232 156 273 28
233 156 273 28
234 156 273 28
235 156 273 28
236 156 273 28
237 156 273 28
238 156 273 28
239 156 273 28
240 156 273 28
241 156 273 28
242 156 273 28
243 156 273 28
244 156 273 28
245 156 273 28
246 156 273 28
247 156 273 28
248 156 273 28
249 156 273 28
250 156 273 28
251 156 273 28
252 156 273 28
253 156 273 28
254 156 273 28
255 156 273 28
256 156 273 28
257 156 273 28
258 156 273 28
259 156 273 28
260 156 273 28
261 156 273 28
262 156 273 28
263 156 273 28
264 156 273 28
265 156 273 28
266 156 273 28
267 156 273 28
268 156 273 28
269 156 273 28
270 156 273 28
271 156 273 28
272 156 273 28
273 156 273 28
274 156 273 28
275 156 273 28
276 156 273 28
277 156 273 28
278 156 273 28
279 156 273 28
280 156 273 28
281 156 273 28
282 156 273 28
283 156 273 28
284 156 273 28
285 156 273 28
286 156 273 28
287 156 273 28
288 156 273 28
289 156 273 28
290 156 273 28
291 156 273 28
292 156 273 28
293 156 273 28
294 156 273 28
295 156 273 28
296 156 273 28
297 156 273 28
298 156 273 28
299 156 273 28
300 156 273 28
301 156 273 28
302 156 273 28
303 156 273 28
304 156 273 28
305 156 273 28
306 156 273 28
307 156 273 28
308 156 273 28
309 156 273 28
310 156 273 28
311 156 273 28
312 156 273 28
313 156 273 28
314 156 273 28
315 156 273 28
316 156 273 28
317 156 273 28
318 156 273 28
319 156 273 28
320 156 273 28
321 156 273 28
322 156 273 28
323 156 273 28
324 156 273 28
325 156 273 28
326 156 273 28
327 156 273 28
328 156 273 28
329 156 273 28
330 156 273 28
331 156 273 28
332 156 273 28
333 156 273 28
334 156 273 28
335 156 273 28
336 156 273 28
337 156 273 28
338 156 273 28
339 156 273 28
340 156 273 28
341 156 273 28
342 156 273 28
343 156 273 28
344 156 273 28
345 156 273 28
346 156 273 28
347 156 273 28
348 156 273 28
349 156 273 28
350 156 273 28
351 156 273 28
352 156 273 28
353 156 273 28
354 156 273 28
355 156 273 28
356 156 273 28
357 156 273 28
358 156 273 28
359 156 273 28
360 156 273 28
361 156 273 28
362 156 273 28
363 156 273 28
364 156 273 28
365 156 273 28
366 156 273 28
367 156 273 28
368 156 273 28
369 156 273 28
370 156 273 28
371 156 273 28
372 156 273 28
373 156 273 28
374 156 273 28
375 156 273 28
376 156 273 28
377 156 273 28
378 156 273 28
379 156 273 28
380 156 273 28
381 156 273 28
382 156 273 28
383 156 273 28
384 156 273 28
385 156 273 28
386 156 273 28
387 156 273 28
388 156 273 28
389 156 273 28
390 156 273 28
391 156 273 28
392 156 273 28
393 156 273 28
394 156 273 28
395 156 273 28
396 156 273 28
397 156 273 28
398 156 273 28
399 156 273 28
400 156 273 28
401 156 273 28
402 156 273 28
403 156 273 28
404 156 273 28
405 156 273 28
406 156 273 28
407 156 273 28
408 156 273 28
409 156 273 28
410 156 273 28
411 156 273 28
412 156 273 28
413 156 273 28
414 156 273 28
415 156 273 28
416 156 273 28
417 156 273 28
418 156 273 28
419 156 273 28
420 156 273 28
421 156 273 28
422 156 273 28
423 156 273 28
424 156 273 28
425 156 273 28
426 156 273 28
427 156 273 28
428 156 273 28
429 156 273 28
430 156 273 28
431 156 273 28
432 156 273 28
433 156 273 28
434 156 273 28
435 156 273 28
436 156 273 28
437 156 273 28
438 156 273 28
439 156 273 28
440 156 273 28
441 156 273 28
442 156 273 28
443 156 273 28
444 156 273 28
445 156 273 28
446 156 273 28
447 156 273 28
448 156 273 28
449 156 273 28
450 156 273 28
451 156 273 28
452 156 273 28
453 156 273 28
454 156 273 28
455 156 273 28
456 156 273 28
457 156 273 28
458 156 273 28
459 156 273 28
460 156 273 28
461 156 273 28
462 156 273 28
463 156 273 28
464 156 273 28
465 156 273 28
466 156 273 28
467 156 273 28
468 156 273 28
469 156 273 28
470 156 273 28
471 156 273 28
472 156 273 28
473 156 273 28
474 156 273 28
475 156 273 28
476 156 273 28
477 156 273 28
478 156 273 28
479 156 273 28
480 156 273 28
481 156 273 28
482 156 273 28
483 156 273 28
484 156 273 28
485 156 273 28
486 156 273 28
487 156 273 28
488 156 273 28
489 156 273 28
490 156 273 28
491 156 273 28
492 156 273 28
493 156 273 28
494 156 273 28
495 156 273 28
496 156 273 28
497 156 273 28
498 156 273 28
499 156 273 28
500 156 273 28
501 156 273 28
502 156 273 28
503 156 273 28
504 156 273 28
505 156 273 28
506 156 273 28
507 156 273 28
508 156 273 28
509 156 273 28
510 156 273 28
511 156 273 28
512 156 273 28
513 156 273 28
514 156 273 28
515 156 273 28
516 156 273 28
517 156 273 28
518 156 273 28
519 154 274 28
520 153 274 28
521 151 275 27
522 149 275 27
523 147 276 27
524 146 276 27
525 144 277 26
526 142 277 26
527 141 277 26
528 139 277 26
529 138 277 26
530 136 278 26
531 135 278 26
532 133 278 26
533 132 278 26
534 129 279 27
535 127 281 27
536 124 282 28
537 121 283 28
538 119 284 29
539 117 284 29
540 114 285 30
541 112 285 30
542 110 286 31
543 106 286 31
544 101 287 32
545 97 287 32
546 92 287 32
547 89 288 32
548 85 288 32
549 82 289 32
550 78 289 32
551 72 290 33
552 65 291 34
553 59 293 35
554 52 294 36
555 46 295 37
556 41 296 38
557 36 297 38
558 30 297 39
559 25 298 39
560 189 298 39
561 354 297 39
562 518 297 39
563 682 296 39
564 847 296 39
565 1011 295 39
566 1007 294 39
567 1002 294 39
568 998 293 39
569 993 293 39
570 989 292 39
571 949 286 43
572 948 285 42
573 946 285 41
574 945 284 41
575 943 284 40
576 942 283 39
577 940 283 39
578 939 283 38
579 937 283 38
580 936 283 37
581 934 283 37
582 934 283 37
583 934 283 37
118
1 983 305 60
2 978 306 61
3 973 307 61
4 965 307 64
5 958 307 66
6 950 307 69
7 943 307 71
8 935 307 74
9 919 308 76
10 904 308 78
11 888 309 80
12 873 309 82
13 857 310 84
14 834 310 88
15 810 310 93
16 787 310 97
17 763 310 101
18 744 316 96
19 724 321 92
20 705 327 87
21 685 332 82
22 678 331 82
23 672 331 81
24 665 330 81
25 658 329 80
26 646 328 77
27 633 327 74
28 621 326 71
29 608 325 68
30 601 322 66
31 594 319 64
32 588 316 63
33 581 313 61
34 574 310 59
35 569 310 58
36 564 310 57
37 560 310 55
38 555 310 54
39 550 310 53
40 547 310 52
41 545 310 51
42 542 309 49
43 539 309 48
44 537 309 48
45 535 309 47
46 532 309 47
47 530 309 46
48 529 309 46
49 528 308 46
50 527 308 46
51 526 308 46
52 525 307 46
53 524 307 46
54 523 306 46
55 522 306 46
56 522 306 46
57 521 306 46
58 521 306 46
59 520 306 46
60 520 306 46
61 519 306 46
62 519 306 46
63 519 306 46
64 519 306 46
65 519 306 46
66 519 306 46
67 519 306 46
68 519 306 46
69 519 306 46
70 519 306 46
71 519 306 46
72 519 306 46
73 519 306 46
74 519 306 46
75 519 306 46
76 519 306 46
77 519 306 46
78 519 306 46
79 519 306 46
80 519 306 46
81 521 307 47
82 523 308 48
83 525 310 48
84 527 311 49
85 529 312 50
86 531 313 51
87 533 314 52
88 535 316 52
89 537 317 53
90 539 318 54
91 543 319 56
92 548 320 58
93 552 322 59
94 557 323 61
95 561 324 63
96 568 324 64
97 574 324 64
98 581 324 65
99 587 325 66
100 594 325 67
101 600 325 67
102 607 325 68
103 618 325 71
104 629 325 74
105 639 325 76
106 650 325 79
107 671 326 80
108 692 326 80
109 712 327 81
110 733 327 81
111 744 326 81
112 756 324 81
113 767 323 82
114 779 321 82
115 790 320 82
116 798 317 82
117 806 313 82
116 815 313 77
268
303 958 290 55
304 957 291 55
305 956 292 55
306 956 293 54
307 955 294 54
308 954 295 54
309 953 295 54
310 952 296 54
311 952 297 53
312 951 298 53
313 950 299 53
314 950 299 53
315 949 299 53
316 949 299 53
317 948 299 53
318 948 299 53
319 947 299 53
320 947 299 53
321 947 299 53
322 947 299 53
323 947 299 53
324 947 299 53
325 947 299 53
326 947 299 53
327 947 299 53
328 947 299 53
329 947 299 53
330 948 296 52
331 949 294 51
332 951 291 50
333 952 289 49
334 953 286 48
335 953 286 48
336 952 285 48
337 952 285 48
338 952 284 48
339 951 284 48
340 951 283 48
341 951 283 47
342 950 283 47
343 950 283 46
344 949 283 46
345 949 282 45
346 948 282 44
347 948 282 44
348 947 282 43
349 946 282 43
350 945 282 43
351 944 282 43
352 943 281 43
353 942 281 43
354 941 281 43
355 940 281 43
356 939 280 43
357 938 279 43
358 936 279 43
359 935 278 43
360 934 277 43
361 934 277 43
362 934 277 43
363 934 277 43
364 934 277 43
365 934 277 43
366 934 277 43
367 934 277 43
368 934 277 43
369 934 277 43
370 934 277 43
371 934 277 43
372 934 277 43
373 934 277 43
374 934 277 43
375 934 277 43
376 934 277 43
377 934 277 43
378 934 277 43
379 934 277 43
380 934 277 43
381 934 277 43
382 934 277 43
383 934 277 43
384 934 277 43
385 934 277 43
386 934 277 43
387 934 277 43
388 934 277 43
389 934 277 43
390 934 277 43
391 934 277 43
392 934 277 43
393 934 277 43
394 934 277 43
395 934 277 43
396 934 277 43
397 934 277 43
398 934 277 43
399 934 277 43
400 934 277 43
401 934 277 43
402 934 277 43
403 934 277 43
404 934 277 43
405 934 277 43
406 934 277 43
407 934 277 43
408 934 277 43
409 934 277 43
410 934 277 43
411 934 277 43
412 934 277 43
413 934 277 43
414 934 277 43
415 934 277 43
416 934 277 43
417 934 277 43
418 934 277 43
419 934 277 43
420 935 277 43
421 936 277 43
422 938 277 43
423 939 277 43
424 940 277 43
425 941 277 43
426 943 277 43
427 944 277 43
428 945 277 43
429 947 277 43
430 949 277 43
431 951 278 43
432 952 278 43
433 954 278 43
434 956 278 43
435 957 278 43
436 957 279 43
437 958 279 43
438 959 280 43
439 959 280 43
440 960 280 43
441 960 281 43
442 961 281 43
443 962 281 43
444 962 280 43
445 963 280 43
446 964 280 43
447 964 279 43
448 965 279 43
449 965 279 43
450 965 279 43
451 965 279 43
452 965 279 43
453 965 279 43
454 965 279 43
455 965 279 43
456 965 279 43
457 965 279 43
458 965 279 43
459 965 279 43
460 965 279 43
461 963 279 43
462 961 280 43
463 959 280 43
464 957 280 43
465 955 280 43
466 954 280 43
467 952 280 43
468 950 279 43
469 949 279 43
470 947 279 43
471 945 279 43
472 943 279 42
473 941 280 42
474 939 280 42
475 937 280 41
476 935 280 41
477 934 280 41
478 932 281 41
479 931 281 41
480 930 281 41
481 928 282 41
482 927 282 41
483 927 282 41
484 927 282 41
485 927 282 41
486 927 282 41
487 927 282 41
488 927 282 41
489 927 282 41
490 927 283 41
491 927 283 41
492 927 283 41
493 927 283 41
494 927 283 41
495 927 283 41
496 927 283 41
497 926 283 41
498 926 283 41
499 926 283 41
500 926 283 41
501 926 283 41
502 926 283 41
503 926 283 41
504 926 284 41
505 926 284 41
506 926 284 41
507 926 284 41
508 926 284 41
509 926 284 41
510 926 284 41
511 926 284 41
512 926 284 41
513 926 284 41
514 926 284 41
515 926 284 41
516 926 284 41
517 926 284 41
518 926 284 41
519 926 285 41
520 926 285 41
521 926 285 41
522 926 285 41
523 926 285 41
524 926 285 41
525 926 285 41
526 926 285 41
527 925 285 41
528 925 285 41
529 925 285 41
530 925 285 41
531 925 285 41
532 925 285 41
533 925 285 41
534 925 286 41
535 925 286 41
536 925 286 41
537 925 286 41
538 925 286 41
539 925 286 41
540 925 286 41
541 925 286 41
542 925 286 41
543 925 286 41
544 925 286 41
545 925 286 41
546 925 286 41
547 925 286 41
548 925 287 41
549 925 287 41
550 925 287 41
551 925 287 41
552 925 287 41
553 925 287 41
554 925 287 41
555 925 287 41
556 924 287 41
557 924 287 41
558 924 287 41
559 924 287 41
560 924 287 41
561 924 287 41
562 924 287 41
563 924 288 41
564 924 288 41
565 924 288 41
566 924 288 41
567 924 288 41
568 924 288 41
569 924 288 41
570 924 288 41
