4
447
1 551 297 35
2 547 297 35
3 543 296 35
4 542 297 35
5 541 299 34
6 540 300 34
7 540 298 34
8 540 297 35
9 540 295 35
10 539 295 35
11 538 295 35
12 537 295 35
13 536 295 35
14 535 295 36
15 534 295 36
16 533 295 36
17 532 295 36
18 531 295 36
19 530 295 36
20 529 296 36
21 527 296 36
22 526 297 36
23 524 297 36
24 523 298 36
25 522 298 36
26 521 298 36
27 520 298 36
28 519 298 36
29 518 298 36
30 517 298 36
31 516 298 36
32 515 298 36
33 514 298 36
34 512 297 36
35 511 297 37
36 509 296 37
37 508 296 37
38 506 295 37
39 505 295 37
40 504 295 37
41 502 295 37
42 501 295 37
43 500 295 37
44 496 295 37
45 493 295 37
46 489 294 37
47 485 294 37
48 482 294 37
49 479 294 37
50 476 294 37
51 473 295 38
52 470 295 38
53 467 295 38
54 464 295 38
55 461 294 38
56 457 293 37
57 454 292 37
58 450 291 36
59 447 290 36
60 443 290 36
61 439 290 35
62 436 290 35
63 432 289 35
64 428 289 34
65 424 289 34
66 422 289 34
67 419 289 33
68 417 289 33
69 415 288 32
70 413 288 32
71 410 288 31
72 408 288 31
73 407 288 31
74 406 288 31
75 405 287 30
76 404 287 30
77 403 287 30
78 402 287 30
79 401 287 30
80 400 287 30
81 399 286 29
82 398 286 29
83 397 286 29
84 397 286 29
85 396 286 29
86 396 285 29
87 395 285 28
88 395 285 28
89 394 285 28
90 394 285 28
91 393 284 28
92 393 284 28
93 392 284 28
94 392 284 27
95 391 283 27
96 391 283 27
97 390 283 27
98 391 284 27
99 392 285 28
100 392 285 28
101 393 286 28
102 394 286 28
103 395 286 29
104 396 285 29
105 397 285 29
106 398 285 29
107 399 285 29
108 400 285 29
109 401 285 29
110 402 285 29
111 403 285 29
112 403 286 29
113 404 286 29
114 405 287 29
115 405 287 29
116 406 287 29
117 407 288 29
118 408 288 29
119 408 288 29
120 409 289 29
121 410 289 29
122 410 290 29
123 411 290 29
124 412 290 29
125 413 290 29
126 413 290 30
127 414 290 30
128 415 291 30
129 416 291 30
130 416 291 31
131 417 291 31
132 418 291 31
133 419 291 31
134 419 291 31
135 420 291 31
136 421 292 31
137 421 292 31
138 422 292 31
139 423 292 31
140 424 292 32
141 424 292 32
142 425 292 32
143 426 292 32
144 426 293 32
145 427 293 32
146 428 293 32
147 428 293 32
148 429 293 32
149 429 293 32
150 429 293 32
151 429 293 32
152 429 293 33
153 429 293 33
154 429 293 33
155 430 292 33
156 430 292 33
157 430 292 33
158 430 292 34
159 430 292 34
160 430 292 34
161 430 292 34
162 430 292 34
163 430 292 34
164 431 292 34
165 431 292 34
166 431 292 35
167 431 292 35
168 432 292 35
169 432 292 35
170 432 292 35
171 432 292 35
172 432 292 35
173 432 292 35
174 432 292 35
175 432 292 35
176 432 292 35
177 432 292 35
178 432 292 35
179 432 292 35
180 432 292 35
181 431 292 35
182 431 292 35
183 431 292 35
184 431 292 35
185 431 292 35
186 431 292 35
187 431 292 35
188 431 292 35
189 431 292 35
190 431 292 35
191 431 292 35
192 431 292 35
193 431 292 35
194 431 292 35
195 431 292 35
196 431 292 35
197 431 292 35
198 431 292 35
199 431 292 35
200 431 292 35
201 431 293 35
202 430 293 35
203 430 293 35
204 430 293 35
205 430 293 35
206 430 293 35
207 430 293 35
208 430 293 35
209 430 293 35
210 430 293 35
211 430 293 35
212 430 293 35
213 430 293 35
214 430 293 35
215 430 293 35
216 430 293 35
217 430 293 35
218 430 293 35
219 430 293 35
220 430 293 35
221 430 293 35
222 429 293 35
223 429 293 35
224 429 293 35
225 429 293 35
226 429 293 35
227 429 293 35
228 429 293 35
229 429 293 35
230 429 293 35
231 429 293 35
232 429 293 35
233 429 293 35
234 429 293 35
235 429 293 35
236 429 293 35
237 429 293 35
238 429 293 35
239 429 293 35
240 429 293 35
241 429 293 35
242 429 293 35
243 429 293 35
244 429 293 35
245 429 293 35
246 428 293 35
247 428 293 35
248 427 293 35
249 427 293 35
250 426 293 35
251 426 293 35
252 425 293 35
253 425 293 35
254 425 293 35
255 426 293 35
256 426 293 35
257 427 293 35
258 427 293 35
259 428 293 35
260 428 293 35
261 428 293 35
262 428 293 35
263 428 293 35
264 428 293 35
265 428 293 35
266 428 293 35
267 428 293 35
268 428 293 35
269 428 293 35
270 428 293 35
271 428 293 35
272 428 293 35
273 428 293 35
274 428 293 35
275 428 293 35
276 428 293 35
277 428 293 35
278 428 293 35
279 428 293 35
280 428 293 35
281 428 293 35
282 428 293 35
283 428 293 35
284 428 293 35
285 428 293 35
286 428 293 35
287 428 293 35
288 428 293 35
289 428 293 35
290 428 293 35
291 428 293 35
292 428 293 35
293 428 293 35
294 428 293 35
295 428 293 35
296 428 293 35
297 428 293 35
298 428 293 35
299 428 293 35
300 428 293 35
301 428 293 35
302 428 293 35
303 428 293 35
304 428 293 35
305 428 293 35
306 428 293 35
307 428 293 35
308 426 294 35
309 425 294 35
310 423 295 35
311 423 295 35
312 423 295 35
313 423 295 35
314 423 294 35
315 423 294 35
316 423 294 35
317 423 294 35
318 422 294 35
319 422 294 35
320 422 294 35
321 422 293 35
322 422 293 35
323 422 293 35
324 422 293 35
325 422 293 35
326 422 293 35
327 422 293 35
328 422 292 35
329 422 292 35
330 422 292 35
331 422 292 35
332 421 292 35
333 421 292 35
334 421 292 35
335 421 291 35
336 421 291 35
337 421 291 35
338 421 291 35
339 421 291 35
340 421 291 35
341 421 291 35
342 421 290 35
343 421 290 35
344 421 290 35
345 421 290 35
346 420 290 35
347 420 290 35
348 420 290 35
349 420 289 35
350 420 289 35
351 420 289 35
352 420 289 35
353 420 289 35
354 420 289 35
355 420 289 35
356 420 289 35
357 420 289 35
358 420 289 35
359 420 289 35
360 420 289 35
361 420 289 35
362 420 289 35
363 420 289 35
364 420 289 35
365 420 289 35
366 420 289 35
367 420 289 35
368 420 289 35
369 420 289 35
370 420 289 35
371 420 289 35
372 420 289 35
373 420 289 35
374 420 289 35
375 420 289 35
376 420 289 35
377 420 289 35
378 420 289 35
379 420 289 35
380 420 289 35
381 420 289 35
382 420 289 35
383 420 289 35
384 420 289 35
385 420 289 35
386 420 289 35
387 420 289 35
388 420 289 35
389 420 289 35
390 420 289 35
391 420 289 35
392 420 289 35
393 420 289 35
394 420 289 35
395 420 289 35
396 420 289 35
397 420 289 35
398 420 289 35
399 420 289 35
400 420 289 35
401 420 289 35
402 420 289 35
403 420 289 35
404 420 289 35
405 420 289 35
406 420 289 35
407 420 289 35
408 420 289 35
409 420 289 35
410 420 289 35
411 420 289 35
412 420 289 35
413 420 289 35
414 420 289 35
415 420 289 35
416 420 289 35
417 420 289 35
418 420 289 35
419 420 289 35
420 420 289 35
421 420 289 35
422 420 289 35
423 420 289 35
424 420 289 35
425 420 289 35
426 420 289 35
427 420 289 35
428 420 289 35
429 420 289 35
430 420 289 35
431 420 289 35
432 420 289 35
433 420 289 35
434 420 289 35
435 420 289 35
436 420 289 35
437 420 289 35
438 420 289 35
439 420 289 35
440 420 289 35
441 420 289 35
442 420 289 35
443 420 289 35
444 420 289 35
445 420 289 35
446 420 289 35
447 420 289 35
295
153 514 263 15
154 514 263 15
155 513 263 15
156 513 263 15
157 512 263 15
158 512 263 15
159 511 263 15
160 511 263 15
161 511 263 15
162 511 263 15
163 510 263 15
164 510 263 15
165 510 263 15
166 510 263 15
167 510 263 15
168 509 262 15
169 509 262 15
170 509 262 15
171 509 262 15
172 508 262 15
173 508 262 15
174 508 262 15
175 508 262 15
176 508 262 15
177 507 262 15
178 507 262 15
179 507 262 15
180 507 262 15
181 507 262 15
182 507 262 15
183 506 262 15
184 506 262 15
185 506 262 15
186 506 262 15
187 506 262 15
188 506 262 15
189 506 262 15
190 506 262 15
191 506 262 15
192 506 262 15
193 506 262 15
194 506 262 15
195 506 262 15
196 507 262 16
197 507 262 16
198 507 262 16
199 507 262 16
200 507 262 16
201 507 262 16
202 507 262 16
203 507 262 16
204 507 262 16
205 507 262 16
206 507 262 16
207 507 262 16
208 507 262 16
209 507 262 16
210 508 262 16
211 508 262 16
212 508 261 16
213 508 261 16
214 508 261 16
215 508 261 16
216 509 261 16
217 509 261 16
218 509 261 16
219 509 261 16
220 509 260 16
221 509 260 16
222 510 260 16
223 510 260 16
224 510 260 16
225 510 260 16
226 510 260 16
227 511 260 16
228 511 260 16
229 511 260 16
230 511 260 16
231 512 260 16
232 512 260 16
233 512 260 17
234 512 260 17
235 512 260 17
236 513 260 17
237 513 260 17
238 513 260 17
239 513 260 17
240 514 260 17
241 514 260 17
242 514 260 17
243 514 260 17
244 515 260 17
245 515 260 17
246 515 260 17
247 515 260 17
248 516 260 17
249 516 260 17
250 516 260 17
251 517 260 17
252 517 260 17
253 518 260 17
254 519 259 17
255 519 259 17
256 520 259 17
257 521 259 18
258 521 259 18
259 522 259 18
260 522 259 18
261 523 258 18
262 524 258 18
263 524 258 18
264 525 258 18
265 526 258 18
266 526 258 18
267 527 258 18
268 527 258 18
269 528 258 18
270 528 259 18
271 529 259 18
272 529 259 18
273 530 259 18
274 530 259 18
275 531 259 18
276 532 259 18
277 532 259 18
278 533 259 18
279 534 259 18
280 535 259 18
281 535 259 18
282 536 259 18
283 537 259 18
284 537 259 18
285 538 259 18
286 538 259 18
287 539 259 18
288 539 259 18
289 540 260 18
290 540 260 18
291 540 260 18
292 541 260 18
293 541 260 18
294 542 260 18
295 543 260 18
296 544 260 18
297 545 260 18
298 545 260 18
299 546 260 18
300 547 260 18
301 548 260 18
302 549 260 18
303 549 260 18
304 550 259 18
305 551 259 18
306 552 259 18
307 552 259 18
308 553 259 18
309 554 258 18
310 554 258 18
311 555 258 18
312 556 258 18
313 557 257 18
314 557 257 18
315 558 257 18
316 558 257 18
317 558 257 18
318 558 258 17
319 558 258 17
320 558 258 17
321 557 258 17
322 557 258 17
323 557 259 16
324 557 259 16
325 557 259 16
326 557 259 16
327 557 259 16
328 557 259 16
329 557 259 16
330 558 260 16
331 558 260 16
332 558 260 16
333 558 260 16
334 558 260 16
335 558 260 16
336 558 260 15
337 558 260 15
338 558 260 15
339 558 260 15
340 559 261 15
341 559 261 15
342 559 261 15
343 559 261 15
344 559 261 15
345 559 261 15
346 559 261 15
347 559 261 15
348 559 261 15
349 559 261 15
350 559 261 15
351 559 261 15
352 559 261 15
353 559 261 15
354 559 261 15
355 559 261 15
356 559 261 15
357 559 261 15
358 559 261 15
359 559 261 15
360 559 261 15
361 559 261 15
362 559 261 15
363 559 261 15
364 559 261 15
365 559 261 15
366 559 261 15
367 559 261 15
368 559 261 15
369 559 261 15
370 559 261 15
371 559 261 15
372 559 261 15
373 559 261 15
374 559 261 15
375 559 261 15
376 559 261 15
377 558 261 15
378 558 261 15
379 558 262 15
380 558 262 15
381 558 262 15
382 558 262 15
383 558 262 15
384 558 262 15
385 558 262 15
386 558 262 15
387 557 262 15
388 557 262 15
389 557 262 15
390 557 262 15
391 557 262 15
392 557 262 15
393 557 262 15
394 557 262 15
395 557 263 15
396 557 263 15
397 556 263 15
398 556 263 15
399 556 263 15
400 556 263 15
401 556 263 15
402 556 263 15
403 556 263 15
404 556 263 15
405 556 262 15
406 557 262 15
407 557 262 15
408 557 262 15
409 557 262 15
410 557 262 15
411 557 261 15
412 557 261 15
413 557 261 15
414 558 261 15
415 558 261 15
416 558 260 15
417 558 260 15
418 558 260 15
419 558 260 15
420 558 260 15
421 558 260 15
422 558 260 15
423 558 260 15
424 558 260 15
425 558 260 15
426 558 260 15
427 558 260 15
428 558 260 15
429 558 260 15
430 558 260 15
431 558 260 15
432 558 260 15
433 558 260 15
434 558 260 15
435 558 260 15
436 558 260 15
437 558 260 15
438 558 261 15
439 558 262 15
440 558 263 15
441 559 264 15
442 559 265 15
443 559 266 15
444 559 267 15
445 557 260 16
446 556 259 18
447 555 255 19
221
227 260 279 13
228 270 280 12
229 278 277 14
230 286 273 16
231 303 274 18
232 320 269 21
233 357 264 26
234 414 240 33
235 496 225 44
236 532 211 40
237 555 207 35
238 569 205 32
239 578 200 31
240 587 199 30
241 593 194 30
242 601 195 30
243 606 194 28
244 610 192 26
245 613 193 26
246 616 193 26
247 615 195 26
248 614 197 26
249 613 198 26
250 612 200 26
251 613 215 33
252 611 215 35
253 611 215 35
254 611 215 35
255 610 216 35
256 610 216 35
257 610 216 35
258 610 216 35
259 609 216 35
260 609 217 35
261 609 217 35
262 609 217 36
263 608 217 36
264 608 217 36
265 608 218 36
266 608 218 36
267 607 218 36
268 607 218 36
269 607 218 36
270 607 219 36
271 606 219 36
272 606 219 36
273 606 219 36
274 606 219 36
275 606 219 36
276 606 219 36
277 605 219 36
278 605 219 36
279 605 219 36
280 605 219 36
281 605 219 36
282 605 219 36
283 605 219 36
284 605 219 36
285 605 219 36
286 604 219 37
287 604 219 37
288 604 219 37
289 604 219 37
290 604 219 37
291 604 219 37
292 604 219 37
293 604 219 37
294 604 219 37
295 603 219 37
296 603 219 37
297 603 219 37
298 603 219 37
299 603 219 37
300 603 219 37
301 603 219 37
302 603 219 37
303 602 219 37
304 602 220 37
305 602 220 37
306 602 220 37
307 602 220 37
308 602 220 37
309 601 220 37
310 601 220 37
311 601 220 37
312 601 220 37
313 601 220 37
314 601 221 37
315 600 221 37
316 600 221 37
317 600 221 37
318 600 221 37
319 600 221 37
320 600 221 37
321 599 221 37
322 599 221 37
323 599 221 37
324 599 222 37
325 599 222 36
326 599 222 36
327 599 222 36
328 598 222 36
329 598 222 36
330 598 222 36
331 598 222 36
332 598 222 36
333 598 222 36
334 597 223 36
335 597 223 36
336 597 223 36
337 597 223 36
338 597 223 36
339 597 223 36
340 596 223 36
341 596 223 36
342 596 223 36
343 596 223 36
344 596 224 36
345 596 224 36
346 595 224 36
347 595 224 36
348 595 224 36
349 595 224 36
350 597 218 36
351 597 218 36
352 597 218 36
353 597 219 36
354 597 219 36
355 597 219 36
356 597 219 36
357 598 219 36
358 598 219 36
359 598 220 36
360 598 220 36
361 598 220 36
362 598 220 36
363 598 220 36
364 598 221 37
365 598 221 37
366 598 221 37
367 598 221 37
368 598 221 37
369 598 222 37
370 598 222 37
371 599 222 37
372 599 222 37
373 599 222 37
374 599 222 37
375 599 223 37
376 599 223 37
377 599 223 37
378 598 223 37
379 597 224 38
380 596 224 38
381 595 224 38
382 596 223 37
383 596 221 36
384 597 220 35
385 597 219 34
386 598 218 33
387 598 216 32
388 599 215 31
389 604 222 33
390 604 221 33
391 603 221 33
392 603 220 33
393 604 224 33
394 605 227 33
395 604 227 33
396 604 227 33
397 603 228 32
398 603 228 32
399 602 228 32
400 594 226 32
401 583 242 39
402 589 249 38
403 594 255 37
404 598 256 31
405 601 257 25
406 604 250 25
407 606 242 25
408 604 243 25
409 602 243 24
410 604 242 24
411 606 240 24
412 608 243 25
413 610 245 25
414 612 248 26
415 610 247 25
416 607 247 24
417 605 246 23
418 607 244 23
419 609 241 23
420 611 239 23
421 611 239 23
422 611 239 23
423 611 239 23
424 611 239 23
425 610 239 23
426 610 239 23
427 610 239 23
428 610 239 23
429 610 239 23
430 610 239 23
431 610 239 23
432 610 239 23
433 610 239 23
434 609 239 23
435 609 239 23
436 609 239 23
437 609 239 23
438 609 240 22
439 609 240 22
440 609 240 22
441 609 240 22
442 608 240 22
443 608 240 22
444 608 240 22
445 608 240 22
446 608 240 22
447 608 240 22
90
358 849 195 9
359 849 195 9
360 849 195 9
361 849 195 9
362 849 195 9
363 849 195 9
364 849 195 9
365 849 195 9
366 848 195 9
367 848 195 9
368 848 195 9
369 848 195 9
370 848 195 9
371 848 195 9
372 848 195 9
373 848 194 9
374 848 194 9
375 848 194 9
376 848 194 9
377 848 194 9
378 848 194 9
379 848 194 9
380 848 194 9
381 847 194 9
382 847 194 9
383 847 194 9
384 847 194 9
385 847 194 9
386 847 194 9
387 847 194 9
388 847 194 9
389 847 194 9
390 847 194 9
391 847 194 9
392 847 194 9
393 847 194 9
394 847 194 9
395 846 194 9
396 846 194 9
397 846 194 9
398 846 194 9
399 846 194 9
400 846 194 9
401 846 194 9
402 846 194 9
403 846 193 9
404 846 193 9
405 846 193 9
406 846 193 9
407 846 193 9
408 846 193 9
409 846 193 9
410 845 193 9
411 845 193 9
412 845 193 9
413 845 193 9
414 845 193 9
415 845 193 9
416 845 193 9
417 845 193 9
418 845 193 9
419 845 193 9
420 844 193 9
421 844 193 9
422 844 193 9
423 844 193 9
424 843 194 9
425 843 194 9
426 843 194 9
427 843 194 9
428 843 194 9
429 842 194 9
430 842 194 9
431 842 194 10
432 842 194 10
433 841 194 10
434 841 194 10
435 841 194 10
436 841 194 10
437 841 194 10
438 840 195 10
439 840 195 10
440 840 195 10
441 840 195 10
442 839 195 10
443 839 195 10
444 839 195 10
445 839 195 10
446 839 195 10
447 838 195 10
