10
53
1 505 303 85
32 505 303 85
42 537 307 85
52 581 310 85
61 628 319 85
67 681 332 85
72 741 331 85
75 787 329 85
80 825 319 85
84 860 312 85
89 892 300 85
95 913 291 85
101 926 282 85
115 939 279 85
179 939 279 85
194 939 279 85
202 957 277 85
212 964 275 85
313 977 274 85
328 977 274 85
337 956 274 85
350 939 277 85
725 939 277 85
734 960 290 85
742 981 290 85
747 1004 288 85
750 1016 294 85
752 50 323 85
766 67 327 85
785 87 330 85
811 103 315 85
1105 103 315 85
1147 103 322 85
1564 103 322 85
1575 110 313 85
1591 116 308 85
1624 116 304 85
1638 107 302 85
1649 102 298 85
1664 82 294 85
1719 136 309 85
1800 136 303 85
1812 134 293 85
1821 104 306 85
1838 91 284 85
1861 56 285 85
1876 24 291 85
1887 1 287 85
1898 1000 290 85
1913 963 299 85
1929 921 301 85
1943 871 310 85
1956 850 310 85
6
179 5 289 85
190 61 292 85
201 86 289 85
220 83 288 85
229 56 292 85
239 31 292 85
16
302 32 285 85
314 54 281 85
320 54 278 85
330 89 290 85
343 111 292 85
359 127 296 85
378 124 289 85
389 108 277 85
398 98 281 85
415 98 281 85
416 124 277 85
436 137 275 85
467 137 275 85
531 150 274 85
760 154 268 85
810 154 268 85
8
995 998 284 85
1009 963 285 85
1020 938 278 85
1294 939 272 85
1392 953 280 85
1424 961 284 85
1437 969 282 85
1441 980 291 85
3
1820 210 265 85
1845 214 268 85
1956 214 268 85
4
416 27 288 85
423 17 284 85
430 1014 288 85
431 1016 288 85
14
450 870 312 85
456 697 297 85
460 646 317 85
468 586 308 85
477 544 302 85
484 525 304 85
516 525 304 85
528 543 317 85
535 595 317 85
542 647 313 85
545 690 306 85
551 787 289 85
556 845 285 85
558 845 285 85
8
751 962 297 85
782 944 284 85
799 933 279 85
860 933 279 85
871 944 278 85
903 944 278 85
913 926 277 85
995 926 277 85
7
1441 925 288 85
1459 917 286 85
1479 917 286 85
1487 935 283 85
1496 962 296 85
1502 986 306 85
1510 11 309 85
25
1718 23 280 85
1733 1018 286 85
1737 1009 284 85
1750 986 288 85
1761 947 292 85
1772 886 295 85
1781 816 293 85
1791 751 302 85
1800 709 294 85
1806 692 286 85
1816 676 282 85
1825 663 275 85
1831 653 267 85
1843 647 247 85
1849 641 237 85
1858 632 227 85
1868 624 213 85
1881 609 198 85
1896 596 185 85
1898 588 181 85
1905 581 175 85
1915 566 169 85
1923 554 165 85
1932 536 164 85
1936 538 167 85