5
562
687 736 317 55
688 735 317 55
689 735 317 55
690 735 317 55
691 734 317 55
692 734 318 54
693 733 318 54
694 733 318 54
695 732 318 54
696 732 318 54
697 731 318 54
698 731 319 53
699 730 319 53
700 730 319 53
701 729 319 53
702 728 319 53
703 727 319 54
704 726 319 54
705 725 320 54
706 724 320 54
707 723 320 55
708 722 320 55
709 721 320 55
710 722 319 55
711 722 319 55
712 723 318 55
713 724 317 55
714 724 317 55
715 725 316 55
716 726 315 55
717 726 315 55
718 727 314 55
719 727 315 55
720 727 316 55
721 728 318 55
722 728 319 55
723 728 320 55
724 728 320 55
725 728 320 55
726 729 320 55
727 729 320 55
728 729 320 55
729 729 320 55
730 729 319 55
731 729 319 55
732 730 319 55
733 730 319 55
734 730 319 55
735 730 319 55
736 730 319 55
737 730 319 55
738 730 319 55
739 730 319 55
740 730 319 55
741 729 318 55
742 729 318 55
743 729 318 55
744 729 318 55
745 729 318 55
746 729 318 55
747 729 318 54
748 729 318 54
749 729 318 54
750 729 318 54
751 729 318 54
752 729 318 54
753 728 317 54
754 728 317 54
755 728 317 54
756 728 317 54
757 728 317 54
758 728 317 54
759 728 317 54
760 728 317 54
761 727 317 54
762 727 318 54
763 727 318 54
764 727 318 54
765 727 318 54
766 726 318 54
767 726 318 54
768 726 319 53
769 726 319 53
770 725 319 53
771 725 319 53
772 725 319 53
773 725 319 53
774 725 320 53
775 724 320 53
776 724 320 53
777 724 320 53
778 725 320 53
779 726 320 53
780 726 320 53
781 727 320 53
782 728 320 53
783 729 319 53
784 730 319 53
785 730 319 53
786 731 319 53
787 732 319 53
788 732 319 53
789 732 319 53
790 732 319 53
791 732 319 53
792 732 319 53
793 732 319 53
794 732 319 53
795 732 319 53
796 732 319 53
797 732 319 53
798 732 319 53
799 732 319 53
800 732 319 53
801 732 319 53
802 732 319 53
803 732 319 53
804 732 319 53
805 732 320 53
806 731 320 53
807 731 320 53
808 731 320 53
809 731 321 53
810 730 321 53
811 730 321 53
812 731 321 53
813 732 322 53
814 733 322 53
815 734 322 53
816 735 323 53
817 736 323 53
818 736 323 53
819 736 323 53
820 736 323 53
821 736 323 53
822 736 323 53
823 736 323 53
824 737 322 54
825 738 321 54
826 739 319 55
827 740 318 55
828 739 319 55
829 738 319 55
830 737 320 55
831 735 321 55
832 734 322 55
833 733 322 55
834 732 323 55
835 733 323 55
836 734 323 55
837 735 323 55
838 736 322 55
839 737 322 55
840 738 322 55
841 739 322 55
842 738 322 55
843 737 321 55
844 736 321 55
845 735 321 55
846 734 320 55
847 734 320 55
848 733 320 54
849 732 319 54
850 731 319 54
851 730 319 54
852 729 318 54
853 728 318 54
854 727 320 54
855 726 321 53
856 726 323 53
857 725 324 53
858 724 326 52
859 723 327 52
860 728 323 53
861 733 320 53
862 738 316 54
863 737 316 54
864 737 317 54
865 736 317 54
866 736 318 54
867 735 318 54
868 735 319 53
869 734 319 53
870 734 320 53
871 733 320 53
872 733 321 53
873 732 321 53
874 732 321 53
875 732 320 53
876 733 320 53
877 733 319 53
878 733 319 54
879 733 318 54
880 733 318 54
881 734 317 54
882 734 317 54
883 734 316 54
884 734 316 54
885 734 316 54
886 734 317 54
887 734 317 54
888 734 317 54
889 734 317 54
890 734 317 54
891 734 317 54
892 734 318 54
893 734 318 54
894 734 318 54
895 734 318 54
896 734 318 54
897 734 318 54
898 734 318 54
899 734 318 54
900 734 318 54
901 734 318 54
902 734 318 54
903 734 318 54
904 734 318 54
905 734 318 54
906 734 318 54
907 734 318 54
908 734 318 54
909 734 318 54
910 735 320 56
911 735 321 58
912 738 321 58
913 740 320 58
914 743 320 58
915 739 317 58
916 735 314 58
917 745 313 62
918 755 311 66
919 751 311 66
920 747 310 67
921 743 310 67
922 743 311 66
923 744 313 66
924 744 314 65
925 744 314 65
926 744 314 65
927 744 314 64
928 744 314 64
929 746 315 63
930 748 316 62
931 750 317 61
932 752 318 60
933 754 319 59
934 754 319 59
935 754 319 58
936 754 319 58
937 754 319 58
938 754 319 57
939 754 319 57
940 754 319 57
941 754 319 57
942 754 319 58
943 754 319 58
944 754 319 58
945 753 318 58
946 751 318 58
947 750 317 58
948 749 316 58
949 747 316 58
950 746 315 58
951 746 311 58
952 746 307 59
953 746 302 59
954 746 298 60
955 746 294 60
956 747 295 62
957 747 296 63
958 748 297 65
959 748 298 65
960 749 300 65
961 749 301 65
962 750 303 65
963 750 304 65
964 751 306 65
965 751 307 65
966 753 307 64
967 755 308 62
968 756 308 61
969 758 308 59
970 758 311 59
971 758 314 59
972 759 317 58
973 759 320 58
974 759 323 58
975 753 319 59
976 748 316 59
977 742 312 60
978 736 308 60
979 734 307 60
980 731 306 60
981 729 305 60
982 728 308 60
983 728 312 60
984 727 315 60
985 726 318 60
986 726 318 60
987 726 318 60
988 726 318 60
989 726 318 60
990 724 316 60
991 722 313 60
992 720 311 60
993 721 313 61
994 721 315 62
995 722 317 62
996 722 319 63
997 723 321 64
998 721 320 64
999 720 319 64
1000 718 317 64
1001 716 316 64
1002 716 319 64
1003 715 321 64
1004 715 324 64
1005 714 326 64
1006 714 329 64
1007 715 327 64
1008 716 326 65
1009 717 324 65
1010 718 322 65
1011 719 321 66
1012 720 319 66
1013 720 319 66
1014 720 319 66
1015 720 319 66
1016 720 319 66
1017 720 319 66
1018 720 319 66
1019 722 319 66
1020 724 318 67
1021 726 318 67
1022 728 317 67
1023 727 318 67
1024 726 319 67
1025 725 321 67
1026 724 322 67
1027 723 323 67
1028 722 324 67
1029 719 323 67
1030 716 322 67
1031 713 321 67
1032 710 320 67
1033 715 322 67
1034 720 324 67
1035 724 325 67
1036 729 327 67
1037 731 328 66
1038 733 328 66
1039 735 329 65
1040 737 329 64
1041 739 334 64
1042 741 338 64
1043 741 338 64
1044 740 337 64
1045 740 337 64
1046 739 336 64
1047 739 336 64
1048 740 333 64
1049 741 330 64
1050 742 327 64
1051 743 323 64
1052 744 320 64
1053 744 316 63
1054 745 312 63
1055 742 312 63
1056 738 313 62
1057 735 313 62
1058 731 313 61
1059 736 316 62
1060 740 318 62
1061 745 321 63
1062 749 323 63
1063 749 323 63
1064 749 324 64
1065 748 324 64
1066 748 324 64
1067 753 322 65
1068 759 320 67
1069 764 318 68
1070 762 319 68
1071 759 320 68
1072 757 320 68
1073 754 321 68
1074 756 321 67
1075 759 322 66
1076 761 322 65
1077 749 322 64
1078 737 321 63
1079 732 320 63
1080 727 319 63
1081 722 318 63
1082 721 316 63
1083 720 314 63
1084 724 319 64
1085 729 324 65
1086 733 329 66
1087 731 328 67
1088 729 327 67
1089 726 326 68
1090 724 325 68
1091 722 322 69
1092 720 320 70
1093 718 317 71
1094 721 319 71
1095 723 320 71
1096 726 322 71
1097 728 323 71
1098 728 323 71
1099 728 323 71
1100 728 323 71
1101 728 323 71
1102 728 323 71
1103 729 323 71
1104 730 323 70
1105 731 323 70
1106 732 323 69
1107 733 323 69
1108 734 323 68
1109 737 323 67
1110 740 323 67
1111 743 322 66
1112 746 322 66
1113 749 322 65
1114 748 320 63
1115 747 319 61
1116 745 317 59
1117 744 315 57
1118 744 315 57
1119 744 315 57
1120 744 315 57
1121 744 315 57
1122 744 315 57
1123 744 315 57
1124 744 315 57
1125 744 315 57
1126 744 315 57
1127 745 312 55
1128 746 308 54
1129 747 305 52
1130 748 301 50
1131 750 302 51
1132 751 303 52
1133 753 304 53
1134 754 305 54
1135 754 305 54
1136 754 305 54
1137 754 305 54
1138 754 305 54
1139 754 306 54
1140 753 306 55
1141 753 307 55
1142 752 307 55
1143 750 306 55
1144 750 306 55
1145 750 306 56
1146 750 306 56
1147 750 306 56
1148 750 307 56
1149 750 308 56
1150 750 309 56
1151 750 310 56
1152 750 311 56
1153 749 312 56
1154 749 313 56
1155 749 314 56
1156 749 315 56
1157 749 316 56
1158 750 315 55
1159 751 314 55
1160 752 313 54
1161 753 312 54
1162 754 311 53
1163 755 310 53
1164 756 309 52
1165 756 309 52
1166 756 309 52
1167 756 309 52
1168 756 309 52
1169 756 309 52
1170 756 309 52
1171 756 309 52
1172 756 309 52
1173 756 309 52
1174 756 309 52
1175 756 309 52
1176 756 309 52
1177 756 309 52
1178 756 309 52
1179 756 309 52
1180 756 309 52
1181 757 310 52
1182 758 311 52
1183 760 312 52
1184 761 313 52
1185 762 314 52
1186 763 315 52
1187 763 315 52
1188 762 316 52
1189 762 316 52
1190 761 316 52
1191 761 317 52
1192 760 317 52
1193 760 319 52
1194 759 320 52
1195 759 322 52
1196 758 323 52
1197 758 325 52
1198 757 326 52
1199 757 328 52
1200 756 329 52
1201 756 328 52
1202 756 327 52
1203 756 326 52
1204 756 325 52
1205 756 324 52
1206 756 323 52
1207 756 322 52
1208 756 321 52
1209 756 321 52
1210 756 321 52
1211 756 321 52
1212 756 321 52
1213 756 321 52
1214 756 321 52
1215 756 321 52
1216 757 322 52
1217 757 324 52
1218 758 325 52
1219 758 326 52
1220 758 326 52
1221 758 326 52
1222 759 326 52
1223 759 325 52
1224 759 325 52
1225 759 325 52
1226 759 325 52
1227 759 325 52
1228 759 325 52
1229 759 325 52
1230 759 325 52
1231 759 325 52
1232 759 325 52
1233 759 325 52
1234 759 325 52
1235 759 325 52
1236 759 325 52
1237 759 325 52
1238 759 325 52
1239 759 325 52
1240 759 325 52
1241 759 325 52
1242 759 325 52
1243 759 325 52
1244 759 325 52
1245 759 325 52
1246 759 325 52
1247 759 325 52
1248 759 325 52
562
687 1001 284 25
688 1002 285 25
689 1002 285 25
690 1003 285 25
691 1003 285 25
692 1003 285 25
693 1004 285 25
694 1004 285 25
695 1005 285 25
696 1005 285 25
697 1005 285 25
698 1005 285 25
699 1005 285 25
700 1005 285 25
701 1005 285 25
702 1005 285 25
703 1005 285 25
704 1005 285 25
705 1005 285 25
706 1005 285 25
707 1005 285 25
708 1005 285 25
709 1005 285 25
710 1005 285 25
711 1005 285 25
712 1005 285 25
713 1005 285 25
714 1005 285 25
715 1005 285 25
716 1005 285 25
717 1005 285 25
718 1005 285 25
719 1005 285 25
720 1005 285 25
721 1005 285 25
722 1005 285 25
723 1005 285 25
724 1005 285 25
725 1005 285 25
726 1005 285 25
727 1005 285 25
728 1005 285 25
729 1005 285 25
730 1005 285 25
731 1005 285 25
732 1005 285 25
733 1005 285 25
734 1005 285 25
735 1005 285 25
736 1005 285 25
737 1005 285 25
738 1005 285 25
739 1005 285 25
740 1005 285 25
741 1005 285 25
742 1005 285 25
743 1005 285 25
744 1005 285 25
745 1005 285 25
746 1005 285 25
747 1005 285 25
748 1005 285 25
749 1005 285 25
750 1005 285 25
751 1005 285 25
752 1005 285 25
753 1005 285 25
754 1005 285 25
755 1005 285 25
756 1005 285 25
757 1005 285 25
758 1005 285 25
759 1005 285 25
760 1009 283 25
761 1010 283 25
762 1010 283 25
763 1011 283 25
764 1011 283 25
765 1012 283 25
766 1012 282 25
767 1013 282 25
768 1013 282 25
769 1014 282 25
770 1014 282 25
771 1015 282 25
772 1015 283 25
773 1015 284 26
774 1015 286 26
775 1015 287 26
776 1016 288 27
777 1016 289 27
778 1016 291 27
779 1016 292 28
780 1016 293 28
781 1016 293 28
782 1016 293 29
783 1017 294 29
784 1017 294 29
785 1017 294 29
786 1017 294 30
787 1017 294 30
788 1017 294 30
789 1018 295 30
790 1018 295 31
791 1018 295 31
792 1017 296 31
793 1016 297 31
794 1015 297 31
795 1014 298 31
796 1013 299 31
797 1013 299 31
798 1013 299 32
799 1013 299 32
800 1013 299 32
801 1012 299 32
802 1012 300 33
803 1011 300 33
804 1010 300 33
805 1009 301 34
806 1008 301 34
807 1007 302 35
808 1007 302 36
809 1007 303 37
810 1007 303 37
811 1007 303 38
812 1003 308 37
813 999 314 36
814 994 319 35
815 990 324 34
816 992 334 33
817 994 343 32
818 992 345 24
819 992 345 24
820 990 344 24
821 987 342 24
822 985 341 24
823 982 339 24
824 980 338 24
825 977 336 24
826 975 335 24
827 972 333 24
828 972 329 25
829 971 325 25
830 976 326 27
831 976 321 30
832 976 315 32
833 976 314 33
834 976 314 34
835 976 313 35
836 980 314 35
837 985 314 35
838 989 315 35
839 988 319 35
840 987 323 35
841 986 326 34
842 985 330 34
843 984 327 35
844 982 324 35
845 981 321 36
846 975 317 36
847 970 313 37
848 964 309 37
849 961 310 37
850 959 310 37
851 956 311 37
852 953 312 37
853 949 314 36
854 946 315 36
855 946 315 36
856 946 315 36
857 946 315 36
858 946 315 36
859 947 316 36
860 947 316 36
861 947 316 36
862 947 316 36
863 947 316 36
864 949 316 36
865 950 316 36
866 952 316 36
867 954 315 36
868 955 315 36
869 957 315 36
870 960 315 36
871 963 315 36
872 965 314 36
873 968 314 36
874 968 310 37
875 969 305 39
876 969 301 40
877 968 302 40
878 967 303 40
879 965 305 40
880 964 306 40
881 963 307 40
882 965 308 40
883 966 309 40
884 968 310 40
885 969 310 40
886 971 311 40
887 972 312 40
888 974 313 40
889 972 312 40
890 970 312 40
891 968 311 40
892 966 310 40
893 965 309 40
894 965 308 40
895 964 306 40
896 963 305 40
897 967 304 40
898 970 302 40
899 976 310 41
900 982 317 42
901 981 321 41
902 979 324 40
903 979 320 40
904 979 316 40
905 979 312 40
906 981 304 41
907 983 297 41
908 985 289 42
909 984 291 43
910 983 292 43
911 983 295 43
912 982 295 44
913 981 295 45
914 980 295 46
915 980 295 46
916 979 295 47
917 978 295 47
918 977 298 47
919 975 301 46
920 974 304 46
921 973 306 46
922 971 309 45
923 970 312 45
924 969 312 44
925 967 312 44
926 966 312 43
927 964 312 42
928 963 310 42
929 963 309 42
930 962 307 43
931 962 306 43
932 961 304 43
933 962 304 43
934 963 303 43
935 964 303 43
936 965 302 43
937 965 303 42
938 965 304 42
939 965 306 41
940 964 307 40
941 964 308 40
942 964 309 39
943 962 309 39
944 960 310 38
945 958 310 38
946 961 311 40
947 961 304 40
948 961 297 40
949 961 295 40
950 961 292 40
951 958 292 40
952 954 292 40
953 951 292 40
954 950 293 39
955 949 295 39
956 947 296 38
957 946 297 37
958 947 296 37
959 947 294 37
960 948 293 37
961 949 294 37
962 951 296 37
963 952 297 37
964 952 297 37
965 952 297 37
966 953 298 37
967 953 298 37
968 953 298 37
969 954 299 37
970 955 299 37
971 956 300 37
972 957 300 37
973 958 301 37
974 960 301 37
975 961 300 37
976 963 300 37
977 965 299 37
978 967 299 37
979 968 298 37
980 970 298 37
981 970 298 37
982 971 299 37
983 971 299 37
984 971 300 37
985 971 300 37
986 972 301 37
987 972 301 37
988 974 305 36
989 976 310 35
990 977 314 34
991 979 319 33
992 981 323 32
993 983 323 32
994 985 323 31
995 986 322 31
996 988 322 30
997 988 319 30
998 987 316 30
999 987 313 30
1000 986 310 30
1001 988 309 31
1002 991 307 31
1003 993 306 32
1004 994 307 32
1005 995 307 32
1006 996 308 32
1007 997 308 32
1008 1000 307 32
1009 1002 306 32
1010 1005 305 32
1011 1021 308 32
1012 2 301 32
1013 6 296 32
1014 6 296 32
1015 18 296 33
1016 18 296 33
1017 27 295 34
1018 28 297 34
1019 29 298 33
1020 29 299 32
1021 32 303 32
1022 34 307 32
1023 37 311 32
1024 37 313 32
1025 36 315 32
1026 36 316 32
1027 36 318 32
1028 36 319 32
1029 37 316 32
1030 37 314 33
1031 38 311 33
1032 38 310 34
1033 38 309 34
1034 36 307 34
1035 34 305 34
1036 37 304 35
1037 39 303 35
1038 36 303 35
1039 34 304 35
1040 31 304 35
1041 28 304 35
1042 25 305 35
1043 23 305 35
1044 20 306 35
1045 17 306 35
1046 11 307 35
1047 5 307 35
1048 0 311 35
1049 1019 310 35
1050 1012 307 35
1051 1005 303 34
1052 1007 303 33
1053 994 303 33
1054 990 301 34
1055 985 299 34
1056 979 299 34
1057 973 298 34
1058 973 298 34
1059 973 297 34
1060 968 299 34
1061 963 301 34
1062 952 297 37
1063 935 294 39
1064 935 294 47
1065 935 294 54
1066 933 282 54
1067 928 283 54
1068 928 274 54
1069 925 266 54
1070 925 274 54
1071 925 267 54
1072 931 260 54
1073 928 262 54
1074 925 258 54
1075 920 258 54
1076 920 257 54
1077 920 257 54
1078 920 257 54
1079 916 254 54
1080 911 252 55
1081 907 249 55
1082 898 250 58
1083 890 252 60
1084 881 253 63
1085 881 260 68
1086 880 267 73
1087 873 279 82
1088 884 289 81
1089 894 299 79
1090 888 299 79
1091 883 299 78
1092 877 299 78
1093 871 299 77
1094 873 302 77
1095 876 304 77
1096 878 307 76
1097 880 309 76
1098 876 310 76
1099 872 311 77
1100 867 312 77
1101 863 313 77
1102 848 292 84
1103 851 286 88
1104 845 283 89
1105 840 279 91
1106 834 276 92
1107 829 283 91
1108 823 290 90
1109 821 292 90
1110 820 293 90
1111 818 295 90
1112 817 296 90
1113 816 297 90
1114 815 298 90
1115 813 298 90
1116 810 298 90
1117 808 298 90
1118 805 297 90
1119 802 297 89
1120 799 296 89
1121 795 295 89
1122 792 295 88
1123 789 294 88
1124 789 294 88
1125 789 294 88
1126 789 294 88
1127 789 294 88
1128 782 294 90
1129 776 294 91
1130 769 294 93
1131 762 294 94
1132 756 293 97
1133 750 293 99
1134 744 292 102
1135 744 292 102
1136 744 292 102
1137 744 292 102
1138 744 292 102
1139 740 288 102
1140 737 285 102
1141 733 281 102
1142 733 281 102
1143 733 281 102
1144 733 281 102
1145 733 281 102
1146 732 281 102
1147 730 280 102
1148 729 280 102
1149 727 279 102
1150 726 279 102
1151 724 278 102
1152 729 280 101
1153 734 282 101
1154 738 285 100
1155 743 287 100
1156 748 289 99
1157 757 290 96
1158 765 291 94
1159 774 292 91
1160 768 293 92
1161 763 294 92
1162 757 294 93
1163 751 295 93
1164 746 298 92
1165 742 300 92
1166 737 303 91
1167 739 304 89
1168 740 306 87
1169 742 307 85
1170 743 308 83
1171 742 308 83
1172 740 307 83
1173 739 307 83
1174 737 306 83
1175 736 306 83
1176 733 308 82
1177 730 309 81
1178 727 311 80
1179 724 314 79
1180 722 316 78
1181 719 319 76
1182 716 321 75
1183 716 321 74
1184 716 321 73
1185 716 321 72
1186 714 323 71
1187 712 326 71
1188 710 328 70
1189 709 327 70
1190 708 326 70
1191 708 325 71
1192 707 324 71
1193 706 323 71
1194 705 322 71
1195 703 322 71
1196 700 322 72
1197 698 322 72
1198 695 322 72
1199 696 322 73
1200 698 321 73
1201 699 321 74
1202 699 320 74
1203 700 318 75
1204 700 317 75
1205 700 315 75
1206 700 315 75
1207 700 315 75
1208 700 315 75
1209 700 315 75
1210 700 315 75
1211 701 315 75
1212 701 315 75
1213 702 315 75
1214 703 314 75
1215 703 314 75
1216 704 314 75
1217 708 315 75
1218 712 316 75
1219 716 316 75
1220 720 317 75
1221 720 317 75
1222 719 318 75
1223 719 318 75
1224 718 319 75
1225 718 319 75
1226 719 319 75
1227 719 318 75
1228 720 318 75
1229 721 317 75
1230 721 317 75
1231 722 316 75
1232 724 317 75
1233 726 318 75
1234 727 319 74
1235 729 320 74
1236 729 320 74
1237 729 319 73
1238 729 319 73
1239 729 318 72
1240 729 318 71
1241 729 317 71
1242 729 317 70
1243 733 317 70
1244 738 317 69
1245 742 316 69
1246 746 316 68
1247 749 317 68
1248 752 317 68
340
687 98 312 26
688 98 311 26
689 98 311 26
690 97 310 27
691 97 310 27
692 96 309 28
693 96 309 28
694 95 309 29
695 95 309 30
696 94 309 30
697 94 309 31
698 93 309 32
699 92 309 33
700 90 309 33
701 89 309 34
702 88 308 35
703 87 308 36
704 85 308 36
705 84 308 37
706 83 308 38
707 82 308 38
708 81 308 39
709 80 308 39
710 79 308 40
711 80 308 40
712 80 308 40
713 81 307 41
714 81 307 41
715 82 307 41
716 83 307 41
717 83 307 41
718 84 307 41
719 84 306 42
720 85 306 42
721 85 306 42
722 86 306 42
723 87 306 42
724 87 306 42
725 88 305 43
726 88 305 43
727 89 305 43
728 89 305 43
729 88 305 43
730 88 304 44
731 87 304 44
732 87 304 44
733 86 304 44
734 86 304 44
735 85 304 44
736 85 303 45
737 84 303 45
738 84 303 45
739 83 303 45
740 83 303 45
741 82 303 45
742 82 302 46
743 81 302 46
744 81 302 46
745 80 302 46
746 79 303 47
747 79 303 47
748 78 304 47
749 77 304 47
750 76 305 48
751 75 305 48
752 74 305 48
753 74 306 48
754 73 306 49
755 72 307 49
756 78 307 52
757 78 307 52
758 78 307 52
759 78 307 52
760 78 307 52
761 78 307 52
762 78 307 52
763 78 307 52
764 78 307 52
765 78 307 52
766 78 307 52
767 78 307 52
768 78 307 52
769 78 307 52
770 78 307 52
771 78 307 52
772 78 307 52
773 78 307 52
774 78 307 52
775 78 307 52
776 78 307 52
777 78 307 52
778 78 307 52
779 78 307 52
780 78 307 52
781 78 307 52
782 78 307 52
783 78 307 52
784 78 307 52
785 78 307 52
786 78 307 52
787 78 307 52
788 78 307 52
789 78 307 52
790 78 307 52
791 78 307 52
792 78 307 52
793 78 307 52
794 78 307 52
795 78 307 52
796 78 307 52
797 76 307 52
798 73 306 52
799 71 306 52
800 68 305 52
801 66 305 52
802 65 306 52
803 63 306 52
804 62 307 52
805 60 307 52
806 59 308 52
807 57 308 52
808 58 308 52
809 59 308 51
810 61 308 51
811 62 308 51
812 63 308 50
813 64 308 50
814 65 308 50
815 65 307 49
816 66 307 49
817 66 306 49
818 67 306 48
819 67 305 48
820 68 303 47
821 69 301 46
822 69 300 45
823 70 298 44
824 71 296 43
825 76 295 42
826 82 295 42
827 87 294 41
828 89 293 41
829 90 292 41
830 92 290 41
831 93 289 41
832 101 296 36
833 101 304 36
834 101 311 35
835 103 316 34
836 104 320 33
837 104 328 21
838 105 330 18
839 105 331 15
840 105 331 15
841 104 331 15
842 103 331 15
843 102 332 15
844 101 332 15
845 100 332 15
846 100 332 14
847 99 333 14
848 98 333 14
849 97 333 14
850 96 333 14
851 95 334 14
852 94 334 14
853 93 334 14
854 92 334 14
855 91 335 14
856 91 335 13
857 90 335 13
858 89 335 13
859 88 336 13
860 87 336 13
861 86 336 13
862 82 337 13
863 78 337 13
864 75 338 13
865 72 338 13
866 68 339 13
867 65 339 13
868 64 339 13
869 62 340 13
870 61 340 13
871 59 341 13
872 58 341 13
873 56 342 13
874 55 342 13
875 53 342 13
876 51 342 14
877 50 343 14
878 48 343 14
879 46 343 15
880 44 343 15
881 44 342 16
882 43 341 17
883 43 339 17
884 42 338 18
885 43 338 19
886 45 337 20
887 46 337 21
888 47 336 22
889 51 336 23
890 55 336 23
891 60 337 24
892 64 337 24
893 68 337 25
894 68 336 25
895 68 335 25
896 69 334 25
897 69 332 25
898 69 331 25
899 69 330 25
900 69 324 26
901 70 318 28
902 70 312 29
903 70 310 30
904 70 309 31
905 70 307 32
906 70 305 33
907 69 303 35
908 68 301 36
909 68 296 39
910 67 291 42
911 69 288 45
912 70 285 48
913 62 280 50
914 54 274 52
915 57 278 52
916 59 281 52
917 62 285 52
918 57 293 52
919 52 300 52
920 47 308 52
921 44 315 50
922 41 322 49
923 38 329 47
924 40 332 44
925 42 336 40
926 44 339 37
927 42 342 30
928 39 345 23
929 39 345 23
930 40 345 23
931 40 345 22
932 41 344 22
933 41 344 22
934 42 344 22
935 42 344 21
936 42 344 21
937 43 344 21
938 43 343 21
939 44 343 21
940 44 343 20
941 44 343 20
942 45 343 20
943 45 343 20
944 46 342 19
945 46 342 19
946 47 342 19
947 47 342 19
948 47 342 18
949 48 342 18
950 48 341 18
951 49 341 18
952 49 341 18
953 49 341 17
954 50 341 17
955 50 341 17
956 51 340 17
957 51 340 16
958 52 340 16
959 52 340 16
960 52 340 17
961 53 340 17
962 53 339 18
963 53 339 18
964 53 338 18
965 53 337 18
966 53 336 18
967 53 335 18
968 53 334 18
969 54 332 19
970 54 331 19
971 54 329 19
972 55 328 20
973 55 326 21
974 56 325 21
975 56 323 22
976 57 322 23
977 55 322 25
978 53 322 26
979 51 321 28
980 49 321 29
981 48 319 30
982 47 318 31
983 46 316 32
984 45 314 33
985 42 313 34
986 38 313 35
987 35 312 36
988 34 309 38
989 34 307 39
990 33 304 41
991 34 304 41
992 35 305 41
993 36 305 41
994 41 303 41
995 47 302 42
996 52 300 42
997 54 304 42
998 57 309 42
999 59 313 42
1000 58 314 41
1001 57 314 41
1002 56 315 40
1003 55 315 40
1004 54 316 39
1005 53 315 39
1006 52 314 39
1007 50 313 39
1008 49 312 39
1009 47 312 42
1010 50 311 42
1011 52 310 42
1012 55 309 41
1013 57 308 41
1014 62 312 41
1015 66 316 41
1016 70 317 40
1017 75 317 39
1018 79 318 38
1019 82 321 36
1020 85 325 35
1021 88 328 33
1022 88 332 32
1023 88 336 30
1024 86 335 27
1025 83 333 24
1026 85 335 21
167
802 870 279 16
803 872 279 16
804 873 283 17
805 875 283 18
806 879 283 18
807 882 286 20
808 888 284 20
809 891 283 21
810 895 285 22
811 896 290 23
812 906 291 24
813 910 293 24
814 911 296 24
815 917 298 24
816 922 299 23
817 929 299 26
818 937 301 27
819 948 300 27
820 954 304 27
821 963 303 30
822 971 297 32
823 978 301 32
824 987 300 33
825 996 299 34
826 1008 300 34
827 1019 300 34
828 1021 304 34
829 8 300 34
830 15 305 36
831 19 305 36
832 24 305 36
833 28 305 36
834 32 308 35
835 36 310 34
836 36 311 34
837 36 312 34
838 36 313 34
839 36 314 34
840 36 315 34
841 35 315 34
842 34 316 34
843 33 316 34
844 32 316 34
845 29 314 34
846 27 311 34
847 24 309 34
848 21 306 34
849 19 300 36
850 16 294 37
851 14 288 39
852 11 291 39
853 8 295 39
854 5 298 39
855 4 300 39
856 2 299 37
857 1020 300 37
858 1016 308 37
859 1016 308 35
860 1018 311 33
861 1020 310 33
862 1022 309 33
863 1022 309 33
864 1022 309 33
865 1022 309 33
866 1022 309 33
867 1022 309 33
868 1022 309 33
869 1022 309 33
870 1022 309 33
871 1022 309 33
872 1021 307 33
873 1020 304 33
874 1018 303 34
875 1015 301 35
876 1012 300 35
877 1008 299 35
878 1008 303 34
879 1008 306 33
880 1008 310 32
881 1007 314 31
882 1005 317 29
883 1004 321 28
884 1002 326 27
885 1000 330 26
886 1001 337 22
887 1001 336 22
888 1001 335 22
889 1001 335 22
890 1001 334 22
891 1001 333 22
892 1001 332 22
893 1000 331 22
894 1000 331 22
895 1000 330 22
896 1000 329 22
897 1000 328 22
898 1000 327 22
899 1000 327 22
900 1000 326 22
901 1000 325 22
902 1000 324 22
903 1000 323 22
904 1000 323 22
905 1000 322 22
906 1000 321 23
907 999 320 23
908 999 319 23
909 999 319 23
910 999 318 23
911 999 317 23
912 999 316 23
913 999 315 23
914 999 315 23
915 999 314 23
916 999 313 23
917 999 312 23
918 999 311 23
919 999 311 23
920 998 310 23
921 998 309 23
922 998 308 23
923 998 307 23
924 998 307 23
925 998 306 23
926 998 305 23
927 1000 306 23
928 1001 307 23
929 1001 307 23
930 1001 307 23
931 1001 307 24
932 1001 307 24
933 1001 307 25
934 1001 307 25
935 1001 306 25
936 1001 306 25
937 1002 305 25
938 1002 305 25
939 1002 304 25
940 1002 304 25
941 1004 303 25
942 1005 302 25
943 1003 304 26
944 1002 306 27
945 1000 308 28
946 998 310 29
947 998 310 29
948 998 310 29
949 997 311 29
950 996 311 29
951 996 312 30
952 995 312 30
953 994 313 30
954 992 319 30
955 989 324 29
956 987 330 29
957 983 331 29
958 978 331 28
959 976 333 28
960 973 335 27
961 982 336 27
962 990 337 27
963 995 336 27
964 999 334 27
965 998 339 26
966 997 343 25
967 996 348 24
968 996 348 24
291
900 635 325 19
901 636 321 20
902 636 317 20
903 640 314 22
904 643 310 23
905 643 311 27
906 648 310 28
907 654 308 30
908 659 307 31
909 656 306 31
910 653 304 31
911 652 304 31
912 651 304 31
913 650 304 31
914 650 303 31
915 651 302 31
916 651 301 31
917 653 300 31
918 654 299 32
919 656 297 32
920 657 296 32
921 658 295 33
922 660 294 33
923 661 293 34
924 662 292 34
925 662 292 34
926 662 293 34
927 662 293 34
928 662 293 34
929 662 293 34
930 662 294 34
931 662 294 34
932 662 294 34
933 662 294 34
934 662 295 34
935 662 295 34
936 664 296 35
937 665 296 36
938 667 297 38
939 668 298 39
940 670 298 40
941 671 299 41
942 671 298 41
943 671 297 41
944 671 296 41
945 671 295 41
946 671 294 41
947 671 292 41
948 671 291 41
949 671 290 41
950 671 289 41
951 671 288 41
952 671 297 41
953 671 297 41
954 671 297 41
955 671 297 41
956 671 297 41
957 671 297 41
958 671 297 41
959 671 297 41
960 671 297 41
961 671 297 41
962 671 297 41
963 671 297 41
964 671 297 41
965 671 297 41
966 671 297 41
967 671 297 41
968 671 297 41
969 663 295 41
970 664 296 41
971 666 296 41
972 667 297 41
973 668 298 41
974 670 298 41
975 671 299 41
976 668 298 41
977 664 297 41
978 661 295 41
979 657 294 41
980 655 294 40
981 653 294 39
982 652 294 39
983 650 294 38
984 648 294 37
985 648 296 37
986 649 297 37
987 649 299 36
988 649 300 36
989 649 301 36
990 649 303 36
991 649 304 36
992 649 306 36
993 649 307 36
994 649 307 36
995 650 307 36
996 650 307 36
997 652 305 37
998 653 303 38
999 652 303 38
1000 651 303 38
1001 649 303 38
1002 648 303 38
1003 649 293 39
1004 649 293 39
1005 649 293 39
1006 649 292 39
1007 649 292 39
1008 649 292 39
1009 647 293 39
1010 644 294 39
1011 642 294 39
1012 639 295 39
1013 638 297 39
1014 636 299 39
1015 635 301 39
1016 633 303 39
1017 632 305 39
1018 635 304 39
1019 637 304 40
1020 640 303 40
1021 642 303 41
1022 645 302 41
1023 642 302 41
1024 640 302 41
1025 637 302 41
1026 634 302 41
1027 630 305 41
1028 626 307 41
1029 622 310 41
1030 612 313 37
1031 601 316 33
1032 591 319 29
1033 591 324 29
1034 591 328 28
1035 591 333 28
1036 588 334 26
1037 585 336 24
1038 583 337 23
1039 580 339 21
1040 577 340 19
1041 575 341 19
1042 574 341 19
1043 572 342 19
1044 571 342 19
1045 569 343 19
1046 569 343 20
1047 570 342 21
1048 570 342 21
1049 570 341 22
1050 571 339 23
1051 572 337 24
1052 572 335 24
1053 573 333 25
1054 574 331 26
1055 577 330 27
1056 581 328 28
1057 584 327 30
1058 588 325 31
1059 591 324 32
1060 592 325 32
1061 593 325 31
1062 595 326 31
1063 596 326 30
1064 597 327 30
1065 608 321 33
1066 618 315 35
1067 629 308 38
1068 639 302 40
1069 641 303 40
1070 644 303 39
1071 646 304 39
1072 649 304 39
1073 653 304 40
1074 656 304 40
1075 656 302 40
1076 657 300 40
1077 657 297 40
1078 657 295 40
1079 658 296 40
1080 659 297 40
1081 659 297 40
1082 660 298 40
1083 661 299 40
1084 660 300 40
1085 659 301 39
1086 659 301 39
1087 658 302 38
1088 657 303 38
1089 655 302 38
1090 652 300 38
1091 650 299 38
1092 650 299 38
1093 650 299 38
1094 650 299 42
1095 648 300 43
1096 646 301 44
1097 644 302 45
1098 642 302 45
1099 640 302 45
1100 638 302 45
1101 616 308 38
1102 594 314 31
1103 588 314 31
1104 583 314 31
1105 577 314 30
1106 571 314 30
1107 568 313 30
1108 566 313 30
1109 563 312 30
1110 563 312 30
1111 564 312 30
1112 564 313 30
1113 564 313 30
1114 565 313 30
1115 565 313 30
1116 565 313 30
1117 565 314 30
1118 566 314 30
1119 566 314 30
1120 568 314 31
1121 569 313 32
1122 571 313 32
1123 572 312 33
1124 574 312 34
1125 577 313 34
1126 581 314 34
1127 584 314 34
1128 588 315 34
1129 591 316 34
1130 594 317 34
1131 598 318 34
1132 601 318 34
1133 605 319 34
1134 608 320 34
1135 609 316 35
1136 610 311 37
1137 610 307 38
1138 611 302 39
1139 615 302 41
1140 618 301 43
1141 622 301 45
1142 622 301 45
1143 622 301 45
1144 622 301 45
1145 622 301 45
1146 622 301 45
1147 622 301 45
1148 620 303 45
1149 618 305 45
1150 615 307 45
1151 613 309 45
1152 606 317 41
1153 600 326 38
1154 593 334 34
1155 588 338 32
1156 583 342 30
1157 580 345 27
1158 577 348 24
1159 574 351 21
1160 573 352 21
1161 572 353 21
1162 571 353 21
1163 570 354 21
1164 627 321 26
1165 683 287 30
1166 680 289 31
1167 678 290 31
1168 678 290 31
1169 678 290 31
1170 678 290 32
1171 678 290 32
1172 678 290 32
1173 678 290 32
1174 678 290 33
1175 679 289 34
1176 679 289 34
1177 679 288 35
1178 675 288 34
1179 671 289 33
1180 667 289 32
1181 663 289 31
1182 662 290 29
1183 661 291 28
1184 660 292 26
1185 661 295 26
1186 661 298 25
1187 662 301 25
1188 663 305 25
1189 665 308 24
1190 666 312 24
