2
249
1 719 319 51
2 720 319 51
3 720 319 51
4 721 319 51
5 721 319 51
6 722 319 51
7 722 319 51
8 722 319 51
9 722 318 51
10 722 318 52
11 722 318 52
12 722 317 52
13 722 317 52
14 721 317 53
15 721 317 53
16 721 316 53
17 721 316 53
18 721 316 54
19 721 315 54
20 721 315 54
21 721 315 54
22 721 315 54
23 721 315 54
24 721 315 54
25 721 314 54
26 721 314 54
27 722 314 54
28 722 314 54
29 722 314 54
30 722 314 54
31 722 314 54
32 722 314 54
33 722 314 54
34 722 313 53
35 722 313 53
36 722 313 53
37 722 313 53
38 722 313 53
39 722 313 53
40 722 313 53
41 723 313 53
42 723 313 53
43 723 312 53
44 723 312 53
45 723 312 53
46 723 312 53
47 723 312 53
48 723 312 53
49 723 312 53
50 723 312 53
51 723 312 53
52 723 312 53
53 723 312 52
54 723 312 52
55 723 312 52
56 723 312 52
57 723 312 52
58 723 312 52
59 723 312 52
60 723 312 52
61 723 313 52
62 723 313 52
63 723 313 52
64 723 313 52
65 723 313 52
66 723 313 52
67 723 314 52
68 723 314 52
69 723 314 52
70 723 314 52
71 723 314 52
72 723 314 52
73 723 315 52
74 723 315 52
75 723 315 52
76 723 315 52
77 723 315 52
78 723 315 52
79 723 315 52
80 723 315 52
81 723 316 53
82 723 316 53
83 723 316 53
84 723 316 53
85 723 316 53
86 723 316 53
87 723 316 53
88 723 316 53
89 724 316 53
90 724 316 53
91 724 316 53
92 724 316 53
93 724 316 53
94 724 316 53
95 725 316 53
96 725 316 53
97 725 316 53
98 725 316 53
99 725 316 53
100 725 316 53
101 726 316 53
102 726 316 53
103 726 316 53
104 726 316 53
105 726 316 53
106 726 316 53
107 727 316 53
108 727 316 53
109 727 316 53
110 727 316 53
111 727 316 53
112 727 316 53
113 728 316 53
114 728 316 53
115 728 316 53
116 728 316 53
117 728 316 53
118 728 316 53
119 729 316 53
120 729 316 53
121 729 316 53
122 729 316 53
123 729 316 53
124 729 316 53
125 730 316 53
126 730 316 53
127 730 316 53
128 730 316 53
129 730 316 53
130 729 316 53
131 729 316 53
132 729 316 53
133 729 316 53
134 728 316 53
135 728 316 53
136 728 316 53
137 728 316 53
138 727 316 53
139 727 316 53
140 727 315 53
141 726 315 53
142 726 315 53
143 726 315 53
144 726 315 53
145 725 315 53
146 725 315 53
147 725 315 53
148 725 315 53
149 724 315 53
150 724 315 53
151 724 315 53
152 724 315 53
153 724 316 53
154 724 316 53
155 724 316 53
156 724 316 53
157 724 316 53
158 725 317 53
159 725 317 53
160 725 317 53
161 725 317 53
162 725 317 53
163 725 318 53
164 725 318 53
165 725 318 53
166 725 318 53
167 725 318 53
168 725 318 53
169 725 318 53
170 724 318 53
171 724 318 53
172 724 318 53
173 724 318 53
174 724 318 53
175 724 318 53
176 724 318 53
177 724 318 54
178 723 317 54
179 723 317 54
180 723 317 54
181 723 317 54
182 723 317 54
183 723 317 54
184 723 317 54
185 723 317 54
186 722 317 54
187 722 317 54
188 722 317 54
189 722 317 54
190 722 317 54
191 722 317 54
192 723 317 54
193 723 317 54
194 723 316 54
195 723 316 54
196 724 316 54
197 724 316 54
198 724 316 54
199 724 316 54
200 724 316 54
201 725 316 54
202 725 316 54
203 725 316 54
204 725 315 54
205 725 315 54
206 726 315 54
207 726 315 54
208 726 315 54
209 726 315 54
210 727 315 54
211 727 315 54
212 727 315 54
213 727 314 54
214 727 314 54
215 728 314 54
216 728 314 54
217 728 314 54
218 728 314 54
219 728 314 54
220 728 315 54
221 728 315 54
222 728 315 54
223 727 315 54
224 727 315 54
225 727 316 54
226 727 316 54
227 727 316 54
228 727 316 54
229 727 316 54
230 727 317 54
231 727 317 54
232 727 317 54
233 726 317 54
234 726 317 54
235 726 318 54
236 726 318 54
237 726 318 54
238 726 318 54
239 726 318 54
240 726 319 54
241 726 319 54
242 726 319 54
243 725 319 54
244 725 319 54
245 725 320 54
246 725 320 54
247 725 320 54
248 725 320 54
249 725 320 54
249
1 846 297 65
2 846 297 65
3 846 297 65
4 846 297 65
5 846 297 65
6 846 297 65
7 846 297 65
8 846 297 65
9 846 297 65
10 846 297 65
11 846 297 65
12 846 297 65
13 846 297 65
14 846 297 65
15 846 297 65
16 846 297 65
17 846 297 65
18 846 297 65
19 846 297 65
20 846 297 65
21 846 297 65
22 846 297 65
23 846 297 65
24 846 297 65
25 846 297 65
26 846 297 65
27 846 297 65
28 846 297 65
29 846 297 65
30 846 297 65
31 846 297 65
32 846 297 65
33 846 297 65
34 846 297 65
35 846 297 65
36 846 297 65
37 846 297 65
38 846 297 65
39 846 297 65
40 846 297 65
41 846 297 65
42 846 297 65
43 846 297 65
44 846 297 65
45 846 297 65
46 846 297 65
47 846 297 65
48 846 297 65
49 846 297 65
50 846 297 65
51 846 297 65
52 846 297 65
53 846 297 65
54 846 297 65
55 846 297 65
56 846 297 65
57 846 297 65
58 846 297 65
59 846 297 65
60 846 297 65
61 846 297 65
62 846 297 65
63 846 297 65
64 846 297 65
65 846 297 65
66 846 297 65
67 846 297 65
68 846 297 65
69 846 297 65
70 846 297 65
71 846 297 65
72 846 297 65
73 846 297 65
74 846 297 65
75 846 297 65
76 846 297 65
77 846 297 65
78 846 297 65
79 846 297 65
80 846 297 65
81 846 297 65
82 846 297 65
83 846 297 65
84 846 297 65
85 846 297 65
86 846 297 65
87 846 297 65
88 846 297 65
89 846 297 65
90 846 297 65
91 846 297 65
92 846 297 65
93 846 297 65
94 846 297 65
95 846 297 65
96 846 297 65
97 846 297 65
98 846 297 65
99 846 297 65
100 846 297 65
101 846 297 65
102 846 297 65
103 846 297 65
104 846 297 65
105 846 297 65
106 846 297 65
107 846 297 65
108 846 297 65
109 846 297 65
110 846 297 65
111 846 297 65
112 846 297 65
113 846 297 65
114 846 297 65
115 846 297 65
116 846 297 65
117 846 297 65
118 846 297 65
119 847 297 65
120 847 297 65
121 847 297 65
122 848 297 65
123 848 297 65
124 848 297 65
125 849 297 65
126 849 297 65
127 850 297 65
128 850 297 65
129 850 297 65
130 851 297 65
131 851 297 65
132 851 297 65
133 852 297 65
134 852 297 65
135 852 297 65
136 853 297 65
137 853 297 65
138 853 297 65
139 854 297 65
140 854 297 65
141 855 297 65
142 855 297 65
143 855 297 65
144 856 297 65
145 856 297 65
146 856 297 65
147 857 297 65
148 857 297 65
149 857 297 65
150 858 297 65
151 858 297 65
152 858 297 65
153 859 297 65
154 859 297 65
155 860 297 65
156 860 297 65
157 860 297 65
158 861 297 65
159 861 297 65
160 861 297 65
161 862 297 65
162 862 297 65
163 863 297 65
164 863 297 65
165 864 297 65
166 864 297 65
167 865 297 65
168 865 298 65
169 866 298 65
170 866 298 65
171 867 298 65
172 867 298 65
173 868 298 65
174 868 298 65
175 869 298 65
176 869 298 65
177 870 298 65
178 870 299 65
179 871 299 65
180 871 299 65
181 872 299 65
182 872 299 65
183 873 299 65
184 873 298 65
185 874 296 66
186 874 295 66
187 875 293 66
188 875 292 66
189 876 290 67
190 876 289 67
191 880 286 67
192 884 282 67
193 882 282 67
194 881 281 67
195 879 281 67
196 877 280 67
197 877 280 67
198 877 280 67
199 877 280 67
200 877 280 67
201 877 280 67
202 878 279 67
203 878 279 67
204 878 279 67
205 878 279 67
206 878 279 67
207 878 279 67
208 878 279 67
209 879 280 67
210 879 280 67
211 879 280 67
212 879 281 67
213 880 281 67
214 880 281 67
215 880 282 67
216 881 282 67
217 881 283 67
218 881 283 67
219 882 283 67
220 882 284 67
221 882 284 67
222 882 284 67
223 883 285 67
224 883 285 67
225 884 284 67
226 884 283 66
227 885 282 66
228 885 281 66
229 886 280 66
230 886 279 65
231 887 278 65
232 887 277 65
233 888 276 65
234 888 275 64
235 889 274 64
236 891 274 64
237 892 274 64
238 894 274 64
239 895 274 64
240 897 274 64
241 897 274 64
242 897 274 64
243 897 274 64
244 898 273 64
245 898 272 63
246 899 273 62
247 900 273 62
248 900 274 61
249 901 274 61
