3
29
1 588 256 25
4 582 255 24
8 570 254 22
12 559 255 20
18 538 255 19
22 530 256 18
26 521 256 18
32 516 255 19
38 509 252 19
43 504 252 18
52 497 249 19
57 493 249 18
69 484 244 18
79 484 243 18
89 484 243 18
93 486 240 19
151 486 240 19
169 483 238 22
178 476 236 23
193 476 231 25
201 486 231 27
210 496 232 28
222 502 229 28
238 498 231 27
247 494 231 26
270 494 231 26
291 492 231 24
328 495 229 26
346 495 229 26
22
1 509 279 15
10 502 276 16
18 499 273 18
31 494 265 19
41 486 258 19
50 477 255 19
58 474 253 19
70 466 249 19
84 464 248 19
248 464 248 19
254 461 246 21
264 461 245 22
285 460 237 25
292 463 231 26
297 464 225 30
301 465 224 32
304 464 222 33
311 466 220 33
321 466 220 33
332 472 221 33
343 484 220 33
346 484 220 33
9
1 462 255 18
12 456 251 20
22 450 246 22
32 439 242 22
42 434 239 23
55 423 236 24
70 420 235 24
162 420 230 23
346 420 230 23