5
1
966 796 260 15
155
966 977 295 48
967 979 296 48
968 980 296 48
969 981 297 48
970 983 298 48
971 985 300 48
972 987 301 48
973 989 302 48
974 992 304 48
975 994 305 48
976 996 306 48
977 998 307 48
978 1000 309 48
979 1002 310 48
980 940 309 48
981 879 309 48
982 817 308 48
983 756 308 48
984 694 307 48
985 632 307 48
986 571 306 48
987 509 306 48
988 447 305 48
989 386 304 48
990 324 304 48
991 263 303 48
992 201 303 48
993 139 302 48
994 78 302 48
995 16 301 48
996 18 301 48
997 21 301 48
998 23 301 48
999 26 301 48
1000 28 302 48
1001 30 302 48
1002 33 302 48
1003 35 302 48
1004 38 302 48
1005 40 302 48
1006 43 302 48
1007 45 302 48
1008 47 303 48
1009 50 303 48
1010 52 303 48
1011 55 303 48
1012 57 303 48
1013 59 303 48
1014 61 303 47
1015 63 303 47
1016 65 303 47
1017 67 303 46
1018 69 303 46
1019 71 303 46
1020 73 304 45
1021 75 304 45
1022 77 304 45
1023 79 304 44
1024 81 304 44
1025 83 304 44
1026 85 304 43
1027 87 304 43
1028 86 304 43
1029 85 305 44
1030 84 305 44
1031 83 306 44
1032 82 306 44
1033 81 307 45
1034 80 307 45
1035 79 308 45
1036 77 308 45
1037 76 308 46
1038 75 309 46
1039 74 309 46
1040 73 310 46
1041 72 310 47
1042 71 311 47
1043 70 311 47
1044 153 315 48
1045 235 318 49
1046 318 322 50
1047 400 325 51
1048 483 329 53
1049 566 333 54
1050 648 336 55
1051 731 340 56
1052 813 343 57
1053 896 347 58
1054 887 344 58
1055 878 342 58
1056 870 339 58
1057 861 337 58
1058 852 334 58
1059 845 324 56
1060 838 313 54
1061 830 303 52
1062 823 292 50
1063 816 282 48
1064 812 282 46
1065 808 282 43
1066 805 282 41
1067 801 281 38
1068 797 281 36
1069 793 281 33
1070 792 281 33
1071 792 280 33
1072 791 280 33
1073 791 280 33
1074 790 279 33
1075 789 279 33
1076 789 278 33
1077 788 278 33
1078 789 278 32
1079 790 277 31
1080 791 277 30
1081 792 276 29
1082 793 276 29
1083 794 275 28
1084 795 275 27
1085 796 274 26
1086 797 274 25
1087 797 274 25
1088 798 273 25
1089 798 273 25
1090 798 273 25
1091 799 272 25
1092 799 272 25
1093 799 272 25
1094 800 271 25
1095 800 271 25
1096 802 271 25
1097 804 271 25
1098 806 271 25
1099 807 271 25
1100 809 271 25
1101 811 271 25
1102 812 272 25
1103 813 273 25
1104 815 274 25
1105 816 274 25
1106 817 275 25
1107 818 276 25
1108 818 276 25
1109 818 276 25
1110 818 276 25
1111 818 276 25
1112 818 276 25
1113 818 276 25
1114 818 276 25
1115 818 276 25
1116 818 276 25
1117 818 276 25
1118 818 276 25
1119 818 276 25
1120 818 276 25
175
966 614 306 47
967 613 306 47
968 612 306 47
969 611 307 47
970 610 307 47
971 609 307 47
972 607 308 47
973 606 308 47
974 605 308 47
975 603 308 47
976 602 308 47
977 600 309 47
978 599 309 48
979 597 310 48
980 596 311 48
981 594 311 49
982 591 310 49
983 589 311 49
984 587 312 49
985 585 312 49
986 583 312 49
987 581 312 49
988 579 312 49
989 574 312 49
990 568 311 49
991 563 312 49
992 562 312 49
993 560 312 49
994 557 312 49
995 554 312 49
996 551 312 49
997 550 312 49
998 548 311 49
999 545 312 49
1000 542 312 49
1001 540 313 49
1002 537 313 49
1003 534 313 49
1004 531 312 49
1005 527 312 49
1006 522 311 49
1007 517 312 49
1008 512 312 49
1009 508 312 49
1010 503 311 49
1011 499 312 49
1012 495 312 48
1013 489 312 48
1014 483 312 47
1015 481 311 47
1016 479 310 46
1017 476 310 46
1018 473 309 45
1019 471 310 45
1020 469 310 44
1021 468 310 44
1022 466 310 44
1023 464 311 44
1024 461 311 44
1025 462 311 44
1026 463 310 44
1027 464 309 44
1028 464 308 44
1029 463 307 45
1030 462 306 45
1031 458 305 45
1032 453 304 45
1033 452 304 45
1034 451 304 44
1035 449 305 44
1036 447 305 44
1037 448 306 44
1038 449 306 44
1039 449 307 44
1040 450 307 44
1041 450 307 44
1042 450 307 44
1043 450 307 44
1044 450 307 44
1045 450 307 44
1046 450 307 44
1047 451 308 44
1048 451 308 44
1049 451 308 44
1050 451 308 44
1051 451 308 44
1052 451 308 44
1053 451 308 44
1054 452 310 44
1055 452 311 44
1056 452 312 44
1057 452 312 44
1058 452 313 44
1059 452 314 44
1060 453 314 44
1061 454 314 44
1062 455 314 44
1063 457 314 44
1064 458 314 44
1065 458 314 44
1066 459 314 44
1067 459 314 44
1068 460 313 44
1069 461 313 44
1070 462 312 44
1071 464 312 44
1072 466 311 44
1073 467 310 44
1074 467 309 44
1075 467 309 44
1076 466 310 44
1077 466 310 44
1078 464 311 44
1079 462 311 44
1080 461 311 44
1081 461 312 44
1082 460 312 44
1083 459 312 44
1084 457 312 44
1085 457 312 44
1086 457 312 44
1087 456 311 44
1088 454 310 44
1089 453 310 44
1090 452 309 44
1091 451 309 44
1092 450 309 44
1093 449 309 44
1094 448 308 44
1095 448 309 44
1096 447 310 44
1097 447 311 44
1098 447 312 44
1099 447 313 44
1100 447 315 44
1101 447 317 44
1102 446 317 44
1103 444 317 44
1104 444 314 44
1105 443 310 44
1106 442 308 44
1107 441 306 44
1108 438 304 44
1109 435 301 44
1110 435 301 44
1111 434 301 44
1112 434 301 44
1113 434 302 44
1114 434 302 44
1115 433 302 44
1116 433 302 44
1117 433 302 45
1118 433 301 45
1119 433 303 46
1120 433 305 46
1121 433 306 46
1122 432 307 46
1123 432 307 46
1124 432 307 46
1125 433 306 46
1126 433 306 46
1127 433 306 46
1128 434 305 46
1129 434 304 47
1130 435 302 47
1131 435 301 47
1132 435 301 47
1133 436 301 47
1134 436 301 47
1135 438 301 47
1136 440 301 48
1137 442 301 48
1138 445 300 48
1139 449 298 48
1140 452 297 48
174
1167 495 285 48
1168 495 289 48
1169 496 293 48
1170 498 298 48
1171 503 297 48
1172 512 298 48
1173 512 298 48
1174 512 298 48
1175 516 298 48
1176 520 298 48
1177 524 298 48
1178 528 298 48
1179 531 299 48
1180 534 300 48
1181 537 300 48
1182 539 300 48
1183 539 300 48
1184 539 299 48
1185 539 299 48
1186 539 298 48
1187 539 298 48
1188 539 297 48
1189 539 297 48
1190 540 297 48
1191 541 297 48
1192 541 297 48
1193 540 296 48
1194 540 296 48
1195 540 296 48
1196 542 296 48
1197 544 295 48
1198 542 295 48
1199 540 295 48
1200 539 295 48
1201 537 295 48
1202 535 295 48
1203 534 295 47
1204 532 295 47
1205 531 295 46
1206 529 295 46
1207 526 295 46
1208 525 295 46
1209 524 295 46
1210 523 295 46
1211 522 295 46
1212 521 295 46
1213 520 295 46
1214 519 295 46
1215 518 295 45
1216 517 295 45
1217 515 295 45
1218 514 295 45
1219 513 295 44
1220 512 295 44
1221 511 295 44
1222 511 295 44
1223 512 295 44
1224 512 295 43
1225 512 295 43
1226 512 295 43
1227 513 295 43
1228 513 295 43
1229 513 295 43
1230 513 295 42
1231 514 295 42
1232 514 295 42
1233 514 294 42
1234 513 293 41
1235 513 292 41
1236 512 291 40
1237 512 290 40
1238 512 290 40
1239 512 290 40
1240 512 290 40
1241 512 290 40
1242 512 290 40
1243 512 290 40
1244 512 290 40
1245 512 290 40
1246 512 290 40
1247 512 290 40
1248 512 290 40
1249 512 290 40
1250 512 290 40
1251 512 290 40
1252 512 290 40
1253 512 290 40
1254 512 290 40
1255 512 290 40
1256 511 290 40
1257 510 289 40
1258 509 289 40
1259 509 288 41
1260 509 288 41
1261 508 287 42
1262 508 286 42
1263 508 286 42
1264 508 286 43
1265 508 286 43
1266 508 286 43
1267 508 286 44
1268 508 286 44
1269 510 286 46
1270 511 286 47
1271 511 286 47
1272 511 286 47
1273 511 286 48
1274 511 286 48
1275 511 286 48
1276 511 286 48
1277 511 286 48
1278 511 286 49
1279 511 286 49
1280 511 286 49
1281 511 286 49
1282 511 286 49
1283 511 286 49
1284 511 286 50
1285 511 286 50
1286 511 286 50
1287 512 285 51
1288 513 283 51
1289 515 280 51
1290 517 280 51
1291 519 279 51
1292 521 277 51
1293 521 277 51
1294 521 277 51
1295 522 276 52
1296 522 273 53
1297 522 273 54
1298 523 272 54
1299 523 271 54
1300 523 271 54
1301 523 271 54
1302 523 271 54
1303 523 271 54
1304 523 271 54
1305 523 271 54
1306 523 270 54
1307 523 270 55
1308 523 269 55
1309 523 269 55
1310 523 268 55
1311 523 268 56
1312 523 267 56
1313 523 266 56
1314 523 265 56
1315 523 261 56
1316 523 256 56
1317 523 256 56
1318 525 254 56
1319 527 254 56
1320 527 254 56
1321 527 254 56
1322 529 253 56
1323 529 253 56
1324 529 253 56
1325 529 253 56
1326 528 255 56
1327 526 256 56
1328 527 258 56
1329 527 259 56
1330 528 259 56
1331 528 259 56
1332 529 259 56
1333 529 259 56
1334 529 259 56
1335 529 259 56
1336 529 259 56
1337 529 259 56
1338 529 259 56
1339 529 259 56
1340 529 259 56
5
1336 124 332 21
1337 125 332 21
1338 125 332 21
1339 127 332 21
1340 128 332 21
