4
403
83 930 296 57
84 930 296 57
85 930 296 57
86 931 295 57
87 931 295 57
88 931 295 57
89 931 295 57
90 931 295 57
91 931 295 57
92 931 295 57
93 931 295 57
94 931 295 57
95 931 295 57
96 931 295 57
97 931 295 57
98 931 295 57
99 931 295 57
100 932 294 57
101 932 294 57
102 932 294 57
103 932 294 57
104 932 294 57
105 932 294 57
106 932 294 57
107 932 293 57
108 932 293 57
109 932 292 57
110 933 291 58
111 933 290 58
112 934 290 59
113 934 289 59
114 935 288 60
115 937 288 60
116 937 288 60
117 937 288 60
118 938 288 60
119 938 288 60
120 938 288 60
121 940 288 60
122 940 287 60
123 941 287 60
124 941 286 60
125 942 285 60
126 942 284 60
127 943 283 60
128 943 282 60
129 943 282 60
130 943 282 60
131 943 282 60
132 943 281 60
133 943 281 60
134 943 281 60
135 943 280 60
136 943 280 61
137 943 280 61
138 942 280 61
139 942 279 61
140 941 279 61
141 940 278 61
142 940 277 61
143 940 276 61
144 940 276 61
145 940 276 61
146 940 275 61
147 940 275 62
148 940 275 62
149 940 275 62
150 940 274 62
151 940 274 62
152 940 274 62
153 940 274 62
154 940 273 62
155 940 273 62
156 940 273 62
157 940 272 62
158 940 271 62
159 939 270 62
160 939 270 63
161 939 270 63
162 939 270 64
163 940 270 64
164 941 270 64
165 943 270 64
166 945 271 66
167 947 272 66
168 949 274 67
169 950 274 67
170 951 275 67
171 952 275 67
172 953 275 67
173 961 271 60
174 968 266 53
175 967 267 53
176 966 267 53
177 964 268 53
178 963 268 52
179 962 269 52
180 961 269 52
181 960 270 52
182 958 271 52
183 957 271 52
184 956 272 52
185 955 272 51
186 953 273 51
187 952 273 51
188 951 274 51
189 950 274 51
190 949 273 51
191 948 273 51
192 947 272 51
193 946 272 50
194 945 271 50
195 944 271 50
196 943 270 50
197 943 270 50
198 942 270 50
199 942 270 50
200 942 270 50
201 941 270 50
202 941 270 50
203 941 270 50
204 940 270 50
205 940 270 50
206 940 270 50
207 939 270 50
208 939 270 50
209 939 270 50
210 939 270 50
211 938 270 50
212 938 270 50
213 938 270 50
214 937 270 50
215 937 270 50
216 937 270 50
217 936 270 50
218 936 270 50
219 936 270 50
220 935 270 50
221 935 270 50
222 935 270 50
223 934 270 50
224 934 270 50
225 933 270 50
226 932 270 50
227 931 271 51
228 930 271 51
229 928 271 51
230 927 271 51
231 926 272 52
232 925 272 52
233 924 272 52
234 923 272 52
235 923 272 52
236 922 272 52
237 921 272 52
238 921 272 52
239 920 273 52
240 919 273 52
241 919 273 52
242 918 273 52
243 917 273 52
244 917 273 52
245 916 273 52
246 917 273 52
247 919 274 52
248 920 274 52
249 921 274 52
250 923 274 52
251 924 275 52
252 925 275 52
253 927 275 52
254 928 275 52
255 929 276 52
256 931 276 52
257 932 276 52
258 933 276 52
259 935 277 52
260 936 277 52
261 936 277 52
262 936 276 52
263 936 276 52
264 935 276 52
265 935 276 52
266 935 275 52
267 935 275 52
268 935 275 52
269 935 274 52
270 935 274 52
271 934 274 52
272 934 274 52
273 934 273 52
274 934 273 52
275 933 273 52
276 933 273 52
277 932 272 52
278 932 272 52
279 931 272 53
280 930 272 53
281 930 271 53
282 929 271 53
283 929 271 53
284 928 271 53
285 928 270 53
286 927 270 53
287 926 270 54
288 926 270 54
289 925 269 54
290 925 269 54
291 924 269 54
292 924 269 54
293 924 269 54
294 924 269 54
295 924 269 54
296 924 269 54
297 924 269 54
298 924 269 54
299 924 269 54
300 924 269 54
301 924 269 54
302 924 269 54
303 924 269 54
304 924 269 54
305 925 270 53
306 925 270 53
307 925 270 53
308 925 270 53
309 925 270 53
310 925 270 53
311 925 270 53
312 925 270 53
313 925 270 53
314 925 270 53
315 925 270 53
316 925 270 53
317 925 270 53
318 925 270 53
319 925 270 53
320 924 270 53
321 924 269 52
322 924 269 52
323 923 269 52
324 923 269 52
325 922 269 52
326 922 269 52
327 922 268 51
328 921 268 51
329 921 268 51
330 920 268 51
331 919 268 51
332 918 268 51
333 917 268 51
334 916 268 51
335 915 268 51
336 914 268 51
337 913 268 51
338 912 268 51
339 911 268 52
340 909 268 52
341 908 268 52
342 907 268 52
343 906 268 52
344 905 268 52
345 904 268 52
346 903 268 52
347 902 268 52
348 901 268 52
349 900 268 52
350 900 268 52
351 900 268 52
352 900 268 52
353 899 269 52
354 899 269 52
355 899 269 52
356 899 269 52
357 899 269 53
358 899 269 53
359 899 269 53
360 899 269 53
361 898 270 53
362 898 270 53
363 898 270 53
364 898 270 53
365 898 270 53
366 898 270 53
367 898 270 53
368 898 270 53
369 898 270 53
370 898 270 53
371 898 270 53
372 898 270 53
373 898 270 53
374 898 270 53
375 898 270 53
376 898 270 53
377 898 270 53
378 898 270 53
379 898 270 53
380 898 270 53
381 898 270 53
382 898 270 53
383 898 270 53
384 898 270 53
385 898 270 53
386 898 270 53
387 898 270 53
388 898 270 53
389 898 270 53
390 898 270 53
391 897 270 53
392 896 271 53
393 895 271 53
394 894 271 53
395 893 271 53
396 892 272 53
397 891 272 53
398 891 272 53
399 890 272 53
400 889 273 53
401 888 273 53
402 887 273 53
403 886 273 53
404 885 274 53
405 884 274 53
406 883 274 53
407 883 274 53
408 883 274 53
409 883 273 53
410 883 273 52
411 883 273 52
412 883 273 52
413 883 273 52
414 882 272 52
415 882 272 52
416 882 272 52
417 882 272 51
418 882 271 51
419 882 271 51
420 882 271 51
421 882 271 51
422 882 271 50
423 882 272 50
424 882 272 50
425 882 272 49
426 882 272 49
427 883 273 49
428 883 273 49
429 883 273 48
430 883 273 48
431 883 274 48
432 883 274 47
433 883 274 47
434 883 274 47
435 883 274 47
436 883 274 47
437 883 274 47
438 883 274 47
439 883 274 47
440 883 274 48
441 883 274 48
442 883 274 48
443 883 274 48
444 883 274 48
445 883 274 48
446 883 274 48
447 884 274 48
448 885 274 48
449 886 274 49
450 886 274 49
451 887 274 49
452 888 274 49
453 889 274 49
454 890 274 49
455 891 274 50
456 891 274 50
457 892 274 50
458 893 274 50
459 895 274 50
460 897 274 50
461 899 275 50
462 901 275 50
463 903 275 50
464 902 275 51
465 901 275 51
466 900 275 52
467 899 275 52
468 897 274 53
469 896 274 53
470 895 274 54
471 894 274 54
472 894 274 54
473 895 274 54
474 895 274 54
475 895 274 54
476 895 275 54
477 896 275 54
478 896 275 55
479 896 275 55
480 897 275 55
481 897 275 55
482 897 275 55
483 898 275 55
484 898 275 55
485 898 276 55
23
83 884 294 39
84 884 294 39
85 883 294 39
86 883 294 39
87 882 295 39
88 882 295 39
89 882 295 39
90 882 295 39
91 883 295 39
92 883 294 39
93 883 294 39
94 883 294 39
95 883 294 39
96 884 294 39
97 884 294 39
98 884 294 39
99 884 294 39
100 884 293 39
101 885 293 39
102 885 293 39
103 885 293 39
104 884 294 39
105 883 294 39
311
175 887 273 35
176 885 273 35
177 884 273 35
178 882 273 35
179 881 273 35
180 879 273 35
181 877 273 35
182 876 273 35
183 874 273 35
184 872 273 36
185 870 273 36
186 868 273 37
187 865 272 37
188 863 272 38
189 861 272 38
190 857 272 38
191 854 271 39
192 850 271 39
193 846 271 39
194 842 271 39
195 839 270 40
196 835 270 40
197 832 270 40
198 828 270 39
199 825 270 39
200 821 270 38
201 818 266 42
202 815 265 42
203 812 266 42
204 805 264 42
205 800 266 42
206 797 265 42
207 794 266 42
208 788 266 42
209 785 265 42
210 782 265 42
211 778 265 42
212 774 265 42
213 769 265 42
214 765 265 42
215 759 264 42
216 757 264 42
217 752 264 41
218 748 264 40
219 743 265 39
220 739 265 38
221 736 267 37
222 732 266 36
223 729 266 36
224 727 265 36
225 724 264 35
226 719 265 35
227 718 265 35
228 716 265 34
229 716 265 34
230 711 265 34
231 708 265 34
232 708 265 34
233 706 265 34
234 704 265 33
235 702 265 33
236 701 265 33
237 700 265 33
238 699 265 33
239 698 265 33
240 696 265 32
241 694 265 32
242 693 265 32
243 693 265 32
244 692 265 32
245 691 265 32
246 690 265 32
247 690 265 32
248 689 265 32
249 688 265 32
250 688 265 32
251 687 265 32
252 687 264 32
253 686 264 32
254 686 264 32
255 685 264 32
256 684 263 32
257 684 263 32
258 683 262 32
259 683 262 32
260 683 262 32
261 682 262 32
262 682 262 32
263 681 263 32
264 681 263 32
265 680 263 32
266 680 263 32
267 680 263 32
268 679 262 32
269 679 262 32
270 678 262 32
271 678 262 32
272 677 262 32
273 676 262 32
274 676 262 32
275 675 262 32
276 675 262 32
277 675 262 32
278 675 261 32
279 675 261 32
280 675 261 32
281 675 261 32
282 675 261 32
283 675 261 32
284 675 261 32
285 675 261 32
286 675 262 32
287 675 262 32
288 675 262 32
289 675 262 32
290 675 262 32
291 675 262 32
292 675 262 32
293 676 262 32
294 676 262 32
295 676 262 32
296 676 262 32
297 676 262 32
298 676 262 32
299 676 262 32
300 676 263 32
301 676 263 32
302 676 263 32
303 676 263 32
304 676 263 32
305 676 263 32
306 676 263 32
307 676 263 32
308 676 264 32
309 677 264 32
310 677 265 32
311 677 265 32
312 678 265 32
313 678 265 32
314 678 265 32
315 678 265 32
316 679 265 32
317 679 265 32
318 679 265 32
319 679 265 32
320 680 265 32
321 680 266 32
322 680 266 32
323 681 266 32
324 681 266 32
325 681 266 32
326 682 266 32
327 682 266 32
328 683 266 32
329 683 265 32
330 684 265 32
331 685 265 32
332 685 265 32
333 685 265 32
334 686 264 32
335 686 264 32
336 687 264 32
337 687 264 32
338 688 264 32
339 689 263 32
340 689 263 32
341 690 262 32
342 691 263 32
343 691 263 32
344 691 263 32
345 692 263 32
346 692 264 32
347 692 264 32
348 693 264 32
349 693 264 32
350 694 264 32
351 694 264 32
352 695 264 32
353 695 265 32
354 695 265 32
355 696 265 32
356 697 265 32
357 698 265 32
358 699 265 32
359 700 265 32
360 701 265 32
361 701 264 32
362 701 264 32
363 701 264 32
364 701 264 32
365 701 264 32
366 701 264 32
367 701 264 32
368 701 264 32
369 701 264 32
370 701 264 32
371 701 264 32
372 701 264 32
373 701 264 32
374 701 264 32
375 701 264 32
376 701 264 32
377 700 264 32
378 700 264 32
379 700 264 32
380 700 264 32
381 700 264 32
382 700 264 32
383 700 264 32
384 700 264 32
385 700 264 32
386 700 264 32
387 700 264 32
388 700 264 32
389 700 264 32
390 700 264 32
391 700 264 32
392 700 264 32
393 700 264 32
394 700 264 32
395 700 264 32
396 700 264 32
397 700 264 32
398 700 264 32
399 700 264 32
400 700 264 32
401 700 264 32
402 700 264 32
403 700 264 32
404 700 264 32
405 700 264 32
406 700 264 32
407 700 264 32
408 700 264 32
409 700 264 32
410 700 264 32
411 700 264 32
412 700 264 32
413 700 264 32
414 700 264 32
415 700 264 32
416 700 264 32
417 700 264 32
418 700 264 32
419 700 264 32
420 700 264 32
421 699 264 32
422 699 264 32
423 699 264 32
424 699 264 32
425 699 264 32
426 699 264 32
427 699 264 32
428 699 264 32
429 699 264 32
430 699 264 32
431 699 264 32
432 699 264 32
433 699 264 32
434 699 264 32
435 699 264 32
436 699 264 32
437 699 264 32
438 699 264 32
439 699 264 32
440 699 264 32
441 699 264 32
442 699 264 32
443 699 264 32
444 699 264 32
445 699 264 32
446 699 264 32
447 699 264 32
448 699 264 32
449 698 264 32
450 697 264 32
451 697 265 32
452 696 265 32
453 696 265 32
454 695 265 32
455 694 264 32
456 694 264 32
457 693 263 32
458 693 263 32
459 692 263 32
460 692 263 32
461 691 263 32
462 690 263 32
463 690 263 32
464 689 263 32
465 687 263 32
466 685 263 32
467 685 263 32
468 685 263 32
469 684 263 32
470 682 263 32
471 681 263 32
472 681 263 32
473 680 263 32
474 677 263 32
475 676 263 32
476 674 263 32
477 673 263 32
478 672 264 32
479 672 265 32
480 671 266 32
481 669 267 32
482 668 267 32
483 667 267 32
484 666 267 32
485 664 267 32
315
171 996 194 55
172 997 194 55
173 998 194 55
174 999 195 55
175 1000 195 55
176 1002 195 55
177 1003 195 55
178 1004 195 55
179 1005 196 55
180 1006 196 55
181 1007 196 55
182 1007 196 55
183 1007 196 55
184 1007 196 55
185 1007 196 55
186 1007 196 55
187 1007 196 55
188 1007 196 55
189 1007 196 55
190 1007 196 55
191 1007 196 55
192 1007 196 55
193 1007 196 55
194 1007 196 55
195 1007 196 55
196 1007 196 55
197 1007 196 55
198 1007 196 55
199 1007 196 55
200 1007 196 55
201 1007 196 55
202 1007 196 55
203 1007 196 55
204 1007 196 55
205 1007 196 55
206 1007 196 55
207 1007 196 55
208 1007 196 55
209 1007 196 55
210 1007 196 55
211 1007 196 55
212 1007 196 55
213 1007 196 55
214 1007 196 55
215 1007 196 55
216 1007 196 55
217 1007 196 55
218 1007 196 55
219 1007 196 55
220 1007 196 55
221 1007 196 55
222 1007 196 55
223 1007 196 55
224 1007 196 55
225 1007 196 55
226 1007 196 55
227 1007 196 55
228 1007 196 55
229 1007 196 55
230 1007 196 55
231 1007 196 55
232 1007 196 55
233 1007 196 55
234 1007 196 55
235 1007 196 55
236 1007 196 55
237 1007 196 55
238 1007 196 55
239 1007 196 55
240 1007 196 55
241 1007 196 55
242 1007 196 55
243 1007 196 55
244 1007 196 55
245 1007 196 55
246 1007 196 55
247 1007 196 55
248 1007 196 55
249 1007 196 55
250 1007 196 55
251 1007 196 55
252 1007 196 55
253 1007 196 55
254 1007 196 55
255 1007 196 55
256 1007 196 55
257 1007 196 55
258 1007 196 55
259 1007 196 55
260 1007 196 55
261 1007 196 55
262 1007 196 55
263 1007 196 55
264 1007 196 55
265 1007 196 55
266 1007 196 55
267 1007 196 55
268 1007 196 55
269 1007 196 55
270 1007 196 55
271 1007 196 55
272 1007 196 55
273 1007 196 55
274 1007 196 55
275 1007 196 55
276 1007 196 55
277 1007 196 55
278 1007 196 55
279 1007 196 55
280 1007 196 55
281 1007 196 55
282 1007 196 55
283 1007 196 55
284 1007 196 55
285 1007 196 55
286 1007 196 55
287 1007 196 55
288 1007 196 55
289 1007 196 55
290 1007 196 55
291 1007 196 55
292 1007 196 55
293 1007 196 55
294 1007 196 55
295 1007 196 55
296 1007 196 55
297 1007 196 55
298 1007 196 55
299 1007 196 55
300 1007 196 55
301 1007 196 55
302 1007 196 55
303 1007 196 55
304 1007 196 55
305 1007 196 55
306 1007 196 55
307 1007 196 55
308 1007 196 55
309 1007 196 55
310 1007 196 55
311 1007 196 55
312 1007 196 55
313 1007 196 55
314 1007 196 55
315 1007 196 55
316 1007 196 55
317 1007 196 55
318 1007 196 55
319 1007 196 55
320 1007 196 55
321 1007 196 55
322 1007 196 55
323 1007 196 55
324 1007 196 55
325 1007 196 55
326 1007 196 55
327 1007 196 55
328 1007 196 55
329 1007 196 55
330 1007 196 55
331 1007 196 55
332 1007 196 55
333 1007 196 55
334 1007 196 55
335 1007 196 55
336 1007 196 55
337 1007 196 55
338 1007 196 55
339 1007 196 55
340 1007 196 55
341 1007 196 55
342 1007 196 55
343 1007 196 55
344 1007 196 55
345 1007 196 55
346 1007 196 55
347 1007 196 55
348 1007 196 55
349 1007 196 55
350 1007 196 55
351 1007 196 55
352 1007 196 55
353 1007 196 55
354 1007 196 55
355 1007 196 55
356 1007 196 55
357 1007 196 55
358 1007 196 55
359 1007 196 55
360 1007 196 55
361 1007 196 55
362 1007 196 55
363 1007 196 55
364 1007 196 55
365 1007 196 55
366 1007 196 55
367 1007 196 55
368 1007 196 55
369 1007 196 55
370 1007 196 55
371 1007 196 55
372 1007 196 55
373 1007 196 55
374 1007 196 55
375 1007 196 55
376 1007 196 55
377 1007 196 55
378 1007 196 55
379 1007 196 55
380 1007 196 55
381 1007 196 55
382 1007 196 55
383 1007 196 55
384 1007 196 55
385 1007 196 55
386 1007 196 55
387 1007 196 55
388 1007 196 55
389 1007 196 55
390 1007 196 55
391 1007 196 55
392 1007 196 55
393 1007 196 55
394 1007 196 55
395 1007 196 55
396 1007 196 55
397 1007 196 55
398 1007 196 55
399 1007 196 55
400 1007 196 55
401 1007 196 55
402 1008 195 56
403 1009 195 57
404 1009 194 57
405 1010 194 58
406 1011 193 59
407 1011 193 59
408 1011 193 59
409 1011 193 59
410 1011 193 59
411 1011 193 59
412 1011 193 59
413 1011 193 59
414 1011 193 59
415 1011 193 59
416 1011 193 59
417 1011 193 59
418 1011 193 59
419 1011 193 59
420 1011 193 59
421 1011 193 59
422 1011 193 59
423 1011 193 59
424 1011 193 59
425 1011 193 59
426 1011 193 59
427 1011 193 59
428 1011 193 59
429 1011 193 59
430 1011 193 59
431 1011 193 59
432 1011 193 59
433 1011 193 59
434 1011 193 59
435 1011 193 59
436 1011 193 59
437 1011 193 59
438 1011 193 59
439 1011 193 59
440 1011 193 59
441 1011 193 59
442 1011 193 59
443 1011 193 59
444 1011 193 59
445 1011 193 59
446 1011 193 59
447 1011 193 59
448 1011 193 59
449 1011 193 59
450 1011 193 59
451 1011 193 59
452 1011 193 59
453 1011 193 59
454 1011 193 59
455 1011 193 59
456 1011 193 59
457 1011 193 59
458 1011 193 59
459 1011 193 59
460 1011 193 59
461 1011 193 59
462 1011 193 59
463 1011 193 59
464 1011 193 59
465 1011 193 59
466 1011 193 59
467 1011 193 59
468 1011 193 59
469 1011 193 59
470 1011 193 59
471 1011 193 59
472 1011 193 59
473 1011 193 59
474 1011 193 59
475 1011 193 59
476 1011 193 59
477 1011 193 59
478 1011 193 59
479 1011 193 59
480 1011 193 59
481 1011 193 59
482 1011 193 59
483 1011 193 59
484 1011 193 59
485 1011 193 59
