10
587
1 901 290 42
2 901 290 42
3 901 290 42
4 902 290 42
5 902 291 42
6 903 291 42
7 903 291 42
8 903 292 42
9 904 292 42
10 904 293 42
11 905 293 42
12 905 294 42
13 906 294 42
14 906 294 42
15 907 295 42
16 907 295 42
17 908 296 42
18 909 296 42
19 909 296 42
20 910 297 42
21 910 297 42
22 911 298 42
23 912 298 42
24 913 299 42
25 914 300 42
26 915 300 42
27 917 301 42
28 918 302 40
29 920 303 40
30 921 303 40
31 923 304 40
32 925 305 40
33 927 306 40
34 930 307 40
35 932 308 40
36 934 309 40
37 936 310 40
38 938 311 40
39 940 312 40
40 941 313 40
41 942 313 40
42 943 314 40
43 944 314 40
44 945 314 40
45 945 314 40
46 945 314 40
47 945 314 40
48 945 314 40
49 945 314 40
50 945 314 40
51 945 313 40
52 945 313 40
53 945 313 40
54 945 313 40
55 945 312 40
56 945 312 40
57 945 311 40
58 945 310 40
59 944 310 40
60 944 309 40
61 944 308 40
62 944 308 40
63 944 307 40
64 944 306 40
65 944 305 40
66 944 305 40
67 945 304 40
68 945 303 40
69 945 303 40
70 945 302 40
71 945 301 40
72 945 301 40
73 945 300 40
74 945 300 40
75 945 299 40
76 945 299 40
77 945 298 40
78 945 298 40
79 945 297 40
80 944 296 40
81 944 295 40
82 944 294 40
83 944 294 40
84 943 293 40
85 943 292 40
86 943 291 40
87 942 290 40
88 942 289 40
89 941 289 40
90 940 288 40
91 940 287 40
92 939 287 40
93 938 286 40
94 938 286 42
95 937 285 42
96 937 285 42
97 936 285 42
98 936 284 44
99 935 284 44
100 935 284 44
101 934 284 44
102 933 284 44
103 933 284 44
104 932 283 45
105 932 283 45
106 932 283 45
107 931 283 45
108 931 283 45
109 930 283 45
110 930 283 45
111 929 283 45
112 929 283 45
113 928 283 45
114 928 283 45
115 927 283 45
116 927 283 45
117 926 283 45
118 926 283 45
119 926 283 45
120 925 283 45
121 925 283 45
122 924 283 45
123 924 283 45
124 924 283 45
125 923 283 45
126 923 283 45
127 923 283 45
128 923 283 45
129 922 283 45
130 922 283 45
131 922 283 45
132 921 283 45
133 921 283 45
134 921 283 45
135 921 283 45
136 921 283 45
137 921 283 45
138 921 283 45
139 921 283 45
140 921 283 45
141 921 283 45
142 921 283 45
143 920 284 46
144 920 284 46
145 920 284 46
146 920 284 46
147 920 284 46
148 920 284 46
149 920 284 46
150 920 284 46
151 920 284 46
152 920 284 46
153 920 284 46
154 920 284 46
155 920 284 46
156 921 284 46
157 921 284 46
158 921 283 45
159 921 283 45
160 921 283 45
161 921 283 45
162 922 283 45
163 922 283 45
164 922 283 45
165 922 283 45
166 922 283 45
167 923 282 44
168 923 282 44
169 923 282 44
170 923 282 44
171 923 282 44
172 924 282 44
173 924 282 44
174 924 282 44
175 924 282 44
176 924 281 42
177 924 281 42
178 925 281 42
179 925 281 42
180 925 281 42
181 925 281 42
182 925 281 42
183 924 281 42
184 924 281 42
185 924 281 42
186 924 281 42
187 924 281 42
188 924 281 42
189 923 281 42
190 923 281 42
191 923 281 42
192 923 281 42
193 923 281 42
194 922 281 42
195 922 281 42
196 922 281 42
197 922 281 42
198 922 281 42
199 921 281 42
200 921 281 42
201 920 282 42
202 920 282 42
203 919 283 40
204 917 283 40
205 916 284 40
206 915 285 40
207 913 286 39
208 912 286 39
209 911 287 38
210 910 288 38
211 909 288 36
212 908 289 35
213 907 289 35
214 906 289 33
215 905 289 33
216 905 289 32
217 904 289 32
218 904 289 32
219 903 289 32
220 903 289 32
221 902 288 32
222 902 288 32
223 901 288 32
224 901 287 32
225 900 287 32
226 900 287 30
227 899 287 30
228 899 286 30
229 899 286 30
230 898 286 30
231 898 286 30
232 898 285 30
233 898 285 30
234 898 285 32
235 898 285 32
236 898 285 32
237 898 284 32
238 898 284 32
239 898 284 32
240 898 284 32
241 897 284 32
242 897 284 32
243 897 284 32
244 897 284 33
245 897 284 33
246 896 284 33
247 896 284 33
248 896 285 33
249 896 285 33
250 896 285 33
251 895 285 33
252 895 285 33
253 895 285 35
254 895 285 35
255 894 285 35
256 894 285 35
257 894 285 35
258 894 285 35
259 894 285 35
260 894 285 35
261 894 285 35
262 894 285 35
263 894 285 35
264 894 285 35
265 894 285 35
266 894 285 35
267 894 285 35
268 893 285 36
269 893 285 36
270 893 285 36
271 893 285 36
272 893 285 36
273 893 285 36
274 893 285 36
275 893 285 36
276 893 285 36
277 893 285 36
278 893 285 36
279 892 285 36
280 892 285 36
281 892 285 36
282 892 285 36
283 891 286 36
284 891 286 36
285 891 286 36
286 890 286 36
287 890 286 36
288 889 286 38
289 889 286 38
290 889 286 38
291 888 286 38
292 888 286 38
293 888 286 38
294 887 287 38
295 887 287 38
296 887 287 38
297 887 287 38
298 886 286 38
299 886 286 38
300 886 286 38
301 886 286 39
302 886 285 39
303 886 285 39
304 886 285 39
305 886 284 39
306 886 284 39
307 885 283 40
308 885 283 40
309 885 282 40
310 885 282 40
311 885 282 40
312 885 281 40
313 885 281 42
314 885 281 42
315 885 281 42
316 884 281 42
317 884 281 42
318 883 281 42
319 883 281 42
320 882 282 42
321 882 282 42
322 881 282 42
323 881 283 42
324 880 283 42
325 880 283 44
326 879 283 44
327 879 284 44
328 878 284 44
329 878 284 44
330 877 285 44
331 877 285 44
332 876 285 44
333 876 286 44
334 875 286 44
335 875 286 44
336 874 286 44
337 873 286 44
338 873 286 44
339 872 286 44
340 872 286 44
341 871 286 44
342 871 286 44
343 870 286 44
344 870 286 44
345 869 286 44
346 869 287 45
347 868 287 45
348 868 287 45
349 867 287 45
350 867 287 45
351 866 287 45
352 866 287 45
353 865 287 45
354 865 287 45
355 864 287 45
356 864 287 45
357 863 287 45
358 863 287 45
359 862 287 45
360 862 287 45
361 861 287 45
362 861 288 45
363 860 288 45
364 860 288 45
365 859 288 45
366 859 288 45
367 858 288 45
368 857 289 46
369 857 289 46
370 856 289 46
371 856 289 46
372 855 289 46
373 855 289 46
374 854 289 46
375 854 290 46
376 853 290 46
377 853 290 46
378 852 290 46
379 852 290 46
380 851 290 46
381 851 290 46
382 851 290 46
383 850 289 46
384 850 289 46
385 850 289 46
386 849 289 46
387 849 289 47
388 848 289 47
389 848 289 47
390 848 289 47
391 847 288 47
392 847 288 47
393 847 288 48
394 846 288 48
395 846 288 48
396 846 288 48
397 846 288 48
398 846 288 48
399 845 289 48
400 845 289 48
401 845 289 48
402 845 289 48
403 845 289 48
404 845 289 48
405 844 290 48
406 844 290 48
407 844 290 48
408 844 290 49
409 844 290 49
410 844 290 49
411 844 290 49
412 843 291 49
413 843 291 49
414 843 291 49
415 843 291 49
416 843 291 49
417 843 291 49
418 842 292 49
419 842 292 49
420 842 292 49
421 841 292 49
422 841 292 49
423 840 292 49
424 839 292 49
425 838 292 49
426 837 292 49
427 836 292 50
428 835 292 50
429 834 292 50
430 833 292 50
431 832 292 51
432 831 292 51
433 830 292 51
434 829 292 51
435 828 292 51
436 827 292 51
437 825 292 51
438 824 292 51
439 823 293 51
440 822 293 51
441 820 293 51
442 819 293 51
443 817 293 51
444 816 293 51
445 815 293 51
446 813 293 51
447 812 293 51
448 810 293 51
449 809 293 51
450 807 292 51
451 806 292 51
452 804 291 51
453 803 291 51
454 801 290 51
455 800 290 51
456 798 289 51
457 797 289 51
458 796 289 51
459 794 289 51
460 793 289 51
461 792 289 51
462 792 289 52
463 791 289 52
464 790 289 52
465 789 289 52
466 788 290 52
467 787 290 52
468 786 290 52
469 785 290 52
470 785 290 53
471 784 290 53
472 783 290 53
473 782 291 53
474 782 291 53
475 781 290 53
476 781 290 53
477 780 290 53
478 780 290 53
479 780 290 54
480 779 289 54
481 779 289 55
482 779 289 55
483 778 288 55
484 778 288 56
485 778 288 56
486 778 288 56
487 778 287 56
488 778 287 56
489 778 287 56
490 779 287 56
491 779 287 56
492 780 287 56
493 780 287 56
494 781 287 56
495 782 287 56
496 782 286 56
497 783 286 56
498 784 286 56
499 784 286 56
500 785 286 56
501 785 286 56
502 786 286 56
503 786 285 56
504 786 284 56
505 787 284 56
506 787 283 56
507 786 282 56
508 786 281 56
509 786 280 55
510 786 279 55
511 787 278 55
512 787 278 54
513 787 277 54
514 787 276 54
515 788 275 53
516 788 275 53
517 789 274 53
518 789 273 53
519 789 273 53
520 790 272 52
521 790 271 52
522 791 270 51
523 791 270 51
524 792 269 51
525 792 269 51
526 793 268 50
527 794 268 50
528 794 267 50
529 795 267 49
530 796 267 49
531 797 267 49
532 798 266 49
533 799 266 48
534 800 266 48
535 800 266 47
536 801 266 47
537 801 266 47
538 801 265 46
539 802 265 46
540 801 265 46
541 801 265 46
542 801 264 46
543 801 264 45
544 801 264 45
545 801 263 44
546 801 263 44
547 801 263 44
548 801 262 42
549 800 262 42
550 800 262 40
551 800 262 40
552 800 262 40
553 800 261 39
554 799 261 39
555 799 262 39
556 799 262 39
557 798 262 39
558 798 262 39
559 798 262 39
560 797 262 39
561 797 262 39
562 797 263 39
563 797 263 39
564 796 263 38
565 796 262 38
566 796 262 38
567 796 262 36
568 797 262 36
569 797 262 36
570 797 261 35
571 797 261 35
572 797 261 35
573 797 261 33
574 797 261 33
575 797 260 32
576 797 260 32
577 798 260 32
578 798 260 30
579 798 260 30
580 798 259 30
581 798 259 28
582 798 259 28
583 798 259 28
584 798 259 28
585 798 259 27
586 798 259 27
587 798 259 27
587
1 150 330 13
2 150 330 13
3 150 330 13
4 150 330 13
5 150 330 13
6 150 329 13
7 150 329 13
8 150 329 13
9 150 329 13
10 150 329 13
11 151 329 13
12 151 329 13
13 151 329 13
14 151 329 13
15 151 329 13
16 151 328 13
17 151 328 13
18 151 328 13
19 151 328 13
20 151 328 13
21 151 328 13
22 151 328 13
23 151 327 13
24 151 327 13
25 151 327 13
26 151 327 13
27 151 326 15
28 151 326 15
29 151 326 15
30 151 326 15
31 151 325 15
32 151 325 15
33 151 325 15
34 151 325 15
35 151 325 15
36 151 325 15
37 151 325 15
38 151 325 15
39 151 325 15
40 151 325 15
41 151 325 15
42 151 325 15
43 151 325 15
44 151 325 15
45 151 325 15
46 150 326 15
47 150 326 15
48 150 326 15
49 150 326 15
50 150 326 15
51 150 326 15
52 150 326 15
53 150 326 15
54 150 326 15
55 150 326 15
56 150 326 15
57 150 326 15
58 150 326 15
59 150 326 15
60 150 326 15
61 150 326 15
62 149 326 15
63 149 326 15
64 149 326 15
65 149 326 15
66 149 326 15
67 148 326 15
68 148 325 15
69 148 325 15
70 148 325 15
71 148 325 15
72 148 325 15
73 148 325 15
74 147 325 15
75 147 325 15
76 148 325 15
77 148 325 15
78 148 325 15
79 148 324 15
80 149 324 15
81 149 324 15
82 149 324 16
83 149 324 16
84 150 324 16
85 150 323 16
86 150 323 16
87 150 323 16
88 151 323 16
89 151 323 16
90 151 323 16
91 151 324 16
92 151 324 16
93 151 324 16
94 151 324 16
95 151 324 16
96 151 325 16
97 150 325 16
98 150 325 16
99 150 325 16
100 150 325 16
101 150 325 16
102 150 325 16
103 149 325 16
104 149 325 16
105 148 325 16
106 148 325 16
107 147 324 16
108 146 324 16
109 145 324 16
110 143 323 16
111 142 323 16
112 141 322 16
113 140 322 16
114 139 321 16
115 138 321 16
116 136 321 16
117 135 320 16
118 133 320 16
119 131 320 18
120 130 320 18
121 128 320 18
122 126 321 18
123 124 321 18
124 122 321 18
125 120 321 20
126 119 321 20
127 117 321 20
128 115 320 20
129 113 320 20
130 111 320 20
131 109 320 20
132 107 320 21
133 105 319 21
134 103 319 21
135 101 319 21
136 100 318 21
137 99 318 21
138 98 318 21
139 97 318 21
140 97 318 21
141 96 318 21
142 96 318 21
143 96 318 21
144 96 318 21
145 95 318 21
146 95 318 21
147 95 318 21
148 95 318 21
149 95 318 21
150 94 317 22
151 94 317 22
152 94 317 22
153 94 317 22
154 94 317 22
155 94 317 22
156 93 317 22
157 93 317 22
158 93 317 22
159 93 317 22
160 92 317 22
161 92 317 22
162 91 317 22
163 90 316 22
164 89 316 22
165 88 316 22
166 86 315 24
167 85 315 24
168 83 314 24
169 81 313 24
170 80 313 24
171 78 312 24
172 76 312 25
173 74 311 25
174 72 310 25
175 69 309 25
176 67 308 27
177 64 306 27
178 61 305 27
179 58 303 28
180 54 301 28
181 51 300 30
182 48 298 30
183 45 296 30
184 42 294 32
185 38 293 32
186 35 292 33
187 31 290 33
188 27 290 33
189 23 289 35
190 18 289 35
191 13 288 35
192 7 288 35
193 2 286 35
194 1022 285 36
195 1019 283 36
196 1019 281 36
197 1022 279 36
198 3 278 36
199 10 277 35
200 18 276 35
201 28 276 33
202 37 277 33
203 47 280 32
204 56 283 30
205 65 288 30
206 73 293 30
207 79 299 30
208 85 305 30
209 91 310 30
210 96 314 30
211 100 318 30
212 105 321 30
213 109 323 28
214 113 324 28
215 116 325 27
216 118 326 27
217 120 327 27
218 122 328 27
219 123 329 25
220 124 330 25
221 125 330 25
222 126 331 25
223 126 331 25
224 127 331 25
225 127 332 25
226 127 332 25
227 128 332 25
228 128 331 25
229 129 331 25
230 129 331 25
231 129 331 25
232 130 331 25
233 130 331 24
234 131 331 24
235 131 331 24
236 131 331 24
237 132 331 24
238 132 330 24
239 132 330 24
240 133 330 24
241 133 330 24
242 134 330 24
243 134 330 24
244 135 330 24
245 135 330 24
246 136 329 24
247 136 329 24
248 137 329 24
249 138 329 24
250 138 329 24
251 139 328 24
252 140 328 24
253 140 328 24
254 141 328 25
255 141 328 25
256 142 328 25
257 143 327 25
258 143 327 25
259 144 327 25
260 145 327 25
261 145 327 25
262 146 326 25
263 146 326 25
264 147 326 25
265 147 326 25
266 148 326 25
267 148 326 25
268 149 326 25
269 150 326 25
270 150 326 25
271 151 326 25
272 151 325 25
273 152 325 25
274 152 325 25
275 153 325 25
276 153 325 25
277 154 325 25
278 154 325 27
279 155 325 27
280 155 325 27
281 156 325 27
282 156 325 27
283 157 325 27
284 157 325 27
285 158 325 27
286 158 324 27
287 159 324 27
288 159 324 27
289 160 324 27
290 160 324 27
291 161 324 27
292 162 324 27
293 163 325 27
294 164 325 27
295 165 325 27
296 166 325 27
297 167 326 27
298 168 326 28
299 169 326 28
300 170 327 28
301 172 327 28
302 173 327 28
303 174 328 28
304 175 328 28
305 176 329 28
306 177 329 28
307 179 330 28
308 180 330 28
309 181 331 28
310 182 331 28
311 184 332 30
312 185 332 30
313 186 333 30
314 187 333 30
315 188 333 30
316 189 334 30
317 191 334 30
318 192 334 30
319 193 334 30
320 194 334 30
321 195 334 30
322 195 334 30
323 196 334 30
324 197 334 30
325 198 334 30
326 199 333 32
327 200 333 32
328 201 333 32
329 202 333 32
330 203 333 32
331 204 332 32
332 205 332 32
333 206 332 32
334 207 332 32
335 209 332 32
336 210 332 33
337 212 332 33
338 213 332 33
339 215 332 33
340 217 332 33
341 218 332 33
342 220 332 35
343 221 332 35
344 223 331 35
345 224 331 35
346 225 331 35
347 227 330 35
348 228 330 35
349 229 329 35
350 230 328 35
351 231 328 35
352 232 327 35
353 233 327 35
354 234 327 35
355 235 326 35
356 236 326 35
357 237 326 35
358 237 326 35
359 238 326 35
360 238 326 35
361 239 326 35
362 240 326 35
363 240 326 35
364 241 327 36
365 241 327 36
366 242 327 36
367 243 327 36
368 243 327 36
369 244 327 36
370 244 327 36
371 245 327 36
372 246 327 36
373 246 327 36
374 247 327 36
375 247 327 36
376 248 327 36
377 249 326 36
378 250 326 36
379 250 326 36
380 251 326 36
381 252 326 36
382 252 326 36
383 253 326 36
384 254 325 36
385 254 325 36
386 255 325 36
387 255 324 36
388 256 324 36
389 256 323 36
390 256 323 36
391 256 322 36
392 256 321 36
393 256 321 36
394 256 320 36
395 256 319 36
396 256 319 36
397 256 318 36
398 255 317 38
399 255 316 38
400 255 316 38
401 255 315 38
402 255 314 38
403 255 314 38
404 255 313 38
405 255 312 38
406 255 311 38
407 254 310 38
408 254 309 39
409 253 308 39
410 253 307 40
411 252 306 40
412 251 305 42
413 250 304 44
414 249 303 44
415 248 302 45
416 247 301 45
417 246 300 46
418 245 300 46
419 244 299 46
420 243 299 46
421 242 299 46
422 241 299 46
423 241 298 46
424 241 298 46
425 242 297 46
426 243 297 46
427 244 296 46
428 246 295 46
429 249 295 46
430 251 294 46
431 254 293 46
432 257 292 46
433 259 291 46
434 262 290 46
435 265 289 46
436 268 288 46
437 271 286 46
438 275 284 47
439 278 283 47
440 281 282 48
441 283 281 47
442 286 280 47
443 288 280 46
444 291 281 46
445 293 281 45
446 295 281 45
447 297 281 44
448 298 281 42
449 300 280 42
450 302 279 42
451 304 278 42
452 305 277 42
453 307 276 42
454 308 275 42
455 310 274 42
456 311 274 42
457 312 273 42
458 313 272 42
459 314 272 42
460 315 271 40
461 316 271 40
462 317 270 40
463 317 270 39
464 318 270 39
465 319 269 38
466 319 269 36
467 320 269 36
468 321 268 35
469 322 268 33
470 323 268 33
471 324 268 32
472 325 268 32
473 327 268 30
474 329 268 30
475 331 267 28
476 334 266 28
477 337 266 28
478 340 265 28
479 344 264 28
480 348 265 30
481 351 265 30
482 355 267 32
483 359 269 32
484 363 272 32
485 367 275 32
486 370 279 32
487 374 282 32
488 377 286 32
489 380 289 32
490 383 291 32
491 385 293 30
492 386 293 30
493 387 293 30
494 387 293 30
495 386 292 32
496 386 291 32
497 385 289 32
498 385 288 32
499 384 287 32
500 384 286 30
501 384 286 30
502 383 285 30
503 383 285 30
504 383 285 28
505 383 285 28
506 382 284 28
507 382 284 28
508 382 284 27
509 382 284 27
510 381 283 27
511 381 283 25
512 380 283 25
513 379 282 25
514 378 282 25
515 377 281 25
516 376 281 25
517 375 280 25
518 374 280 25
519 373 279 25
520 371 279 25
521 370 278 25
522 369 277 25
523 368 277 25
524 367 276 24
525 366 276 24
526 365 275 24
527 364 275 24
528 363 274 24
529 362 274 24
530 361 273 22
531 360 273 22
532 359 272 22
533 358 272 22
534 358 272 22
535 357 271 21
536 356 271 21
537 355 271 21
538 354 270 21
539 353 270 21
540 353 270 20
541 352 270 20
542 351 269 20
543 350 269 20
544 349 269 20
545 349 269 18
546 348 268 18
547 347 268 18
548 347 268 18
549 346 268 18
550 345 268 18
551 345 268 18
552 344 268 18
553 344 268 18
554 343 268 18
555 343 268 18
556 342 268 18
557 342 268 18
558 341 268 18
559 341 268 18
560 340 268 18
561 340 268 18
562 341 269 20
563 342 270 20
564 343 271 21
565 346 273 22
566 349 275 25
567 352 277 27
568 355 278 28
569 358 280 30
570 362 282 32
571 367 283 33
572 373 285 35
573 381 286 39
574 390 288 44
575 400 289 47
576 410 291 50
577 421 292 53
578 432 293 57
579 444 293 60
580 456 292 64
581 468 291 68
582 482 289 74
583 497 286 78
584 512 282 81
585 530 279 85
586 547 276 87
587 567 272 89
22
588 695 257 98
589 716 253 98
590 737 250 99
591 764 246 99
592 789 242 99
593 811 239 99
594 828 236 98
595 840 232 97
596 847 228 96
597 852 224 93
598 856 220 92
599 860 216 90
600 864 214 89
601 870 213 89
602 876 215 90
603 882 218 91
604 889 223 92
605 896 228 95
606 902 232 95
607 907 235 95
608 910 238 93
609 913 240 90
357
610 893 243 81
611 882 245 74
612 871 247 65
613 856 249 59
614 836 252 51
615 812 256 36
616 795 258 21
617 795 258 21
618 795 258 20
619 795 258 20
620 795 258 20
621 795 258 20
622 795 258 20
623 795 258 20
624 795 258 20
625 795 258 20
626 795 258 20
627 795 258 20
628 795 258 20
629 795 258 20
630 795 258 20
631 795 258 20
632 795 257 20
633 795 257 20
634 795 257 20
635 795 257 20
636 795 257 20
637 795 257 20
638 795 257 20
639 795 257 20
640 795 257 20
641 795 257 20
642 795 257 20
643 795 257 20
644 795 257 20
645 795 257 20
646 795 257 20
647 795 257 20
648 795 257 20
649 795 257 20
650 795 257 20
651 795 257 20
652 795 256 20
653 795 256 20
654 795 256 20
655 795 256 20
656 795 256 20
657 795 256 20
658 795 256 20
659 795 256 20
660 795 256 20
661 795 256 20
662 795 256 20
663 795 256 20
664 795 256 20
665 795 256 20
666 795 256 20
667 795 256 20
668 795 256 20
669 795 256 20
670 795 256 20
671 795 256 20
672 795 256 20
673 795 256 20
674 795 256 20
675 795 256 20
676 795 256 20
677 795 256 20
678 795 256 20
679 795 256 20
680 795 256 20
681 795 256 20
682 795 256 20
683 795 256 20
684 795 256 20
685 795 256 20
686 795 256 20
687 795 256 20
688 795 256 20
689 795 256 20
690 795 256 20
691 795 256 20
692 795 256 20
693 795 256 20
694 795 256 20
695 795 256 20
696 795 256 20
697 795 256 20
698 795 256 20
699 795 256 20
700 795 256 20
701 795 256 20
702 795 256 20
703 795 256 20
704 795 256 20
705 795 256 20
706 795 256 20
707 795 256 20
708 795 256 20
709 795 256 20
710 795 256 20
711 795 256 20
712 795 256 20
713 795 256 20
714 795 256 20
715 795 256 20
716 795 256 20
717 795 256 20
718 795 256 20
719 795 256 20
720 795 256 20
721 795 256 20
722 795 256 20
723 795 256 20
724 795 256 20
725 795 256 20
726 795 256 20
727 795 256 20
728 795 256 20
729 795 256 20
730 795 256 20
731 795 256 20
732 795 256 20
733 795 256 20
734 795 256 20
735 795 256 20
736 795 256 20
737 795 256 20
738 795 256 20
739 795 256 20
740 795 256 20
741 795 256 20
742 795 256 20
743 795 256 20
744 795 256 20
745 795 256 20
746 795 256 20
747 795 256 20
748 795 256 20
749 795 256 20
750 795 256 20
751 795 256 20
752 795 256 20
753 795 256 20
754 795 256 20
755 795 256 20
756 795 256 20
757 795 256 20
758 795 256 20
759 795 256 20
760 795 256 20
761 795 256 20
762 795 256 20
763 795 256 20
764 795 256 20
765 795 256 20
766 795 256 20
767 795 256 20
768 795 256 20
769 795 255 20
770 795 255 20
771 795 255 20
772 795 255 20
773 795 255 20
774 795 255 20
775 795 255 20
776 795 255 20
777 795 255 20
778 795 255 20
779 795 255 20
780 795 255 20
781 795 255 20
782 795 255 20
783 795 255 20
784 795 255 20
785 795 255 20
786 795 255 20
787 795 255 20
788 795 255 20
789 795 255 20
790 795 255 20
791 794 255 20
792 794 255 20
793 794 255 20
794 794 255 20
795 794 255 20
796 794 255 20
797 794 255 20
798 794 255 20
799 794 255 20
800 793 255 20
801 793 256 20
802 793 256 20
803 793 256 20
804 793 256 20
805 793 256 20
806 793 256 20
807 793 256 20
808 793 256 20
809 793 256 20
810 792 256 20
811 792 256 20
812 792 256 20
813 792 256 20
814 792 256 20
815 792 256 20
816 792 256 20
817 792 256 20
818 792 256 20
819 792 256 20
820 792 256 20
821 792 256 20
822 792 256 20
823 792 256 20
824 792 256 20
825 792 256 20
826 792 256 20
827 791 256 20
828 791 256 20
829 791 256 20
830 791 256 20
831 791 256 20
832 791 256 20
833 791 256 20
834 791 256 20
835 791 256 20
836 791 256 20
837 791 256 20
838 791 256 20
839 791 257 20
840 791 257 20
841 791 257 20
842 791 257 20
843 791 257 20
844 791 257 20
845 791 257 20
846 791 257 20
847 791 257 20
848 791 257 20
849 791 257 20
850 791 257 20
851 791 257 20
852 790 257 20
853 790 257 20
854 790 257 20
855 790 257 20
856 790 257 20
857 790 257 20
858 790 257 20
859 790 257 20
860 790 257 20
861 790 257 20
862 790 257 20
863 790 257 20
864 790 257 20
865 790 257 20
866 790 257 20
867 790 257 20
868 790 257 20
869 790 258 20
870 790 258 20
871 790 258 20
872 790 258 20
873 790 258 20
874 790 258 20
875 790 258 20
876 790 258 20
877 790 258 20
878 790 258 20
879 790 259 20
880 790 259 20
881 790 259 20
882 790 259 20
883 790 259 20
884 791 259 20
885 791 259 20
886 791 259 20
887 791 259 20
888 791 260 20
889 791 260 20
890 791 260 20
891 791 260 20
892 791 260 20
893 791 260 20
894 791 260 20
895 791 260 20
896 791 260 20
897 791 260 20
898 791 261 20
899 791 261 20
900 791 261 20
901 791 261 20
902 791 261 20
903 791 261 20
904 791 261 20
905 791 261 20
906 790 261 20
907 790 261 18
908 790 261 18
909 790 261 18
910 790 261 18
911 790 261 18
912 790 261 18
913 789 261 18
914 789 261 18
915 789 261 18
916 789 261 18
917 789 261 16
918 789 261 16
919 789 261 16
920 789 261 16
921 788 261 16
922 788 261 16
923 788 261 16
924 788 261 16
925 788 261 16
926 788 261 16
927 788 261 15
928 787 261 15
929 787 261 15
930 787 261 15
931 787 261 15
932 788 261 15
933 788 261 15
934 788 261 15
935 788 261 15
936 788 261 15
937 789 261 15
938 789 261 15
939 789 261 15
940 790 261 15
941 790 260 15
942 790 260 15
943 790 260 15
944 791 260 15
945 791 260 15
946 791 260 15
947 792 260 15
948 792 260 15
949 792 260 15
950 793 260 15
951 793 260 13
952 794 261 13
953 794 261 13
954 795 261 13
955 796 261 12
956 796 261 12
957 797 261 12
958 798 262 12
959 798 262 10
960 799 262 10
961 799 262 10
962 800 262 10
963 800 262 10
964 800 262 10
965 800 262 10
966 800 262 10
522
610 934 244 80
611 942 247 74
612 949 251 66
613 955 255 61
614 960 259 58
615 965 263 54
616 968 267 52
617 970 269 51
618 972 271 51
619 974 273 50
620 976 274 49
621 978 276 49
622 980 277 49
623 982 277 49
624 983 277 48
625 984 277 48
626 985 277 48
627 986 276 48
628 987 276 48
629 987 275 48
630 987 275 48
631 988 275 48
632 988 275 48
633 988 275 48
634 988 275 48
635 988 275 48
636 988 275 48
637 988 275 48
638 988 276 48
639 987 276 48
640 987 276 48
641 987 276 48
642 987 276 48
643 987 277 48
644 987 277 48
645 987 277 48
646 987 277 48
647 987 277 48
648 987 277 48
649 987 278 47
650 987 278 47
651 987 278 47
652 987 278 47
653 987 278 47
654 987 279 47
655 987 279 47
656 987 279 47
657 987 279 47
658 986 279 47
659 986 280 47
660 986 280 47
661 986 280 47
662 986 280 47
663 986 280 47
664 986 280 47
665 986 281 47
666 986 281 47
667 986 281 47
668 986 281 47
669 986 281 47
670 986 281 47
671 986 281 47
672 986 281 47
673 986 281 47
674 986 281 47
675 986 281 47
676 986 281 47
677 986 281 47
678 986 281 47
679 986 281 47
680 986 281 47
681 986 281 47
682 986 281 47
683 986 281 47
684 986 281 47
685 986 281 47
686 986 281 47
687 986 281 47
688 986 281 47
689 986 281 47
690 986 281 47
691 986 281 47
692 986 281 47
693 986 281 47
694 986 281 47
695 986 281 47
696 986 281 47
697 986 281 47
698 986 281 47
699 986 281 47
700 986 281 47
701 986 281 47
702 986 281 47
703 986 281 47
704 986 281 47
705 986 281 47
706 986 281 47
707 986 281 47
708 986 281 47
709 986 281 47
710 986 281 47
711 986 281 47
712 986 281 47
713 986 281 47
714 986 281 47
715 986 281 47
716 986 281 47
717 986 281 47
718 986 281 47
719 986 281 47
720 986 281 47
721 986 281 47
722 986 281 47
723 986 281 47
724 986 281 47
725 986 281 47
726 986 281 47
727 986 281 47
728 986 281 47
729 986 281 47
730 986 281 47
731 986 281 47
732 986 281 47
733 986 281 47
734 986 281 47
735 986 281 47
736 986 281 47
737 986 281 47
738 986 281 47
739 986 281 47
740 986 281 47
741 986 281 47
742 986 281 47
743 986 281 47
744 986 281 47
745 986 281 47
746 986 281 47
747 986 281 47
748 986 281 47
749 986 281 47
750 986 281 47
751 986 281 47
752 986 281 47
753 986 281 47
754 986 281 47
755 986 281 47
756 986 281 47
757 986 281 47
758 986 281 47
759 986 281 47
760 986 281 47
761 986 281 47
762 986 281 47
763 986 280 47
764 986 280 47
765 986 279 47
766 986 279 47
767 986 278 47
768 986 277 47
769 986 276 47
770 986 275 47
771 986 275 47
772 986 274 47
773 986 273 47
774 986 272 47
775 986 272 47
776 986 271 47
777 986 270 47
778 986 270 47
779 987 270 48
780 987 269 48
781 987 269 48
782 988 269 49
783 988 269 49
784 989 269 49
785 989 270 49
786 989 270 49
787 990 270 50
788 990 270 50
789 991 270 51
790 991 270 51
791 991 270 51
792 991 270 51
793 991 270 51
794 991 270 51
795 990 270 51
796 990 270 51
797 990 271 51
798 989 271 51
799 989 271 51
800 988 271 51
801 988 271 51
802 987 271 51
803 987 271 51
804 986 271 51
805 986 271 51
806 985 271 51
807 985 272 51
808 985 272 51
809 984 272 51
810 984 272 51
811 984 272 51
812 984 272 51
813 984 272 51
814 985 272 51
815 985 272 51
816 986 272 51
817 986 272 51
818 987 273 51
819 987 273 51
820 988 273 51
821 988 273 51
822 989 273 51
823 989 273 51
824 990 273 51
825 990 273 51
826 991 273 51
827 991 273 51
828 992 273 51
829 992 273 51
830 993 274 51
831 993 274 51
832 994 274 51
833 994 274 51
834 995 274 51
835 995 274 51
836 995 274 51
837 995 274 51
838 994 274 51
839 994 275 51
840 993 275 51
841 993 275 51
842 992 275 51
843 991 275 51
844 991 275 51
845 990 276 51
846 989 276 51
847 989 276 51
848 988 276 51
849 987 276 51
850 987 277 51
851 986 277 51
852 985 277 51
853 985 277 51
854 984 277 51
855 983 278 51
856 983 278 51
857 982 278 51
858 981 278 51
859 981 278 51
860 980 279 51
861 979 279 51
862 979 279 51
863 978 280 51
864 978 280 51
865 977 281 51
866 976 281 51
867 976 282 51
868 975 283 51
869 975 283 51
870 974 284 51
871 974 285 51
872 973 286 51
873 972 286 51
874 972 287 51
875 971 288 51
876 971 288 51
877 970 289 51
878 970 290 51
879 969 290 51
880 969 291 51
881 969 291 51
882 969 292 51
883 969 292 51
884 969 292 51
885 969 292 51
886 969 292 51
887 969 292 51
888 969 292 51
889 969 292 51
890 969 292 51
891 970 292 51
892 970 292 51
893 970 292 51
894 970 292 51
895 970 292 51
896 970 292 51
897 971 292 51
898 971 292 51
899 971 292 51
900 971 292 51
901 971 292 51
902 971 292 51
903 971 292 51
904 971 293 51
905 971 293 51
906 972 293 51
907 972 293 51
908 972 293 51
909 972 293 51
910 972 293 51
911 972 293 51
912 972 294 51
913 972 294 51
914 972 294 51
915 972 294 51
916 972 294 51
917 973 294 51
918 973 294 51
919 973 294 51
920 973 295 51
921 973 295 51
922 973 295 51
923 973 295 51
924 973 295 51
925 973 295 51
926 973 295 51
927 973 296 51
928 974 296 51
929 974 296 51
930 974 296 51
931 974 296 51
932 974 296 51
933 974 296 51
934 974 296 51
935 974 297 51
936 974 297 51
937 974 297 51
938 975 297 51
939 975 297 51
940 975 297 51
941 975 297 51
942 975 297 51
943 975 298 51
944 975 298 51
945 975 298 51
946 975 298 51
947 975 298 51
948 975 298 51
949 976 298 51
950 976 298 51
951 976 299 51
952 976 299 51
953 976 299 51
954 976 299 51
955 976 299 51
956 976 299 51
957 976 299 51
958 976 299 51
959 976 299 51
960 976 299 51
961 976 299 51
962 976 299 51
963 976 299 51
964 976 299 51
965 976 299 51
966 977 299 51
967 977 299 51
968 978 299 51
969 979 300 51
970 980 300 51
971 982 300 51
972 984 301 51
973 986 301 51
974 988 301 51
975 990 302 51
976 991 302 51
977 993 303 51
978 995 303 51
979 997 303 51
980 999 304 51
981 1001 304 51
982 1003 303 51
983 1004 303 51
984 1006 302 51
985 1007 301 51
986 1009 300 51
987 1010 298 51
988 1012 297 51
989 1013 295 51
990 1015 294 51
991 1017 293 51
992 1019 292 51
993 1022 293 51
994 2 294 51
995 6 295 51
996 11 297 51
997 16 299 51
998 20 301 51
999 25 303 51
1000 28 304 51
1001 32 304 51
1002 35 304 51
1003 37 304 51
1004 40 304 51
1005 42 303 51
1006 44 303 52
1007 46 302 52
1008 49 302 52
1009 51 301 52
1010 53 301 52
1011 55 301 52
1012 57 301 52
1013 59 300 52
1014 61 300 51
1015 62 300 51
1016 64 300 51
1017 66 300 51
1018 67 300 51
1019 69 300 51
1020 70 300 51
1021 72 301 51
1022 73 301 51
1023 75 301 50
1024 76 301 50
1025 78 301 50
1026 79 301 50
1027 80 301 50
1028 80 302 50
1029 80 302 50
1030 79 303 50
1031 77 304 50
1032 75 306 50
1033 73 307 50
1034 70 308 51
1035 67 310 51
1036 64 311 51
1037 62 313 51
1038 59 314 51
1039 56 316 51
1040 52 317 52
1041 48 319 52
1042 43 321 53
1043 35 323 53
1044 26 326 53
1045 13 328 54
1046 1023 331 55
1047 1007 334 56
1048 990 337 57
1049 973 340 58
1050 956 342 58
1051 940 344 58
1052 924 346 58
1053 910 347 58
1054 896 348 58
1055 883 346 58
1056 872 343 57
1057 862 338 57
1058 854 331 56
1059 847 324 56
1060 840 316 56
1061 833 309 55
1062 827 303 54
1063 821 297 53
1064 815 292 51
1065 810 288 50
1066 806 285 49
1067 802 283 47
1068 799 281 46
1069 797 280 44
1070 795 279 42
1071 794 279 40
1072 792 279 39
1073 791 279 39
1074 790 279 39
1075 790 278 39
1076 789 278 39
1077 789 278 39
1078 790 278 39
1079 790 277 39
1080 791 276 39
1081 792 276 39
1082 793 275 39
1083 795 274 39
1084 796 273 39
1085 797 272 39
1086 798 272 39
1087 799 271 39
1088 800 270 38
1089 800 270 38
1090 801 269 38
1091 801 268 36
1092 801 268 36
1093 801 267 35
1094 801 267 35
1095 801 267 33
1096 802 267 33
1097 803 267 33
1098 804 267 32
1099 805 268 32
1100 806 269 32
1101 808 270 32
1102 809 271 32
1103 810 272 32
1104 812 273 32
1105 813 274 32
1106 814 275 32
1107 815 276 32
1108 816 276 32
1109 818 277 32
1110 819 278 32
1111 820 278 32
1112 821 278 32
1113 822 278 32
1114 824 278 32
1115 825 277 32
1116 826 277 32
1117 827 276 32
1118 828 275 32
1119 828 275 32
1120 829 274 32
1121 829 274 32
1122 829 274 32
1123 829 274 32
1124 829 274 32
1125 829 274 32
1126 829 274 32
1127 829 274 32
1128 829 274 32
1129 829 274 32
1130 829 274 32
1131 829 274 32
486
658 556 266 33
659 557 266 33
660 557 266 33
661 558 265 33
662 559 265 33
663 560 264 33
664 561 263 33
665 562 262 33
666 563 261 33
667 565 261 33
668 566 260 33
669 567 259 33
670 568 259 33
671 570 259 35
672 571 259 35
673 573 259 35
674 574 259 35
675 576 259 36
676 577 259 36
677 579 260 38
678 580 260 38
679 582 260 38
680 583 260 39
681 585 260 39
682 586 261 39
683 587 261 39
684 588 261 40
685 589 261 40
686 590 261 40
687 591 261 39
688 592 261 39
689 593 261 39
690 594 261 39
691 594 260 39
692 595 260 39
693 596 260 39
694 597 260 39
695 597 260 38
696 598 260 38
697 599 260 38
698 599 260 38
699 600 260 38
700 601 260 39
701 601 260 39
702 602 260 39
703 602 260 39
704 603 260 39
705 603 260 39
706 604 260 39
707 604 261 40
708 605 261 40
709 605 261 40
710 606 261 40
711 606 261 40
712 607 261 40
713 607 261 42
714 608 261 42
715 608 261 42
716 609 261 42
717 609 261 42
718 610 261 42
719 610 261 42
720 610 261 44
721 611 261 44
722 611 261 44
723 611 261 44
724 612 261 44
725 612 261 44
726 612 261 44
727 613 262 45
728 613 262 45
729 613 262 45
730 613 262 45
731 614 262 45
732 614 262 45
733 614 262 45
734 615 262 45
735 615 262 46
736 615 262 46
737 616 262 46
738 616 262 46
739 616 262 46
740 616 262 46
741 616 262 46
742 616 262 46
743 616 262 46
744 616 262 46
745 616 262 46
746 616 262 46
747 616 262 46
748 616 262 46
749 616 263 46
750 616 263 46
751 616 263 46
752 616 263 46
753 616 263 46
754 616 263 46
755 616 263 46
756 616 263 46
757 616 263 46
758 616 263 46
759 617 263 47
760 617 263 47
761 617 263 47
762 617 263 47
763 617 263 47
764 617 263 47
765 617 263 47
766 617 263 47
767 617 263 47
768 617 263 47
769 617 264 47
770 617 264 47
771 617 264 47
772 617 264 47
773 617 264 48
774 617 264 48
775 617 264 48
776 617 264 48
777 617 264 48
778 617 264 48
779 617 264 48
780 617 264 48
781 617 264 48
782 617 264 48
783 618 265 48
784 618 265 48
785 618 265 48
786 618 265 48
787 618 265 48
788 618 265 48
789 618 265 48
790 618 265 48
791 619 266 48
792 619 266 48
793 619 266 48
794 619 266 48
795 619 266 49
796 619 266 49
797 619 266 49
798 619 266 49
799 620 267 49
800 620 267 49
801 620 267 49
802 620 267 49
803 620 267 49
804 620 267 49
805 620 267 49
806 620 267 49
807 620 268 49
808 621 268 49
809 621 268 49
810 621 268 49
811 621 268 49
812 621 268 49
813 621 268 49
814 621 269 49
815 621 269 49
816 621 269 49
817 621 269 49
818 621 269 49
819 621 269 49
820 621 270 49
821 621 270 49
822 621 270 49
823 621 270 49
824 621 270 49
825 621 270 49
826 621 271 49
827 621 271 49
828 621 271 49
829 621 271 49
830 621 271 49
831 621 272 49
832 621 272 49
833 621 272 49
834 621 272 49
835 621 272 49
836 621 272 49
837 622 273 49
838 622 273 49
839 622 273 49
840 622 273 49
841 622 273 49
842 622 273 49
843 622 274 49
844 622 274 49
845 622 274 49
846 622 274 49
847 622 274 49
848 622 275 49
849 622 275 49
850 622 275 49
851 622 275 49
852 622 275 49
853 622 275 49
854 622 276 49
855 622 276 49
856 622 276 49
857 622 276 49
858 622 276 49
859 622 277 49
860 622 277 49
861 622 277 49
862 622 277 49
863 622 278 49
864 622 278 49
865 622 279 49
866 621 279 49
867 621 280 49
868 621 280 49
869 621 281 49
870 621 281 49
871 621 282 49
872 621 282 49
873 620 283 49
874 620 283 49
875 620 284 49
876 620 284 49
877 620 285 49
878 620 285 49
879 620 286 49
880 619 286 49
881 619 287 49
882 619 287 49
883 619 288 49
884 620 288 49
885 620 289 49
886 620 289 49
887 620 290 49
888 621 290 49
889 621 290 49
890 621 291 49
891 622 291 49
892 622 291 49
893 622 292 49
894 623 292 49
895 623 293 50
896 623 293 50
897 624 293 50
898 624 294 50
899 624 294 50
900 625 294 50
901 625 295 50
902 625 295 50
903 626 295 51
904 626 296 51
905 626 296 51
906 626 296 51
907 627 297 51
908 627 297 51
909 627 297 51
910 627 297 51
911 627 297 51
912 627 297 51
913 627 297 51
914 627 297 51
915 627 297 51
916 627 297 51
917 627 297 51
918 627 297 51
919 626 297 52
920 626 297 52
921 626 297 52
922 626 297 52
923 626 297 52
924 626 297 52
925 626 297 52
926 626 297 52
927 626 297 53
928 626 297 53
929 626 297 53
930 626 297 53
931 626 298 53
932 625 298 53
933 625 298 53
934 625 298 53
935 625 299 53
936 625 299 53
937 624 299 53
938 624 300 53
939 624 300 53
940 624 300 53
941 623 301 53
942 623 301 53
943 623 302 53
944 623 302 53
945 623 302 53
946 622 303 53
947 622 303 53
948 622 303 53
949 622 304 53
950 621 304 53
951 621 304 53
952 621 305 53
953 621 305 53
954 620 305 53
955 620 306 53
956 619 306 53
957 619 306 53
958 618 307 53
959 617 307 53
960 616 307 53
961 615 307 53
962 614 308 53
963 613 308 53
964 612 308 53
965 612 309 53
966 611 309 53
967 610 309 53
968 609 309 53
969 608 310 53
970 607 310 53
971 606 310 53
972 605 311 53
973 603 311 53
974 602 311 53
975 600 312 53
976 598 312 53
977 596 313 53
978 594 313 53
979 592 314 53
980 590 314 53
981 588 315 53
982 586 315 53
983 583 316 53
984 581 316 54
985 579 316 54
986 577 317 54
987 574 317 54
988 572 317 54
989 569 318 54
990 567 318 54
991 564 318 54
992 562 318 54
993 559 319 54
994 556 319 54
995 553 319 54
996 551 319 54
997 548 319 54
998 545 319 54
999 542 319 54
1000 539 319 54
1001 535 319 54
1002 532 319 54
1003 529 319 54
1004 526 319 54
1005 523 319 54
1006 519 319 54
1007 515 319 53
1008 511 319 53
1009 507 319 53
1010 503 320 53
1011 499 320 53
1012 495 320 53
1013 491 320 52
1014 487 320 52
1015 484 320 52
1016 480 319 51
1017 477 319 51
1018 474 319 51
1019 471 319 51
1020 468 318 51
1021 465 318 51
1022 463 317 51
1023 460 317 51
1024 458 316 51
1025 456 315 51
1026 455 315 51
1027 454 314 51
1028 453 313 51
1029 452 312 51
1030 451 311 51
1031 451 310 51
1032 450 310 51
1033 449 310 51
1034 449 310 51
1035 448 311 51
1036 447 312 51
1037 447 314 51
1038 446 315 51
1039 446 316 51
1040 446 317 50
1041 446 318 50
1042 446 318 51
1043 446 318 51
1044 446 318 51
1045 446 317 51
1046 446 317 51
1047 446 317 51
1048 447 317 51
1049 447 316 51
1050 447 316 51
1051 447 316 51
1052 447 316 51
1053 447 316 51
1054 447 316 51
1055 447 316 51
1056 448 316 51
1057 449 316 51
1058 450 317 51
1059 451 317 51
1060 452 317 51
1061 454 318 51
1062 455 318 51
1063 456 318 51
1064 458 318 51
1065 459 318 52
1066 460 318 52
1067 461 318 52
1068 462 318 52
1069 463 318 52
1070 464 318 52
1071 464 318 52
1072 465 318 52
1073 465 318 52
1074 465 318 52
1075 464 318 52
1076 464 318 52
1077 463 318 52
1078 462 319 51
1079 461 319 51
1080 459 319 51
1081 458 318 52
1082 457 318 52
1083 455 318 52
1084 454 318 52
1085 453 318 52
1086 452 318 53
1087 452 318 53
1088 451 318 53
1089 450 318 53
1090 450 318 53
1091 449 319 53
1092 449 320 53
1093 448 321 53
1094 447 322 52
1095 447 323 52
1096 446 323 51
1097 445 324 51
1098 445 324 51
1099 444 323 51
1100 443 323 51
1101 443 322 51
1102 442 320 51
1103 440 319 51
1104 439 318 51
1105 438 316 51
1106 436 315 52
1107 435 314 53
1108 434 313 53
1109 433 312 53
1110 433 311 53
1111 432 311 53
1112 432 310 53
1113 432 310 53
1114 432 310 53
1115 431 310 53
1116 431 310 53
1117 431 311 53
1118 431 311 53
1119 431 311 53
1120 431 311 53
1121 431 311 54
1122 431 311 54
1123 431 311 54
1124 431 310 55
1125 430 309 55
1126 430 308 55
1127 430 308 55
1128 430 307 55
1129 431 307 55
1130 431 306 55
1131 432 306 55
1132 433 306 55
1133 434 306 55
1134 435 306 55
1135 436 306 55
1136 438 305 55
1137 439 305 55
1138 440 305 55
1139 442 304 56
1140 443 303 56
1141 443 302 56
1142 444 302 56
1143 444 302 56
352
1167 503 294 50
1168 504 294 50
1169 505 295 51
1170 507 296 51
1171 510 296 51
1172 513 297 52
1173 516 298 53
1174 518 299 53
1175 521 299 53
1176 524 300 53
1177 526 301 53
1178 528 302 53
1179 530 302 53
1180 532 303 53
1181 534 303 53
1182 535 303 53
1183 536 303 53
1184 537 303 53
1185 538 302 53
1186 538 301 53
1187 539 300 53
1188 539 300 53
1189 539 299 53
1190 539 299 53
1191 539 300 53
1192 539 300 53
1193 539 300 53
1194 539 301 53
1195 538 301 53
1196 538 301 52
1197 537 301 52
1198 537 301 52
1199 536 301 52
1200 535 301 52
1201 534 300 52
1202 534 300 52
1203 532 300 52
1204 531 300 52
1205 530 300 52
1206 529 301 51
1207 527 301 51
1208 526 302 51
1209 524 302 51
1210 523 303 51
1211 521 303 51
1212 520 303 51
1213 519 304 51
1214 518 304 51
1215 517 304 50
1216 516 304 50
1217 515 304 50
1218 514 304 50
1219 513 304 50
1220 513 304 50
1221 512 304 49
1222 511 304 49
1223 511 304 49
1224 510 303 49
1225 510 303 49
1226 510 303 49
1227 510 302 49
1228 510 302 49
1229 510 302 49
1230 510 301 49
1231 510 301 49
1232 510 300 49
1233 510 300 49
1234 510 299 49
1235 510 299 49
1236 510 298 49
1237 510 298 49
1238 509 297 49
1239 509 297 49
1240 509 296 49
1241 509 296 49
1242 509 295 48
1243 509 294 48
1244 509 294 48
1245 508 293 48
1246 508 293 48
1247 508 293 48
1248 508 293 48
1249 508 293 48
1250 508 293 49
1251 508 293 49
1252 508 293 49
1253 508 293 49
1254 508 293 49
1255 508 293 49
1256 508 293 49
1257 508 294 49
1258 508 293 49
1259 508 293 49
1260 508 293 49
1261 509 293 50
1262 509 293 50
1263 509 292 50
1264 509 292 50
1265 509 291 50
1266 509 291 50
1267 510 291 51
1268 510 290 51
1269 510 290 51
1270 511 290 51
1271 511 290 51
1272 511 289 51
1273 512 289 51
1274 512 289 51
1275 512 289 51
1276 513 289 51
1277 513 288 52
1278 514 288 52
1279 514 288 52
1280 515 287 53
1281 515 287 53
1282 516 286 53
1283 516 286 53
1284 517 285 53
1285 517 285 53
1286 518 284 54
1287 518 284 54
1288 519 283 55
1289 519 283 55
1290 520 282 56
1291 520 281 56
1292 521 280 56
1293 521 279 56
1294 522 278 57
1295 522 278 57
1296 523 277 58
1297 523 276 58
1298 523 275 58
1299 524 274 58
1300 524 273 59
1301 524 272 59
1302 523 270 60
1303 523 269 60
1304 523 268 60
1305 523 268 60
1306 523 267 60
1307 523 266 60
1308 523 266 60
1309 523 266 61
1310 523 265 61
1311 524 265 61
1312 524 265 61
1313 524 265 61
1314 524 264 61
1315 524 264 61
1316 524 263 61
1317 525 263 61
1318 525 262 61
1319 525 261 61
1320 526 260 60
1321 526 259 60
1322 526 259 60
1323 526 258 60
1324 527 258 60
1325 527 257 60
1326 527 257 60
1327 526 257 59
1328 526 257 59
1329 526 257 59
1330 526 257 59
1331 526 257 59
1332 526 257 59
1333 527 257 59
1334 527 257 59
1335 527 257 59
1336 527 258 59
1337 527 258 59
1338 527 258 59
1339 528 258 59
1340 528 258 59
1341 528 258 59
1342 528 258 59
1343 528 258 59
1344 529 257 59
1345 529 257 59
1346 529 257 59
1347 529 257 59
1348 529 257 59
1349 530 256 59
1350 530 256 59
1351 530 256 59
1352 531 256 59
1353 531 256 59
1354 531 256 59
1355 532 256 59
1356 532 255 59
1357 532 255 59
1358 533 255 59
1359 533 255 59
1360 534 255 59
1361 534 255 59
1362 535 255 59
1363 535 255 59
1364 535 254 59
1365 536 254 59
1366 536 254 59
1367 537 254 59
1368 538 254 59
1369 538 255 59
1370 539 255 59
1371 540 255 59
1372 541 255 59
1373 542 256 59
1374 543 256 59
1375 544 257 59
1376 545 257 59
1377 546 257 59
1378 548 257 59
1379 549 257 59
1380 551 257 59
1381 553 256 59
1382 555 256 59
1383 557 255 59
1384 559 255 59
1385 561 254 59
1386 562 254 59
1387 564 253 59
1388 565 253 59
1389 566 253 59
1390 568 252 59
1391 569 252 59
1392 570 252 59
1393 571 252 59
1394 572 252 59
1395 573 252 59
1396 573 252 59
1397 574 252 59
1398 575 252 59
1399 576 253 59
1400 577 253 59
1401 577 253 59
1402 578 254 59
1403 579 254 59
1404 580 255 59
1405 580 256 59
1406 581 256 59
1407 582 257 59
1408 582 258 58
1409 583 259 58
1410 584 259 58
1411 585 260 58
1412 586 261 58
1413 587 262 58
1414 589 262 58
1415 590 263 58
1416 592 264 58
1417 594 265 58
1418 595 266 58
1419 597 266 58
1420 598 267 58
1421 599 268 58
1422 600 269 58
1423 601 269 58
1424 602 270 58
1425 603 271 58
1426 603 272 58
1427 604 273 58
1428 605 274 58
1429 605 274 58
1430 606 275 58
1431 606 276 58
1432 606 277 58
1433 606 278 58
1434 606 279 58
1435 606 280 58
1436 606 281 58
1437 606 282 58
1438 606 283 58
1439 605 283 58
1440 605 284 58
1441 605 285 58
1442 605 286 58
1443 605 287 58
1444 605 288 58
1445 605 290 59
1446 605 291 59
1447 605 293 59
1448 605 294 60
1449 606 296 60
1450 606 297 60
1451 606 299 61
1452 607 300 61
1453 608 302 61
1454 609 303 62
1455 609 305 62
1456 610 306 62
1457 611 307 62
1458 613 309 62
1459 614 310 62
1460 615 310 62
1461 616 311 62
1462 616 311 62
1463 617 310 62
1464 618 310 62
1465 618 309 62
1466 619 308 62
1467 619 307 62
1468 619 307 62
1469 619 307 62
1470 619 307 62
1471 618 307 62
1472 617 307 62
1473 616 308 62
1474 615 308 62
1475 614 309 62
1476 612 309 62
1477 611 309 62
1478 610 309 62
1479 609 308 62
1480 608 307 62
1481 606 306 62
1482 605 305 62
1483 603 304 63
1484 600 304 63
1485 598 303 63
1486 595 303 63
1487 591 303 64
1488 587 303 65
1489 583 303 65
1490 579 303 65
1491 574 303 66
1492 568 302 67
1493 563 302 67
1494 556 302 68
1495 550 302 69
1496 543 302 72
1497 536 301 74
1498 528 301 76
1499 521 301 78
1500 513 301 80
1501 506 301 81
1502 498 301 82
1503 491 301 82
1504 483 301 81
1505 476 301 81
1506 469 301 80
1507 462 301 79
1508 456 301 79
1509 450 301 78
1510 444 302 78
1511 439 302 77
1512 434 302 76
1513 429 302 75
1514 423 302 74
1515 419 302 72
1516 414 301 70
1517 412 301 70
1518 410 301 69
65
1317 114 335 21
1318 114 335 21
1319 114 335 21
1320 115 335 22
1321 115 335 22
1322 116 335 22
1323 116 335 22
1324 117 335 22
1325 117 335 22
1326 118 335 24
1327 119 335 24
1328 119 335 24
1329 120 335 24
1330 121 336 24
1331 122 336 24
1332 123 336 24
1333 124 337 24
1334 125 337 24
1335 126 337 24
1336 127 337 24
1337 128 337 24
1338 130 337 24
1339 131 337 24
1340 133 337 25
1341 134 337 25
1342 136 337 25
1343 137 337 25
1344 139 336 25
1345 140 336 27
1346 142 335 27
1347 143 335 27
1348 145 334 27
1349 146 333 27
1350 147 332 27
1351 149 331 28
1352 150 330 28
1353 151 329 28
1354 153 328 28
1355 154 328 28
1356 155 327 28
1357 156 327 28
1358 157 327 30
1359 159 327 30
1360 160 326 30
1361 161 326 30
1362 162 326 32
1363 163 326 32
1364 164 326 32
1365 166 326 32
1366 167 326 32
1367 168 325 32
1368 169 325 32
1369 171 325 33
1370 172 325 33
1371 173 324 33
1372 175 324 33
1373 176 324 33
1374 177 323 33
1375 178 323 33
1376 180 322 35
1377 181 321 35
1378 182 321 35
1379 184 320 36
1380 185 319 38
1381 186 318 39
137
1382 193 312 47
1383 194 311 48
1384 195 311 49
1385 195 311 49
1386 196 311 49
1387 197 311 49
1388 197 310 49
1389 198 310 49
1390 198 310 49
1391 199 310 50
1392 199 310 50
1393 199 309 50
1394 199 309 50
1395 199 309 50
1396 200 308 50
1397 200 308 50
1398 200 307 50
1399 200 307 50
1400 200 306 50
1401 200 306 50
1402 200 305 50
1403 200 305 50
1404 200 304 50
1405 200 304 50
1406 200 303 50
1407 199 303 50
1408 199 302 50
1409 199 302 51
1410 199 301 51
1411 198 301 51
1412 198 300 51
1413 198 300 51
1414 198 299 51
1415 198 298 51
1416 198 298 51
1417 199 297 51
1418 199 297 51
1419 200 296 50
1420 201 295 50
1421 202 295 49
1422 203 294 49
1423 203 294 49
1424 204 293 49
1425 204 293 49
1426 205 293 49
1427 205 292 49
1428 205 292 49
1429 206 292 50
1430 206 292 50
1431 206 292 50
1432 207 292 50
1433 207 292 50
1434 207 291 51
1435 208 291 51
1436 208 291 51
1437 209 291 51
1438 210 291 51
1439 211 291 51
1440 212 291 51
1441 213 292 51
1442 214 292 51
1443 215 292 51
1444 216 292 51
1445 217 292 51
1446 218 292 51
1447 219 293 51
1448 220 293 51
1449 221 293 51
1450 222 293 51
1451 223 293 51
1452 224 293 51
1453 224 293 51
1454 225 293 51
1455 226 293 51
1456 228 293 51
1457 229 293 51
1458 230 293 51
1459 231 293 51
1460 232 293 51
1461 233 292 51
1462 234 292 51
1463 235 292 51
1464 236 291 51
1465 237 290 51
1466 239 288 50
1467 242 285 50
1468 245 282 49
1469 249 277 49
1470 253 273 49
1471 258 269 48
1472 262 265 48
1473 265 262 47
1474 269 260 47
1475 271 259 46
1476 272 258 46
1477 273 258 46
1478 273 258 46
1479 273 258 45
1480 272 258 45
1481 270 258 44
1482 268 258 44
1483 265 259 42
1484 262 260 42
1485 258 261 40
1486 255 263 40
1487 252 264 40
1488 249 265 39
1489 246 267 39
1490 244 268 39
1491 242 268 39
1492 241 269 39
1493 239 269 38
1494 238 269 38
1495 237 269 38
1496 236 269 39
1497 235 268 39
1498 234 268 39
1499 233 268 40
1500 232 268 40
1501 231 267 42
1502 230 267 42
1503 230 267 44
1504 229 267 44
1505 229 267 44
1506 229 267 45
1507 229 267 45
1508 229 267 45
1509 229 267 45
1510 229 267 44
1511 230 267 44
1512 230 267 44
1513 232 268 45
1514 238 270 47
1515 247 272 50
1516 256 274 53
1517 264 276 56
1518 272 278 58
79
1519 323 290 85
1520 332 291 90
1521 337 292 95
1522 340 292 97
1523 341 292 98
1524 341 291 99
1525 339 291 99
1526 337 290 99
1527 335 289 99
1528 333 287 98
1529 330 286 97
1530 328 285 96
1531 325 283 95
1532 323 283 93
1533 321 282 92
1534 320 281 91
1535 319 281 90
1536 318 281 89
1537 318 282 88
1538 318 282 88
1539 317 282 87
1540 317 282 86
1541 317 282 85
1542 317 282 84
1543 317 281 81
1544 317 280 79
1545 317 280 77
1546 317 279 75
1547 316 279 73
1548 316 279 72
1549 316 279 70
1550 315 280 69
1551 314 281 68
1552 313 281 68
1553 312 282 67
1554 311 283 67
1555 310 283 66
1556 309 282 66
1557 308 282 65
1558 306 281 65
1559 305 279 64
1560 304 278 63
1561 302 278 63
1562 301 277 62
1563 300 277 61
1564 299 276 60
1565 298 276 60
1566 296 277 60
1567 295 277 59
1568 294 277 59
1569 293 277 58
1570 292 277 58
1571 291 276 58
1572 290 276 58
1573 289 276 58
1574 288 276 57
1575 287 276 57
1576 286 275 57
1577 285 275 56
1578 285 275 56
1579 284 275 56
1580 284 275 56
1581 283 275 55
1582 283 275 55
1583 282 275 54
1584 282 274 54
1585 282 274 53
1586 281 274 53
1587 281 274 53
1588 281 274 53
1589 280 274 53
1590 280 274 53
1591 280 274 53
1592 280 274 53
1593 280 274 53
1594 280 274 53
1595 280 274 53
1596 280 274 53
1597 280 274 53
