4
7
1 908 282 65
246 908 282 65
377 849 284 65
403 849 284 65
468 792 275 65
547 792 275 65
971 792 275 65
23
1 164 305 65
102 164 305 65
150 97 318 65
185 36 282 65
207 77 302 65
231 139 327 65
272 139 327 65
345 233 326 65
396 233 326 65
437 272 286 65
465 325 265 65
549 325 265 65
578 440 288 65
587 581 248 65
591 763 188 65
601 877 174 65
613 968 275 65
814 968 275 65
948 968 275 65
1002 38 299 65
1042 38 299 65
1066 777 264 65
1134 777 264 65
30
487 599 261 65
533 599 261 65
549 548 266 65
571 517 269 65
681 517 269 65
693 589 262 65
847 589 262 65
889 617 277 65
935 625 286 65
977 602 302 65
993 558 308 65
1011 498 306 65
1032 453 297 65
1080 457 298 65
1105 440 299 65
1127 436 294 65
1136 436 294 65
1172 436 294 65
1181 534 286 65
1249 512 283 65
1289 512 283 65
1305 521 260 65
1358 521 260 65
1397 574 247 65
1432 605 271 65
1462 617 296 65
1485 591 290 65
1502 504 290 65
1516 414 293 65
1517 414 293 65
10
1320 100 328 65
1358 147 315 65
1386 194 303 65
1406 213 278 65
1440 237 275 65
1478 260 274 65
1489 261 272 65
1516 261 272 65
1518 295 266 65
1597 295 266 65