10
143
1 86 313 99
2 85 313 99
3 83 313 99
4 79 313 99
5 75 313 99
6 70 313 99
7 65 312 99
8 60 312 99
9 55 312 99
10 50 311 99
11 45 311 99
12 40 311 99
13 35 311 99
14 30 310 99
15 25 310 99
16 21 310 99
17 17 309 99
18 12 309 99
19 8 308 99
20 5 307 99
21 1 306 99
22 1021 305 99
23 1017 304 99
24 1013 304 99
25 1010 303 99
26 1006 302 99
27 1002 302 99
28 999 301 99
29 996 301 99
30 993 301 99
31 990 300 99
32 987 300 98
33 984 300 98
34 982 299 98
35 980 299 97
36 977 299 96
37 975 298 96
38 973 298 95
39 971 298 93
40 969 297 92
41 967 297 92
42 965 297 91
43 963 297 90
44 962 297 90
45 960 296 89
46 958 296 88
47 956 296 87
48 955 296 87
49 953 296 86
50 951 296 85
51 949 296 84
52 947 296 82
53 944 296 81
54 942 296 80
55 940 296 79
56 939 296 78
57 937 296 77
58 935 296 77
59 934 296 76
60 933 297 76
61 932 297 75
62 931 296 75
63 930 296 75
64 929 296 75
65 929 296 75
66 928 296 75
67 928 296 75
68 927 295 75
69 927 295 75
70 927 295 75
71 927 295 75
72 926 294 74
73 926 294 74
74 926 294 74
75 926 294 74
76 926 294 74
77 926 294 74
78 926 294 74
79 926 294 74
80 925 294 75
81 925 294 75
82 925 294 75
83 925 294 75
84 925 294 75
85 925 294 75
86 925 294 75
87 925 294 75
88 925 294 75
89 925 294 75
90 925 294 75
91 925 295 75
92 925 295 75
93 925 295 75
94 925 295 75
95 925 295 75
96 925 295 75
97 925 294 75
98 925 294 75
99 925 294 75
100 925 294 75
101 925 294 75
102 926 294 75
103 926 294 74
104 926 294 74
105 926 294 74
106 926 294 74
107 926 294 74
108 926 294 74
109 926 294 74
110 926 294 74
111 926 294 74
112 926 293 74
113 927 293 74
114 927 293 74
115 927 293 74
116 927 293 73
117 927 292 73
118 927 292 73
119 928 292 73
120 928 292 73
121 928 291 73
122 928 291 73
123 928 291 73
124 929 290 73
125 929 289 73
126 930 289 74
127 930 288 74
128 930 287 75
129 931 287 75
130 931 286 75
131 931 286 76
132 931 286 76
133 931 285 76
134 930 285 77
135 930 285 77
136 930 284 77
137 930 284 78
138 930 283 78
139 930 282 78
140 930 281 79
141 930 280 79
142 931 279 79
143 931 278 79
71
144 937 270 77
145 937 269 76
146 938 269 76
147 938 268 76
148 938 267 76
149 938 267 76
150 938 266 76
151 938 266 75
152 938 266 75
153 938 265 75
154 937 265 75
155 938 264 75
156 938 264 75
157 938 263 75
158 938 263 75
159 938 263 76
160 939 263 76
161 939 263 76
162 940 263 77
163 941 263 77
164 941 263 78
165 942 263 78
166 943 264 79
167 944 264 79
168 945 265 80
169 946 265 80
170 947 265 81
171 948 265 82
172 950 265 84
173 951 264 85
174 951 264 85
175 952 264 86
176 952 263 87
177 952 263 88
178 951 262 88
179 951 262 89
180 950 262 90
181 949 262 91
182 948 262 93
183 948 262 95
184 947 262 96
185 946 262 97
186 945 262 97
187 944 261 98
188 942 261 98
189 941 261 99
190 940 261 99
191 938 260 99
192 937 260 99
193 936 259 99
194 934 259 99
195 933 258 99
196 932 257 99
197 930 256 99
198 929 256 99
199 928 255 99
200 926 255 99
201 925 255 99
202 923 255 99
203 922 255 99
204 920 255 99
205 919 255 99
206 917 255 99
207 916 255 99
208 915 255 99
209 914 255 99
210 913 255 99
211 911 255 98
212 910 255 97
213 908 255 95
214 905 256 92
478
215 952 251 89
216 955 250 89
217 957 250 88
218 958 250 88
219 959 250 88
220 960 250 88
221 960 250 88
222 960 250 88
223 960 250 88
224 959 250 88
225 959 250 89
226 959 250 89
227 959 250 89
228 958 250 90
229 958 250 90
230 957 250 91
231 957 250 91
232 956 250 91
233 955 250 91
234 954 249 92
235 954 249 92
236 953 249 92
237 952 249 92
238 951 248 92
239 951 248 92
240 951 248 92
241 951 248 92
242 951 248 92
243 951 248 91
244 952 249 91
245 952 249 91
246 953 249 91
247 953 249 90
248 954 249 90
249 954 250 90
250 955 250 90
251 956 250 90
252 957 251 90
253 957 251 90
254 958 251 90
255 959 252 90
256 959 252 90
257 960 252 90
258 960 252 90
259 960 253 90
260 960 253 90
261 960 253 90
262 960 253 90
263 960 253 90
264 960 253 91
265 960 253 91
266 960 253 91
267 960 253 91
268 960 253 91
269 960 253 91
270 960 253 91
271 960 253 91
272 959 253 91
273 959 253 92
274 959 253 92
275 959 254 92
276 959 254 92
277 959 254 92
278 959 254 92
279 959 254 93
280 960 254 93
281 960 254 93
282 960 255 93
283 960 255 93
284 960 254 93
285 961 254 93
286 961 254 93
287 962 254 93
288 962 254 93
289 962 254 93
290 963 254 93
291 963 255 93
292 963 255 93
293 963 255 93
294 963 256 95
295 964 256 95
296 964 257 95
297 964 257 95
298 964 257 95
299 964 257 95
300 964 257 95
301 964 256 95
302 964 256 95
303 964 255 93
304 964 255 93
305 964 254 92
306 964 254 92
307 963 253 91
308 963 252 91
309 962 252 90
310 962 251 89
311 961 250 88
312 960 249 87
313 959 249 87
314 959 248 86
315 958 248 86
316 957 247 85
317 956 247 85
318 955 247 85
319 954 247 85
320 953 246 85
321 952 246 85
322 951 246 85
323 950 246 85
324 950 246 86
325 949 246 86
326 949 246 86
327 949 246 86
328 948 246 86
329 948 246 87
330 948 247 87
331 948 247 87
332 947 247 87
333 947 247 87
334 947 247 88
335 947 247 88
336 947 247 88
337 946 247 88
338 946 247 88
339 946 247 89
340 945 247 89
341 945 247 89
342 944 247 89
343 944 247 89
344 943 247 90
345 942 247 90
346 942 247 90
347 941 247 91
348 940 247 91
349 939 247 91
350 938 247 92
351 937 247 92
352 936 247 92
353 936 247 93
354 935 246 93
355 935 246 95
356 934 245 95
357 934 245 96
358 934 244 96
359 934 243 97
360 934 243 97
361 935 242 97
362 935 241 98
363 935 241 98
364 936 240 98
365 936 239 99
366 936 238 99
367 936 238 99
368 937 237 99
369 937 237 99
370 937 236 99
371 937 236 99
372 938 235 99
373 938 235 99
374 938 235 99
375 938 234 99
376 938 234 99
377 939 234 99
378 939 233 99
379 939 233 99
380 939 232 99
381 939 232 99
382 939 231 99
383 939 231 99
384 939 230 99
385 938 230 99
386 938 229 99
387 938 229 99
388 938 228 99
389 937 228 99
390 937 228 99
391 937 227 99
392 936 227 99
393 936 227 99
394 936 227 99
395 936 226 99
396 935 226 99
397 935 226 99
398 935 226 99
399 935 226 99
400 934 225 99
401 935 225 99
402 935 225 99
403 935 225 99
404 936 225 99
405 937 225 99
406 938 225 99
407 939 225 99
408 940 225 99
409 941 225 99
410 942 225 99
411 943 225 99
412 944 225 99
413 945 225 99
414 946 225 99
415 947 225 99
416 948 225 99
417 948 225 99
418 949 225 99
419 949 225 99
420 950 225 99
421 950 225 99
422 950 225 99
423 950 226 99
424 951 226 99
425 951 226 99
426 951 226 99
427 952 226 99
428 952 227 99
429 953 227 99
430 953 227 99
431 954 227 99
432 954 228 99
433 955 228 99
434 955 228 99
435 956 229 99
436 956 229 99
437 956 229 99
438 957 229 99
439 957 229 99
440 957 229 99
441 957 229 99
442 957 229 99
443 957 229 99
444 957 229 99
445 958 229 99
446 958 229 99
447 958 229 99
448 958 229 99
449 958 229 99
450 958 229 99
451 958 229 99
452 959 229 99
453 959 229 99
454 959 229 99
455 959 229 99
456 960 229 99
457 960 229 99
458 960 229 99
459 960 229 99
460 960 229 99
461 961 229 99
462 961 229 99
463 961 229 99
464 961 229 99
465 961 229 99
466 961 229 99
467 961 229 99
468 960 229 99
469 960 229 99
470 960 229 99
471 960 229 99
472 959 229 99
473 959 229 99
474 959 229 99
475 959 229 99
476 959 229 99
477 959 229 99
478 959 229 99
479 959 229 99
480 959 228 99
481 958 228 99
482 958 228 99
483 958 228 99
484 958 228 99
485 958 228 99
486 958 228 99
487 958 228 99
488 958 228 99
489 958 228 99
490 958 228 99
491 958 228 99
492 958 228 99
493 958 228 99
494 958 228 99
495 958 228 99
496 958 228 99
497 958 228 99
498 958 228 99
499 958 228 99
500 958 228 99
501 958 228 99
502 958 228 99
503 958 229 99
504 958 229 99
505 958 229 99
506 958 229 99
507 958 229 99
508 958 229 99
509 958 229 99
510 959 229 99
511 959 229 99
512 959 230 99
513 960 230 99
514 960 230 99
515 961 230 99
516 961 230 99
517 962 230 99
518 963 230 99
519 964 230 99
520 965 229 99
521 966 229 99
522 967 229 99
523 968 229 99
524 968 229 99
525 969 229 99
526 970 228 99
527 971 228 99
528 972 229 99
529 973 229 99
530 974 229 99
531 975 230 99
532 976 230 99
533 978 230 99
534 979 231 99
535 980 231 99
536 981 231 99
537 982 231 99
538 984 230 99
539 985 230 99
540 986 229 99
541 988 229 99
542 989 229 99
543 990 228 99
544 991 228 99
545 992 227 99
546 993 227 99
547 994 226 99
548 995 226 99
549 995 225 98
550 996 225 98
551 997 224 98
552 997 223 97
553 998 223 97
554 998 222 96
555 999 222 96
556 999 222 96
557 999 222 96
558 999 222 96
559 999 222 96
560 1000 222 96
561 1000 222 96
562 1000 222 96
563 1000 222 96
564 1001 222 96
565 1002 222 96
566 1002 222 96
567 1003 222 96
568 1004 222 96
569 1004 222 96
570 1005 222 96
571 1006 222 96
572 1007 222 96
573 1008 222 96
574 1009 222 96
575 1009 222 96
576 1010 222 96
577 1011 222 96
578 1011 222 96
579 1012 222 97
580 1013 223 97
581 1013 223 97
582 1014 224 98
583 1015 225 98
584 1016 226 98
585 1016 226 99
586 1016 227 99
587 1016 227 99
588 1016 228 99
589 1016 228 99
590 1015 228 99
591 1014 228 99
592 1014 228 99
593 1013 229 99
594 1012 229 99
595 1011 229 99
596 1010 229 99
597 1009 229 99
598 1008 230 99
599 1007 230 99
600 1006 230 99
601 1004 230 99
602 1003 230 99
603 1001 230 99
604 1000 230 99
605 998 230 99
606 997 229 99
607 996 229 99
608 995 228 99
609 994 227 99
610 993 226 99
611 993 226 99
612 992 225 99
613 991 225 99
614 990 224 99
615 990 224 99
616 989 224 99
617 988 224 99
618 987 223 99
619 986 223 99
620 985 223 99
621 983 223 99
622 982 223 99
623 980 223 99
624 979 223 99
625 977 222 99
626 976 222 99
627 975 222 99
628 973 222 99
629 972 222 99
630 971 221 99
631 970 221 99
632 969 221 99
633 968 221 99
634 968 220 99
635 967 220 99
636 966 220 99
637 966 221 99
638 965 221 99
639 964 221 99
640 964 221 99
641 963 221 99
642 963 221 99
643 962 221 99
644 961 222 99
645 960 222 99
646 960 221 99
647 959 221 99
648 959 221 99
649 958 221 99
650 957 221 99
651 957 221 99
652 957 221 99
653 956 221 99
654 956 221 99
655 956 221 99
656 955 221 99
657 955 221 99
658 954 221 99
659 954 221 99
660 954 221 99
661 953 221 99
662 953 222 99
663 952 222 99
664 951 222 99
665 951 222 99
666 950 223 99
667 950 223 99
668 949 223 99
669 948 223 99
670 948 223 99
671 947 223 99
672 946 223 99
673 944 224 99
674 943 224 99
675 942 224 99
676 940 224 99
677 939 224 99
678 937 224 99
679 935 224 99
680 933 224 99
681 931 224 99
682 928 225 99
683 926 225 99
684 923 225 99
685 920 225 99
686 916 225 99
687 912 226 99
688 908 226 99
689 903 227 98
690 899 227 97
691 895 228 95
692 891 228 92
494
215 854 260 78
216 832 262 69
217 806 263 63
218 781 265 56
219 760 265 51
220 745 265 49
221 737 265 47
222 734 265 46
223 731 265 46
224 728 265 46
225 725 265 46
226 722 265 45
227 719 265 45
228 717 266 45
229 714 266 44
230 712 266 44
231 710 266 44
232 709 266 44
233 707 266 44
234 706 266 44
235 704 266 44
236 703 266 44
237 701 266 44
238 700 266 44
239 698 266 44
240 697 266 44
241 696 266 44
242 695 266 44
243 694 266 44
244 692 267 44
245 691 267 44
246 690 267 44
247 689 267 44
248 689 267 44
249 688 267 44
250 687 266 44
251 686 266 44
252 686 266 44
253 685 266 44
254 684 266 42
255 684 266 42
256 683 266 42
257 682 265 42
258 682 265 42
259 681 265 42
260 681 265 42
261 681 265 42
262 680 265 42
263 680 265 42
264 680 265 42
265 680 265 42
266 679 265 42
267 679 265 42
268 679 265 42
269 679 265 42
270 679 265 42
271 678 265 42
272 678 265 42
273 678 265 42
274 678 265 42
275 678 265 42
276 677 265 42
277 677 265 42
278 677 264 42
279 677 264 42
280 676 264 42
281 676 264 42
282 676 264 42
283 676 264 42
284 676 264 42
285 675 264 42
286 675 264 42
287 675 264 42
288 675 264 42
289 675 264 42
290 674 264 42
291 674 264 42
292 674 264 42
293 674 264 42
294 674 264 42
295 673 264 42
296 673 264 42
297 673 264 42
298 674 264 42
299 674 264 42
300 674 264 42
301 674 264 42
302 674 264 42
303 675 264 42
304 675 264 42
305 675 264 42
306 675 264 42
307 676 264 42
308 676 264 42
309 676 264 42
310 676 264 42
311 677 264 42
312 677 264 42
313 677 265 42
314 677 265 42
315 678 265 42
316 678 265 42
317 678 265 42
318 678 265 42
319 679 265 42
320 679 265 42
321 679 265 42
322 679 265 42
323 680 265 42
324 680 265 42
325 680 265 42
326 680 265 42
327 681 265 42
328 681 265 42
329 681 265 42
330 682 265 42
331 682 265 42
332 683 265 42
333 683 265 42
334 684 265 42
335 684 265 42
336 685 265 42
337 686 265 42
338 686 265 42
339 687 264 42
340 687 264 42
341 688 264 42
342 689 264 42
343 689 264 42
344 690 264 42
345 690 264 42
346 691 264 42
347 691 264 42
348 692 264 42
349 692 264 42
350 693 264 42
351 693 264 42
352 694 264 42
353 694 264 42
354 695 264 42
355 695 264 42
356 696 264 42
357 696 264 42
358 696 264 42
359 697 264 42
360 697 264 42
361 698 264 42
362 698 264 42
363 699 264 42
364 699 264 42
365 699 264 42
366 700 264 42
367 700 264 42
368 700 264 42
369 700 264 42
370 700 264 42
371 700 264 42
372 700 264 42
373 700 264 42
374 700 264 42
375 700 264 42
376 700 264 42
377 700 264 42
378 700 264 42
379 700 264 42
380 700 264 42
381 700 264 42
382 700 264 42
383 700 264 42
384 700 264 42
385 700 264 42
386 700 264 42
387 700 264 42
388 700 264 42
389 700 264 42
390 700 264 42
391 700 264 42
392 700 264 42
393 700 264 42
394 700 264 42
395 700 264 42
396 700 264 42
397 700 264 42
398 700 264 42
399 700 264 42
400 700 264 42
401 700 264 42
402 700 264 42
403 700 264 42
404 700 264 42
405 700 264 42
406 700 264 42
407 700 264 42
408 700 264 42
409 700 264 42
410 700 264 42
411 700 264 42
412 700 264 42
413 700 264 42
414 700 264 42
415 700 264 42
416 700 264 42
417 700 264 42
418 700 264 42
419 700 264 42
420 700 264 42
421 700 264 42
422 700 264 42
423 700 264 42
424 700 264 42
425 700 264 42
426 700 264 42
427 700 264 42
428 700 264 42
429 700 264 42
430 700 264 42
431 700 264 42
432 700 264 42
433 700 264 42
434 700 264 42
435 700 264 42
436 700 264 42
437 700 264 42
438 700 264 42
439 700 264 42
440 700 264 42
441 700 264 42
442 700 264 42
443 700 264 42
444 700 264 42
445 700 264 42
446 700 264 42
447 699 264 42
448 699 264 42
449 698 264 42
450 698 264 42
451 697 264 42
452 697 264 42
453 696 264 42
454 695 264 42
455 694 264 42
456 694 264 42
457 693 264 42
458 692 264 42
459 692 264 42
460 691 264 42
461 690 264 42
462 689 264 42
463 689 264 42
464 688 264 42
465 687 264 42
466 685 263 42
467 684 263 42
468 683 263 42
469 682 263 42
470 681 263 42
471 680 263 42
472 679 263 42
473 677 262 42
474 676 262 42
475 675 262 42
476 674 263 42
477 673 263 40
478 672 263 40
479 670 263 40
480 669 264 40
481 668 264 40
482 667 264 39
483 666 264 39
484 665 265 39
485 663 265 39
486 662 265 39
487 661 266 38
488 660 266 38
489 658 266 38
490 657 266 39
491 655 266 39
492 654 266 39
493 652 266 39
494 650 266 39
495 649 266 39
496 647 266 39
497 646 266 40
498 644 266 40
499 642 266 40
500 641 266 39
501 639 266 39
502 637 266 39
503 636 266 39
504 634 265 39
505 632 265 39
506 630 265 38
507 629 265 38
508 627 266 38
509 625 266 38
510 624 266 38
511 622 266 38
512 620 267 36
513 618 267 36
514 617 267 36
515 615 268 36
516 613 268 36
517 611 269 36
518 609 269 36
519 607 269 36
520 605 269 36
521 603 269 36
522 600 269 36
523 598 269 36
524 595 268 36
525 592 268 36
526 589 268 36
527 587 267 36
528 584 267 36
529 582 267 36
530 580 267 36
531 577 267 36
532 576 267 36
533 574 267 36
534 572 268 36
535 570 268 36
536 568 268 36
537 566 269 36
538 564 269 36
539 563 270 36
540 561 270 36
541 559 271 36
542 557 271 36
543 555 271 35
544 553 271 35
545 552 271 35
546 550 271 35
547 549 271 33
548 547 270 33
549 546 270 33
550 545 270 33
551 544 269 32
552 543 269 32
553 542 269 32
554 541 269 32
555 540 269 30
556 539 269 30
557 538 269 30
558 537 269 28
559 536 269 28
560 535 269 28
561 534 269 27
562 533 268 27
563 532 268 27
564 531 268 25
565 531 268 25
566 530 268 25
567 529 268 24
568 529 268 24
569 528 268 24
570 528 267 22
571 527 267 22
572 527 267 22
573 526 267 22
574 526 267 21
575 525 267 21
576 525 267 21
577 524 267 21
578 524 267 21
579 523 266 22
580 523 266 22
581 522 266 22
582 522 266 22
583 522 266 22
584 521 266 22
585 521 266 22
586 521 266 22
587 521 266 22
588 521 266 22
589 521 266 22
590 521 266 22
591 521 266 22
592 520 266 22
593 520 266 22
594 519 266 22
595 519 266 22
596 518 266 22
597 517 266 22
598 516 266 21
599 515 266 21
600 514 266 21
601 513 266 21
602 513 266 21
603 512 266 21
604 512 266 21
605 512 266 21
606 511 266 21
607 511 266 21
608 511 266 21
609 511 265 21
610 511 265 21
611 511 265 21
612 510 265 21
613 510 265 21
614 510 265 21
615 510 265 21
616 510 265 21
617 510 266 21
618 510 266 21
619 509 266 21
620 509 266 21
621 509 266 21
622 509 266 21
623 509 267 21
624 509 267 21
625 509 267 21
626 509 267 21
627 508 267 21
628 508 267 21
629 508 268 21
630 508 268 21
631 508 268 21
632 508 268 21
633 508 268 21
634 508 268 21
635 507 269 21
636 507 269 21
637 507 269 21
638 507 269 21
639 507 269 21
640 507 269 21
641 507 269 21
642 507 269 21
643 506 270 21
644 506 270 21
645 506 270 21
646 506 270 21
647 506 270 21
648 506 270 21
649 506 270 22
650 506 271 22
651 506 271 22
652 506 271 22
653 506 271 22
654 506 271 22
655 506 271 24
656 506 271 24
657 506 271 24
658 507 272 24
659 507 272 24
660 507 272 24
661 507 272 25
662 507 272 25
663 507 272 25
664 507 272 25
665 507 272 25
666 507 273 25
667 507 273 27
668 507 273 27
669 507 273 27
670 507 273 27
671 507 274 27
672 507 274 27
673 507 274 27
674 507 274 27
675 507 275 28
676 507 275 28
677 507 275 28
678 507 275 28
679 507 275 28
680 507 276 28
681 507 276 28
682 507 276 28
683 508 276 28
684 508 276 28
685 508 276 28
686 509 275 30
687 509 275 30
688 509 275 30
689 509 275 30
690 510 275 30
691 510 275 30
692 510 275 30
693 510 275 30
694 511 274 32
695 511 274 32
696 511 274 32
697 511 274 32
698 511 274 32
699 511 273 32
700 512 273 33
701 512 273 33
702 512 273 33
703 512 272 33
704 512 272 33
705 512 272 33
706 512 271 33
707 512 271 33
708 512 271 33
16
693 793 269 73
694 779 273 70
695 765 277 67
696 750 280 66
697 736 281 65
698 724 281 65
699 713 280 65
700 704 279 64
701 696 278 64
702 688 277 63
703 681 276 63
704 674 274 63
705 666 272 63
706 659 270 63
707 652 269 64
708 645 268 65
475
693 933 206 86
694 945 200 81
695 957 194 78
696 966 191 76
697 972 188 74
698 975 187 73
699 976 187 73
700 976 187 73
701 976 187 73
702 976 187 73
703 976 187 73
704 976 187 73
705 976 187 73
706 976 187 73
707 976 187 73
708 976 187 73
709 976 187 73
710 976 187 73
711 976 187 73
712 976 187 73
713 976 186 73
714 975 186 73
715 975 186 73
716 975 186 73
717 975 186 73
718 975 186 73
719 975 186 73
720 975 186 73
721 975 186 73
722 975 186 73
723 975 186 73
724 975 186 73
725 975 186 73
726 975 186 73
727 975 186 73
728 975 186 73
729 975 186 73
730 975 186 73
731 975 186 73
732 975 186 73
733 975 186 73
734 975 186 73
735 975 186 73
736 975 186 73
737 975 186 73
738 975 186 73
739 975 186 73
740 975 186 73
741 975 186 73
742 975 186 73
743 975 185 73
744 976 185 73
745 976 185 73
746 976 185 73
747 976 185 73
748 976 185 73
749 976 185 73
750 976 185 73
751 976 185 73
752 976 185 73
753 976 185 73
754 976 185 73
755 976 185 73
756 976 185 73
757 976 184 73
758 977 184 73
759 977 184 73
760 977 184 73
761 977 184 73
762 977 184 73
763 977 184 73
764 977 184 73
765 977 184 73
766 977 184 73
767 977 184 73
768 977 184 73
769 977 184 73
770 977 184 73
771 977 183 73
772 978 183 73
773 978 183 73
774 978 183 73
775 978 183 73
776 978 183 73
777 978 183 73
778 978 183 73
779 978 183 73
780 978 183 73
781 978 183 73
782 978 183 73
783 978 183 73
784 978 183 73
785 978 182 73
786 979 182 73
787 979 182 73
788 979 182 73
789 979 182 73
790 979 182 73
791 979 182 73
792 979 182 73
793 979 182 73
794 979 181 73
795 979 181 73
796 978 181 73
797 978 181 73
798 978 181 73
799 978 180 73
800 978 180 73
801 978 180 73
802 978 180 73
803 977 179 73
804 977 179 73
805 977 179 73
806 977 179 73
807 977 179 73
808 977 178 73
809 977 178 73
810 976 178 73
811 976 178 73
812 976 177 73
813 976 177 73
814 976 177 73
815 976 177 73
816 976 177 73
817 975 176 73
818 975 176 73
819 975 176 73
820 975 176 73
821 975 175 73
822 975 175 73
823 975 175 73
824 974 175 73
825 974 174 73
826 974 174 73
827 974 174 73
828 974 174 73
829 974 174 73
830 974 174 73
831 974 173 74
832 974 173 74
833 974 173 74
834 974 173 74
835 974 173 74
836 975 173 74
837 975 173 74
838 975 172 75
839 975 172 75
840 975 172 75
841 975 172 75
842 975 172 75
843 975 172 75
844 975 172 75
845 975 171 76
846 975 171 76
847 975 171 76
848 975 171 76
849 975 171 76
850 975 171 76
851 975 171 76
852 975 170 77
853 975 170 77
854 976 170 77
855 976 170 77
856 976 170 77
857 976 170 77
858 976 170 77
859 976 169 78
860 976 169 78
861 976 169 78
862 976 169 78
863 976 169 78
864 976 170 78
865 975 170 78
866 975 170 78
867 975 170 78
868 975 170 78
869 975 170 78
870 975 171 78
871 974 171 78
872 974 171 78
873 974 171 78
874 974 171 78
875 974 172 78
876 973 172 78
877 973 172 78
878 973 172 78
879 973 172 78
880 973 173 78
881 972 173 78
882 972 173 78
883 972 173 78
884 972 174 78
885 972 174 78
886 972 174 78
887 971 174 78
888 971 174 78
889 971 175 78
890 971 175 78
891 971 175 78
892 970 175 78
893 970 175 78
894 970 176 78
895 970 176 78
896 970 176 78
897 969 176 78
898 969 176 78
899 969 177 78
900 969 177 78
901 969 177 78
902 969 177 78
903 968 177 78
904 968 178 78
905 968 178 78
906 968 178 78
907 968 178 78
908 967 178 78
909 967 179 78
910 967 179 78
911 967 179 78
912 967 179 78
913 966 179 78
914 966 180 78
915 966 180 78
916 966 180 78
917 966 180 78
918 966 181 78
919 965 181 78
920 965 181 78
921 965 181 78
922 965 181 78
923 965 182 78
924 964 182 78
925 964 182 78
926 964 182 78
927 964 182 78
928 964 183 78
929 964 183 78
930 963 183 78
931 963 183 78
932 963 183 78
933 963 184 78
934 963 184 78
935 962 184 78
936 962 184 78
937 962 184 78
938 962 185 78
939 962 185 78
940 961 185 78
941 961 185 78
942 961 185 78
943 961 186 78
944 961 186 78
945 961 186 78
946 960 186 78
947 960 186 78
948 960 187 78
949 960 187 78
950 960 187 78
951 959 187 78
952 959 188 78
953 959 188 78
954 959 188 78
955 959 188 78
956 958 188 78
957 958 189 78
958 958 189 78
959 958 189 78
960 958 189 78
961 958 189 78
962 958 190 78
963 957 190 78
964 958 190 78
965 958 190 78
966 958 190 78
967 958 190 78
968 958 190 78
969 959 190 78
970 959 190 78
971 959 190 78
972 960 190 78
973 960 190 78
974 960 190 78
975 961 190 78
976 961 190 78
977 961 190 78
978 962 190 78
979 962 190 78
980 962 190 78
981 963 190 78
982 963 190 78
983 963 190 78
984 964 190 78
985 964 190 78
986 965 190 78
987 965 190 78
988 965 190 78
989 966 190 78
990 966 190 78
991 966 190 78
992 967 190 78
993 967 190 78
994 967 190 78
995 968 190 78
996 968 190 78
997 968 190 78
998 969 190 78
999 969 190 78
1000 969 190 78
1001 970 190 78
1002 970 190 78
1003 971 190 78
1004 972 189 78
1005 973 189 78
1006 974 188 78
1007 976 187 78
1008 978 186 78
1009 980 184 78
1010 983 183 78
1011 985 182 78
1012 987 180 78
1013 990 179 78
1014 992 178 78
1015 994 177 78
1016 996 175 78
1017 997 174 78
1018 999 173 78
1019 1000 172 78
1020 1001 171 78
1021 1002 170 78
1022 1003 169 78
1023 1005 168 78
1024 1006 167 78
1025 1007 166 78
1026 1008 165 78
1027 1009 164 78
1028 1009 164 78
1029 1010 163 78
1030 1010 163 78
1031 1011 162 78
1032 1011 162 78
1033 1011 162 78
1034 1011 162 78
1035 1011 162 78
1036 1011 162 78
1037 1011 162 78
1038 1011 162 78
1039 1011 162 78
1040 1011 162 78
1041 1011 162 78
1042 1011 162 78
1043 1011 162 78
1044 1011 162 78
1045 1011 162 78
1046 1011 162 78
1047 1011 162 78
1048 1011 162 78
1049 1011 162 78
1050 1011 162 78
1051 1011 162 78
1052 1011 162 78
1053 1011 162 78
1054 1011 162 78
1055 1011 162 78
1056 1011 162 78
1057 1011 162 78
1058 1011 162 78
1059 1011 162 78
1060 1011 162 78
1061 1011 162 78
1062 1011 162 78
1063 1011 162 78
1064 1011 162 78
1065 1011 162 78
1066 1011 162 78
1067 1011 162 78
1068 1011 162 78
1069 1011 162 78
1070 1011 162 78
1071 1011 162 78
1072 1011 162 78
1073 1011 162 78
1074 1011 162 78
1075 1011 162 78
1076 1011 162 78
1077 1011 162 78
1078 1011 162 78
1079 1011 162 78
1080 1011 162 78
1081 1011 162 78
1082 1011 162 78
1083 1011 162 78
1084 1011 162 78
1085 1011 162 78
1086 1010 162 78
1087 1010 163 78
1088 1009 163 78
1089 1008 164 78
1090 1006 165 78
1091 1005 167 78
1092 1003 168 78
1093 1001 170 78
1094 999 171 78
1095 997 173 78
1096 994 174 78
1097 992 176 78
1098 990 177 78
1099 988 179 78
1100 986 180 78
1101 984 182 78
1102 982 183 78
1103 981 184 78
1104 979 185 78
1105 978 186 78
1106 977 186 78
1107 976 186 78
1108 975 185 78
1109 975 185 78
1110 975 184 78
1111 974 183 78
1112 974 183 78
1113 974 182 78
1114 973 181 78
1115 973 180 78
1116 973 180 78
1117 973 179 78
1118 972 178 78
1119 972 177 78
1120 972 177 78
1121 971 176 78
1122 971 175 78
1123 971 174 78
1124 971 174 78
1125 970 173 78
1126 970 172 78
1127 970 171 78
1128 969 171 78
1129 969 170 78
1130 969 169 78
1131 969 169 78
1132 968 168 78
1133 968 167 78
1134 968 167 78
1135 968 166 78
1136 968 166 78
1137 968 165 78
1138 968 165 78
1139 968 165 78
1140 967 164 78
1141 967 164 78
1142 967 163 78
1143 967 163 78
1144 967 163 78
1145 967 162 78
1146 967 162 78
1147 967 162 78
1148 967 161 78
1149 967 161 78
1150 967 160 78
1151 967 160 79
1152 966 160 79
1153 966 159 79
1154 966 159 79
1155 966 158 79
1156 966 158 79
1157 966 158 79
1158 966 157 79
1159 966 157 79
1160 966 156 79
1161 966 156 79
1162 966 156 79
1163 966 155 79
1164 965 155 79
1165 965 155 79
1166 965 155 79
1167 965 155 79
434
709 606 265 87
710 603 265 88
711 600 265 88
712 597 265 88
713 595 265 87
714 593 265 85
715 591 265 84
716 589 265 81
717 587 265 79
718 585 265 78
719 583 265 76
720 582 265 75
721 580 265 74
722 578 265 72
723 576 265 70
724 575 265 68
725 573 265 67
726 571 265 65
727 569 265 65
728 567 265 64
729 565 265 63
730 562 265 62
731 560 265 61
732 557 264 60
733 555 264 60
734 552 264 59
735 550 263 58
736 547 263 58
737 545 263 57
738 542 263 56
739 540 263 55
740 538 263 54
741 535 263 54
742 533 263 53
743 531 263 53
744 529 263 52
745 527 263 51
746 525 263 51
747 523 263 50
748 521 263 49
749 519 263 49
750 517 262 49
751 516 262 48
752 514 262 47
753 513 262 47
754 512 261 46
755 511 261 46
756 510 261 46
757 509 260 46
758 508 260 45
759 507 260 45
760 506 259 45
761 505 259 44
762 504 258 44
763 503 258 44
764 502 257 44
765 501 257 44
766 501 256 44
767 500 256 44
768 499 255 44
769 498 255 44
770 497 254 44
771 497 254 44
772 496 254 44
773 495 253 44
774 494 253 42
775 493 252 42
776 493 252 42
777 492 252 42
778 491 252 42
779 490 251 40
780 489 251 40
781 488 251 40
782 487 250 40
783 486 250 40
784 485 250 40
785 484 249 40
786 483 249 40
787 482 249 40
788 481 248 40
789 480 248 40
790 480 248 40
791 479 247 40
792 478 247 40
793 478 247 40
794 477 247 40
795 476 246 39
796 475 246 39
797 475 246 39
798 474 246 39
799 474 245 39
800 473 245 39
801 473 245 39
802 473 245 39
803 473 245 39
804 472 244 39
805 472 244 39
806 472 244 39
807 472 244 39
808 472 244 39
809 472 244 39
810 472 244 39
811 472 244 39
812 472 244 39
813 472 244 39
814 472 244 39
815 472 244 39
816 472 244 39
817 472 244 39
818 472 244 39
819 472 244 39
820 472 244 39
821 472 244 39
822 472 244 40
823 473 244 40
824 473 244 40
825 473 244 40
826 474 244 42
827 474 243 42
828 474 243 42
829 475 243 42
830 475 243 42
831 475 243 42
832 475 243 44
833 475 243 44
834 475 243 44
835 475 242 44
836 475 242 44
837 475 242 44
838 475 242 44
839 475 242 44
840 475 242 44
841 475 242 44
842 475 242 44
843 475 242 44
844 475 242 44
845 475 242 44
846 475 242 44
847 475 242 44
848 475 242 44
849 475 242 44
850 475 242 44
851 475 242 44
852 475 242 44
853 475 242 44
854 475 242 44
855 475 242 44
856 475 242 44
857 475 242 44
858 475 242 44
859 475 242 44
860 475 242 44
861 475 242 44
862 475 242 44
863 475 242 44
864 475 242 44
865 475 242 44
866 475 242 44
867 475 242 44
868 475 242 44
869 475 242 44
870 475 242 44
871 475 242 44
872 475 242 44
873 475 242 44
874 475 242 44
875 475 242 44
876 475 242 44
877 475 242 44
878 475 242 44
879 475 242 44
880 475 242 44
881 475 242 44
882 475 242 44
883 475 242 44
884 475 242 44
885 475 242 44
886 475 242 44
887 475 242 44
888 475 242 44
889 475 242 44
890 475 242 44
891 474 242 44
892 474 241 44
893 474 241 44
894 474 241 44
895 473 241 44
896 473 241 44
897 473 240 44
898 472 240 44
899 472 240 44
900 472 240 44
901 472 240 44
902 471 240 44
903 471 239 44
904 471 239 44
905 470 239 45
906 470 239 45
907 470 239 45
908 469 239 45
909 469 239 45
910 469 238 45
911 468 238 45
912 468 238 45
913 468 238 45
914 468 238 45
915 468 238 45
916 468 238 45
917 468 238 45
918 468 238 45
919 468 238 45
920 468 238 45
921 469 238 46
922 469 238 46
923 470 238 46
924 470 237 46
925 471 237 47
926 471 237 47
927 472 237 48
928 473 237 48
929 474 237 49
930 474 237 49
931 475 237 49
932 476 237 49
933 477 237 49
934 478 237 49
935 479 236 50
936 479 236 50
937 480 236 51
938 481 236 51
939 482 236 51
940 483 235 51
941 484 235 52
942 484 235 52
943 485 235 52
944 485 235 52
945 485 234 53
946 486 234 53
947 486 234 53
948 486 234 53
949 486 234 53
950 486 234 53
951 486 234 53
952 486 234 53
953 486 234 53
954 486 234 53
955 486 234 53
956 486 234 53
957 486 234 53
958 486 234 53
959 486 234 53
960 486 234 53
961 486 234 53
962 486 234 53
963 486 234 53
964 486 234 53
965 486 234 53
966 486 234 53
967 486 234 53
968 486 234 53
969 485 234 53
970 485 234 53
971 485 234 53
972 485 234 53
973 484 234 52
974 484 234 52
975 483 235 52
976 483 235 52
977 482 235 52
978 482 235 52
979 481 235 51
980 481 235 51
981 480 235 51
982 480 235 51
983 479 235 51
984 479 235 51
985 478 235 51
986 478 235 51
987 478 235 51
988 478 235 51
989 478 235 51
990 478 235 51
991 478 235 51
992 478 235 51
993 478 235 51
994 478 235 51
995 477 235 51
996 477 235 51
997 477 235 51
998 477 234 51
999 477 234 51
1000 477 234 51
1001 477 234 51
1002 477 234 51
1003 477 234 51
1004 477 234 51
1005 477 234 51
1006 477 234 51
1007 477 234 51
1008 477 234 51
1009 477 234 51
1010 477 233 51
1011 477 233 51
1012 477 233 51
1013 477 233 51
1014 477 232 51
1015 477 232 51
1016 477 232 51
1017 476 231 51
1018 476 231 51
1019 476 231 51
1020 476 230 51
1021 476 230 52
1022 476 230 52
1023 476 229 52
1024 476 229 53
1025 476 229 53
1026 476 228 53
1027 476 228 53
1028 476 227 53
1029 476 227 53
1030 476 227 54
1031 476 226 54
1032 476 226 54
1033 476 226 54
1034 476 226 55
1035 476 225 55
1036 476 225 55
1037 476 225 55
1038 476 225 55
1039 476 225 55
1040 477 225 55
1041 477 225 55
1042 477 225 55
1043 477 225 55
1044 477 225 55
1045 477 225 55
1046 477 225 54
1047 478 225 54
1048 478 225 54
1049 478 225 54
1050 478 225 54
1051 478 225 54
1052 478 225 54
1053 478 225 54
1054 479 225 54
1055 479 225 54
1056 479 225 54
1057 479 225 54
1058 479 225 53
1059 480 225 53
1060 480 225 53
1061 481 225 53
1062 482 225 53
1063 482 225 53
1064 483 225 53
1065 484 225 52
1066 485 225 52
1067 485 225 52
1068 486 225 51
1069 487 225 51
1070 488 225 51
1071 489 225 51
1072 490 225 51
1073 490 225 51
1074 491 225 51
1075 492 225 51
1076 493 225 51
1077 494 224 51
1078 495 224 51
1079 496 224 51
1080 497 224 51
1081 499 223 52
1082 500 223 52
1083 501 223 53
1084 503 222 53
1085 504 222 53
1086 505 222 54
1087 506 222 54
1088 508 221 55
1089 509 221 55
1090 510 221 56
1091 511 221 56
1092 512 221 56
1093 513 220 56
1094 515 220 57
1095 516 220 57
1096 517 220 58
1097 518 220 58
1098 520 220 58
1099 521 219 59
1100 522 219 60
1101 524 219 60
1102 525 219 60
1103 526 219 61
1104 528 219 62
1105 529 218 63
1106 530 218 63
1107 532 218 63
1108 533 218 64
1109 534 218 65
1110 535 218 65
1111 537 217 65
1112 538 217 66
1113 539 217 67
1114 539 216 67
1115 540 216 68
1116 541 215 68
1117 542 215 69
1118 543 215 70
1119 545 214 72
1120 546 214 73
1121 548 214 74
1122 549 214 75
1123 551 214 76
1124 553 214 77
1125 555 215 79
1126 556 215 80
1127 558 215 81
1128 560 215 84
1129 562 215 85
1130 563 215 86
1131 565 215 87
1132 567 215 89
1133 568 215 90
1134 570 215 91
1135 571 215 92
1136 573 215 93
1137 574 214 95
1138 576 214 96
1139 577 214 96
1140 578 213 95
1141 578 213 92
1142 579 213 89
350
1143 551 215 77
1144 540 216 69
1145 527 218 62
1146 513 219 56
1147 500 221 49
1148 491 223 45
1149 488 224 42
1150 488 223 42
1151 487 223 42
1152 487 223 42
1153 487 223 42
1154 487 223 42
1155 487 223 42
1156 487 223 42
1157 487 223 42
1158 486 223 42
1159 486 223 42
1160 486 223 42
1161 487 223 42
1162 487 223 42
1163 487 223 42
1164 487 224 42
1165 488 224 42
1166 488 224 42
1167 488 224 42
1168 489 224 42
1169 489 224 42
1170 489 225 42
1171 489 225 42
1172 490 225 42
1173 490 225 42
1174 490 225 42
1175 491 225 42
1176 491 225 42
1177 491 226 42
1178 492 226 42
1179 492 226 42
1180 492 226 42
1181 493 226 42
1182 493 226 42
1183 493 226 42
1184 494 226 42
1185 494 226 42
1186 494 225 42
1187 495 225 42
1188 495 225 42
1189 496 225 42
1190 496 225 42
1191 496 225 42
1192 496 225 42
1193 497 225 42
1194 497 225 42
1195 497 225 42
1196 497 225 42
1197 497 225 42
1198 497 225 42
1199 497 225 42
1200 497 225 42
1201 497 225 42
1202 497 225 42
1203 497 225 42
1204 497 225 42
1205 497 225 42
1206 497 225 42
1207 497 225 42
1208 497 225 42
1209 497 225 42
1210 497 225 42
1211 497 225 42
1212 497 225 42
1213 497 225 42
1214 497 225 42
1215 497 225 42
1216 497 225 42
1217 497 225 42
1218 497 225 42
1219 497 225 42
1220 497 225 42
1221 497 225 42
1222 497 225 42
1223 497 225 42
1224 497 225 42
1225 497 225 42
1226 497 225 42
1227 497 225 42
1228 497 225 42
1229 497 225 42
1230 497 225 42
1231 497 225 42
1232 497 225 42
1233 497 225 42
1234 497 225 42
1235 497 225 42
1236 497 225 42
1237 497 225 42
1238 497 225 42
1239 497 225 42
1240 497 225 42
1241 497 225 42
1242 497 225 42
1243 497 225 42
1244 498 225 42
1245 498 225 42
1246 498 225 42
1247 498 225 42
1248 498 225 42
1249 498 225 42
1250 499 225 42
1251 499 225 42
1252 499 225 42
1253 499 225 42
1254 499 225 42
1255 499 225 42
1256 500 225 42
1257 500 225 42
1258 500 225 42
1259 500 225 42
1260 500 225 42
1261 500 225 42
1262 500 225 42
1263 500 225 42
1264 500 225 42
1265 500 225 42
1266 500 225 42
1267 500 225 42
1268 500 225 42
1269 500 225 42
1270 500 225 42
1271 500 225 42
1272 500 225 42
1273 500 225 42
1274 500 225 42
1275 500 225 42
1276 500 225 42
1277 500 225 42
1278 500 225 42
1279 500 225 42
1280 500 225 42
1281 500 225 42
1282 500 225 42
1283 500 225 42
1284 500 225 42
1285 500 225 42
1286 500 225 42
1287 500 225 42
1288 500 225 42
1289 500 225 42
1290 500 225 42
1291 500 225 42
1292 500 225 42
1293 500 225 42
1294 500 225 42
1295 500 225 42
1296 500 225 42
1297 500 225 42
1298 500 225 42
1299 500 225 42
1300 500 225 42
1301 500 225 42
1302 500 225 42
1303 500 225 42
1304 500 225 42
1305 500 225 42
1306 500 225 42
1307 500 225 42
1308 500 225 42
1309 500 225 42
1310 500 225 42
1311 500 225 42
1312 500 225 42
1313 500 225 42
1314 500 225 42
1315 500 225 42
1316 500 225 42
1317 500 225 42
1318 500 225 42
1319 500 225 42
1320 500 225 42
1321 500 225 42
1322 500 225 42
1323 500 225 42
1324 500 225 42
1325 500 225 42
1326 500 225 42
1327 500 225 42
1328 500 225 42
1329 500 225 42
1330 500 225 42
1331 500 225 42
1332 500 225 42
1333 500 225 42
1334 500 225 42
1335 500 225 42
1336 500 225 42
1337 500 225 42
1338 500 225 42
1339 500 225 42
1340 500 225 42
1341 500 225 42
1342 500 225 42
1343 500 225 42
1344 500 225 42
1345 500 225 42
1346 500 225 42
1347 500 225 42
1348 500 225 42
1349 500 225 42
1350 500 225 42
1351 500 225 42
1352 500 225 42
1353 500 225 42
1354 500 225 42
1355 500 225 42
1356 500 225 42
1357 500 225 42
1358 500 225 42
1359 500 225 42
1360 500 225 42
1361 500 225 42
1362 500 225 42
1363 500 225 42
1364 500 225 42
1365 500 225 42
1366 501 225 42
1367 501 225 42
1368 501 225 42
1369 501 225 42
1370 501 225 42
1371 502 225 42
1372 502 225 42
1373 502 225 42
1374 502 225 42
1375 502 225 42
1376 503 225 42
1377 503 225 42
1378 503 225 42
1379 503 225 42
1380 503 225 42
1381 504 225 42
1382 504 225 42
1383 504 225 42
1384 505 225 42
1385 505 225 42
1386 505 225 42
1387 506 225 42
1388 506 225 42
1389 507 225 42
1390 507 225 42
1391 508 225 42
1392 508 225 42
1393 509 226 42
1394 509 226 42
1395 510 226 42
1396 510 226 42
1397 511 226 42
1398 511 226 42
1399 512 226 42
1400 512 226 42
1401 512 226 42
1402 512 226 42
1403 513 226 42
1404 513 226 42
1405 513 226 42
1406 513 226 42
1407 513 226 42
1408 513 226 42
1409 513 226 42
1410 513 226 42
1411 512 226 42
1412 512 226 42
1413 512 226 42
1414 512 226 42
1415 512 226 42
1416 512 226 42
1417 512 226 42
1418 512 226 42
1419 512 226 42
1420 512 226 42
1421 512 226 42
1422 512 226 42
1423 512 226 42
1424 512 226 42
1425 512 226 42
1426 512 226 42
1427 511 226 42
1428 511 226 42
1429 511 226 42
1430 511 226 42
1431 511 226 42
1432 511 226 42
1433 511 226 42
1434 511 226 42
1435 510 226 42
1436 510 226 42
1437 509 226 42
1438 509 225 42
1439 508 225 42
1440 507 225 42
1441 507 225 42
1442 506 224 42
1443 505 224 42
1444 505 224 42
1445 504 224 42
1446 503 224 42
1447 502 224 42
1448 502 223 42
1449 501 223 42
1450 501 224 42
1451 500 224 42
1452 499 224 42
1453 499 224 42
1454 498 224 42
1455 498 225 42
1456 497 225 42
1457 497 225 42
1458 496 226 44
1459 496 226 44
1460 495 226 44
1461 495 227 44
1462 494 227 44
1463 494 227 44
1464 493 227 44
1465 493 228 44
1466 492 228 44
1467 492 228 44
1468 492 228 44
1469 492 228 44
1470 492 228 44
1471 491 228 44
1472 491 228 44
1473 491 228 44
1474 491 228 44
1475 491 228 44
1476 491 229 44
1477 491 229 44
1478 491 229 44
1479 491 229 44
1480 490 229 44
1481 490 229 44
1482 490 229 44
1483 490 229 44
1484 490 229 44
1485 490 229 44
1486 490 229 44
1487 490 229 44
1488 490 229 44
1489 490 229 44
1490 490 229 44
1491 490 229 44
1492 490 229 44
25
1143 625 211 65
1144 630 210 63
1145 636 210 60
1146 642 210 59
1147 647 210 58
1148 651 209 57
1149 654 209 57
1150 656 209 57
1151 658 209 57
1152 661 209 57
1153 663 209 58
1154 666 208 58
1155 669 208 58
1156 672 208 58
1157 675 208 58
1158 679 208 58
1159 683 208 59
1160 687 208 59
1161 691 208 60
1162 696 207 60
1163 703 206 61
1164 711 203 63
1165 722 199 65
1166 734 194 67
1167 746 189 69
325
1168 807 164 87
1169 827 160 91
1170 842 157 95
1171 853 156 97
1172 860 156 98
1173 864 157 99
1174 867 157 99
1175 870 158 99
1176 872 159 99
1177 874 159 99
1178 876 160 99
1179 877 161 99
1180 879 162 99
1181 881 162 99
1182 883 163 99
1183 885 163 99
1184 886 164 99
1185 888 164 99
1186 890 164 99
1187 892 164 99
1188 894 164 99
1189 895 164 99
1190 897 164 99
1191 898 165 99
1192 900 165 99
1193 901 165 99
1194 902 165 99
1195 903 165 99
1196 905 165 99
1197 906 166 99
1198 907 166 99
1199 908 166 99
1200 909 166 99
1201 910 166 99
1202 911 166 99
1203 912 166 99
1204 913 166 99
1205 914 166 99
1206 915 166 99
1207 916 166 99
1208 917 166 99
1209 917 166 99
1210 918 165 99
1211 919 165 99
1212 919 165 99
1213 920 165 99
1214 920 165 99
1215 921 165 99
1216 921 165 99
1217 922 165 99
1218 922 164 99
1219 923 164 99
1220 924 164 99
1221 925 163 99
1222 926 162 99
1223 927 161 99
1224 929 159 99
1225 930 158 99
1226 932 156 99
1227 933 155 99
1228 934 153 99
1229 936 152 99
1230 937 151 99
1231 937 150 99
1232 938 149 99
1233 939 148 99
1234 940 147 99
1235 941 146 99
1236 941 146 99
1237 942 145 99
1238 943 145 99
1239 943 144 99
1240 944 144 99
1241 944 144 99
1242 945 143 99
1243 945 143 99
1244 946 143 99
1245 946 143 99
1246 946 142 99
1247 947 142 99
1248 947 142 99
1249 948 142 99
1250 948 142 99
1251 948 142 99
1252 949 141 99
1253 949 141 99
1254 949 141 99
1255 950 141 99
1256 950 141 99
1257 950 141 99
1258 950 141 99
1259 950 141 99
1260 950 141 99
1261 950 141 99
1262 951 141 99
1263 951 141 99
1264 951 141 99
1265 951 141 99
1266 951 141 99
1267 951 141 99
1268 951 141 99
1269 951 141 99
1270 951 141 99
1271 951 141 99
1272 951 141 99
1273 951 141 99
1274 951 141 99
1275 951 141 99
1276 950 141 99
1277 950 141 99
1278 950 141 99
1279 950 141 99
1280 950 141 99
1281 950 141 99
1282 950 141 99
1283 950 141 99
1284 950 141 99
1285 950 141 99
1286 950 141 99
1287 950 141 99
1288 950 141 99
1289 950 141 99
1290 950 141 99
1291 950 141 99
1292 950 141 99
1293 950 141 99
1294 949 141 99
1295 949 141 99
1296 949 141 99
1297 949 142 99
1298 949 142 99
1299 949 142 99
1300 949 143 99
1301 950 143 99
1302 950 144 99
1303 950 144 99
1304 950 145 99
1305 950 146 99
1306 950 147 99
1307 951 147 99
1308 951 148 99
1309 951 149 99
1310 951 150 99
1311 951 150 99
1312 952 151 99
1313 952 152 99
1314 952 153 99
1315 952 153 99
1316 952 154 99
1317 952 155 99
1318 952 155 99
1319 952 156 99
1320 952 156 99
1321 952 156 99
1322 952 157 99
1323 952 157 99
1324 952 158 99
1325 952 158 99
1326 952 159 99
1327 952 159 99
1328 952 159 99
1329 952 160 99
1330 952 160 99
1331 952 161 99
1332 952 161 99
1333 952 162 99
1334 952 162 99
1335 952 162 99
1336 952 163 99
1337 952 163 99
1338 952 164 99
1339 952 164 99
1340 952 164 99
1341 952 164 99
1342 952 164 99
1343 953 164 99
1344 953 164 99
1345 954 164 99
1346 954 164 99
1347 955 164 99
1348 955 164 99
1349 956 164 99
1350 956 163 99
1351 957 163 99
1352 957 163 99
1353 958 163 99
1354 958 163 99
1355 959 163 99
1356 959 162 99
1357 960 162 99
1358 960 162 99
1359 961 162 99
1360 961 162 99
1361 962 161 99
1362 962 161 99
1363 963 161 99
1364 963 161 99
1365 964 161 99
1366 964 161 99
1367 965 160 99
1368 965 160 99
1369 965 160 99
1370 965 159 99
1371 965 158 99
1372 965 158 99
1373 964 157 99
1374 963 156 99
1375 963 155 99
1376 962 154 99
1377 961 153 99
1378 960 152 99
1379 959 151 99
1380 959 150 99
1381 958 149 99
1382 957 148 99
1383 957 148 99
1384 957 147 99
1385 957 147 99
1386 957 147 99
1387 957 146 99
1388 957 146 99
1389 957 146 99
1390 957 146 99
1391 957 146 99
1392 957 146 99
1393 957 146 99
1394 957 146 99
1395 956 146 99
1396 956 145 99
1397 955 145 99
1398 954 145 99
1399 952 144 99
1400 951 144 99
1401 950 143 99
1402 948 143 99
1403 947 142 99
1404 946 142 99
1405 944 141 99
1406 943 141 99
1407 941 140 99
1408 940 140 99
1409 938 139 99
1410 935 138 99
1411 932 138 99
1412 929 137 99
1413 926 136 99
1414 923 136 99
1415 920 135 99
1416 918 134 99
1417 916 133 99
1418 914 133 99
1419 914 132 99
1420 913 131 99
1421 913 130 99
1422 912 129 99
1423 912 129 99
1424 912 128 99
1425 911 127 99
1426 911 126 99
1427 911 126 99
1428 911 125 99
1429 910 124 99
1430 910 124 99
1431 910 123 99
1432 909 122 99
1433 909 122 99
1434 908 121 99
1435 908 120 99
1436 908 119 99
1437 907 119 99
1438 907 118 99
1439 907 117 99
1440 906 117 99
1441 906 116 99
1442 906 115 99
1443 905 115 99
1444 905 114 99
1445 905 113 99
1446 904 113 99
1447 904 112 99
1448 904 111 99
1449 903 110 99
1450 903 110 99
1451 903 109 99
1452 903 108 99
1453 902 107 99
1454 902 107 99
1455 902 106 99
1456 901 105 99
1457 901 104 99
1458 901 104 99
1459 901 103 99
1460 900 103 99
1461 900 102 99
1462 900 102 99
1463 900 102 99
1464 900 102 99
1465 900 102 99
1466 900 102 99
1467 900 102 99
1468 900 102 99
1469 900 102 99
1470 900 102 99
1471 900 102 99
1472 900 102 99
1473 900 102 99
1474 900 102 99
1475 900 102 99
1476 900 102 99
1477 900 102 99
1478 900 102 99
1479 900 102 99
1480 900 102 99
1481 900 102 99
1482 900 102 99
1483 900 102 99
1484 900 102 99
1485 900 102 99
1486 900 102 99
1487 900 102 99
1488 900 102 99
1489 900 102 99
1490 900 102 99
1491 900 102 99
1492 900 102 99
