3
363
1 452 327 30
2 452 327 30
3 452 327 30
4 452 327 30
5 452 327 30
6 452 327 30
7 452 327 30
8 452 327 30
9 452 327 30
10 452 327 30
11 452 327 30
12 452 327 30
13 452 327 30
14 452 327 30
15 452 327 30
16 452 327 30
17 452 327 30
18 452 327 30
19 452 327 30
20 452 327 30
21 452 327 30
22 452 327 30
23 452 327 30
24 452 327 30
25 452 327 30
26 452 327 30
27 452 327 30
28 452 327 30
29 452 327 30
30 452 327 30
31 452 327 30
32 452 327 30
33 452 327 30
34 452 327 30
35 452 327 30
36 452 327 30
37 452 327 30
38 452 327 30
39 452 327 30
40 452 327 30
41 452 327 30
42 452 327 30
43 452 327 30
44 452 327 30
45 452 327 30
46 452 327 30
47 452 327 30
48 452 327 30
49 452 327 30
50 452 327 30
51 452 327 30
52 452 327 30
53 452 327 30
54 452 327 30
55 452 327 30
56 452 327 30
57 452 327 30
58 452 327 30
59 452 327 30
60 452 327 30
61 452 327 30
62 452 327 30
63 452 327 30
64 452 327 30
65 452 327 30
66 452 327 30
67 452 327 30
68 452 327 30
69 452 327 30
70 452 327 30
71 452 327 30
72 452 327 30
73 452 327 30
74 452 327 30
75 452 327 30
76 452 327 30
77 452 327 30
78 452 327 30
79 452 327 30
80 452 327 30
81 452 327 30
82 452 327 30
83 452 327 30
84 452 327 30
85 452 327 30
86 452 327 30
87 452 327 30
88 452 327 30
89 452 327 30
90 452 327 30
91 452 327 30
92 452 327 30
93 452 327 30
94 452 327 30
95 452 327 30
96 452 327 30
97 452 327 30
98 452 327 30
99 452 327 30
100 452 327 30
101 452 327 30
102 452 327 30
103 452 327 30
104 452 327 30
105 452 327 30
106 452 327 30
107 452 327 30
108 452 327 30
109 452 327 30
110 452 327 30
111 452 327 30
112 452 327 30
113 452 327 30
114 452 327 30
115 452 327 30
116 452 327 30
117 452 327 30
118 452 327 30
119 452 327 30
120 452 327 30
121 452 327 30
122 452 327 30
123 452 327 30
124 452 327 30
125 452 327 30
126 452 327 30
127 452 327 30
128 452 327 30
129 452 327 30
130 452 327 30
131 452 327 30
132 452 327 30
133 452 327 30
134 452 327 30
135 452 327 30
136 452 327 30
137 452 327 30
138 452 327 30
139 452 327 30
140 452 327 30
141 452 327 30
142 452 327 30
143 452 327 30
144 452 327 30
145 452 327 30
146 452 327 30
147 452 327 30
148 452 327 30
149 452 327 30
150 452 327 30
151 452 327 30
152 452 327 30
153 452 327 30
154 452 327 30
155 452 327 30
156 452 327 30
157 452 327 30
158 452 327 30
159 452 327 30
160 452 327 30
161 452 327 30
162 452 327 30
163 452 327 30
164 452 327 30
165 452 327 30
166 452 327 30
167 452 327 30
168 452 327 30
169 452 327 30
170 452 327 30
171 452 327 30
172 452 327 30
173 452 327 30
174 452 327 30
175 452 327 30
176 452 327 30
177 452 327 30
178 452 327 30
179 452 327 30
180 452 327 30
181 452 327 30
182 452 327 30
183 452 327 30
184 452 327 30
185 452 327 30
186 452 327 30
187 452 327 30
188 452 327 30
189 452 327 30
190 452 327 30
191 452 327 30
192 452 327 30
193 452 327 30
194 452 327 30
195 452 327 30
196 452 327 30
197 452 327 30
198 452 327 30
199 452 327 30
200 452 327 30
201 452 327 30
202 452 327 30
203 452 327 30
204 452 327 30
205 452 327 30
206 452 327 30
207 452 327 30
208 452 327 30
209 452 327 30
210 452 327 30
211 452 327 30
212 452 327 30
213 452 327 30
214 452 327 30
215 452 327 30
216 452 327 30
217 452 327 30
218 452 327 30
219 452 327 30
220 452 327 30
221 452 327 30
222 452 327 30
223 452 327 30
224 452 327 30
225 452 327 30
226 452 327 30
227 452 327 30
228 452 327 30
229 452 327 30
230 452 327 30
231 452 327 30
232 452 327 30
233 452 327 30
234 452 327 30
235 452 327 30
236 452 327 30
237 452 327 30
238 452 327 30
239 452 327 30
240 452 327 30
241 452 327 30
242 452 327 30
243 452 327 30
244 452 327 30
245 452 327 30
246 452 327 30
247 452 327 30
248 452 327 30
249 452 327 30
250 452 327 30
251 452 327 30
252 452 327 30
253 452 327 30
254 452 327 30
255 452 327 30
256 452 327 30
257 452 327 30
258 452 327 30
259 452 327 30
260 452 327 30
261 452 327 30
262 452 327 30
263 452 327 30
264 452 327 30
265 452 327 30
266 452 327 30
267 452 327 30
268 452 327 30
269 452 327 30
270 452 327 30
271 452 327 30
272 452 327 30
273 452 327 30
274 452 327 30
275 452 327 30
276 452 327 30
277 452 327 30
278 452 327 30
279 452 327 30
280 452 327 30
281 452 327 30
282 452 327 30
283 452 327 30
284 452 327 30
285 452 327 30
286 452 327 30
287 452 327 30
288 452 327 30
289 452 327 30
290 452 327 30
291 452 327 30
292 452 327 30
293 452 327 30
294 452 327 30
295 452 327 30
296 452 327 30
297 452 327 30
298 452 327 30
299 452 327 30
300 452 327 30
301 452 327 30
302 452 327 30
303 452 327 30
304 452 327 30
305 452 327 30
306 452 327 30
307 452 327 30
308 452 327 30
309 452 327 30
310 452 327 30
311 452 327 30
312 452 327 30
313 452 327 30
314 452 327 30
315 452 327 30
316 452 327 30
317 452 327 30
318 452 327 30
319 452 327 30
320 452 327 30
321 452 327 30
322 452 327 30
323 452 327 30
324 452 327 30
325 452 327 30
326 452 327 30
327 452 327 30
328 452 327 30
329 452 327 30
330 452 327 30
331 452 327 30
332 452 327 30
333 452 327 30
334 452 327 30
335 452 327 30
336 452 327 30
337 452 327 30
338 452 327 30
339 452 327 30
340 452 327 30
341 452 327 30
342 452 327 30
343 452 327 30
344 452 327 30
345 452 327 30
346 452 327 30
347 452 327 30
348 452 327 30
349 452 327 30
350 452 327 30
351 452 327 30
352 452 327 30
353 452 327 30
354 452 327 30
355 452 327 30
356 452 327 30
357 452 327 30
358 452 327 30
359 452 327 30
360 452 327 30
361 452 327 30
362 452 327 30
363 452 327 30
363
1 376 294 44
2 376 294 44
3 376 294 44
4 376 294 44
5 376 294 44
6 376 294 44
7 376 294 44
8 376 294 44
9 376 294 44
10 376 294 44
11 376 294 44
12 376 294 44
13 376 294 44
14 376 294 44
15 376 294 44
16 376 294 44
17 376 294 44
18 376 294 44
19 376 294 44
20 376 294 44
21 376 294 44
22 376 294 44
23 376 294 44
24 376 294 44
25 376 294 44
26 376 294 44
27 376 294 44
28 376 294 44
29 376 294 44
30 376 294 44
31 376 294 44
32 376 294 44
33 376 294 44
34 376 294 44
35 376 294 44
36 376 294 44
37 376 294 44
38 376 294 44
39 376 294 44
40 376 294 44
41 376 294 44
42 376 294 44
43 376 294 44
44 376 294 44
45 376 294 44
46 376 294 44
47 376 294 44
48 376 294 44
49 376 294 44
50 376 294 44
51 376 294 44
52 376 294 44
53 376 294 44
54 376 294 44
55 376 294 44
56 376 294 44
57 376 294 44
58 376 294 44
59 376 294 44
60 376 294 44
61 376 294 44
62 376 294 44
63 376 294 44
64 376 294 44
65 376 294 44
66 376 294 44
67 376 294 44
68 376 294 44
69 376 294 44
70 376 294 44
71 376 294 44
72 376 294 44
73 376 294 44
74 376 294 44
75 376 294 44
76 376 294 44
77 376 294 44
78 376 294 44
79 376 294 44
80 376 294 44
81 376 294 44
82 376 294 44
83 376 294 44
84 376 294 44
85 376 294 44
86 376 294 44
87 376 294 44
88 376 294 44
89 376 294 44
90 376 294 44
91 376 294 44
92 376 294 44
93 376 294 44
94 376 294 44
95 376 294 44
96 376 294 44
97 376 294 44
98 376 294 44
99 376 294 44
100 376 294 44
101 376 294 44
102 376 294 44
103 376 294 44
104 376 294 44
105 376 294 44
106 376 294 44
107 376 294 44
108 376 294 44
109 376 294 44
110 376 294 44
111 376 294 44
112 376 294 44
113 376 294 44
114 376 294 44
115 376 294 44
116 376 294 44
117 376 294 44
118 376 294 44
119 376 294 44
120 376 294 44
121 376 294 44
122 376 294 44
123 376 294 44
124 376 294 44
125 376 294 44
126 376 294 44
127 376 294 44
128 376 294 44
129 376 294 44
130 376 294 44
131 376 294 44
132 376 294 44
133 376 294 44
134 376 294 44
135 376 294 44
136 376 294 44
137 376 294 44
138 376 294 44
139 376 294 44
140 376 294 44
141 376 294 44
142 376 294 44
143 376 294 44
144 376 294 44
145 376 294 44
146 376 294 44
147 376 294 44
148 376 294 44
149 376 294 44
150 376 294 44
151 376 294 44
152 376 294 44
153 376 294 44
154 376 294 44
155 376 294 44
156 376 294 44
157 376 294 44
158 376 294 44
159 376 294 44
160 376 294 44
161 376 294 44
162 376 294 44
163 376 294 44
164 376 294 44
165 376 294 44
166 376 294 44
167 376 294 44
168 376 294 44
169 376 294 44
170 376 294 44
171 376 294 44
172 376 294 44
173 376 294 44
174 376 294 44
175 376 294 44
176 376 294 44
177 376 294 44
178 376 294 44
179 376 294 44
180 376 294 44
181 376 294 44
182 376 294 44
183 376 294 44
184 376 294 44
185 376 294 44
186 376 294 44
187 376 294 44
188 376 294 44
189 376 294 44
190 376 294 44
191 376 294 44
192 376 294 44
193 376 294 44
194 376 294 44
195 376 294 44
196 376 294 44
197 376 294 44
198 376 294 44
199 376 294 44
200 376 294 44
201 376 294 44
202 376 294 44
203 376 294 44
204 376 294 44
205 376 294 44
206 376 294 44
207 376 294 44
208 376 294 44
209 376 294 44
210 376 294 44
211 376 294 44
212 376 294 44
213 376 294 44
214 376 294 44
215 376 294 44
216 376 294 44
217 376 294 44
218 376 294 44
219 376 294 44
220 376 294 44
221 376 294 44
222 376 294 44
223 376 294 44
224 376 294 44
225 376 294 44
226 376 294 44
227 376 294 44
228 376 294 44
229 376 294 44
230 376 294 44
231 376 294 44
232 376 294 44
233 376 294 44
234 376 294 44
235 376 294 44
236 376 294 44
237 376 294 44
238 376 294 44
239 376 294 44
240 376 294 44
241 376 294 44
242 376 294 44
243 376 294 44
244 376 294 44
245 376 294 44
246 376 294 44
247 376 294 44
248 376 294 44
249 376 294 44
250 376 294 44
251 376 294 44
252 376 294 44
253 376 294 44
254 376 294 44
255 376 294 44
256 376 294 44
257 376 294 44
258 376 294 44
259 376 294 44
260 376 294 44
261 376 294 44
262 376 294 44
263 376 294 44
264 376 294 44
265 376 294 44
266 376 294 44
267 376 294 44
268 376 294 44
269 376 294 44
270 376 294 44
271 376 294 44
272 376 294 44
273 376 294 44
274 376 294 44
275 376 294 44
276 376 294 44
277 376 294 44
278 376 294 44
279 376 294 44
280 376 294 44
281 376 294 44
282 376 294 44
283 376 294 44
284 376 294 44
285 376 294 44
286 376 294 44
287 376 294 44
288 376 294 44
289 376 294 44
290 376 294 44
291 376 294 44
292 376 294 44
293 376 294 44
294 376 294 44
295 376 294 44
296 376 294 44
297 376 294 44
298 376 294 44
299 376 294 44
300 376 294 44
301 376 294 44
302 376 294 44
303 376 294 44
304 376 294 44
305 376 294 44
306 376 294 44
307 376 294 44
308 376 294 44
309 376 294 44
310 376 294 44
311 376 294 44
312 376 294 44
313 376 294 44
314 376 294 44
315 376 294 44
316 376 294 44
317 376 294 44
318 376 294 44
319 376 294 44
320 376 294 44
321 376 294 44
322 376 294 44
323 376 294 44
324 376 294 44
325 376 294 44
326 376 294 44
327 376 294 44
328 376 294 44
329 376 294 44
330 376 294 44
331 376 294 44
332 376 294 44
333 376 294 44
334 376 294 44
335 376 294 44
336 376 294 44
337 376 294 44
338 376 294 44
339 376 294 44
340 376 294 44
341 376 294 44
342 376 294 44
343 376 294 44
344 376 294 44
345 376 294 44
346 376 294 44
347 376 294 44
348 376 294 44
349 376 294 44
350 376 294 44
351 376 294 44
352 376 294 44
353 376 294 44
354 376 294 44
355 376 294 44
356 376 294 44
357 376 294 44
358 376 294 44
359 376 294 44
360 376 294 44
361 376 294 44
362 376 294 44
363 376 294 44
363
1 597 199 27
2 598 199 27
3 598 199 27
4 599 200 27
5 599 200 27
6 600 201 27
7 601 201 27
8 601 202 27
9 602 202 27
10 602 202 27
11 603 203 27
12 603 203 27
13 603 203 27
14 604 203 27
15 604 204 27
16 604 204 27
17 605 204 27
18 605 204 27
19 605 205 27
20 606 205 27
21 606 205 27
22 606 205 27
23 607 206 27
24 607 206 27
25 607 206 27
26 608 206 27
27 608 207 27
28 608 207 27
29 609 207 27
30 609 207 27
31 609 208 27
32 610 208 27
33 610 208 27
34 610 208 27
35 611 209 27
36 611 209 27
37 611 210 27
38 612 210 27
39 612 211 27
40 612 211 27
41 612 212 27
42 613 212 27
43 613 213 27
44 613 213 27
45 614 214 27
46 614 214 27
47 614 215 27
48 614 215 27
49 615 216 27
50 615 216 27
51 615 217 27
52 615 217 27
53 616 218 27
54 616 218 27
55 616 219 27
56 617 219 27
57 617 220 27
58 617 220 27
59 617 221 27
60 618 221 27
61 618 222 27
62 618 222 27
63 618 223 27
64 619 223 27
65 619 223 27
66 619 224 27
67 619 224 27
68 620 224 27
69 620 224 27
70 620 225 27
71 620 225 27
72 621 225 27
73 621 226 27
74 621 226 27
75 621 226 27
76 621 227 27
77 622 227 27
78 622 227 27
79 622 228 27
80 622 228 27
81 623 228 27
82 623 228 27
83 623 229 27
84 623 229 27
85 624 229 27
86 624 230 27
87 624 230 27
88 624 230 27
89 624 230 27
90 624 231 27
91 624 231 27
92 624 231 27
93 624 231 27
94 624 232 28
95 624 232 28
96 624 232 28
97 624 232 28
98 624 232 28
99 624 233 28
100 624 233 28
101 624 233 28
102 623 233 28
103 623 233 28
104 623 234 28
105 623 234 28
106 623 234 28
107 623 234 28
108 623 235 29
109 623 235 29
110 623 235 29
111 623 235 29
112 623 235 29
113 623 236 29
114 623 236 29
115 623 236 29
116 623 236 29
117 623 237 29
118 622 237 29
119 622 237 29
120 622 237 29
121 622 238 29
122 621 238 29
123 621 238 29
124 621 238 29
125 621 239 29
126 620 239 29
127 620 239 29
128 620 239 29
129 620 240 29
130 619 240 29
131 619 240 29
132 619 240 29
133 619 240 29
134 618 241 29
135 618 241 29
136 618 241 29
137 618 241 29
138 618 242 29
139 617 242 29
140 617 242 29
141 617 242 29
142 617 242 29
143 617 243 29
144 616 243 30
145 616 243 30
146 616 243 30
147 616 244 30
148 616 244 30
149 615 244 30
150 615 244 30
151 615 244 30
152 615 245 30
153 615 245 30
154 614 245 30
155 614 245 30
156 614 246 30
157 614 246 30
158 614 246 30
159 613 246 30
160 613 246 30
161 613 247 30
162 613 247 30
163 613 247 30
164 612 247 30
165 612 247 30
166 612 248 30
167 612 248 30
168 612 248 30
169 611 248 31
170 611 249 31
171 611 249 31
172 611 249 31
173 611 249 31
174 610 249 31
175 610 250 31
176 610 250 31
177 610 250 31
178 610 250 31
179 609 251 31
180 609 251 31
181 609 251 31
182 609 251 31
183 609 251 31
184 608 252 31
185 608 252 31
186 608 252 31
187 608 252 31
188 607 253 31
189 607 253 31
190 607 253 31
191 607 253 31
192 607 254 31
193 606 254 31
194 606 254 31
195 606 254 31
196 606 255 31
197 605 255 31
198 605 255 31
199 605 255 31
200 605 256 31
201 605 256 31
202 604 256 32
203 604 256 32
204 604 257 32
205 604 257 32
206 604 257 32
207 603 257 32
208 603 258 32
209 603 258 32
210 603 258 32
211 602 258 32
212 602 259 32
213 602 259 32
214 602 259 32
215 602 259 32
216 601 260 32
217 601 260 32
218 601 260 32
219 601 260 32
220 600 261 32
221 600 261 32
222 600 261 32
223 599 262 32
224 599 263 32
225 598 263 32
226 597 264 32
227 597 265 32
228 596 266 32
229 595 266 32
230 595 267 32
231 594 268 32
232 593 269 32
233 593 270 32
234 592 270 32
235 592 271 32
236 591 272 32
237 590 273 32
238 590 274 32
239 589 274 32
240 588 275 32
241 588 276 32
242 587 277 32
243 586 277 32
244 586 278 32
245 585 279 32
246 585 280 32
247 584 280 32
248 584 281 32
249 583 281 32
250 583 282 32
251 582 282 32
252 582 283 32
253 581 283 32
254 581 284 32
255 580 284 32
256 580 285 32
257 579 285 32
258 579 285 32
259 580 285 32
260 580 285 32
261 580 285 32
262 581 285 32
263 581 285 32
264 581 285 32
265 582 285 32
266 582 285 32
267 582 285 32
268 583 285 32
269 583 285 32
270 583 285 32
271 584 285 32
272 584 285 32
273 584 285 32
274 585 286 32
275 585 286 32
276 585 286 32
277 585 286 32
278 586 286 32
279 586 286 32
280 586 286 32
281 587 286 32
282 587 286 32
283 587 286 32
284 588 286 32
285 588 286 32
286 588 286 32
287 589 286 32
288 589 286 32
289 589 286 32
290 590 286 32
291 590 286 32
292 590 286 32
293 590 286 32
294 590 286 32
295 590 286 32
296 589 286 33
297 589 286 33
298 589 286 33
299 589 286 33
300 589 285 33
301 589 285 33
302 589 285 33
303 589 285 33
304 588 285 34
305 588 285 34
306 588 285 34
307 588 285 34
308 588 285 34
309 588 285 34
310 588 285 34
311 588 285 34
312 587 285 35
313 587 285 35
314 587 285 35
315 587 285 35
316 587 284 35
317 587 284 35
318 587 284 35
319 587 284 35
320 586 284 36
321 586 284 36
322 586 284 36
323 586 284 36
324 586 284 36
325 586 285 36
326 586 285 36
327 585 286 36
328 585 286 36
329 585 287 36
330 585 287 36
331 585 288 36
332 584 288 36
333 584 289 36
334 584 289 36
335 584 290 36
336 583 290 36
337 583 291 36
338 583 291 36
339 583 292 36
340 583 292 36
341 582 293 36
342 582 293 36
343 582 294 36
344 582 295 36
345 582 295 36
346 583 296 36
347 583 296 36
348 583 297 36
349 583 298 36
350 583 298 36
351 583 299 36
352 584 299 36
353 584 300 36
354 584 300 36
355 584 301 36
356 584 302 36
357 584 302 36
358 585 303 36
359 585 303 36
360 585 304 36
361 585 304 36
362 586 305 36
363 586 305 36
