3
363
134 452 327 30
135 452 327 30
136 452 327 30
137 452 327 30
138 452 327 30
139 452 327 30
140 452 327 30
141 452 327 30
142 452 327 30
143 452 327 30
144 452 327 30
145 452 327 30
146 452 327 30
147 452 327 30
148 452 327 30
149 452 327 30
150 452 327 30
151 452 327 30
152 452 327 30
153 452 327 30
154 452 327 30
155 452 327 30
156 452 327 30
157 452 327 30
158 452 327 30
159 452 327 30
160 452 327 30
161 452 327 30
162 452 327 30
163 452 327 30
164 452 327 30
165 452 327 30
166 452 327 30
167 452 327 30
168 452 327 30
169 452 327 30
170 452 327 30
171 452 327 30
172 452 327 30
173 452 327 30
174 452 327 30
175 452 327 30
176 452 327 30
177 452 327 30
178 452 327 30
179 452 327 30
180 452 327 30
181 452 327 30
182 452 327 30
183 452 327 30
184 452 327 30
185 452 327 30
186 452 327 30
187 452 327 30
188 452 327 30
189 452 327 30
190 452 327 30
191 452 327 30
192 452 327 30
193 452 327 30
194 452 327 30
195 452 327 30
196 452 327 30
197 452 327 30
198 452 327 30
199 452 327 30
200 452 327 30
201 452 327 30
202 452 327 30
203 452 327 30
204 452 327 30
205 452 327 30
206 452 327 30
207 452 327 30
208 452 327 30
209 452 327 30
210 452 327 30
211 452 327 30
212 452 327 30
213 452 327 30
214 452 327 30
215 452 327 30
216 452 327 30
217 452 327 30
218 452 327 30
219 452 327 30
220 452 327 30
221 452 327 30
222 452 327 30
223 452 327 30
224 452 327 30
225 452 327 30
226 452 327 30
227 452 327 30
228 452 327 30
229 452 327 30
230 452 327 30
231 452 327 30
232 452 327 30
233 452 327 30
234 452 327 30
235 452 327 30
236 452 327 30
237 452 327 30
238 452 327 30
239 452 327 30
240 452 327 30
241 452 327 30
242 452 327 30
243 452 327 30
244 452 327 30
245 452 327 30
246 452 327 30
247 452 327 30
248 452 327 30
249 452 327 30
250 452 327 30
251 452 327 30
252 452 327 30
253 452 327 30
254 452 327 30
255 452 327 30
256 452 327 30
257 452 327 30
258 452 327 30
259 452 327 30
260 452 327 30
261 452 327 30
262 452 327 30
263 452 327 30
264 452 327 30
265 452 327 30
266 452 327 30
267 452 327 30
268 452 327 30
269 452 327 30
270 452 327 30
271 452 327 30
272 452 327 30
273 452 327 30
274 452 327 30
275 452 327 30
276 452 327 30
277 452 327 30
278 452 327 30
279 452 327 30
280 452 327 30
281 452 327 30
282 452 327 30
283 452 327 30
284 452 327 30
285 452 327 30
286 452 327 30
287 452 327 30
288 452 327 30
289 452 327 30
290 452 327 30
291 452 327 30
292 452 327 30
293 452 327 30
294 452 327 30
295 452 327 30
296 452 327 30
297 452 327 30
298 452 327 30
299 452 327 30
300 452 327 30
301 452 327 30
302 452 327 30
303 452 327 30
304 452 327 30
305 452 327 30
306 452 327 30
307 452 327 30
308 452 327 30
309 452 327 30
310 452 327 30
311 452 327 30
312 452 327 30
313 452 327 30
314 452 327 30
315 452 327 30
316 452 327 30
317 452 327 30
318 452 327 30
319 452 327 30
320 452 327 30
321 452 327 30
322 452 327 30
323 452 327 30
324 452 327 30
325 452 327 30
326 452 327 30
327 452 327 30
328 452 327 30
329 452 327 30
330 452 327 30
331 452 327 30
332 452 327 30
333 452 327 30
334 452 327 30
335 452 327 30
336 452 327 30
337 452 327 30
338 452 327 30
339 452 327 30
340 452 327 30
341 452 327 30
342 452 327 30
343 452 327 30
344 452 327 30
345 452 327 30
346 452 327 30
347 452 327 30
348 452 327 30
349 452 327 30
350 452 327 30
351 452 327 30
352 452 327 30
353 452 327 30
354 452 327 30
355 452 327 30
356 452 327 30
357 452 327 30
358 452 327 30
359 452 327 30
360 452 327 30
361 452 327 30
362 452 327 30
363 452 327 30
364 452 327 30
365 452 327 30
366 452 327 30
367 452 327 30
368 452 327 30
369 452 327 30
370 452 327 30
371 452 327 30
372 452 327 30
373 452 327 30
374 452 327 30
375 452 327 30
376 452 327 30
377 452 327 30
378 452 327 30
379 452 327 30
380 452 327 30
381 452 327 30
382 452 327 30
383 452 327 30
384 452 327 30
385 452 327 30
386 452 327 30
387 452 327 30
388 452 327 30
389 452 327 30
390 452 327 30
391 452 327 30
392 452 327 30
393 452 327 30
394 452 327 30
395 452 327 30
396 452 327 30
397 452 327 30
398 452 327 30
399 452 327 30
400 452 327 30
401 452 327 30
402 452 327 30
403 452 327 30
404 452 327 30
405 452 327 30
406 452 327 30
407 452 327 30
408 452 327 30
409 452 327 30
410 452 327 30
411 452 327 30
412 452 327 30
413 452 327 30
414 452 327 30
415 452 327 30
416 452 327 30
417 452 327 30
418 452 327 30
419 452 327 30
420 452 327 30
421 452 327 30
422 452 327 30
423 452 327 30
424 452 327 30
425 452 327 30
426 452 327 30
427 452 327 30
428 452 327 30
429 452 327 30
430 452 327 30
431 452 327 30
432 452 327 30
433 452 327 30
434 452 327 30
435 452 327 30
436 452 327 30
437 452 327 30
438 452 327 30
439 452 327 30
440 452 327 30
441 452 327 30
442 452 327 30
443 452 327 30
444 452 327 30
445 452 327 30
446 452 327 30
447 452 327 30
448 452 327 30
449 452 327 30
450 452 327 30
451 452 327 30
452 452 327 30
453 452 327 30
454 452 327 30
455 452 327 30
456 452 327 30
457 452 327 30
458 452 327 30
459 452 327 30
460 452 327 30
461 452 327 30
462 452 327 30
463 452 327 30
464 452 327 30
465 452 327 30
466 452 327 30
467 452 327 30
468 452 327 30
469 452 327 30
470 452 327 30
471 452 327 30
472 452 327 30
473 452 327 30
474 452 327 30
475 452 327 30
476 452 327 30
477 452 327 30
478 452 327 30
479 452 327 30
480 452 327 30
481 452 327 30
482 452 327 30
483 452 327 30
484 452 327 30
485 452 327 30
486 452 327 30
487 452 327 30
488 452 327 30
489 452 327 30
490 452 327 30
491 452 327 30
492 452 327 30
493 452 327 30
494 452 327 30
495 452 327 30
496 452 327 30
363
134 376 294 44
135 376 294 44
136 376 294 44
137 376 294 44
138 376 294 44
139 376 294 44
140 376 294 44
141 376 294 44
142 376 294 44
143 376 294 44
144 376 294 44
145 376 294 44
146 376 294 44
147 376 294 44
148 376 294 44
149 376 294 44
150 376 294 44
151 376 294 44
152 376 294 44
153 376 294 44
154 376 294 44
155 376 294 44
156 376 294 44
157 376 294 44
158 376 294 44
159 376 294 44
160 376 294 44
161 376 294 44
162 376 294 44
163 376 294 44
164 376 294 44
165 376 294 44
166 376 294 44
167 376 294 44
168 376 294 44
169 376 294 44
170 376 294 44
171 376 294 44
172 376 294 44
173 376 294 44
174 376 294 44
175 376 294 44
176 376 294 44
177 376 294 44
178 376 294 44
179 376 294 44
180 376 294 44
181 376 294 44
182 376 294 44
183 376 294 44
184 376 294 44
185 376 294 44
186 376 294 44
187 376 294 44
188 376 294 44
189 376 294 44
190 376 294 44
191 376 294 44
192 376 294 44
193 376 294 44
194 376 294 44
195 376 294 44
196 376 294 44
197 376 294 44
198 376 294 44
199 376 294 44
200 376 294 44
201 376 294 44
202 376 294 44
203 376 294 44
204 376 294 44
205 376 294 44
206 376 294 44
207 376 294 44
208 376 294 44
209 376 294 44
210 376 294 44
211 376 294 44
212 376 294 44
213 376 294 44
214 376 294 44
215 376 294 44
216 376 294 44
217 376 294 44
218 376 294 44
219 376 294 44
220 376 294 44
221 376 294 44
222 376 294 44
223 376 294 44
224 376 294 44
225 376 294 44
226 376 294 44
227 376 294 44
228 376 294 44
229 376 294 44
230 376 294 44
231 376 294 44
232 376 294 44
233 376 294 44
234 376 294 44
235 376 294 44
236 376 294 44
237 376 294 44
238 376 294 44
239 376 294 44
240 376 294 44
241 376 294 44
242 376 294 44
243 376 294 44
244 376 294 44
245 376 294 44
246 376 294 44
247 376 294 44
248 376 294 44
249 376 294 44
250 376 294 44
251 376 294 44
252 376 294 44
253 376 294 44
254 376 294 44
255 376 294 44
256 376 294 44
257 376 294 44
258 376 294 44
259 376 294 44
260 376 294 44
261 376 294 44
262 376 294 44
263 376 294 44
264 376 294 44
265 376 294 44
266 376 294 44
267 376 294 44
268 376 294 44
269 376 294 44
270 376 294 44
271 376 294 44
272 376 294 44
273 376 294 44
274 376 294 44
275 376 294 44
276 376 294 44
277 376 294 44
278 376 294 44
279 376 294 44
280 376 294 44
281 376 294 44
282 376 294 44
283 376 294 44
284 376 294 44
285 376 294 44
286 376 294 44
287 376 294 44
288 376 294 44
289 376 294 44
290 376 294 44
291 376 294 44
292 376 294 44
293 376 294 44
294 376 294 44
295 376 294 44
296 376 294 44
297 376 294 44
298 376 294 44
299 376 294 44
300 376 294 44
301 376 294 44
302 376 294 44
303 376 294 44
304 376 294 44
305 376 294 44
306 376 294 44
307 376 294 44
308 376 294 44
309 376 294 44
310 376 294 44
311 376 294 44
312 376 294 44
313 376 294 44
314 376 294 44
315 376 294 44
316 376 294 44
317 376 294 44
318 376 294 44
319 376 294 44
320 376 294 44
321 376 294 44
322 376 294 44
323 376 294 44
324 376 294 44
325 376 294 44
326 376 294 44
327 376 294 44
328 376 294 44
329 376 294 44
330 376 294 44
331 376 294 44
332 376 294 44
333 376 294 44
334 376 294 44
335 376 294 44
336 376 294 44
337 376 294 44
338 376 294 44
339 376 294 44
340 376 294 44
341 376 294 44
342 376 294 44
343 376 294 44
344 376 294 44
345 376 294 44
346 376 294 44
347 376 294 44
348 376 294 44
349 376 294 44
350 376 294 44
351 376 294 44
352 376 294 44
353 376 294 44
354 376 294 44
355 376 294 44
356 376 294 44
357 376 294 44
358 376 294 44
359 376 294 44
360 376 294 44
361 376 294 44
362 376 294 44
363 376 294 44
364 376 294 44
365 376 294 44
366 376 294 44
367 376 294 44
368 376 294 44
369 376 294 44
370 376 294 44
371 376 294 44
372 376 294 44
373 376 294 44
374 376 294 44
375 376 294 44
376 376 294 44
377 376 294 44
378 376 294 44
379 376 294 44
380 376 294 44
381 376 294 44
382 376 294 44
383 376 294 44
384 376 294 44
385 376 294 44
386 376 294 44
387 376 294 44
388 376 294 44
389 376 294 44
390 376 294 44
391 376 294 44
392 376 294 44
393 376 294 44
394 376 294 44
395 376 294 44
396 376 294 44
397 376 294 44
398 376 294 44
399 376 294 44
400 376 294 44
401 376 294 44
402 376 294 44
403 376 294 44
404 376 294 44
405 376 294 44
406 376 294 44
407 376 294 44
408 376 294 44
409 376 294 44
410 376 294 44
411 376 294 44
412 376 294 44
413 376 294 44
414 376 294 44
415 376 294 44
416 376 294 44
417 376 294 44
418 376 294 44
419 376 294 44
420 376 294 44
421 376 294 44
422 376 294 44
423 376 294 44
424 376 294 44
425 376 294 44
426 376 294 44
427 376 294 44
428 376 294 44
429 376 294 44
430 376 294 44
431 376 294 44
432 376 294 44
433 376 294 44
434 376 294 44
435 376 294 44
436 376 294 44
437 376 294 44
438 376 294 44
439 376 294 44
440 376 294 44
441 376 294 44
442 376 294 44
443 376 294 44
444 376 294 44
445 376 294 44
446 376 294 44
447 376 294 44
448 376 294 44
449 376 294 44
450 376 294 44
451 376 294 44
452 376 294 44
453 376 294 44
454 376 294 44
455 376 294 44
456 376 294 44
457 376 294 44
458 376 294 44
459 376 294 44
460 376 294 44
461 376 294 44
462 376 294 44
463 376 294 44
464 376 294 44
465 376 294 44
466 376 294 44
467 376 294 44
468 376 294 44
469 376 294 44
470 376 294 44
471 376 294 44
472 376 294 44
473 376 294 44
474 376 294 44
475 376 294 44
476 376 294 44
477 376 294 44
478 376 294 44
479 376 294 44
480 376 294 44
481 376 294 44
482 376 294 44
483 376 294 44
484 376 294 44
485 376 294 44
486 376 294 44
487 376 294 44
488 376 294 44
489 376 294 44
490 376 294 44
491 376 294 44
492 376 294 44
493 376 294 44
494 376 294 44
495 376 294 44
496 376 294 44
363
134 597 199 27
135 598 199 27
136 598 199 27
137 599 200 27
138 599 200 27
139 600 201 27
140 601 201 27
141 601 202 27
142 602 202 27
143 602 202 27
144 603 203 27
145 603 203 27
146 603 203 27
147 604 203 27
148 604 204 27
149 604 204 27
150 605 204 27
151 605 204 27
152 605 205 27
153 606 205 27
154 606 205 27
155 606 205 27
156 607 206 27
157 607 206 27
158 607 206 27
159 608 206 27
160 608 207 27
161 608 207 27
162 609 207 27
163 609 207 27
164 609 208 27
165 610 208 27
166 610 208 27
167 610 208 27
168 611 209 27
169 611 209 27
170 611 210 27
171 612 210 27
172 612 211 27
173 612 211 27
174 612 212 27
175 613 212 27
176 613 213 27
177 613 213 27
178 614 214 27
179 614 214 27
180 614 215 27
181 614 215 27
182 615 216 27
183 615 216 27
184 615 217 27
185 615 217 27
186 616 218 27
187 616 218 27
188 616 219 27
189 617 219 27
190 617 220 27
191 617 220 27
192 617 221 27
193 618 221 27
194 618 222 27
195 618 222 27
196 618 223 27
197 619 223 27
198 619 223 27
199 619 224 27
200 619 224 27
201 620 224 27
202 620 224 27
203 620 225 27
204 620 225 27
205 621 225 27
206 621 226 27
207 621 226 27
208 621 226 27
209 621 227 27
210 622 227 27
211 622 227 27
212 622 228 27
213 622 228 27
214 623 228 27
215 623 228 27
216 623 229 27
217 623 229 27
218 624 229 27
219 624 230 27
220 624 230 27
221 624 230 27
222 624 230 27
223 624 231 27
224 624 231 27
225 624 231 27
226 624 231 27
227 624 232 28
228 624 232 28
229 624 232 28
230 624 232 28
231 624 232 28
232 624 233 28
233 624 233 28
234 624 233 28
235 623 233 28
236 623 233 28
237 623 234 28
238 623 234 28
239 623 234 28
240 623 234 28
241 623 235 29
242 623 235 29
243 623 235 29
244 623 235 29
245 623 235 29
246 623 236 29
247 623 236 29
248 623 236 29
249 623 236 29
250 623 237 29
251 622 237 29
252 622 237 29
253 622 237 29
254 622 238 29
255 621 238 29
256 621 238 29
257 621 238 29
258 621 239 29
259 620 239 29
260 620 239 29
261 620 239 29
262 620 240 29
263 619 240 29
264 619 240 29
265 619 240 29
266 619 240 29
267 618 241 29
268 618 241 29
269 618 241 29
270 618 241 29
271 618 242 29
272 617 242 29
273 617 242 29
274 617 242 29
275 617 242 29
276 617 243 29
277 616 243 30
278 616 243 30
279 616 243 30
280 616 244 30
281 616 244 30
282 615 244 30
283 615 244 30
284 615 244 30
285 615 245 30
286 615 245 30
287 614 245 30
288 614 245 30
289 614 246 30
290 614 246 30
291 614 246 30
292 613 246 30
293 613 246 30
294 613 247 30
295 613 247 30
296 613 247 30
297 612 247 30
298 612 247 30
299 612 248 30
300 612 248 30
301 612 248 30
302 611 248 31
303 611 249 31
304 611 249 31
305 611 249 31
306 611 249 31
307 610 249 31
308 610 250 31
309 610 250 31
310 610 250 31
311 610 250 31
312 609 251 31
313 609 251 31
314 609 251 31
315 609 251 31
316 609 251 31
317 608 252 31
318 608 252 31
319 608 252 31
320 608 252 31
321 607 253 31
322 607 253 31
323 607 253 31
324 607 253 31
325 607 254 31
326 606 254 31
327 606 254 31
328 606 254 31
329 606 255 31
330 605 255 31
331 605 255 31
332 605 255 31
333 605 256 31
334 605 256 31
335 604 256 32
336 604 256 32
337 604 257 32
338 604 257 32
339 604 257 32
340 603 257 32
341 603 258 32
342 603 258 32
343 603 258 32
344 602 258 32
345 602 259 32
346 602 259 32
347 602 259 32
348 602 259 32
349 601 260 32
350 601 260 32
351 601 260 32
352 601 260 32
353 600 261 32
354 600 261 32
355 600 261 32
356 599 262 32
357 599 263 32
358 598 263 32
359 597 264 32
360 597 265 32
361 596 266 32
362 595 266 32
363 595 267 32
364 594 268 32
365 593 269 32
366 593 270 32
367 592 270 32
368 592 271 32
369 591 272 32
370 590 273 32
371 590 274 32
372 589 274 32
373 588 275 32
374 588 276 32
375 587 277 32
376 586 277 32
377 586 278 32
378 585 279 32
379 585 280 32
380 584 280 32
381 584 281 32
382 583 281 32
383 583 282 32
384 582 282 32
385 582 283 32
386 581 283 32
387 581 284 32
388 580 284 32
389 580 285 32
390 579 285 32
391 579 285 32
392 580 285 32
393 580 285 32
394 580 285 32
395 581 285 32
396 581 285 32
397 581 285 32
398 582 285 32
399 582 285 32
400 582 285 32
401 583 285 32
402 583 285 32
403 583 285 32
404 584 285 32
405 584 285 32
406 584 285 32
407 585 286 32
408 585 286 32
409 585 286 32
410 585 286 32
411 586 286 32
412 586 286 32
413 586 286 32
414 587 286 32
415 587 286 32
416 587 286 32
417 588 286 32
418 588 286 32
419 588 286 32
420 589 286 32
421 589 286 32
422 589 286 32
423 590 286 32
424 590 286 32
425 590 286 32
426 590 286 32
427 590 286 32
428 590 286 32
429 589 286 33
430 589 286 33
431 589 286 33
432 589 286 33
433 589 285 33
434 589 285 33
435 589 285 33
436 589 285 33
437 588 285 34
438 588 285 34
439 588 285 34
440 588 285 34
441 588 285 34
442 588 285 34
443 588 285 34
444 588 285 34
445 587 285 35
446 587 285 35
447 587 285 35
448 587 285 35
449 587 284 35
450 587 284 35
451 587 284 35
452 587 284 35
453 586 284 36
454 586 284 36
455 586 284 36
456 586 284 36
457 586 284 36
458 586 285 36
459 586 285 36
460 585 286 36
461 585 286 36
462 585 287 36
463 585 287 36
464 585 288 36
465 584 288 36
466 584 289 36
467 584 289 36
468 584 290 36
469 583 290 36
470 583 291 36
471 583 291 36
472 583 292 36
473 583 292 36
474 582 293 36
475 582 293 36
476 582 294 36
477 582 295 36
478 582 295 36
479 583 296 36
480 583 296 36
481 583 297 36
482 583 298 36
483 583 298 36
484 583 299 36
485 584 299 36
486 584 300 36
487 584 300 36
488 584 301 36
489 584 302 36
490 584 302 36
491 585 303 36
492 585 303 36
493 585 304 36
494 585 304 36
495 586 305 36
496 586 305 36
