4
23
1 324 250 65
19 305 249 65
29 289 249 65
43 264 253 65
57 239 261 65
69 210 267 65
80 188 274 65
93 162 283 65
94 162 287 65
108 153 294 65
121 139 298 65
142 142 311 65
162 147 317 65
222 152 319 65
244 144 311 65
267 136 310 65
303 126 311 65
337 121 312 65
357 124 314 65
358 63 309 65
391 49 311 65
436 33 309 65
503 33 309 65
19
504 26 309 65
821 26 309 65
854 31 306 65
898 25 308 65
933 27 309 65
975 30 311 65
1021 44 312 65
1067 44 308 65
1108 46 309 65
1124 36 306 65
1141 22 304 65
1159 15 300 65
1172 4 301 65
1214 4 301 65
1228 11 309 65
1242 29 306 65
1244 29 306 65
1245 1009 294 65
1533 1009 294 65
26
1 33 308 65
9 919 317 65
14 841 307 65
18 784 292 65
23 750 283 65
30 739 280 65
37 754 280 65
42 738 274 65
58 720 270 65
71 713 266 65
98 706 264 65
199 706 264 65
226 719 265 65
247 728 271 65
265 737 274 65
279 755 281 65
292 774 292 65
300 775 295 65
307 767 299 65
319 769 299 65
327 819 307 65
333 855 311 65
337 893 317 65
344 937 316 65
349 976 320 65
357 1019 320 65
28
1245 79 324 65
1252 100 321 65
1262 135 314 65
1271 188 311 65
1276 229 308 65
1281 268 304 65
1287 290 306 65
1293 299 310 65
1300 312 310 65
1326 312 310 65
1340 293 305 65
1364 279 303 65
1382 264 304 65
1397 243 299 65
1411 224 299 65
1431 230 301 65
1460 242 299 65
1484 242 299 65
1493 223 299 65
1498 193 301 65
1503 177 311 65
1508 158 320 65
1513 144 312 65
1518 126 309 65
1522 113 311 65
1528 94 304 65
1533 80 307 65