7
344
1 322 249 15
2 321 249 15
3 321 249 15
4 320 249 15
5 319 250 15
6 317 250 16
7 316 250 16
8 315 251 16
9 314 251 16
10 312 251 16
11 311 251 16
12 310 251 16
13 309 251 16
14 308 251 18
15 307 251 18
16 306 250 18
17 305 250 18
18 304 250 20
19 302 250 20
20 301 249 20
21 299 249 21
22 298 249 21
23 296 249 21
24 295 249 22
25 293 248 22
26 292 248 24
27 290 248 24
28 289 248 24
29 288 248 25
30 286 249 25
31 285 249 25
32 284 249 27
33 282 249 27
34 281 249 27
35 279 250 27
36 277 250 27
37 276 250 28
38 274 251 28
39 272 251 28
40 271 251 28
41 269 252 28
42 267 252 28
43 266 253 28
44 264 254 28
45 262 255 28
46 261 256 28
47 259 257 28
48 257 258 28
49 255 260 28
50 253 261 28
51 251 262 28
52 249 263 28
53 247 264 28
54 245 265 28
55 243 265 28
56 241 266 30
57 239 267 30
58 237 268 30
59 235 268 32
60 233 269 32
61 231 270 32
62 229 271 33
63 227 272 33
64 224 273 35
65 222 274 35
66 219 275 36
67 217 276 36
68 214 276 38
69 212 277 38
70 209 278 38
71 207 278 38
72 205 279 38
73 203 279 39
74 201 279 39
75 199 279 39
76 197 279 39
77 195 279 39
78 194 280 40
79 192 280 40
80 190 281 40
81 188 282 40
82 186 283 42
83 184 284 42
84 182 285 42
85 180 285 42
86 178 285 42
87 175 285 44
88 173 285 44
89 171 285 45
90 169 285 45
91 167 285 46
92 166 285 46
93 164 285 46
94 163 286 46
95 162 286 47
96 160 287 47
97 159 288 48
98 157 290 48
99 156 291 48
100 155 292 48
101 153 294 49
102 152 295 49
103 150 296 49
104 149 297 49
105 148 298 49
106 147 299 49
107 146 299 50
108 145 299 50
109 144 299 51
110 143 299 51
111 143 300 51
112 142 300 52
113 142 300 52
114 141 300 53
115 141 301 53
116 141 302 53
117 140 302 53
118 140 303 54
119 140 303 54
120 139 304 55
121 139 305 56
122 139 305 56
123 139 306 56
124 139 307 56
125 138 307 56
126 138 308 57
127 138 308 57
128 138 309 58
129 138 310 58
130 138 310 58
131 138 311 59
132 138 312 60
133 138 313 60
134 139 314 61
135 139 315 62
136 139 316 63
137 139 316 63
138 140 317 63
139 140 317 64
140 140 318 64
141 140 318 65
142 140 318 65
143 140 317 65
144 140 317 65
145 140 317 65
146 140 317 65
147 140 317 66
148 141 317 66
149 141 317 66
150 142 317 66
151 143 317 66
152 143 318 67
153 144 318 67
154 145 318 67
155 146 318 67
156 147 318 67
157 148 318 67
158 149 318 67
159 150 318 67
160 151 318 67
161 151 318 67
162 152 318 67
163 152 318 67
164 153 318 67
165 153 318 67
166 153 318 67
167 153 318 67
168 153 318 67
169 153 318 67
170 153 318 67
171 153 318 67
172 153 318 67
173 153 318 67
174 153 318 67
175 153 318 67
176 153 318 67
177 153 318 67
178 153 318 67
179 153 318 67
180 153 318 67
181 153 318 67
182 153 318 67
183 153 318 67
184 153 318 67
185 153 318 67
186 153 318 67
187 153 318 67
188 153 318 67
189 153 318 67
190 153 318 67
191 153 318 67
192 153 318 67
193 153 318 67
194 153 318 67
195 153 318 67
196 153 318 67
197 153 318 67
198 153 318 67
199 153 318 67
200 153 318 67
201 153 318 67
202 153 318 67
203 153 318 67
204 153 318 67
205 153 318 67
206 153 318 67
207 153 318 67
208 153 318 67
209 153 318 67
210 153 318 67
211 153 318 67
212 153 318 67
213 153 319 67
214 153 319 67
215 152 319 67
216 152 320 68
217 152 320 68
218 152 320 68
219 152 320 68
220 152 321 68
221 151 321 68
222 151 321 68
223 151 322 68
224 151 322 68
225 151 322 68
226 151 323 69
227 151 323 69
228 150 323 69
229 150 323 69
230 150 324 69
231 150 324 69
232 149 324 70
233 149 324 70
234 148 324 72
235 148 325 72
236 147 325 73
237 147 325 73
238 146 325 74
239 145 325 74
240 145 325 75
241 144 325 75
242 144 326 76
243 143 326 76
244 143 326 77
245 142 326 77
246 141 326 78
247 141 326 78
248 140 326 79
249 140 327 79
250 139 327 80
251 139 327 80
252 139 327 80
253 138 327 81
254 138 327 81
255 138 327 81
256 138 327 81
257 138 327 81
258 138 327 81
259 138 328 81
260 138 328 81
261 138 328 81
262 138 328 81
263 138 328 81
264 138 328 81
265 137 328 81
266 137 328 81
267 137 328 81
268 137 328 81
269 137 328 81
270 137 328 81
271 137 329 81
272 137 329 81
273 137 329 81
274 137 329 81
275 137 329 81
276 137 329 81
277 137 329 81
278 137 329 81
279 137 329 81
280 137 329 81
281 137 329 81
282 137 329 81
283 137 330 81
284 137 330 81
285 137 330 81
286 137 330 81
287 137 330 81
288 137 330 81
289 136 330 81
290 136 330 81
291 136 330 81
292 136 330 81
293 136 330 81
294 136 330 81
295 136 331 81
296 136 331 81
297 136 331 81
298 136 331 81
299 136 331 81
300 136 331 81
301 136 331 81
302 136 331 81
303 135 331 81
304 135 331 81
305 135 331 81
306 135 331 81
307 134 331 81
308 134 331 81
309 134 331 81
310 133 331 81
311 133 331 81
312 133 331 81
313 133 331 81
314 132 331 81
315 132 331 81
316 132 331 81
317 132 331 81
318 131 331 81
319 131 331 81
320 131 331 81
321 130 331 81
322 130 331 81
323 130 331 81
324 130 331 81
325 129 331 81
326 129 331 81
327 129 331 81
328 128 331 81
329 128 331 81
330 128 331 81
331 128 331 81
332 127 331 81
333 127 331 81
334 127 331 81
335 127 331 81
336 127 331 81
337 127 331 81
338 127 331 81
339 127 331 81
340 127 331 81
341 127 331 81
342 127 331 81
343 127 331 81
344 127 331 81
23
322 796 286 35
323 798 286 35
324 800 287 35
325 804 288 35
326 809 289 36
327 815 290 36
328 822 291 38
329 829 293 38
330 836 294 39
331 844 295 39
332 851 297 40
333 859 298 40
334 867 299 42
335 874 300 42
336 881 301 44
337 889 302 44
338 896 303 44
339 906 305 46
340 919 308 47
341 936 312 50
342 953 316 53
343 969 318 56
344 470 319 59
159
345 53 334 92
346 61 334 95
347 67 334 97
348 71 333 98
349 73 333 99
350 75 332 99
351 76 332 99
352 77 331 99
353 78 330 99
354 79 330 99
355 80 330 99
356 81 330 99
357 81 330 99
358 82 330 99
359 83 330 99
360 84 330 99
361 84 330 99
362 85 330 98
363 85 329 97
364 85 329 96
365 85 328 95
366 85 327 93
367 85 326 91
368 84 324 89
369 84 323 88
370 83 322 87
371 82 321 86
372 81 320 85
373 80 319 84
374 79 318 82
375 78 318 82
376 77 318 81
377 76 318 81
378 75 318 81
379 74 318 81
380 73 318 81
381 72 318 81
382 71 319 80
383 70 319 80
384 68 319 80
385 67 319 80
386 66 319 80
387 65 319 80
388 64 319 80
389 64 318 80
390 63 318 80
391 62 318 80
392 61 318 80
393 60 318 79
394 60 318 79
395 59 318 80
396 59 318 80
397 58 318 80
398 58 319 80
399 57 319 80
400 57 319 80
401 57 319 80
402 56 319 80
403 56 319 80
404 56 319 80
405 56 319 81
406 56 319 81
407 55 319 81
408 55 319 81
409 55 319 81
410 55 319 81
411 55 319 81
412 55 319 81
413 55 319 81
414 55 319 81
415 55 319 81
416 55 319 81
417 55 319 81
418 55 319 81
419 55 319 81
420 55 319 81
421 55 319 81
422 55 319 81
423 55 319 81
424 55 319 81
425 55 319 81
426 55 319 81
427 55 319 81
428 55 319 81
429 55 319 81
430 55 319 81
431 55 319 81
432 55 319 81
433 55 319 81
434 55 319 81
435 55 319 81
436 55 319 81
437 55 319 81
438 55 319 81
439 55 319 81
440 55 319 81
441 55 319 81
442 55 319 81
443 55 319 81
444 55 319 81
445 55 319 81
446 55 319 81
447 55 319 81
448 55 319 81
449 55 319 81
450 55 319 81
451 55 319 81
452 55 319 81
453 55 319 81
454 55 319 81
455 55 319 81
456 55 319 81
457 55 319 81
458 55 319 81
459 55 319 81
460 55 319 81
461 55 319 81
462 55 319 81
463 55 319 81
464 55 319 81
465 55 319 81
466 55 319 81
467 55 319 81
468 55 319 81
469 55 319 81
470 55 319 81
471 55 319 81
472 55 319 81
473 55 319 81
474 55 319 81
475 55 319 81
476 55 319 81
477 55 319 81
478 55 319 81
479 55 319 81
480 55 319 81
481 55 319 81
482 55 319 81
483 55 319 81
484 55 319 81
485 55 319 81
486 55 319 81
487 55 319 81
488 55 319 81
489 55 319 81
490 55 319 81
491 55 319 81
492 55 319 81
493 55 319 81
494 55 319 81
495 55 319 81
496 55 319 81
497 55 319 81
498 55 319 81
499 54 318 81
500 53 318 81
501 52 318 82
502 50 317 82
503 47 317 82
778
504 25 311 87
505 24 311 87
506 22 310 87
507 21 310 87
508 21 310 87
509 21 310 87
510 21 310 87
511 21 310 87
512 21 310 87
513 21 310 87
514 21 310 87
515 21 310 87
516 21 310 87
517 21 310 87
518 21 310 87
519 21 310 87
520 21 310 87
521 21 310 87
522 21 310 87
523 21 310 87
524 21 310 87
525 21 310 87
526 21 310 87
527 21 310 87
528 21 310 87
529 21 310 87
530 21 310 87
531 21 310 87
532 21 310 87
533 21 310 87
534 21 310 87
535 21 310 87
536 21 310 87
537 21 310 87
538 21 310 87
539 21 310 87
540 21 310 87
541 21 310 87
542 21 310 87
543 21 310 87
544 21 310 87
545 21 310 87
546 21 310 87
547 21 310 87
548 21 310 87
549 21 310 87
550 21 310 87
551 21 310 87
552 21 310 87
553 21 310 87
554 21 310 87
555 21 310 87
556 21 310 87
557 21 310 87
558 21 310 87
559 21 310 87
560 21 310 87
561 21 310 87
562 21 310 87
563 21 310 87
564 21 310 87
565 21 310 87
566 21 310 87
567 21 310 87
568 21 310 87
569 21 310 87
570 21 310 87
571 21 310 87
572 21 310 87
573 21 310 87
574 21 310 87
575 21 310 87
576 21 310 87
577 21 310 87
578 21 310 87
579 21 310 87
580 21 310 87
581 21 310 87
582 21 310 87
583 21 310 87
584 21 310 87
585 21 310 87
586 21 310 87
587 21 310 87
588 21 310 87
589 21 310 87
590 21 310 87
591 21 310 87
592 21 310 87
593 21 310 87
594 21 310 87
595 21 310 87
596 21 310 87
597 21 310 87
598 21 310 87
599 21 310 87
600 21 310 87
601 21 310 87
602 21 310 87
603 21 310 87
604 21 310 87
605 21 310 87
606 21 310 87
607 21 310 87
608 21 310 87
609 21 310 87
610 21 310 87
611 21 310 87
612 21 310 87
613 21 310 87
614 21 310 87
615 21 310 87
616 21 310 87
617 21 310 87
618 21 310 87
619 21 310 87
620 21 310 87
621 21 310 87
622 21 310 87
623 21 310 87
624 21 310 87
625 21 310 87
626 21 310 87
627 21 310 87
628 21 310 87
629 21 310 87
630 21 310 87
631 21 310 87
632 21 310 87
633 21 310 87
634 21 310 87
635 21 310 87
636 21 310 87
637 21 310 87
638 21 310 87
639 21 310 87
640 21 310 87
641 21 310 87
642 21 310 87
643 21 310 87
644 21 310 87
645 21 310 87
646 21 310 87
647 21 310 87
648 21 310 87
649 21 310 87
650 21 310 87
651 21 310 87
652 21 310 87
653 21 310 87
654 21 310 87
655 21 310 87
656 21 310 87
657 21 310 87
658 21 310 87
659 21 310 87
660 21 310 87
661 21 310 87
662 21 310 87
663 21 310 87
664 21 310 87
665 21 310 87
666 21 310 87
667 21 310 87
668 21 310 87
669 21 310 87
670 21 310 87
671 21 310 87
672 21 310 87
673 21 310 87
674 21 310 87
675 21 310 87
676 21 310 87
677 21 310 87
678 21 310 87
679 21 310 87
680 21 310 87
681 21 310 87
682 21 310 87
683 21 310 87
684 21 310 87
685 21 310 87
686 21 310 87
687 21 310 87
688 21 310 87
689 21 310 87
690 21 310 87
691 21 310 87
692 21 310 87
693 21 310 87
694 21 310 87
695 21 310 87
696 21 310 87
697 21 310 87
698 21 310 87
699 21 310 87
700 21 310 87
701 21 310 87
702 21 310 87
703 21 310 87
704 21 310 87
705 21 310 87
706 21 310 87
707 21 310 87
708 21 310 87
709 21 310 87
710 21 310 87
711 21 310 87
712 21 310 87
713 21 310 87
714 21 310 87
715 21 310 87
716 21 310 87
717 21 310 87
718 21 310 87
719 21 310 87
720 21 310 87
721 21 310 87
722 21 310 87
723 21 310 87
724 21 310 87
725 21 310 87
726 21 310 87
727 21 310 87
728 21 310 87
729 21 310 87
730 21 310 87
731 21 310 87
732 21 310 87
733 21 310 87
734 21 310 87
735 21 310 87
736 21 310 87
737 21 310 87
738 21 310 87
739 21 310 87
740 21 310 87
741 21 310 87
742 21 310 87
743 21 310 87
744 21 310 87
745 21 310 87
746 21 310 87
747 21 310 87
748 21 310 87
749 21 310 87
750 21 310 87
751 21 310 87
752 21 310 87
753 21 310 87
754 21 310 87
755 21 310 87
756 21 310 87
757 21 310 87
758 21 310 87
759 21 310 87
760 21 310 87
761 21 310 87
762 21 310 87
763 21 310 87
764 21 310 87
765 21 310 87
766 21 310 87
767 21 310 87
768 21 310 87
769 21 310 87
770 21 310 87
771 21 310 87
772 21 310 87
773 21 310 87
774 21 310 87
775 21 310 87
776 21 310 87
777 21 310 87
778 21 310 87
779 21 310 87
780 21 310 87
781 21 310 87
782 21 310 87
783 21 310 87
784 21 310 87
785 21 310 87
786 21 310 87
787 21 310 87
788 21 310 87
789 21 310 87
790 21 310 87
791 21 310 87
792 21 310 87
793 21 310 87
794 21 310 87
795 21 310 87
796 21 310 87
797 21 310 87
798 21 310 87
799 21 310 87
800 21 310 87
801 21 310 87
802 21 310 87
803 21 310 87
804 21 310 87
805 21 310 87
806 21 310 87
807 21 310 87
808 21 310 87
809 21 310 87
810 21 310 87
811 21 310 87
812 21 310 88
813 21 310 88
814 22 310 88
815 22 310 88
816 22 310 88
817 22 310 88
818 23 309 88
819 23 309 88
820 23 309 88
821 23 309 88
822 24 309 88
823 24 309 88
824 24 309 88
825 24 309 88
826 24 309 88
827 25 309 88
828 25 309 88
829 25 309 88
830 25 309 88
831 26 309 88
832 26 309 88
833 26 309 88
834 26 309 88
835 26 309 88
836 26 309 88
837 26 309 88
838 26 309 88
839 26 309 88
840 26 309 88
841 27 309 88
842 27 309 88
843 27 309 88
844 27 309 88
845 27 309 88
846 27 309 88
847 27 309 88
848 27 309 89
849 27 309 89
850 27 310 89
851 27 310 89
852 27 310 89
853 27 310 88
854 27 309 88
855 27 309 88
856 26 309 88
857 26 309 88
858 26 309 88
859 26 309 88
860 26 309 88
861 26 309 88
862 25 309 88
863 25 308 87
864 25 308 87
865 25 308 87
866 25 308 87
867 24 308 87
868 24 308 87
869 24 308 87
870 24 308 87
871 24 308 86
872 23 307 86
873 23 307 86
874 23 307 86
875 22 307 86
876 22 307 85
877 21 307 85
878 21 307 85
879 20 307 84
880 20 306 84
881 19 306 84
882 19 306 82
883 18 306 82
884 18 306 82
885 17 306 81
886 17 306 81
887 16 306 81
888 16 306 81
889 15 305 80
890 15 305 80
891 15 305 80
892 15 305 80
893 15 305 80
894 15 305 80
895 15 305 80
896 15 305 80
897 15 305 80
898 15 305 80
899 15 305 80
900 15 305 80
901 15 305 80
902 15 305 80
903 15 305 80
904 15 305 80
905 15 305 80
906 15 305 80
907 15 305 80
908 15 305 80
909 15 305 80
910 15 305 80
911 15 305 80
912 15 305 80
913 15 305 80
914 15 305 80
915 15 305 80
916 15 305 80
917 15 305 80
918 15 305 80
919 15 304 80
920 15 304 80
921 15 304 80
922 15 304 80
923 15 304 80
924 15 304 80
925 16 304 80
926 16 304 80
927 16 305 79
928 16 305 79
929 16 305 79
930 16 305 79
931 17 305 79
932 17 305 79
933 17 305 79
934 17 305 79
935 17 305 79
936 17 305 79
937 17 305 79
938 17 305 79
939 18 305 79
940 18 305 79
941 18 306 79
942 18 306 79
943 18 306 79
944 17 306 79
945 17 306 79
946 17 306 79
947 17 306 79
948 17 306 79
949 17 306 79
950 17 306 79
951 17 306 79
952 17 306 79
953 17 306 79
954 17 306 79
955 17 307 79
956 17 307 79
957 16 307 79
958 16 307 79
959 16 308 79
960 16 308 79
961 16 308 79
962 16 309 78
963 16 309 78
964 15 309 78
965 15 310 78
966 15 310 78
967 15 310 78
968 15 311 78
969 15 311 78
970 15 311 78
971 15 311 78
972 15 311 78
973 15 312 78
974 15 312 78
975 15 312 78
976 15 312 78
977 15 312 78
978 15 312 79
979 15 312 79
980 15 312 79
981 16 312 79
982 16 312 79
983 16 312 80
984 17 312 80
985 17 312 80
986 17 312 80
987 18 312 81
988 18 311 81
989 19 311 81
990 19 310 81
991 20 310 82
992 20 309 82
993 21 309 82
994 21 308 84
995 22 308 84
996 22 308 84
997 23 307 84
998 23 307 85
999 24 306 85
1000 24 306 85
1001 25 306 86
1002 25 305 86
1003 26 305 86
1004 26 305 87
1005 27 305 87
1006 27 305 87
1007 27 305 87
1008 28 305 88
1009 28 305 88
1010 28 305 88
1011 29 305 88
1012 29 305 88
1013 29 305 88
1014 29 305 88
1015 30 305 89
1016 30 305 89
1017 30 305 89
1018 30 305 89
1019 31 305 89
1020 31 305 89
1021 31 305 90
1022 31 305 90
1023 31 305 90
1024 31 305 90
1025 31 305 90
1026 32 305 90
1027 32 305 90
1028 32 305 90
1029 32 305 90
1030 32 305 90
1031 32 305 90
1032 32 305 91
1033 33 305 91
1034 33 305 91
1035 33 305 91
1036 33 305 91
1037 33 305 91
1038 33 305 91
1039 33 305 91
1040 33 305 91
1041 34 305 91
1042 34 305 91
1043 34 305 91
1044 34 306 92
1045 34 306 92
1046 34 306 92
1047 34 306 92
1048 35 306 92
1049 35 306 92
1050 35 306 92
1051 35 306 92
1052 35 306 92
1053 35 306 92
1054 35 306 92
1055 36 306 93
1056 36 306 93
1057 36 306 93
1058 36 306 93
1059 36 306 93
1060 36 306 93
1061 36 307 93
1062 37 307 93
1063 37 307 93
1064 37 307 93
1065 37 307 93
1066 37 307 93
1067 37 307 95
1068 37 307 95
1069 37 307 95
1070 38 307 95
1071 38 307 95
1072 38 307 95
1073 38 307 95
1074 38 307 95
1075 38 307 95
1076 38 307 95
1077 37 307 95
1078 37 307 95
1079 37 307 95
1080 37 307 95
1081 37 307 95
1082 37 307 95
1083 37 306 95
1084 37 306 96
1085 37 306 96
1086 36 306 96
1087 36 306 96
1088 36 306 96
1089 36 306 96
1090 36 306 96
1091 36 306 96
1092 36 306 96
1093 36 306 97
1094 36 306 97
1095 36 306 97
1096 36 306 97
1097 36 306 97
1098 36 306 97
1099 37 306 97
1100 37 306 97
1101 37 306 97
1102 37 306 98
1103 37 306 98
1104 37 307 98
1105 37 307 98
1106 37 307 98
1107 37 307 98
1108 37 307 98
1109 37 307 98
1110 37 307 98
1111 37 307 98
1112 37 307 98
1113 36 307 98
1114 36 308 98
1115 36 308 98
1116 35 308 98
1117 35 308 97
1118 34 308 97
1119 34 308 97
1120 33 308 97
1121 33 308 97
1122 32 308 96
1123 32 308 96
1124 31 308 96
1125 31 308 96
1126 30 308 96
1127 30 308 96
1128 29 308 95
1129 29 308 95
1130 28 308 95
1131 28 308 95
1132 27 308 95
1133 26 308 95
1134 26 308 93
1135 25 308 93
1136 24 308 93
1137 24 308 93
1138 23 308 93
1139 22 308 93
1140 21 308 92
1141 21 308 92
1142 20 308 92
1143 19 308 92
1144 19 308 92
1145 18 308 92
1146 18 308 92
1147 17 308 92
1148 17 308 92
1149 16 308 92
1150 15 308 92
1151 15 308 92
1152 14 308 92
1153 14 308 92
1154 13 308 92
1155 13 308 92
1156 12 308 92
1157 12 308 92
1158 11 308 92
1159 10 308 91
1160 10 308 91
1161 9 308 91
1162 9 309 91
1163 8 309 91
1164 8 309 90
1165 7 309 90
1166 6 309 90
1167 6 309 90
1168 6 309 90
1169 5 309 90
1170 5 309 89
1171 4 309 89
1172 4 309 89
1173 4 309 89
1174 4 309 88
1175 4 309 88
1176 4 308 88
1177 4 308 88
1178 4 308 87
1179 3 308 87
1180 3 308 87
1181 3 308 86
1182 3 308 86
1183 3 308 86
1184 3 308 86
1185 3 307 85
1186 3 307 85
1187 3 308 85
1188 3 308 84
1189 2 308 84
1190 2 308 84
1191 2 308 82
1192 2 308 82
1193 1 308 82
1194 1 309 81
1195 1 309 81
1196 1 309 81
1197 0 309 80
1198 0 309 80
1199 1024 310 79
1200 1024 310 79
1201 1023 310 79
1202 1023 310 78
1203 1023 310 78
1204 1023 310 77
1205 1023 310 77
1206 1023 310 76
1207 1023 310 76
1208 1023 310 75
1209 1023 310 75
1210 1023 309 74
1211 1024 309 74
1212 1024 309 73
1213 1024 309 73
1214 1024 309 73
1215 1024 309 72
1216 0 309 72
1217 0 310 70
1218 0 310 70
1219 0 310 69
1220 1 310 69
1221 1 310 69
1222 2 310 69
1223 2 311 69
1224 3 311 69
1225 4 311 70
1226 6 312 70
1227 7 312 72
1228 8 312 73
1229 9 312 74
1230 11 312 76
1231 12 313 77
1232 14 313 78
1233 15 313 80
1234 17 313 81
1235 19 313 82
1236 21 313 85
1237 22 313 86
1238 24 313 88
1239 25 313 90
1240 27 313 91
1241 28 314 93
1242 30 314 95
1243 32 315 96
1244 34 316 97
1245 36 317 98
1246 38 318 99
1247 40 319 99
1248 42 320 99
1249 44 320 99
1250 45 321 99
1251 47 321 99
1252 49 321 99
1253 51 321 99
1254 53 321 99
1255 55 321 99
1256 57 321 99
1257 59 321 99
1258 61 321 99
1259 64 321 99
1260 66 322 99
1261 68 323 99
1262 71 324 99
1263 73 325 99
1264 76 325 99
1265 79 326 99
1266 83 327 99
1267 87 328 99
1268 91 330 99
1269 95 331 99
1270 100 332 99
1271 105 333 99
1272 110 335 99
1273 115 336 99
1274 120 337 99
1275 124 337 99
1276 129 338 99
1277 133 338 99
1278 136 339 98
1279 139 339 97
1280 140 338 96
1281 141 337 95
112
1282 208 337 96
1283 226 334 95
1284 241 332 95
1285 252 331 93
1286 260 330 93
1287 265 329 93
1288 268 329 93
1289 270 330 93
1290 272 330 93
1291 273 330 93
1292 274 331 93
1293 275 331 93
1294 277 331 93
1295 278 331 93
1296 279 332 93
1297 280 332 93
1298 281 332 93
1299 281 333 93
1300 282 333 93
1301 282 333 93
1302 283 333 93
1303 283 333 93
1304 283 333 93
1305 283 333 93
1306 283 333 93
1307 283 333 93
1308 283 333 93
1309 283 333 93
1310 283 333 93
1311 283 333 93
1312 283 333 93
1313 283 333 93
1314 283 333 93
1315 282 333 93
1316 282 333 93
1317 281 333 93
1318 280 333 93
1319 279 333 93
1320 278 333 93
1321 277 333 93
1322 276 333 93
1323 275 333 93
1324 274 333 93
1325 273 333 93
1326 273 333 93
1327 272 333 93
1328 272 332 93
1329 272 332 93
1330 272 332 93
1331 271 332 93
1332 271 332 93
1333 271 332 93
1334 271 332 93
1335 271 331 93
1336 270 331 93
1337 270 331 93
1338 270 331 93
1339 270 331 93
1340 270 331 93
1341 270 331 93
1342 270 331 93
1343 270 331 93
1344 270 331 93
1345 270 331 93
1346 270 331 93
1347 270 331 93
1348 270 331 93
1349 270 331 93
1350 270 331 93
1351 270 331 93
1352 270 331 93
1353 270 331 93
1354 270 331 93
1355 270 331 93
1356 270 331 93
1357 270 331 93
1358 270 331 93
1359 270 331 93
1360 270 331 93
1361 270 331 93
1362 270 331 93
1363 270 331 93
1364 270 331 93
1365 269 331 93
1366 269 331 93
1367 268 330 93
1368 268 330 93
1369 267 330 93
1370 267 329 93
1371 266 329 93
1372 265 329 93
1373 265 328 93
1374 264 328 93
1375 263 328 93
1376 262 328 93
1377 262 327 93
1378 261 327 93
1379 260 327 93
1380 260 326 93
1381 259 326 93
1382 258 326 93
1383 258 325 93
1384 257 325 93
1385 256 325 93
1386 255 325 93
1387 254 324 93
1388 253 324 93
1389 252 324 93
1390 250 324 93
1391 249 324 93
1392 249 324 93
1393 248 324 93
112
1282 541 317 69
1283 529 314 66
1284 517 310 65
1285 509 307 63
1286 1015 305 62
1287 1012 303 61
1288 1011 303 61
1289 1011 303 61
1290 1011 303 61
1291 1011 303 61
1292 1011 303 61
1293 1011 303 61
1294 1011 303 61
1295 1011 303 61
1296 1011 303 61
1297 1011 303 61
1298 1011 303 61
1299 1011 303 61
1300 1011 303 61
1301 1011 303 61
1302 1011 303 61
1303 1011 303 61
1304 1011 303 61
1305 1011 303 61
1306 1011 303 61
1307 1011 303 61
1308 1011 303 61
1309 1011 303 61
1310 1011 303 61
1311 1011 303 61
1312 1011 303 61
1313 1011 303 61
1314 1011 303 61
1315 1011 303 61
1316 1011 303 61
1317 1011 303 61
1318 1011 303 61
1319 1011 303 61
1320 1011 303 61
1321 1011 303 61
1322 1011 303 61
1323 1011 303 61
1324 1011 303 61
1325 1011 303 61
1326 1011 303 61
1327 1011 303 61
1328 1011 303 61
1329 1011 303 61
1330 1011 303 61
1331 1011 303 61
1332 1011 303 61
1333 1011 303 61
1334 1011 303 61
1335 1011 303 61
1336 1011 303 61
1337 1011 303 61
1338 1011 303 61
1339 1011 303 61
1340 1011 303 61
1341 1011 303 61
1342 1011 303 61
1343 1011 303 61
1344 1011 303 61
1345 1011 303 61
1346 1011 303 61
1347 1011 303 61
1348 1011 303 61
1349 1011 303 61
1350 1011 303 61
1351 1011 303 61
1352 1011 303 61
1353 1011 303 61
1354 1011 303 61
1355 1011 303 61
1356 1011 303 61
1357 1011 303 61
1358 1011 303 61
1359 1011 303 61
1360 1011 303 61
1361 1011 303 61
1362 1011 303 61
1363 1011 303 61
1364 1011 303 61
1365 1011 303 61
1366 1011 303 61
1367 1011 303 61
1368 1011 303 61
1369 1011 303 61
1370 1011 303 61
1371 1011 303 61
1372 1011 303 61
1373 1011 303 61
1374 1011 303 61
1375 1011 303 61
1376 1011 303 61
1377 1011 303 61
1378 1011 303 61
1379 1011 303 61
1380 1011 303 61
1381 1011 303 61
1382 1011 303 61
1383 1011 303 61
1384 1011 303 61
1385 1011 303 61
1386 1011 303 61
1387 1011 303 61
1388 1012 303 61
1389 1015 305 62
1390 509 307 63
1391 518 310 65
1392 530 313 66
1393 542 316 69
140
1394 96 333 87
1395 115 335 91
1396 129 335 95
1397 137 335 97
1398 141 335 98
1399 143 335 99
1400 143 335 99
1401 142 335 99
1402 141 335 99
1403 140 335 99
1404 140 335 99
1405 139 335 99
1406 139 335 99
1407 138 335 99
1408 138 335 99
1409 138 335 99
1410 137 336 99
1411 137 336 99
1412 136 336 99
1413 136 336 99
1414 136 336 99
1415 135 336 99
1416 135 336 99
1417 135 336 99
1418 134 337 99
1419 134 337 99
1420 134 337 99
1421 133 337 99
1422 133 337 99
1423 133 337 99
1424 132 337 99
1425 132 337 99
1426 132 337 99
1427 132 337 99
1428 132 337 99
1429 132 337 99
1430 132 337 99
1431 132 337 99
1432 132 337 99
1433 132 337 99
1434 132 337 99
1435 132 337 99
1436 132 337 99
1437 132 337 99
1438 132 337 99
1439 132 337 99
1440 132 337 99
1441 132 337 99
1442 132 337 99
1443 132 337 99
1444 132 337 99
1445 132 337 99
1446 132 337 99
1447 132 337 99
1448 132 337 99
1449 132 337 99
1450 132 337 99
1451 132 337 99
1452 132 337 99
1453 132 337 99
1454 132 337 99
1455 132 337 99
1456 132 337 99
1457 132 337 99
1458 132 337 99
1459 132 337 99
1460 132 337 99
1461 132 337 99
1462 132 337 99
1463 132 337 99
1464 132 337 99
1465 132 337 99
1466 132 337 99
1467 132 337 99
1468 132 337 99
1469 132 337 99
1470 132 337 99
1471 132 337 99
1472 132 337 99
1473 132 337 99
1474 132 337 99
1475 132 337 99
1476 132 337 99
1477 132 337 99
1478 132 337 99
1479 132 337 99
1480 132 337 99
1481 132 337 99
1482 132 337 99
1483 132 337 99
1484 131 337 99
1485 131 337 99
1486 131 337 99
1487 130 337 99
1488 129 337 99
1489 129 337 99
1490 128 336 99
1491 127 336 99
1492 126 336 99
1493 125 336 99
1494 124 336 99
1495 123 336 99
1496 121 335 99
1497 120 335 99
1498 118 335 99
1499 116 335 99
1500 114 335 99
1501 112 335 99
1502 109 334 99
1503 106 334 99
1504 103 333 99
1505 100 333 99
1506 96 332 99
1507 93 331 99
1508 91 330 99
1509 88 330 99
1510 86 329 99
1511 85 328 99
1512 83 328 99
1513 81 327 99
1514 80 327 99
1515 77 326 99
1516 75 326 99
1517 73 325 99
1518 71 325 99
1519 68 324 99
1520 66 324 99
1521 64 323 99
1522 62 323 99
1523 60 322 99
1524 59 321 99
1525 57 321 99
1526 55 320 99
1527 53 320 99
1528 52 319 99
1529 50 319 99
1530 49 319 99
1531 48 318 99
1532 47 318 99
1533 47 318 99
