4
21
1 920 300 65
29 920 300 65
41 950 293 65
61 970 290 65
123 952 295 65
137 911 282 65
147 817 254 65
154 718 262 65
163 635 267 65
172 590 279 65
182 555 293 65
191 541 301 65
209 547 299 65
231 552 289 65
351 571 263 65
364 563 289 65
386 558 304 65
398 559 297 65
412 556 300 65
450 554 298 65
454 554 298 65
25
1 996 270 65
12 994 287 65
19 1001 316 65
29 1015 309 65
32 1013 297 65
35 1013 281 65
38 1018 266 65
42 1020 249 65
47 29 251 65
60 39 251 65
113 42 254 65
149 33 263 65
165 21 266 65
177 4 265 65
187 1007 268 65
195 993 266 65
213 971 272 65
261 971 272 65
280 939 249 65
290 913 241 65
301 855 235 65
310 800 220 65
325 716 231 65
333 654 247 65
337 643 252 65
28
455 555 285 65
481 555 290 65
510 564 288 65
585 568 288 65
784 568 288 65
798 568 288 65
799 565 298 65
820 570 297 65
816 570 297 65
822 579 293 65
823 579 293 65
829 580 281 65
838 586 277 65
838 525 277 65
1040 531 279 65
1119 541 278 65
1213 547 284 65
1287 551 288 65
1364 551 298 65
1415 563 309 65
1469 576 306 65
1505 583 305 65
1544 589 305 65
1592 600 306 65
1644 617 306 65
1683 634 306 65
1724 648 306 65
1731 648 306 65
27
839 618 289 65
858 638 277 65
872 658 263 65
887 696 259 65
902 725 265 65
919 754 269 65
934 788 266 65
953 795 268 65
990 801 271 65
1017 817 276 65
1033 830 272 65
1048 851 279 65
1090 864 290 65
1128 872 299 65
1171 888 297 65
1197 898 305 65
1231 904 300 65
1281 907 297 65
1322 914 295 65
1434 914 295 65
1456 925 292 65
1546 925 292 65
1575 933 289 65
1623 925 295 65
1660 920 294 65
1714 913 297 65
1731 913 297 65