8
161
1 1007 308 99
2 1007 308 99
3 1007 308 99
4 1006 308 99
5 1006 309 99
6 1006 310 99
7 1005 310 99
8 1005 311 99
9 1005 313 99
10 1004 314 99
11 1004 316 99
12 1004 318 99
13 1003 319 99
14 1003 321 99
15 1003 323 99
16 1002 324 99
17 1001 325 99
18 1001 327 99
19 1000 328 99
20 999 328 99
21 999 329 99
22 998 330 99
23 998 330 99
24 997 330 99
25 997 330 99
26 997 330 99
27 998 329 99
28 998 327 99
29 999 325 99
30 1000 323 99
31 1001 321 99
32 1002 318 99
33 1004 316 99
34 1005 313 99
35 1006 311 99
36 1007 309 99
37 1007 307 99
38 1009 305 99
39 1010 304 99
40 1011 303 99
41 1013 302 99
42 1015 301 99
43 1016 300 99
44 1018 300 99
45 1020 300 99
46 1021 300 99
47 1023 301 99
48 0 301 99
49 2 302 99
50 3 302 99
51 4 302 99
52 5 303 99
53 6 303 99
54 6 303 99
55 7 303 99
56 7 303 99
57 7 302 99
58 7 302 99
59 7 302 99
60 7 302 99
61 7 302 99
62 6 302 99
63 6 302 99
64 6 302 99
65 6 303 99
66 6 303 99
67 6 303 99
68 6 303 99
69 6 303 99
70 6 304 99
71 6 304 99
72 5 304 99
73 5 304 99
74 5 304 99
75 4 304 99
76 4 304 99
77 4 304 99
78 3 304 99
79 3 304 99
80 3 304 99
81 2 304 99
82 2 304 99
83 1 304 99
84 1 304 99
85 1 304 99
86 0 305 99
87 1024 305 99
88 1023 305 99
89 1023 305 99
90 1023 305 99
91 1022 305 99
92 1022 305 99
93 1022 305 99
94 1021 305 99
95 1021 305 99
96 1021 305 99
97 1020 305 99
98 1020 305 99
99 1020 305 99
100 1020 305 99
101 1019 305 99
102 1019 305 99
103 1019 305 99
104 1019 305 99
105 1019 305 99
106 1019 305 99
107 1019 305 99
108 1019 305 99
109 1019 305 99
110 1019 305 99
111 1019 305 99
112 1019 305 99
113 1019 305 99
114 1019 305 99
115 1019 305 99
116 1019 305 99
117 1019 305 99
118 1019 305 99
119 1019 305 99
120 1019 305 99
121 1019 305 99
122 1019 305 99
123 1019 306 99
124 1019 306 99
125 1018 306 99
126 1017 306 99
127 1016 306 99
128 1015 306 99
129 1013 307 99
130 1011 307 99
131 1009 308 99
132 1007 308 99
133 1005 309 99
134 1003 309 99
135 1001 310 99
136 998 311 99
137 994 313 99
138 989 315 99
139 983 317 99
140 976 320 99
141 968 323 99
142 960 326 99
143 952 328 99
144 944 330 99
145 937 332 99
146 929 333 99
147 923 334 99
148 916 335 99
149 910 336 99
150 904 337 99
151 898 339 99
152 892 340 99
153 887 342 99
154 882 345 99
155 877 348 99
156 873 351 99
157 868 355 99
158 865 359 99
159 861 363 99
160 859 364 99
161 857 362 99
150
162 728 361 99
163 696 353 99
164 670 344 99
165 651 337 99
166 637 333 99
167 627 331 99
168 618 330 99
169 612 330 99
170 605 329 99
171 600 329 99
172 594 329 99
173 589 328 99
174 585 328 98
175 581 327 97
176 577 326 96
177 573 326 93
178 569 325 92
179 566 324 90
180 563 323 88
181 561 322 86
182 559 321 85
183 557 320 84
184 555 318 82
185 554 317 81
186 553 316 80
187 552 315 79
188 552 314 76
189 551 312 74
190 551 311 70
191 551 310 68
192 550 309 65
193 550 309 64
194 550 308 63
195 550 308 63
196 550 308 62
197 550 309 62
198 550 309 62
199 550 309 62
200 550 309 61
201 550 309 61
202 550 309 60
203 550 309 60
204 550 308 60
205 550 308 59
206 550 307 58
207 550 307 58
208 550 306 56
209 550 306 56
210 550 305 56
211 550 305 55
212 551 304 54
213 551 304 53
214 551 303 53
215 551 303 53
216 552 302 52
217 552 302 52
218 552 301 51
219 553 301 51
220 553 300 51
221 553 300 51
222 553 300 51
223 553 299 50
224 553 299 50
225 553 299 50
226 553 299 49
227 553 299 49
228 553 298 49
229 553 298 49
230 553 298 49
231 553 298 49
232 553 298 49
233 553 298 48
234 553 298 48
235 552 297 48
236 552 297 48
237 552 297 47
238 552 297 47
239 552 297 47
240 552 297 47
241 551 297 46
242 551 297 46
243 551 296 46
244 550 296 46
245 550 296 46
246 550 296 46
247 549 296 46
248 548 296 46
249 548 296 46
250 547 296 45
251 547 296 45
252 546 296 45
253 546 296 45
254 545 296 45
255 545 296 45
256 545 296 45
257 545 295 45
258 545 295 45
259 544 295 45
260 544 295 45
261 544 295 45
262 544 295 45
263 544 295 45
264 544 295 45
265 544 295 45
266 544 294 45
267 544 294 45
268 544 294 45
269 544 294 45
270 544 294 45
271 543 294 45
272 543 294 45
273 543 294 45
274 543 293 45
275 543 293 45
276 543 293 45
277 543 293 45
278 543 293 45
279 543 293 45
280 543 293 45
281 543 293 45
282 543 293 45
283 543 293 45
284 543 293 45
285 543 293 45
286 543 293 45
287 543 293 45
288 543 293 45
289 543 293 45
290 543 293 45
291 543 293 45
292 543 293 45
293 543 293 45
294 543 293 45
295 543 293 45
296 543 293 45
297 543 293 45
298 543 293 45
299 543 293 45
300 543 293 45
301 543 293 45
302 543 293 45
303 543 293 45
304 543 293 45
305 543 293 45
306 543 293 45
307 543 293 45
308 543 293 45
309 543 293 45
310 543 293 45
311 543 293 45
150
162 504 323 99
163 516 317 99
164 14 311 99
165 20 307 99
166 22 305 99
167 23 303 99
168 23 303 99
169 22 303 99
170 21 303 99
171 20 304 99
172 18 304 99
173 17 304 99
174 16 304 99
175 15 304 99
176 14 304 99
177 13 304 99
178 12 304 99
179 11 304 99
180 10 305 99
181 9 305 99
182 8 305 99
183 7 305 99
184 5 305 99
185 4 305 99
186 3 305 99
187 2 304 99
188 0 304 99
189 1023 304 99
190 1022 304 99
191 1020 304 99
192 1019 304 99
193 1017 304 99
194 1016 303 99
195 1015 303 99
196 1013 303 99
197 1011 303 99
198 1010 303 99
199 1008 303 99
200 1006 303 99
201 1004 302 99
202 1002 302 99
203 1000 302 99
204 998 302 99
205 996 302 99
206 994 302 99
207 992 302 99
208 990 301 98
209 989 301 98
210 987 301 98
211 986 301 98
212 985 301 97
213 985 301 97
214 984 301 97
215 984 301 97
216 984 301 97
217 984 301 97
218 984 301 97
219 984 301 97
220 984 301 97
221 984 301 97
222 984 301 97
223 984 301 97
224 984 301 97
225 984 301 97
226 984 301 97
227 984 301 97
228 984 301 97
229 983 301 97
230 983 301 96
231 983 301 96
232 982 301 96
233 982 301 96
234 981 301 95
235 981 301 95
236 981 302 95
237 980 302 93
238 980 302 93
239 979 302 93
240 979 302 93
241 978 302 93
242 978 302 93
243 977 302 93
244 977 303 93
245 976 303 93
246 976 303 93
247 975 303 95
248 975 304 95
249 974 304 95
250 974 304 95
251 973 304 96
252 973 305 96
253 972 305 96
254 972 305 97
255 971 305 97
256 971 306 97
257 970 306 98
258 970 306 98
259 969 306 98
260 969 307 98
261 968 307 99
262 967 307 99
263 967 307 99
264 966 307 99
265 965 307 99
266 964 307 99
267 963 307 99
268 961 307 99
269 960 306 99
270 958 306 99
271 957 306 99
272 955 305 99
273 954 305 99
274 952 304 99
275 951 304 99
276 949 303 99
277 948 303 99
278 946 303 99
279 945 302 99
280 943 302 99
281 941 301 99
282 940 301 99
283 938 300 99
284 936 300 99
285 934 299 99
286 931 299 99
287 927 299 99
288 923 299 99
289 917 300 99
290 911 300 99
291 905 301 99
292 898 302 99
293 891 302 99
294 884 303 99
295 877 304 99
296 871 305 99
297 864 305 99
298 858 305 99
299 853 305 99
300 849 305 99
301 845 304 99
302 841 303 99
303 838 303 99
304 835 302 99
305 831 301 99
306 828 301 99
307 823 301 99
308 818 301 99
309 813 301 99
310 807 302 99
311 801 303 99
143
312 763 312 99
313 757 313 99
314 751 314 99
315 745 315 99
316 739 316 99
317 733 316 99
318 728 316 99
319 722 316 99
320 717 315 99
321 711 314 99
322 706 313 99
323 701 312 99
324 696 311 99
325 691 311 99
326 686 311 99
327 682 311 99
328 678 311 99
329 674 312 99
330 670 313 99
331 666 314 99
332 663 315 99
333 660 315 99
334 657 316 99
335 654 316 99
336 652 316 99
337 648 316 99
338 645 316 99
339 640 316 99
340 635 316 99
341 630 316 99
342 624 316 99
343 619 315 99
344 614 315 99
345 610 314 99
346 606 313 99
347 602 313 99
348 599 313 99
349 596 313 99
350 594 313 99
351 592 314 99
352 590 315 99
353 588 316 99
354 587 317 99
355 585 318 99
356 584 319 99
357 582 320 99
358 581 321 99
359 580 321 99
360 578 321 99
361 577 321 99
362 576 320 99
363 575 319 99
364 575 318 99
365 574 317 98
366 573 315 97
367 572 314 96
368 572 313 95
369 571 312 93
370 570 311 92
371 570 310 90
372 569 309 89
373 569 308 87
374 568 307 86
375 567 307 85
376 567 306 82
377 566 305 81
378 566 304 79
379 565 304 78
380 565 303 77
381 564 302 76
382 564 302 75
383 563 302 74
384 562 301 73
385 562 301 73
386 561 301 72
387 561 301 72
388 561 301 72
389 560 301 70
390 560 301 70
391 559 301 70
392 559 301 69
393 558 301 69
394 558 301 69
395 557 301 68
396 557 301 68
397 556 301 68
398 556 301 67
399 555 301 67
400 555 301 67
401 554 301 66
402 554 301 66
403 553 301 66
404 553 301 65
405 553 301 65
406 553 301 65
407 552 301 65
408 552 301 65
409 552 301 65
410 552 301 65
411 553 301 64
412 553 301 64
413 553 301 64
414 553 300 64
415 553 300 63
416 553 300 63
417 553 300 63
418 554 300 63
419 554 300 63
420 554 300 63
421 554 300 63
422 554 299 62
423 555 299 62
424 555 299 62
425 555 299 61
426 556 299 61
427 556 299 61
428 556 299 60
429 556 298 60
430 556 298 60
431 556 298 60
432 556 298 60
433 556 298 60
434 556 297 60
435 556 297 60
436 556 297 59
437 556 297 59
438 556 297 59
439 556 297 59
440 556 297 59
441 556 297 58
442 556 297 58
443 556 297 58
444 556 297 58
445 556 297 58
446 556 297 58
447 556 297 58
448 556 297 58
449 556 297 59
450 556 297 60
451 555 297 60
452 555 297 62
453 554 296 64
454 554 296 66
344
455 549 296 89
456 549 296 92
457 549 296 93
458 549 296 95
459 549 296 95
460 549 296 95
461 549 296 95
462 550 296 95
463 550 296 95
464 550 296 95
465 551 296 95
466 551 296 93
467 551 296 93
468 551 296 93
469 552 296 93
470 552 297 93
471 552 297 92
472 552 297 92
473 553 297 92
474 553 297 92
475 553 297 92
476 553 297 92
477 553 297 92
478 553 297 91
479 554 296 91
480 554 296 91
481 554 296 91
482 553 296 90
483 553 296 90
484 553 296 90
485 553 296 89
486 553 296 89
487 553 296 88
488 552 296 88
489 552 296 88
490 552 296 87
491 552 296 87
492 552 296 87
493 552 296 86
494 552 296 86
495 553 296 86
496 553 296 86
497 553 295 86
498 553 295 86
499 553 295 86
500 553 295 86
501 554 295 85
502 554 295 85
503 554 295 85
504 554 295 85
505 554 295 85
506 554 295 85
507 554 295 85
508 555 295 85
509 555 295 85
510 555 295 85
511 555 294 85
512 555 294 85
513 555 294 85
514 555 294 84
515 555 294 84
516 555 294 84
517 555 294 84
518 555 294 84
519 555 294 84
520 555 294 84
521 556 294 84
522 556 294 84
523 556 294 84
524 556 294 84
525 556 294 84
526 556 294 84
527 556 294 84
528 556 294 84
529 556 294 84
530 556 294 84
531 556 294 84
532 556 294 84
533 556 294 84
534 556 294 84
535 556 294 84
536 557 294 84
537 557 294 82
538 557 294 82
539 557 294 82
540 557 294 82
541 557 294 82
542 557 294 82
543 557 294 82
544 557 294 82
545 557 294 82
546 557 294 82
547 557 294 82
548 557 294 82
549 557 294 82
550 557 294 82
551 557 294 82
552 557 294 82
553 557 294 82
554 557 294 82
555 557 294 82
556 557 293 82
557 557 293 82
558 557 293 82
559 557 293 82
560 558 293 82
561 558 293 82
562 558 293 82
563 558 293 84
564 558 293 84
565 558 293 84
566 558 293 84
567 558 293 82
568 558 293 82
569 557 293 82
570 557 293 82
571 557 293 82
572 557 293 82
573 557 293 82
574 556 293 82
575 556 293 81
576 556 293 81
577 556 293 81
578 556 293 81
579 556 293 81
580 556 293 81
581 556 293 81
582 556 293 82
583 556 293 82
584 556 293 82
585 557 293 82
586 557 293 82
587 557 293 82
588 557 293 82
589 557 293 84
590 558 293 84
591 558 294 84
592 558 294 84
593 558 294 84
594 558 294 84
595 558 294 85
596 559 294 85
597 559 294 85
598 559 293 85
599 559 293 85
600 559 293 85
601 559 293 85
602 559 293 85
603 559 293 86
604 560 293 86
605 560 293 86
606 560 293 86
607 560 293 86
608 560 293 86
609 560 293 86
610 560 292 86
611 560 292 86
612 560 292 86
613 560 292 86
614 560 292 86
615 560 292 86
616 560 292 86
617 560 292 86
618 560 293 86
619 560 293 86
620 560 293 86
621 560 293 86
622 559 293 86
623 559 293 85
624 559 293 85
625 559 293 85
626 559 293 85
627 559 293 85
628 559 293 85
629 559 294 85
630 558 294 85
631 558 294 85
632 558 294 84
633 558 294 84
634 558 294 84
635 558 294 84
636 558 294 84
637 558 294 84
638 558 294 84
639 557 295 84
640 557 295 82
641 557 295 82
642 557 295 82
643 557 295 82
644 557 295 82
645 557 295 82
646 557 295 82
647 557 295 82
648 557 295 82
649 557 295 82
650 557 295 82
651 557 295 82
652 557 295 82
653 557 295 82
654 557 295 82
655 557 295 82
656 557 295 82
657 557 295 82
658 557 295 82
659 557 295 82
660 557 295 82
661 557 295 82
662 557 295 82
663 557 295 82
664 557 295 82
665 557 295 82
666 557 295 82
667 557 295 82
668 557 295 82
669 557 295 82
670 557 295 82
671 557 295 82
672 557 295 82
673 557 295 82
674 557 295 82
675 557 295 82
676 557 295 82
677 557 295 82
678 557 295 82
679 557 295 82
680 557 295 82
681 557 295 82
682 557 295 82
683 557 295 82
684 557 295 82
685 557 295 82
686 557 295 82
687 557 295 82
688 557 295 82
689 557 295 82
690 557 295 82
691 557 295 82
692 557 295 82
693 557 295 82
694 557 295 82
695 557 295 82
696 557 295 82
697 557 295 82
698 557 295 82
699 557 295 82
700 557 295 82
701 557 295 82
702 557 295 82
703 557 295 82
704 557 295 82
705 557 295 82
706 557 295 82
707 557 295 82
708 557 295 82
709 557 295 82
710 557 295 82
711 557 295 82
712 557 295 82
713 557 295 82
714 557 295 82
715 557 295 82
716 557 295 82
717 557 295 82
718 557 295 82
719 557 295 82
720 557 295 82
721 557 295 82
722 557 295 82
723 557 295 82
724 557 295 82
725 557 295 82
726 557 295 82
727 557 295 82
728 557 295 82
729 557 295 82
730 557 295 82
731 557 295 82
732 557 295 82
733 557 295 82
734 557 295 82
735 557 295 82
736 557 295 82
737 557 295 82
738 557 295 82
739 557 295 82
740 557 295 82
741 557 295 82
742 557 295 82
743 557 295 82
744 557 295 82
745 557 295 82
746 557 295 82
747 557 295 82
748 557 295 82
749 557 295 82
750 557 295 82
751 557 295 82
752 557 295 82
753 557 295 82
754 557 295 82
755 557 295 82
756 557 295 82
757 557 295 82
758 557 295 82
759 557 295 82
760 557 295 82
761 557 295 82
762 557 295 82
763 557 295 82
764 557 295 82
765 557 295 82
766 557 295 82
767 558 295 81
768 558 295 81
769 559 295 81
770 559 295 81
771 559 295 80
772 560 295 80
773 560 295 80
774 561 295 80
775 561 295 79
776 561 294 79
777 562 294 79
778 562 294 79
779 563 294 78
780 563 294 78
781 563 294 78
782 564 294 78
783 564 294 77
784 565 294 77
785 565 294 77
786 565 294 76
787 566 294 76
788 566 294 76
789 567 294 76
790 567 294 75
791 568 294 75
792 568 294 75
793 569 294 74
794 569 294 74
795 569 294 74
796 569 294 74
797 569 294 74
798 568 294 75
121
799 560 294 79
800 559 294 79
801 559 294 79
802 559 294 80
803 559 294 80
804 559 294 80
805 559 293 80
806 559 293 80
807 559 293 80
808 560 293 81
809 560 293 81
810 561 294 82
811 561 294 82
812 562 295 84
813 563 295 84
814 564 296 85
815 564 296 85
816 565 297 86
817 566 298 86
818 567 298 87
819 568 299 88
820 569 299 88
821 570 299 89
822 571 299 90
823 573 299 91
824 574 299 92
825 575 299 93
826 577 299 93
827 578 299 95
828 579 299 96
829 580 299 96
830 581 299 97
831 582 299 97
832 583 299 98
833 584 299 98
834 585 299 99
835 586 299 99
836 587 299 99
837 587 300 99
838 588 300 99
839 589 301 99
840 589 302 99
841 590 302 99
842 590 303 99
843 591 304 99
844 592 305 99
845 592 306 99
846 593 307 99
847 594 308 99
848 595 308 99
849 596 309 99
850 597 309 99
851 598 310 99
852 600 310 99
853 601 309 99
854 602 309 99
855 603 309 99
856 604 308 99
857 606 308 99
858 607 308 99
859 608 307 99
860 609 307 99
861 610 307 99
862 612 307 99
863 613 307 99
864 614 306 99
865 615 306 99
866 616 306 99
867 616 305 99
868 617 305 99
869 618 305 99
870 619 305 99
871 620 304 99
872 620 304 99
873 622 304 99
874 623 303 99
875 624 303 99
876 625 303 99
877 627 302 99
878 628 302 99
879 629 302 99
880 631 302 99
881 632 302 99
882 633 302 99
883 635 302 99
884 636 302 99
885 637 302 99
886 639 302 99
887 640 302 99
888 641 302 99
889 643 302 99
890 644 302 99
891 646 302 99
892 647 303 99
893 649 303 99
894 650 303 99
895 652 303 99
896 653 303 99
897 655 304 99
898 657 304 99
899 659 304 99
900 661 305 99
901 663 305 99
902 665 306 99
903 668 307 99
904 670 308 99
905 673 309 99
906 676 309 99
907 678 310 99
908 680 311 99
909 682 311 99
910 683 312 99
911 685 312 99
912 686 312 99
913 688 312 99
914 689 313 99
915 690 313 99
916 691 313 98
917 692 313 98
918 692 313 96
919 690 313 95
812
920 638 311 77
921 615 308 69
922 589 304 62
923 564 298 56
924 543 293 51
925 530 289 48
926 525 288 46
927 525 288 46
928 526 288 46
929 526 288 46
930 526 288 46
931 526 288 46
932 526 288 46
933 526 288 46
934 526 288 46
935 526 288 46
936 526 288 46
937 526 288 46
938 526 288 46
939 526 287 46
940 526 287 46
941 526 287 46
942 526 287 46
943 526 287 46
944 526 287 46
945 526 287 46
946 526 287 46
947 526 287 46
948 526 287 46
949 526 287 46
950 527 287 46
951 527 287 46
952 527 287 46
953 527 287 46
954 527 287 46
955 527 287 46
956 527 287 46
957 527 287 46
958 527 287 46
959 527 287 46
960 527 287 46
961 527 287 46
962 527 287 46
963 527 287 46
964 527 287 46
965 527 287 46
966 527 287 46
967 527 287 46
968 527 287 46
969 527 287 46
970 527 287 46
971 528 287 46
972 528 287 46
973 528 287 46
974 528 287 46
975 528 287 46
976 528 287 46
977 528 287 46
978 528 287 46
979 528 287 46
980 528 287 46
981 528 287 46
982 528 287 46
983 528 287 46
984 528 287 46
985 528 287 46
986 528 287 46
987 528 287 46
988 528 287 46
989 528 287 46
990 529 286 46
991 529 286 46
992 529 286 46
993 529 286 46
994 529 286 46
995 529 286 46
996 529 286 46
997 529 286 46
998 529 286 46
999 529 286 46
1000 529 286 46
1001 529 286 46
1002 529 286 46
1003 529 286 46
1004 529 286 46
1005 529 286 46
1006 529 286 46
1007 529 286 46
1008 529 286 46
1009 530 286 46
1010 530 286 46
1011 530 286 46
1012 530 286 46
1013 530 286 46
1014 530 286 46
1015 530 286 46
1016 530 286 46
1017 530 286 46
1018 530 286 46
1019 530 286 46
1020 530 286 46
1021 530 286 46
1022 530 286 46
1023 530 286 46
1024 530 286 46
1025 530 286 46
1026 531 286 46
1027 531 286 46
1028 531 286 46
1029 531 286 46
1030 531 286 46
1031 531 286 46
1032 531 286 46
1033 531 286 46
1034 531 286 46
1035 531 286 46
1036 531 286 46
1037 531 286 46
1038 531 286 46
1039 531 286 46
1040 531 286 46
1041 532 286 46
1042 532 286 46
1043 532 286 46
1044 532 286 46
1045 532 286 46
1046 532 286 46
1047 532 286 46
1048 532 286 46
1049 532 286 46
1050 532 286 46
1051 532 286 46
1052 532 286 46
1053 532 286 46
1054 532 286 46
1055 532 287 46
1056 533 287 46
1057 533 287 46
1058 533 287 46
1059 533 287 46
1060 533 287 46
1061 533 287 46
1062 533 287 46
1063 533 287 46
1064 533 287 46
1065 533 287 46
1066 533 287 46
1067 533 287 46
1068 533 287 46
1069 533 287 46
1070 534 287 46
1071 534 287 46
1072 534 287 46
1073 534 287 46
1074 534 287 46
1075 534 287 46
1076 534 287 46
1077 534 287 46
1078 534 287 46
1079 534 287 46
1080 534 287 46
1081 534 287 46
1082 534 287 46
1083 534 287 46
1084 534 287 46
1085 535 287 46
1086 535 287 46
1087 535 287 46
1088 535 287 46
1089 535 287 46
1090 535 287 46
1091 535 287 46
1092 535 287 46
1093 535 287 46
1094 536 287 46
1095 536 287 47
1096 536 287 47
1097 536 288 47
1098 537 288 47
1099 537 288 47
1100 537 288 47
1101 538 288 48
1102 538 288 48
1103 538 288 48
1104 539 288 48
1105 539 288 48
1106 539 289 49
1107 539 289 49
1108 540 289 49
1109 540 289 49
1110 540 289 49
1111 541 289 49
1112 541 289 49
1113 541 289 49
1114 542 289 49
1115 542 290 49
1116 542 290 49
1117 542 290 50
1118 543 290 50
1119 543 290 50
1120 543 290 50
1121 543 290 50
1122 543 290 50
1123 543 290 50
1124 543 290 50
1125 543 290 50
1126 543 290 50
1127 543 290 50
1128 543 290 50
1129 543 290 51
1130 543 290 51
1131 543 290 51
1132 543 290 51
1133 543 290 51
1134 543 290 51
1135 543 290 51
1136 543 290 51
1137 543 290 51
1138 543 290 51
1139 543 290 51
1140 543 290 51
1141 543 290 51
1142 543 290 51
1143 543 290 51
1144 543 290 51
1145 543 290 51
1146 543 290 51
1147 543 290 51
1148 543 290 51
1149 544 291 51
1150 544 291 51
1151 544 291 51
1152 544 291 51
1153 544 291 51
1154 544 291 51
1155 544 291 51
1156 544 291 51
1157 544 291 51
1158 544 291 51
1159 544 291 51
1160 544 291 51
1161 544 291 51
1162 544 291 51
1163 544 291 51
1164 544 291 51
1165 544 291 51
1166 544 291 51
1167 544 291 51
1168 544 291 51
1169 544 291 52
1170 544 291 52
1171 544 291 52
1172 544 291 52
1173 544 291 52
1174 544 291 52
1175 544 291 52
1176 544 291 52
1177 544 291 52
1178 544 291 52
1179 544 291 52
1180 544 291 52
1181 544 291 52
1182 545 291 52
1183 545 292 52
1184 545 292 52
1185 545 292 52
1186 545 292 52
1187 545 292 52
1188 545 292 52
1189 545 292 52
1190 546 292 52
1191 546 292 52
1192 546 293 52
1193 546 293 52
1194 546 293 52
1195 546 293 52
1196 546 293 52
1197 547 293 52
1198 547 293 52
1199 547 293 52
1200 547 293 52
1201 547 293 52
1202 547 294 52
1203 547 294 52
1204 548 294 52
1205 548 294 52
1206 548 294 52
1207 548 294 52
1208 548 294 52
1209 548 294 52
1210 548 294 52
1211 548 295 52
1212 549 295 52
1213 549 295 52
1214 549 295 52
1215 549 295 52
1216 549 295 52
1217 549 295 52
1218 550 295 52
1219 550 295 52
1220 550 295 52
1221 550 295 52
1222 550 295 52
1223 550 295 52
1224 550 295 52
1225 551 295 52
1226 551 295 52
1227 551 295 52
1228 551 295 52
1229 551 295 52
1230 552 295 52
1231 552 295 52
1232 552 295 52
1233 552 295 52
1234 552 295 52
1235 552 295 52
1236 552 295 52
1237 553 295 52
1238 553 295 52
1239 553 295 52
1240 553 295 52
1241 553 295 52
1242 554 295 52
1243 554 295 52
1244 554 295 52
1245 554 295 52
1246 554 295 52
1247 554 295 52
1248 555 295 52
1249 555 295 52
1250 555 295 52
1251 555 295 52
1252 555 295 52
1253 555 295 52
1254 556 295 52
1255 556 295 52
1256 556 295 52
1257 556 295 52
1258 556 295 53
1259 556 295 53
1260 557 296 53
1261 557 296 53
1262 557 296 53
1263 557 296 53
1264 557 296 53
1265 557 296 53
1266 558 296 53
1267 558 296 53
1268 558 296 53
1269 558 296 53
1270 558 296 53
1271 558 296 53
1272 559 296 53
1273 559 296 53
1274 559 296 53
1275 559 296 53
1276 559 296 53
1277 559 296 53
1278 560 297 53
1279 560 297 53
1280 560 297 53
1281 560 297 53
1282 560 297 53
1283 560 297 53
1284 561 297 53
1285 561 297 54
1286 561 297 54
1287 561 297 54
1288 561 297 54
1289 561 297 54
1290 562 297 54
1291 562 297 54
1292 562 297 54
1293 562 297 54
1294 562 297 54
1295 562 297 54
1296 563 298 54
1297 563 298 54
1298 563 298 55
1299 563 298 55
1300 563 298 55
1301 563 298 55
1302 564 298 55
1303 564 298 55
1304 564 298 55
1305 564 298 55
1306 564 298 55
1307 565 298 55
1308 565 298 55
1309 565 298 55
1310 565 298 55
1311 566 298 55
1312 566 298 55
1313 566 298 55
1314 566 298 55
1315 566 298 55
1316 567 298 55
1317 567 298 55
1318 567 298 55
1319 567 298 55
1320 567 298 55
1321 568 298 55
1322 568 298 55
1323 568 298 56
1324 568 298 56
1325 569 298 56
1326 569 298 56
1327 569 298 56
1328 569 298 56
1329 569 298 56
1330 570 298 56
1331 570 298 56
1332 570 298 56
1333 570 298 56
1334 570 298 56
1335 571 298 56
1336 571 298 56
1337 571 298 56
1338 571 298 56
1339 572 298 56
1340 572 298 56
1341 572 298 56
1342 572 298 56
1343 572 298 56
1344 573 298 56
1345 573 298 56
1346 573 298 56
1347 573 298 56
1348 573 298 56
1349 574 299 56
1350 574 299 56
1351 574 299 56
1352 574 299 56
1353 574 299 56
1354 574 299 56
1355 575 299 56
1356 575 299 56
1357 575 299 56
1358 575 299 56
1359 575 299 57
1360 576 299 57
1361 576 299 57
1362 576 299 57
1363 576 299 57
1364 576 299 57
1365 577 300 57
1366 577 300 57
1367 577 300 57
1368 577 300 57
1369 577 300 57
1370 577 300 57
1371 578 300 58
1372 578 300 58
1373 578 300 58
1374 578 300 58
1375 578 300 58
1376 579 300 58
1377 579 300 58
1378 579 300 58
1379 579 300 58
1380 579 300 58
1381 580 301 58
1382 580 301 58
1383 580 301 58
1384 580 301 58
1385 580 301 58
1386 580 301 58
1387 581 301 58
1388 581 301 58
1389 581 301 58
1390 581 301 58
1391 581 301 58
1392 582 301 58
1393 582 301 58
1394 582 301 58
1395 582 301 58
1396 582 301 58
1397 582 302 58
1398 583 302 58
1399 583 302 58
1400 583 302 58
1401 583 302 58
1402 583 302 58
1403 584 302 58
1404 584 302 58
1405 584 302 58
1406 584 302 58
1407 584 302 58
1408 584 302 58
1409 585 302 58
1410 585 302 58
1411 585 302 58
1412 585 303 58
1413 585 303 58
1414 586 303 58
1415 586 303 58
1416 586 303 58
1417 586 303 58
1418 586 303 58
1419 586 303 58
1420 587 303 58
1421 587 303 58
1422 587 303 58
1423 587 303 58
1424 587 303 58
1425 587 303 58
1426 588 303 58
1427 588 303 58
1428 588 304 58
1429 588 304 58
1430 588 304 58
1431 589 304 58
1432 589 304 58
1433 589 304 58
1434 589 304 58
1435 589 304 58
1436 589 304 58
1437 590 304 58
1438 590 304 58
1439 590 304 58
1440 590 304 58
1441 590 304 58
1442 591 304 58
1443 591 305 58
1444 591 305 58
1445 591 305 58
1446 591 305 58
1447 591 305 58
1448 592 305 58
1449 592 305 58
1450 592 305 58
1451 592 305 58
1452 593 305 58
1453 593 305 58
1454 593 305 58
1455 594 305 58
1456 594 305 59
1457 594 305 59
1458 595 305 59
1459 595 305 59
1460 595 305 59
1461 596 305 59
1462 596 306 59
1463 597 306 59
1464 597 306 59
1465 597 306 59
1466 598 306 59
1467 598 306 59
1468 598 306 60
1469 599 306 60
1470 599 306 60
1471 599 306 60
1472 600 306 60
1473 600 306 60
1474 600 306 60
1475 601 306 60
1476 601 306 60
1477 601 306 60
1478 601 306 60
1479 602 306 60
1480 602 307 60
1481 602 307 60
1482 602 307 60
1483 603 307 60
1484 603 307 60
1485 603 307 60
1486 604 307 60
1487 604 307 60
1488 604 307 60
1489 604 307 60
1490 605 307 60
1491 605 307 60
1492 605 308 60
1493 605 308 60
1494 606 308 60
1495 606 308 60
1496 606 308 60
1497 606 308 60
1498 607 308 60
1499 607 308 60
1500 607 308 60
1501 608 308 60
1502 608 308 60
1503 608 308 60
1504 608 309 60
1505 609 309 60
1506 609 309 60
1507 609 309 60
1508 609 309 60
1509 610 309 60
1510 610 309 60
1511 610 309 60
1512 610 309 60
1513 610 310 60
1514 610 310 60
1515 611 310 60
1516 611 310 60
1517 611 310 60
1518 611 310 60
1519 611 311 60
1520 611 311 60
1521 611 311 60
1522 611 311 60
1523 612 311 60
1524 612 311 60
1525 612 312 60
1526 612 312 60
1527 612 312 60
1528 612 312 60
1529 613 312 60
1530 613 312 60
1531 613 312 60
1532 614 311 60
1533 614 311 60
1534 615 311 60
1535 615 311 60
1536 615 311 60
1537 616 311 60
1538 616 311 61
1539 616 311 61
1540 617 311 61
1541 617 310 61
1542 617 310 61
1543 618 310 61
1544 618 310 61
1545 618 310 62
1546 619 310 62
1547 619 310 62
1548 620 310 62
1549 620 310 62
1550 620 310 62
1551 621 309 62
1552 621 309 63
1553 621 309 63
1554 622 309 63
1555 622 309 63
1556 622 309 63
1557 622 309 63
1558 623 309 63
1559 623 309 63
1560 623 309 63
1561 623 309 63
1562 623 309 63
1563 623 310 63
1564 624 310 63
1565 624 310 63
1566 624 310 63
1567 624 310 63
1568 624 310 63
1569 625 310 63
1570 625 310 63
1571 625 310 63
1572 625 310 63
1573 625 310 63
1574 626 310 63
1575 626 310 63
1576 626 310 63
1577 626 311 63
1578 626 311 63
1579 626 311 63
1580 627 311 63
1581 627 311 63
1582 627 311 63
1583 627 311 63
1584 627 311 63
1585 628 311 63
1586 628 311 63
1587 628 311 63
1588 628 311 64
1589 628 311 64
1590 629 311 64
1591 629 312 64
1592 629 312 64
1593 629 312 64
1594 629 312 64
1595 629 312 64
1596 630 312 64
1597 630 312 64
1598 630 312 64
1599 630 312 64
1600 630 312 64
1601 631 312 64
1602 631 312 64
1603 631 312 64
1604 631 311 65
1605 632 311 65
1606 632 311 65
1607 632 311 65
1608 632 311 65
1609 633 311 65
1610 633 311 65
1611 633 311 65
1612 633 311 65
1613 633 311 65
1614 634 311 65
1615 634 311 65
1616 634 310 65
1617 634 310 65
1618 635 310 65
1619 635 310 65
1620 635 310 65
1621 635 310 65
1622 635 310 65
1623 636 310 65
1624 636 310 65
1625 636 310 65
1626 636 310 65
1627 637 310 65
1628 637 309 66
1629 637 309 66
1630 637 309 66
1631 638 309 66
1632 638 309 66
1633 638 309 66
1634 638 309 66
1635 639 309 66
1636 639 309 66
1637 639 309 66
1638 640 309 66
1639 640 309 66
1640 641 309 66
1641 641 309 66
1642 641 309 66
1643 642 309 66
1644 642 309 66
1645 642 309 67
1646 643 309 67
1647 643 309 67
1648 644 309 67
1649 644 309 67
1650 644 310 67
1651 645 310 67
1652 645 310 67
1653 645 310 67
1654 646 310 67
1655 646 310 67
1656 647 310 67
1657 647 310 67
1658 647 310 67
1659 648 310 67
1660 648 310 67
1661 648 310 67
1662 649 310 67
1663 649 310 67
1664 650 310 67
1665 650 310 67
1666 650 310 67
1667 651 310 68
1668 651 310 68
1669 651 310 68
1670 652 310 68
1671 652 310 68
1672 653 310 68
1673 653 310 68
1674 653 310 68
1675 654 310 68
1676 654 310 68
1677 654 310 68
1678 655 310 68
1679 655 310 68
1680 656 310 68
1681 656 310 68
1682 656 310 68
1683 657 310 68
1684 657 311 68
1685 657 311 68
1686 658 311 68
1687 658 311 68
1688 659 311 68
1689 659 311 69
1690 659 311 69
1691 660 311 69
1692 660 311 69
1693 660 311 69
1694 661 311 69
1695 661 311 69
1696 661 311 69
1697 662 311 69
1698 662 311 69
1699 662 311 69
1700 663 311 69
1701 663 311 69
1702 663 311 69
1703 663 311 69
1704 663 311 69
1705 663 311 69
1706 663 311 69
1707 663 311 69
1708 663 311 69
1709 663 311 69
1710 663 311 69
1711 663 311 69
1712 663 311 69
1713 663 311 69
1714 663 311 69
1715 663 311 69
1716 663 311 69
1717 663 311 69
1718 663 311 69
1719 663 311 69
1720 663 311 69
1721 663 311 69
1722 663 311 69
1723 663 311 69
1724 663 311 69
1725 663 311 69
1726 663 311 69
1727 663 311 69
1728 663 311 69
1729 663 311 69
1730 663 311 69
1731 663 311 69
812
920 730 312 99
921 740 311 99
922 748 310 99
923 754 310 99
924 759 309 99
925 762 309 99
926 764 309 99
927 766 309 99
928 768 309 99
929 769 309 99
930 771 309 99
931 772 309 99
932 773 309 99
933 774 308 99
934 774 308 99
935 775 308 99
936 776 308 99
937 776 307 99
938 777 307 99
939 777 307 99
940 778 307 99
941 778 307 99
942 778 307 99
943 779 307 99
944 779 307 99
945 779 307 99
946 779 307 99
947 779 308 99
948 779 308 99
949 779 308 99
950 779 309 99
951 779 309 99
952 779 310 99
953 779 310 99
954 779 310 99
955 779 311 99
956 779 311 99
957 779 311 99
958 779 311 99
959 779 312 99
960 779 312 99
961 779 312 99
962 779 312 99
963 779 312 99
964 779 312 99
965 779 312 99
966 779 312 99
967 779 312 99
968 779 312 99
969 779 312 99
970 779 312 99
971 779 312 99
972 779 312 99
973 779 312 99
974 779 312 99
975 779 312 99
976 779 312 99
977 779 312 99
978 779 312 99
979 779 312 99
980 779 312 99
981 780 312 99
982 780 312 99
983 780 312 99
984 781 312 99
985 781 312 99
986 782 312 99
987 783 312 99
988 783 312 99
989 784 312 99
990 784 311 99
991 785 311 99
992 785 311 99
993 786 311 99
994 787 311 98
995 787 311 98
996 788 311 98
997 789 311 98
998 789 311 98
999 790 311 98
1000 791 311 98
1001 792 311 98
1002 793 311 98
1003 793 311 98
1004 794 311 98
1005 795 311 98
1006 796 311 98
1007 797 311 97
1008 798 311 97
1009 799 311 97
1010 800 311 97
1011 800 311 97
1012 801 311 97
1013 802 311 97
1014 803 311 97
1015 804 311 97
1016 805 311 97
1017 805 311 97
1018 806 310 97
1019 807 310 97
1020 808 310 97
1021 808 310 97
1022 809 310 97
1023 810 310 97
1024 811 309 97
1025 811 309 97
1026 812 309 97
1027 813 309 97
1028 814 309 97
1029 815 310 97
1030 816 310 97
1031 817 310 97
1032 818 310 97
1033 819 310 97
1034 820 311 97
1035 822 311 97
1036 823 311 97
1037 824 311 97
1038 825 311 97
1039 826 311 97
1040 827 312 97
1041 828 312 97
1042 828 312 97
1043 829 312 97
1044 830 312 96
1045 830 312 96
1046 831 312 96
1047 831 312 95
1048 832 312 95
1049 832 312 95
1050 833 313 95
1051 833 313 93
1052 834 313 93
1053 834 313 93
1054 835 313 92
1055 835 313 92
1056 836 313 92
1057 837 313 91
1058 837 313 91
1059 838 313 91
1060 838 313 91
1061 839 312 90
1062 839 312 90
1063 840 312 90
1064 840 312 90
1065 841 312 89
1066 841 312 89
1067 842 312 89
1068 843 311 89
1069 843 311 88
1070 844 311 88
1071 844 311 88
1072 845 311 88
1073 845 311 87
1074 846 310 87
1075 847 310 87
1076 847 310 87
1077 848 310 86
1078 848 310 86
1079 849 310 86
1080 849 310 86
1081 850 309 86
1082 850 309 85
1083 851 309 85
1084 851 309 85
1085 852 309 85
1086 852 309 85
1087 852 309 84
1088 853 309 84
1089 853 309 84
1090 854 310 84
1091 854 310 84
1092 854 310 84
1093 855 310 84
1094 855 310 82
1095 855 310 82
1096 856 310 82
1097 856 310 82
1098 857 310 82
1099 857 310 82
1100 857 310 81
1101 858 310 81
1102 858 310 81
1103 858 310 81
1104 859 311 81
1105 859 311 81
1106 860 311 81
1107 860 311 80
1108 860 311 80
1109 861 311 80
1110 861 311 80
1111 861 311 80
1112 862 311 80
1113 862 311 80
1114 862 311 79
1115 863 311 79
1116 863 310 79
1117 863 310 79
1118 864 310 79
1119 864 310 79
1120 864 310 78
1121 865 310 78
1122 865 310 78
1123 865 310 78
1124 866 310 78
1125 866 310 78
1126 866 310 78
1127 867 309 77
1128 867 309 77
1129 867 309 77
1130 868 309 77
1131 868 309 77
1132 868 309 77
1133 869 309 77
1134 869 309 76
1135 869 309 76
1136 870 309 76
1137 870 309 76
1138 870 308 76
1139 871 308 76
1140 871 308 75
1141 871 308 75
1142 872 308 75
1143 872 308 75
1144 872 308 75
1145 873 308 75
1146 873 308 75
1147 873 308 75
1148 874 307 74
1149 874 307 74
1150 875 307 74
1151 875 307 74
1152 875 307 74
1153 876 307 74
1154 876 307 74
1155 876 307 74
1156 877 307 74
1157 877 306 73
1158 878 306 73
1159 878 306 73
1160 878 306 73
1161 879 306 73
1162 879 306 73
1163 879 306 73
1164 880 306 73
1165 880 306 73
1166 881 305 72
1167 881 305 72
1168 881 305 72
1169 882 305 72
1170 882 305 72
1171 883 305 72
1172 883 305 72
1173 884 305 72
1174 884 305 70
1175 885 305 70
1176 886 304 70
1177 886 304 70
1178 887 304 70
1179 888 304 70
1180 888 304 70
1181 889 304 69
1182 889 304 69
1183 890 304 69
1184 891 304 69
1185 891 304 69
1186 892 303 69
1187 892 303 69
1188 893 303 68
1189 894 303 68
1190 894 303 68
1191 894 303 68
1192 895 303 68
1193 895 303 68
1194 895 303 68
1195 895 303 68
1196 896 303 68
1197 896 303 67
1198 896 303 67
1199 896 303 67
1200 896 303 67
1201 896 303 67
1202 896 303 67
1203 896 302 67
1204 896 302 67
1205 897 302 67
1206 897 302 67
1207 897 302 67
1208 897 302 67
1209 897 302 66
1210 897 302 66
1211 897 302 66
1212 897 302 66
1213 897 302 66
1214 897 302 66
1215 898 302 66
1216 898 302 66
1217 898 302 66
1218 898 302 66
1219 898 302 66
1220 898 302 65
1221 898 302 65
1222 898 302 65
1223 898 302 65
1224 899 302 65
1225 899 302 65
1226 899 301 65
1227 899 301 65
1228 899 301 65
1229 899 301 65
1230 899 301 65
1231 899 301 65
1232 899 301 65
1233 900 301 65
1234 900 301 65
1235 900 301 65
1236 900 301 65
1237 900 301 65
1238 900 301 65
1239 900 301 65
1240 901 301 65
1241 901 301 65
1242 901 301 65
1243 901 301 65
1244 901 301 65
1245 901 301 64
1246 902 301 64
1247 902 301 64
1248 902 301 64
1249 902 301 64
1250 902 301 64
1251 902 301 64
1252 903 301 64
1253 903 301 64
1254 903 301 64
1255 903 301 64
1256 903 301 64
1257 904 301 64
1258 904 301 64
1259 904 301 63
1260 904 301 63
1261 904 301 63
1262 904 301 63
1263 905 301 63
1264 905 301 63
1265 905 301 63
1266 905 301 63
1267 905 301 63
1268 905 301 63
1269 905 301 63
1270 905 301 63
1271 905 301 63
1272 905 301 63
1273 905 301 63
1274 905 301 63
1275 906 300 63
1276 906 300 63
1277 906 300 63
1278 906 300 63
1279 906 300 63
1280 906 300 62
1281 906 300 62
1282 906 300 62
1283 906 300 62
1284 906 300 62
1285 906 300 62
1286 906 300 62
1287 906 300 62
1288 906 300 62
1289 906 300 62
1290 906 300 61
1291 906 300 61
1292 906 300 61
1293 906 300 61
1294 906 300 61
1295 907 299 61
1296 907 299 61
1297 907 299 61
1298 907 299 61
1299 907 299 61
1300 907 299 60
1301 907 299 60
1302 907 299 60
1303 907 299 60
1304 907 299 60
1305 907 299 60
1306 908 299 60
1307 908 299 60
1308 908 299 60
1309 908 299 60
1310 908 299 60
1311 909 299 60
1312 909 300 60
1313 909 300 60
1314 909 300 60
1315 910 300 60
1316 910 300 60
1317 910 300 60
1318 910 300 60
1319 911 300 59
1320 911 300 59
1321 911 300 59
1322 911 300 59
1323 912 300 59
1324 912 300 59
1325 912 300 59
1326 912 301 59
1327 913 301 59
1328 913 301 59
1329 913 301 58
1330 913 301 58
1331 913 301 58
1332 914 301 58
1333 914 301 58
1334 914 301 58
1335 914 301 58
1336 914 301 58
1337 914 301 58
1338 914 301 58
1339 914 301 58
1340 914 301 58
1341 914 301 58
1342 914 301 58
1343 914 301 58
1344 914 301 58
1345 914 301 58
1346 914 301 58
1347 914 301 58
1348 914 301 58
1349 914 301 58
1350 914 301 58
1351 914 301 58
1352 914 301 58
1353 914 301 58
1354 914 301 58
1355 914 301 58
1356 914 301 58
1357 914 301 58
1358 914 301 58
1359 915 302 58
1360 915 302 58
1361 915 302 58
1362 915 302 58
1363 915 302 58
1364 915 302 58
1365 915 302 58
1366 915 302 58
1367 915 302 58
1368 915 302 58
1369 915 302 58
1370 915 302 58
1371 915 302 58
1372 915 302 58
1373 915 302 58
1374 915 302 58
1375 915 302 58
1376 915 302 58
1377 915 302 58
1378 915 302 58
1379 915 302 58
1380 915 302 58
1381 915 302 58
1382 915 302 58
1383 915 302 58
1384 915 302 58
1385 915 302 58
1386 915 302 58
1387 915 302 58
1388 915 302 58
1389 915 302 58
1390 915 302 58
1391 915 302 58
1392 915 302 58
1393 915 302 58
1394 915 302 58
1395 915 302 58
1396 915 302 58
1397 915 302 58
1398 915 302 58
1399 915 302 58
1400 915 302 58
1401 915 302 58
1402 915 302 58
1403 915 302 58
1404 915 302 58
1405 914 301 58
1406 914 301 58
1407 914 301 58
1408 914 301 58
1409 914 301 58
1410 914 301 58
1411 914 301 58
1412 914 301 58
1413 914 301 58
1414 914 301 58
1415 914 301 58
1416 914 301 58
1417 914 301 58
1418 914 301 58
1419 914 301 58
1420 914 301 58
1421 914 301 58
1422 914 301 58
1423 914 301 58
1424 914 301 58
1425 914 301 58
1426 914 301 58
1427 915 301 58
1428 915 301 58
1429 915 300 58
1430 915 300 58
1431 915 300 57
1432 916 300 57
1433 916 300 57
1434 916 300 57
1435 916 300 57
1436 917 300 57
1437 917 300 57
1438 917 299 57
1439 917 299 57
1440 918 299 57
1441 918 299 57
1442 918 299 56
1443 918 299 56
1444 919 299 56
1445 919 299 56
1446 919 298 56
1447 919 298 56
1448 920 298 56
1449 920 298 56
1450 920 298 56
1451 920 298 56
1452 921 298 56
1453 921 298 56
1454 921 297 56
1455 921 297 56
1456 922 297 56
1457 922 297 56
1458 922 297 56
1459 922 297 56
1460 922 297 56
1461 922 297 56
1462 922 297 56
1463 922 297 56
1464 922 297 56
1465 922 297 56
1466 922 297 56
1467 922 297 56
1468 922 297 56
1469 922 297 56
1470 922 297 56
1471 922 297 56
1472 922 297 56
1473 921 297 56
1474 921 297 56
1475 921 297 56
1476 921 297 56
1477 921 297 56
1478 921 297 56
1479 921 297 56
1480 921 297 56
1481 921 297 56
1482 921 297 56
1483 921 297 56
1484 921 297 56
1485 921 297 56
1486 921 297 56
1487 921 297 56
1488 921 296 55
1489 921 296 55
1490 921 296 55
1491 921 296 55
1492 921 296 55
1493 921 296 55
1494 921 296 55
1495 921 296 55
1496 921 296 55
1497 921 296 55
1498 921 296 55
1499 921 296 55
1500 921 296 55
1501 921 296 55
1502 921 296 55
1503 920 296 55
1504 920 296 55
1505 920 296 55
1506 920 296 55
1507 920 296 55
1508 920 296 55
1509 920 296 55
1510 920 296 55
1511 920 296 55
1512 920 296 55
1513 920 296 55
1514 920 296 55
1515 920 296 55
1516 920 296 55
1517 920 296 55
1518 920 296 55
1519 920 296 55
1520 920 296 55
1521 921 296 55
1522 921 296 55
1523 921 296 55
1524 921 296 55
1525 921 296 55
1526 922 296 55
1527 922 296 55
1528 922 296 55
1529 922 296 55
1530 922 296 55
1531 923 297 54
1532 923 297 54
1533 923 297 54
1534 923 297 54
1535 923 297 54
1536 924 297 54
1537 924 297 54
1538 924 297 54
1539 924 297 54
1540 924 297 54
1541 925 297 54
1542 925 297 54
1543 925 297 54
1544 925 297 54
1545 925 297 54
1546 925 297 54
1547 925 297 54
1548 925 297 54
1549 925 297 54
1550 925 297 54
1551 925 297 54
1552 925 297 54
1553 925 297 54
1554 925 297 54
1555 925 297 54
1556 925 297 54
1557 925 297 54
1558 925 297 54
1559 925 297 54
1560 925 297 54
1561 925 297 54
1562 925 297 54
1563 925 297 54
1564 925 297 54
1565 925 297 54
1566 925 297 54
1567 925 297 54
1568 925 297 54
1569 925 297 54
1570 925 297 54
1571 925 297 54
1572 925 297 54
1573 925 297 54
1574 925 298 55
1575 925 298 55
1576 925 298 55
1577 925 298 55
1578 925 298 55
1579 925 298 55
1580 925 298 55
1581 925 298 55
1582 925 298 55
1583 925 298 55
1584 925 298 55
1585 925 298 55
1586 925 298 55
1587 925 298 55
1588 925 298 55
1589 925 298 55
1590 925 298 55
1591 925 298 55
1592 925 298 55
1593 925 298 55
1594 925 298 55
1595 925 298 55
1596 925 298 55
1597 925 298 55
1598 925 298 55
1599 925 298 55
1600 925 298 55
1601 925 298 55
1602 925 298 55
1603 925 298 55
1604 925 298 55
1605 925 298 55
1606 925 298 55
1607 924 298 55
1608 924 298 55
1609 924 298 55
1610 924 298 55
1611 924 298 55
1612 923 298 55
1613 923 298 55
1614 923 298 55
1615 923 298 55
1616 923 298 55
1617 922 297 56
1618 922 297 56
1619 922 297 56
1620 922 297 56
1621 922 297 56
1622 921 297 56
1623 921 297 56
1624 921 297 56
1625 921 297 56
1626 921 297 56
1627 920 297 56
1628 920 297 56
1629 920 297 56
1630 920 297 56
1631 920 297 56
1632 920 297 56
1633 920 297 56
1634 920 297 56
1635 920 297 56
1636 920 297 56
1637 920 297 56
1638 920 297 56
1639 920 297 56
1640 920 297 56
1641 920 297 56
1642 920 297 56
1643 920 297 56
1644 920 298 56
1645 920 298 56
1646 920 298 56
1647 920 298 56
1648 920 298 56
1649 920 298 56
1650 920 298 56
1651 920 298 56
1652 920 298 56
1653 920 298 56
1654 920 298 56
1655 920 298 56
1656 920 298 56
1657 920 298 56
1658 920 298 56
1659 920 298 56
1660 920 298 56
1661 920 298 56
1662 920 298 56
1663 919 299 56
1664 919 299 56
1665 919 299 57
1666 919 299 57
1667 919 299 57
1668 919 299 57
1669 919 299 57
1670 919 299 57
1671 919 299 57
1672 918 300 57
1673 918 300 57
1674 918 300 57
1675 918 300 57
1676 918 300 57
1677 918 300 57
1678 918 300 57
1679 918 300 58
1680 918 300 58
1681 918 300 58
1682 917 301 58
1683 917 301 58
1684 917 301 58
1685 917 301 58
1686 917 301 58
1687 917 301 58
1688 916 301 58
1689 916 301 58
1690 916 301 58
1691 916 300 58
1692 915 300 58
1693 915 300 58
1694 915 300 58
1695 915 300 58
1696 914 300 58
1697 914 300 58
1698 914 300 58
1699 914 300 58
1700 913 299 58
1701 913 299 58
1702 913 299 58
1703 913 299 58
1704 912 299 58
1705 912 299 58
1706 912 299 58
1707 912 299 59
1708 911 299 59
1709 911 299 59
1710 911 298 59
1711 911 298 59
1712 911 298 59
1713 910 298 59
1714 910 298 59
1715 910 298 59
1716 910 298 59
1717 910 298 59
1718 910 298 59
1719 910 298 59
1720 910 298 59
1721 910 298 59
1722 910 298 59
1723 910 298 59
1724 910 298 59
1725 910 298 59
1726 910 298 59
1727 910 298 59
1728 910 298 59
1729 910 298 59
1730 910 298 59
1731 910 298 59
