2
14
1 508 312 130
27 508 312 130
40 508 312 130
43 504 307 130
45 504 307 130
51 498 305 130
56 493 303 130
70 491 305 130
139 491 305 130
140 517 306 130
223 517 306 130
227 522 302 130
241 522 302 130
392 522 302 130
84
1 327 288 63
2 327 288 63
5 325 282 68
10 324 281 69
15 325 283 68
21 326 278 66
26 330 289 63
32 332 277 66
38 333 286 66
47 335 281 70
53 335 285 63
57 337 279 66
62 334 283 62
67 332 280 68
71 331 282 66
75 332 282 66
76 333 282 63
79 333 282 63
81 331 281 69
84 328 284 64
87 326 281 66
90 327 281 69
93 328 282 64
97 326 281 69
100 325 288 60
106 325 284 66
110 330 286 60
114 330 295 58
117 332 291 60
120 333 284 70
127 334 287 63
129 332 290 57
130 332 288 62
131 332 288 62
132 335 282 68
139 330 286 64
140 364 292 54
148 364 292 57
157 365 289 57
173 365 289 57
175 365 289 57
176 362 291 52
179 359 295 46
183 356 295 46
186 350 296 50
184 350 295 50
187 350 292 52
196 350 292 52
201 346 289 57
207 351 296 60
208 355 310 40
210 351 318 44
212 344 321 48
215 337 328 51
217 333 332 58
219 332 338 58
221 335 328 72
222 335 318 82
223 335 318 82
224 334 308 94
227 336 307 104
229 343 302 108
231 348 302 118
233 352 298 123
237 357 296 126
240 370 279 130
243 368 275 130
248 367 267 130
253 370 274 130
255 371 275 130
257 371 275 130
258 376 262 130
261 376 262 130
261 373 252 130
264 373 252 130
270 362 257 130
309 362 257 130
310 355 289 130
311 355 289 130
312 357 311 130
315 357 311 130
316 393 333 130
317 390 329 130
318 397 353 112