2
54
1 623 275 32
11 623 275 32
16 621 282 34
22 622 285 36
33 624 289 36
44 624 289 36
60 629 298 39
80 628 298 41
87 628 299 41
93 628 301 41
102 625 304 39
111 621 309 40
121 612 311 42
127 604 314 42
135 592 315 44
142 571 321 44
149 555 318 42
154 538 320 42
161 511 319 42
163 501 321 42
166 489 322 40
170 477 322 40
175 462 322 36
179 458 319 36
183 456 312 37
187 450 311 39
192 450 321 37
200 447 315 34
204 447 315 39
212 452 318 38
217 459 317 37
221 461 317 37
225 466 317 41
229 465 320 38
233 461 318 41
239 457 321 41
245 445 317 40
250 443 324 38
252 440 322 36
257 437 318 37
258 434 316 37
259 434 313 39
262 433 312 41
267 433 312 39
270 428 311 42
273 429 311 42
276 428 312 40
278 429 312 41
280 429 311 44
283 432 308 44
287 433 305 42
291 441 304 45
293 446 303 47
294 446 303 47
60
1 991 288 25
7 989 289 26
10 980 285 26
12 976 285 27
15 971 286 28
19 970 288 29
22 968 295 31
39 968 295 32
48 968 295 32
51 967 299 33
55 965 295 34
61 968 300 32
65 965 299 31
93 967 302 31
100 966 304 31
105 973 305 33
111 969 304 34
121 972 305 34
126 979 304 34
130 989 306 34
135 1007 307 34
139 1012 302 34
142 1019 297 36
145 1022 291 41
147 5 297 41
149 18 308 37
152 21 308 37
155 31 308 38
161 43 302 38
166 60 301 36
171 73 298 35
176 81 300 34
182 89 298 32
188 85 299 30
193 83 302 30
194 78 306 31
196 66 309 34
199 21 303 35
201 988 300 37
203 929 317 37
206 883 327 34
209 855 347 36
211 845 332 40
213 830 313 44
215 817 295 37
216 812 285 32
219 802 281 29
221 793 282 26
224 789 284 23
226 787 282 21
230 786 280 23
235 790 275 21
239 794 273 19
244 793 269 17
249 801 266 19
253 818 269 19
255 818 274 18
259 816 276 19
266 824 277 19
269 831 275 19
