11
201
1 814 315 99
2 814 315 99
3 814 315 99
4 814 315 99
5 814 315 99
6 814 315 99
7 814 315 99
8 814 315 99
9 814 315 99
10 813 315 99
11 813 315 99
12 813 315 99
13 813 315 99
14 813 315 99
15 813 315 99
16 813 315 99
17 813 315 99
18 812 315 99
19 812 315 99
20 812 315 99
21 812 315 99
22 812 315 99
23 812 315 99
24 812 315 99
25 811 315 99
26 811 315 99
27 811 315 99
28 811 315 99
29 811 315 99
30 811 315 99
31 811 315 99
32 811 315 99
33 810 315 99
34 810 315 99
35 810 315 99
36 810 315 99
37 810 315 99
38 810 315 99
39 810 315 99
40 810 315 99
41 810 315 99
42 810 315 99
43 810 315 99
44 810 315 99
45 810 315 99
46 810 315 99
47 810 315 99
48 810 315 99
49 810 315 99
50 810 315 99
51 810 315 99
52 810 315 99
53 810 315 99
54 810 315 99
55 810 315 99
56 810 315 99
57 810 315 99
58 810 315 99
59 810 315 99
60 810 315 99
61 810 315 99
62 810 315 99
63 810 315 99
64 810 315 99
65 810 315 99
66 810 315 99
67 810 315 99
68 810 315 99
69 810 315 99
70 810 315 99
71 810 315 99
72 810 315 99
73 810 315 99
74 810 315 99
75 810 315 99
76 810 315 99
77 810 315 99
78 810 315 99
79 810 315 99
80 810 315 99
81 810 315 99
82 810 315 99
83 810 315 99
84 810 315 99
85 810 315 99
86 810 315 99
87 810 315 99
88 810 315 99
89 810 315 99
90 810 315 99
91 810 315 99
92 810 315 99
93 810 315 99
94 810 315 99
95 810 315 99
96 810 315 99
97 810 315 99
98 810 315 99
99 810 315 99
100 810 315 99
101 810 315 99
102 810 315 99
103 810 315 99
104 810 315 99
105 810 315 99
106 810 315 99
107 810 315 99
108 810 315 99
109 810 315 99
110 810 315 99
111 810 315 99
112 810 315 99
113 810 315 99
114 810 315 99
115 810 315 99
116 810 315 99
117 810 315 99
118 810 315 99
119 810 315 99
120 810 315 99
121 810 315 99
122 810 315 99
123 810 315 99
124 810 315 99
125 810 315 99
126 810 315 99
127 810 315 99
128 809 314 99
129 809 314 99
130 809 314 99
131 809 313 99
132 808 313 99
133 808 312 99
134 808 312 99
135 807 312 99
136 807 311 99
137 807 311 99
138 807 310 99
139 806 310 99
140 806 310 99
141 806 309 99
142 806 309 99
143 805 309 99
144 805 309 99
145 805 309 99
146 805 308 99
147 805 308 99
148 805 308 99
149 805 308 99
150 805 308 99
151 805 308 99
152 805 308 99
153 805 308 99
154 805 308 99
155 805 308 99
156 805 308 99
157 805 308 99
158 805 308 99
159 805 308 99
160 805 308 99
161 805 308 99
162 805 308 99
163 805 308 99
164 805 308 99
165 805 308 99
166 805 308 99
167 805 308 99
168 805 308 99
169 805 308 99
170 805 308 99
171 805 308 99
172 805 308 99
173 805 308 99
174 805 308 99
175 805 308 99
176 805 308 99
177 805 308 99
178 805 308 99
179 805 308 99
180 805 308 99
181 805 308 99
182 805 308 99
183 805 308 99
184 805 308 99
185 805 308 99
186 805 308 99
187 805 308 99
188 805 308 99
189 805 308 99
190 805 308 99
191 805 308 99
192 805 308 99
193 805 308 99
194 805 308 99
195 805 308 99
196 805 308 99
197 805 308 99
198 805 308 98
199 806 308 97
200 807 308 96
201 809 308 93
772
1 410 280 38
2 410 280 38
3 410 280 38
4 410 280 38
5 410 280 38
6 410 280 38
7 410 280 38
8 410 280 38
9 410 280 38
10 410 280 38
11 410 280 38
12 410 280 38
13 410 280 38
14 410 280 38
15 410 280 38
16 410 280 38
17 410 280 38
18 410 280 38
19 410 280 38
20 410 280 38
21 410 280 38
22 410 280 38
23 410 280 38
24 410 280 38
25 410 280 38
26 410 280 38
27 410 280 38
28 410 280 38
29 410 280 38
30 410 280 38
31 410 280 38
32 410 280 38
33 410 280 38
34 410 280 38
35 410 280 38
36 410 280 38
37 410 280 38
38 410 280 38
39 410 280 38
40 410 280 38
41 410 280 38
42 410 280 38
43 410 280 38
44 410 280 38
45 410 280 38
46 410 280 38
47 410 280 38
48 410 280 38
49 410 280 38
50 410 280 38
51 410 280 38
52 410 280 38
53 410 280 38
54 410 280 38
55 410 280 38
56 410 280 38
57 410 280 38
58 410 280 38
59 410 280 38
60 410 280 38
61 410 280 38
62 410 280 38
63 410 280 38
64 410 280 38
65 410 280 38
66 410 280 38
67 410 280 38
68 410 280 38
69 410 280 38
70 410 280 38
71 410 280 38
72 410 280 38
73 410 280 38
74 410 280 38
75 410 280 38
76 410 280 38
77 410 280 38
78 410 280 38
79 410 280 38
80 410 280 38
81 410 280 38
82 410 280 38
83 410 280 38
84 410 280 38
85 410 280 38
86 410 280 38
87 410 280 38
88 410 280 38
89 410 280 38
90 410 280 38
91 410 280 38
92 410 280 38
93 410 280 38
94 410 280 38
95 410 280 38
96 410 280 38
97 410 280 38
98 410 280 38
99 410 280 38
100 410 280 38
101 410 280 38
102 410 280 38
103 410 280 38
104 410 280 38
105 410 280 38
106 410 280 38
107 410 280 38
108 410 280 38
109 410 280 38
110 410 280 38
111 410 280 38
112 410 280 38
113 410 280 38
114 410 280 38
115 410 280 38
116 410 280 38
117 410 280 38
118 410 280 38
119 410 280 38
120 410 280 38
121 410 280 38
122 410 280 38
123 410 280 38
124 410 280 38
125 410 280 38
126 410 280 38
127 410 280 38
128 410 280 38
129 410 280 38
130 410 280 38
131 410 280 38
132 410 280 38
133 410 280 38
134 410 280 38
135 410 280 38
136 410 280 38
137 410 280 38
138 410 280 38
139 410 280 38
140 410 280 38
141 410 280 38
142 410 280 38
143 410 280 38
144 410 280 38
145 410 280 38
146 410 280 38
147 410 280 38
148 410 280 38
149 410 280 38
150 410 280 38
151 410 280 38
152 410 280 38
153 410 280 38
154 410 280 38
155 410 280 38
156 410 280 38
157 410 280 38
158 410 280 38
159 410 280 38
160 410 280 38
161 410 280 38
162 410 280 38
163 410 280 38
164 410 280 38
165 410 280 38
166 410 280 38
167 410 280 38
168 410 280 38
169 410 280 38
170 410 280 38
171 410 280 38
172 410 280 38
173 410 280 38
174 410 280 38
175 410 280 38
176 410 280 38
177 410 280 38
178 410 280 38
179 410 280 38
180 410 280 38
181 410 280 38
182 410 280 38
183 410 280 38
184 410 280 38
185 410 280 38
186 410 280 38
187 410 280 38
188 410 280 38
189 410 280 38
190 410 280 38
191 410 280 38
192 410 280 38
193 410 280 38
194 409 280 38
195 409 280 38
196 409 280 38
197 409 280 38
198 409 280 38
199 409 280 38
200 409 280 38
201 409 280 38
202 409 280 38
203 409 280 38
204 409 280 38
205 409 280 38
206 409 280 38
207 409 280 38
208 409 280 38
209 409 280 38
210 409 280 38
211 409 280 38
212 409 280 38
213 409 280 38
214 409 280 38
215 409 280 38
216 409 280 38
217 409 280 38
218 409 280 38
219 409 280 38
220 409 280 38
221 409 280 38
222 409 280 38
223 409 280 38
224 409 280 38
225 409 280 38
226 409 280 38
227 409 280 38
228 409 280 38
229 409 280 38
230 409 280 38
231 409 280 38
232 409 280 38
233 409 280 38
234 409 280 38
235 409 280 38
236 409 280 38
237 409 280 38
238 409 280 38
239 409 280 38
240 409 280 38
241 409 280 38
242 409 280 38
243 409 280 38
244 409 280 38
245 409 280 38
246 409 280 38
247 409 280 38
248 409 280 38
249 409 280 38
250 409 280 38
251 409 280 38
252 409 280 38
253 409 280 38
254 409 280 38
255 409 280 38
256 409 280 38
257 409 280 38
258 409 280 38
259 409 280 38
260 409 280 38
261 409 280 38
262 409 280 38
263 409 280 38
264 409 280 38
265 409 280 38
266 409 280 38
267 409 280 38
268 409 280 38
269 409 280 38
270 409 280 38
271 409 280 38
272 409 280 38
273 409 280 38
274 409 280 38
275 409 280 38
276 409 280 38
277 409 280 38
278 409 280 38
279 409 280 38
280 409 280 38
281 409 280 38
282 409 280 38
283 409 280 38
284 409 280 38
285 409 280 38
286 409 280 38
287 409 280 38
288 409 280 38
289 409 280 38
290 409 280 38
291 409 280 38
292 409 280 38
293 409 280 38
294 409 280 38
295 409 280 38
296 409 280 38
297 409 280 38
298 409 280 38
299 409 280 38
300 409 280 38
301 409 280 38
302 409 280 38
303 409 280 38
304 409 280 38
305 409 280 38
306 409 280 38
307 409 280 38
308 409 280 38
309 409 280 38
310 409 280 38
311 409 280 38
312 409 280 38
313 409 280 38
314 409 280 38
315 409 280 38
316 409 280 38
317 409 280 38
318 409 280 38
319 409 280 38
320 409 280 38
321 409 280 38
322 409 280 38
323 409 280 38
324 409 280 38
325 409 280 38
326 409 280 38
327 409 280 38
328 409 280 38
329 409 280 38
330 409 280 38
331 409 280 38
332 409 280 38
333 409 280 38
334 409 280 38
335 409 280 38
336 409 280 38
337 409 280 38
338 409 280 38
339 409 280 38
340 409 280 38
341 409 280 38
342 409 280 38
343 409 280 38
344 409 280 38
345 409 280 38
346 409 280 38
347 409 280 38
348 409 280 38
349 409 280 38
350 409 280 38
351 409 280 38
352 409 280 38
353 409 280 38
354 409 280 38
355 409 280 38
356 409 280 38
357 409 280 38
358 409 280 38
359 409 280 38
360 409 280 38
361 409 280 38
362 409 280 38
363 409 280 38
364 409 280 38
365 409 280 38
366 409 280 38
367 409 280 38
368 409 280 38
369 409 280 38
370 409 280 38
371 409 280 38
372 409 280 38
373 409 280 38
374 409 280 38
375 409 280 38
376 409 280 38
377 409 280 38
378 409 280 38
379 409 280 38
380 409 280 38
381 409 280 38
382 409 280 38
383 409 280 38
384 409 280 38
385 409 280 38
386 409 280 38
387 409 281 36
388 409 281 36
389 409 281 36
390 409 281 36
391 409 281 36
392 409 281 36
393 409 281 36
394 409 281 36
395 409 281 36
396 409 281 36
397 409 281 36
398 409 281 36
399 409 281 36
400 409 281 36
401 409 281 36
402 409 281 36
403 409 281 36
404 409 281 36
405 409 281 36
406 409 281 36
407 409 281 36
408 409 281 36
409 409 281 36
410 409 281 36
411 409 281 36
412 409 281 36
413 409 281 36
414 409 281 36
415 409 281 36
416 409 281 36
417 409 281 36
418 409 281 36
419 409 281 36
420 409 281 36
421 409 281 36
422 409 281 36
423 409 281 36
424 409 281 36
425 409 281 36
426 409 281 36
427 409 281 36
428 409 281 36
429 409 281 36
430 409 281 36
431 409 281 36
432 409 281 36
433 409 281 36
434 409 281 36
435 409 281 36
436 409 281 36
437 409 281 36
438 409 281 36
439 409 281 36
440 409 281 36
441 409 281 36
442 409 281 36
443 409 281 36
444 409 281 36
445 409 281 36
446 409 281 36
447 409 281 36
448 409 281 36
449 409 281 36
450 409 281 36
451 409 281 36
452 409 281 36
453 409 281 36
454 409 281 36
455 409 281 36
456 409 281 36
457 409 281 36
458 409 281 36
459 409 281 36
460 409 281 36
461 409 281 36
462 409 281 36
463 409 281 36
464 409 281 36
465 409 281 36
466 409 281 36
467 409 281 36
468 409 281 36
469 409 281 36
470 409 281 36
471 409 281 36
472 409 281 36
473 409 281 36
474 409 281 36
475 409 281 36
476 409 281 36
477 409 281 36
478 409 281 36
479 409 281 36
480 409 281 36
481 409 281 36
482 409 281 36
483 409 281 36
484 409 281 36
485 409 281 36
486 409 281 36
487 409 281 36
488 409 281 36
489 409 281 36
490 409 281 36
491 409 281 36
492 409 281 36
493 409 281 36
494 409 281 36
495 409 281 36
496 409 281 36
497 409 281 36
498 409 281 36
499 409 281 36
500 409 281 36
501 409 281 36
502 409 281 36
503 409 281 36
504 409 281 36
505 409 281 36
506 409 281 36
507 409 281 36
508 409 281 36
509 409 281 36
510 409 281 36
511 409 281 36
512 409 281 36
513 409 281 36
514 409 281 36
515 409 281 36
516 409 281 36
517 409 281 36
518 409 281 36
519 409 281 36
520 409 281 36
521 409 281 36
522 409 281 36
523 409 281 36
524 409 281 36
525 409 281 36
526 409 281 36
527 409 281 36
528 409 281 36
529 409 281 36
530 409 281 36
531 409 281 36
532 409 281 36
533 409 281 36
534 409 281 36
535 409 281 36
536 409 281 36
537 409 281 36
538 409 281 36
539 409 281 36
540 409 281 36
541 409 281 36
542 409 281 36
543 409 281 36
544 409 281 36
545 409 281 36
546 409 281 36
547 409 281 36
548 409 281 36
549 409 281 36
550 409 281 36
551 409 281 36
552 409 281 36
553 409 281 36
554 409 281 36
555 409 281 36
556 409 281 36
557 409 281 36
558 409 281 36
559 409 281 36
560 409 281 36
561 409 281 36
562 409 281 36
563 409 281 36
564 409 281 36
565 409 281 36
566 409 281 36
567 409 281 36
568 409 281 36
569 409 281 36
570 409 281 36
571 409 281 36
572 409 281 36
573 409 281 36
574 409 281 36
575 409 281 36
576 409 281 36
577 409 281 36
578 409 281 36
579 409 281 36
580 408 281 36
581 408 281 36
582 408 281 36
583 408 281 36
584 408 281 36
585 408 281 36
586 408 281 36
587 408 281 36
588 408 281 36
589 408 281 36
590 408 281 36
591 408 281 36
592 408 281 36
593 408 281 36
594 408 281 36
595 408 281 36
596 408 281 36
597 408 281 36
598 408 281 36
599 408 281 36
600 408 281 36
601 408 281 36
602 408 281 36
603 408 281 36
604 408 281 36
605 408 281 36
606 408 281 36
607 408 281 36
608 408 281 36
609 408 281 36
610 408 281 36
611 408 281 36
612 408 281 36
613 408 281 36
614 408 281 36
615 408 281 36
616 408 281 36
617 408 281 36
618 408 281 36
619 408 281 36
620 408 281 36
621 408 281 36
622 408 281 36
623 408 281 36
624 408 281 36
625 408 281 36
626 408 281 36
627 408 281 36
628 408 281 36
629 408 281 36
630 408 281 36
631 408 281 36
632 408 281 36
633 408 281 36
634 408 281 36
635 408 281 36
636 408 281 36
637 408 281 36
638 408 281 36
639 408 281 36
640 408 281 36
641 408 281 36
642 408 281 36
643 408 281 36
644 408 281 36
645 408 281 36
646 408 281 36
647 408 281 36
648 408 281 36
649 408 281 36
650 408 281 36
651 408 281 36
652 408 281 36
653 408 281 36
654 408 281 36
655 408 281 36
656 408 281 36
657 408 281 36
658 408 281 36
659 408 281 36
660 408 281 36
661 408 281 36
662 408 281 36
663 408 281 36
664 408 281 36
665 408 281 36
666 408 281 36
667 408 281 36
668 408 281 36
669 408 281 36
670 408 281 36
671 408 281 36
672 408 281 36
673 408 281 36
674 408 281 36
675 408 281 36
676 408 281 36
677 408 281 36
678 408 281 36
679 408 281 36
680 408 281 36
681 408 281 36
682 408 281 36
683 408 281 36
684 408 281 36
685 408 281 36
686 408 281 36
687 408 281 36
688 408 281 36
689 408 281 36
690 408 281 36
691 408 281 36
692 408 281 36
693 408 281 36
694 408 281 36
695 408 281 36
696 408 281 36
697 408 281 36
698 408 281 36
699 408 281 36
700 408 281 36
701 408 281 36
702 408 281 36
703 408 281 36
704 408 281 36
705 408 281 36
706 408 281 36
707 408 281 36
708 408 281 36
709 408 281 36
710 408 281 36
711 408 281 36
712 408 281 36
713 408 281 36
714 408 281 36
715 408 281 36
716 408 281 36
717 408 281 36
718 408 281 36
719 408 281 36
720 408 281 36
721 408 281 36
722 408 281 36
723 408 281 36
724 408 281 36
725 408 281 36
726 408 281 36
727 408 281 36
728 408 281 36
729 408 281 36
730 408 281 36
731 408 281 36
732 408 281 36
733 408 281 36
734 408 281 36
735 408 281 36
736 408 281 36
737 408 281 36
738 408 281 36
739 408 281 36
740 408 281 36
741 408 281 36
742 408 281 36
743 408 281 36
744 408 281 36
745 408 281 36
746 408 281 36
747 408 281 36
748 408 281 36
749 408 281 36
750 408 281 36
751 408 281 36
752 408 281 36
753 408 281 36
754 408 281 36
755 408 281 36
756 408 281 36
757 408 281 36
758 408 281 36
759 408 281 36
760 408 281 36
761 408 281 36
762 408 281 36
763 408 281 36
764 408 281 36
765 408 281 36
766 408 281 36
767 408 281 36
768 408 281 36
769 408 281 36
770 408 281 36
771 408 281 36
772 408 281 36
140
202 769 296 93
203 759 293 92
204 751 290 91
205 745 287 90
206 742 286 89
207 740 285 89
208 739 284 89
209 739 284 89
210 739 284 89
211 739 283 89
212 739 283 89
213 739 283 89
214 739 282 89
215 738 282 89
216 738 282 89
217 738 281 89
218 738 281 89
219 738 281 89
220 738 281 89
221 738 281 89
222 738 281 89
223 738 280 89
224 738 280 89
225 738 280 89
226 738 280 89
227 738 280 89
228 738 280 89
229 738 280 89
230 738 280 89
231 738 279 89
232 738 279 89
233 738 279 89
234 738 279 89
235 739 279 88
236 739 279 88
237 739 279 88
238 739 279 88
239 739 278 88
240 739 278 88
241 739 278 88
242 739 278 88
243 739 278 88
244 739 278 88
245 739 278 88
246 739 277 88
247 739 277 88
248 739 277 88
249 739 277 88
250 739 277 88
251 739 277 88
252 739 277 89
253 739 276 89
254 739 276 89
255 739 276 89
256 738 276 90
257 738 276 90
258 738 276 90
259 738 275 90
260 738 275 91
261 738 275 91
262 737 275 91
263 737 275 91
264 736 275 91
265 736 275 91
266 735 276 91
267 735 276 91
268 734 276 91
269 734 276 91
270 733 276 91
271 733 276 91
272 732 276 91
273 732 276 91
274 731 276 91
275 731 276 91
276 730 277 91
277 730 277 91
278 729 277 91
279 729 277 91
280 729 276 91
281 729 276 91
282 729 276 91
283 730 275 91
284 730 275 91
285 731 274 91
286 731 274 91
287 732 273 91
288 732 273 91
289 732 273 91
290 733 272 91
291 733 272 91
292 733 272 91
293 733 272 91
294 733 272 91
295 733 272 91
296 733 272 91
297 733 272 91
298 733 272 91
299 733 272 91
300 733 272 91
301 733 272 91
302 733 272 91
303 733 272 91
304 733 272 91
305 733 272 91
306 733 272 91
307 733 272 91
308 733 272 91
309 733 273 90
310 733 273 90
311 732 274 90
312 732 275 89
313 732 276 88
314 732 276 87
315 731 277 87
316 731 278 86
317 731 279 86
318 731 280 85
319 731 280 85
320 731 281 85
321 731 282 84
322 731 282 84
323 731 283 84
324 732 283 84
325 732 284 82
326 732 284 82
327 732 285 82
328 732 285 82
329 732 286 81
330 732 286 81
331 732 286 81
332 732 286 81
333 732 286 81
334 732 286 81
335 731 286 81
336 731 286 82
337 731 286 82
338 731 286 82
339 731 286 84
340 731 286 84
341 731 286 84
571
202 863 319 78
203 886 322 70
204 911 323 63
205 934 323 58
206 951 322 55
207 961 321 53
208 964 321 52
209 964 321 52
210 964 321 52
211 964 321 52
212 964 321 52
213 964 321 52
214 964 321 52
215 964 321 52
216 964 321 52
217 964 321 52
218 964 321 52
219 964 321 52
220 964 321 52
221 964 321 52
222 964 321 52
223 964 321 52
224 964 321 52
225 964 321 52
226 964 321 52
227 964 321 52
228 964 321 52
229 964 321 52
230 964 321 52
231 964 321 52
232 964 321 52
233 964 321 52
234 964 321 52
235 964 321 52
236 964 321 52
237 964 321 52
238 964 321 52
239 964 321 52
240 964 321 52
241 964 321 52
242 964 321 52
243 964 321 52
244 964 321 52
245 964 321 52
246 964 321 52
247 964 321 52
248 964 321 52
249 964 321 52
250 964 321 52
251 964 321 52
252 964 321 52
253 964 321 52
254 964 321 52
255 964 321 52
256 964 321 52
257 964 321 52
258 964 321 52
259 964 321 52
260 964 321 52
261 964 321 52
262 964 321 52
263 964 321 52
264 964 321 52
265 964 321 52
266 964 321 52
267 964 321 52
268 964 321 52
269 964 321 52
270 964 321 52
271 964 321 52
272 964 321 52
273 964 321 52
274 964 321 52
275 964 321 52
276 964 321 52
277 964 321 52
278 964 321 52
279 964 321 52
280 964 321 52
281 964 321 52
282 964 321 52
283 964 321 52
284 964 321 52
285 964 321 52
286 964 321 52
287 964 321 52
288 964 321 52
289 964 321 52
290 964 321 52
291 964 321 52
292 964 321 52
293 964 321 52
294 964 321 52
295 964 321 52
296 964 321 52
297 964 321 52
298 964 321 52
299 964 321 52
300 964 321 52
301 964 321 52
302 964 321 52
303 964 321 52
304 964 321 52
305 964 321 52
306 964 321 52
307 964 321 52
308 964 321 52
309 964 321 52
310 964 321 52
311 964 321 52
312 964 321 52
313 964 321 52
314 964 321 52
315 964 321 52
316 964 321 52
317 964 321 52
318 964 321 52
319 964 321 52
320 964 321 52
321 964 321 52
322 964 321 52
323 964 321 52
324 964 321 52
325 964 321 52
326 964 321 52
327 964 321 52
328 964 321 52
329 964 321 52
330 964 321 52
331 964 321 52
332 964 321 52
333 964 321 52
334 964 321 52
335 964 321 52
336 964 321 52
337 964 321 52
338 964 321 52
339 964 321 52
340 964 321 52
341 964 321 52
342 964 321 52
343 964 321 52
344 964 321 52
345 964 321 52
346 964 321 52
347 964 321 52
348 964 321 52
349 964 321 52
350 964 321 52
351 964 321 52
352 964 321 52
353 964 321 52
354 964 321 52
355 964 321 52
356 964 321 52
357 964 321 52
358 964 321 52
359 964 321 52
360 964 321 52
361 964 321 52
362 964 321 52
363 964 321 52
364 964 321 52
365 964 321 52
366 964 321 52
367 964 321 52
368 964 321 52
369 964 321 52
370 964 321 52
371 964 321 52
372 964 321 52
373 964 321 52
374 964 321 52
375 964 321 52
376 964 321 52
377 964 321 52
378 964 321 52
379 964 321 52
380 964 321 52
381 964 321 52
382 964 321 52
383 964 321 52
384 964 321 52
385 964 321 52
386 964 321 52
387 964 321 52
388 964 321 52
389 964 321 52
390 964 321 52
391 964 321 52
392 964 321 52
393 964 321 52
394 964 321 52
395 964 321 52
396 964 321 52
397 964 321 52
398 964 321 52
399 964 321 52
400 964 321 52
401 964 321 52
402 964 321 52
403 964 321 52
404 964 321 52
405 964 321 52
406 964 321 52
407 964 321 52
408 964 321 52
409 964 321 52
410 964 321 52
411 964 321 52
412 964 321 52
413 964 321 52
414 964 321 52
415 964 321 52
416 964 321 52
417 964 321 52
418 964 321 52
419 964 321 52
420 964 321 52
421 964 321 52
422 964 321 52
423 964 321 52
424 964 321 52
425 964 321 52
426 964 321 52
427 964 321 52
428 964 321 52
429 964 321 52
430 964 321 52
431 964 321 52
432 964 321 52
433 964 321 52
434 964 321 52
435 964 321 52
436 964 321 52
437 964 321 52
438 964 321 52
439 964 321 52
440 964 321 52
441 964 321 52
442 964 321 52
443 964 321 52
444 964 321 52
445 964 321 52
446 964 321 52
447 964 321 52
448 964 321 52
449 964 321 52
450 964 321 52
451 964 321 52
452 964 321 52
453 964 321 52
454 964 321 52
455 964 321 52
456 964 321 52
457 964 321 52
458 964 321 52
459 964 321 52
460 964 321 52
461 964 321 52
462 964 321 52
463 964 321 52
464 964 321 52
465 964 321 52
466 964 321 52
467 964 321 52
468 964 321 52
469 964 321 52
470 964 321 52
471 964 321 52
472 964 321 52
473 964 321 52
474 964 321 52
475 964 321 52
476 964 321 52
477 964 321 52
478 964 321 52
479 964 321 52
480 964 321 52
481 964 321 52
482 964 321 52
483 964 321 52
484 964 321 52
485 964 321 52
486 964 321 52
487 964 321 52
488 964 321 52
489 964 321 52
490 964 321 52
491 964 321 52
492 964 321 52
493 964 321 52
494 964 321 52
495 964 321 52
496 964 321 52
497 964 321 52
498 964 321 52
499 964 321 52
500 964 321 52
501 964 321 52
502 964 321 52
503 964 321 52
504 964 321 52
505 964 321 52
506 964 321 52
507 964 321 52
508 964 321 52
509 964 321 52
510 964 321 52
511 964 321 52
512 964 321 52
513 964 321 52
514 964 321 52
515 964 321 52
516 964 321 52
517 964 321 52
518 964 321 52
519 964 321 52
520 964 321 52
521 964 321 52
522 964 321 52
523 964 321 52
524 964 321 52
525 964 321 52
526 964 321 52
527 964 321 52
528 964 321 52
529 964 321 52
530 964 321 52
531 964 321 52
532 964 321 52
533 964 321 52
534 964 321 52
535 964 321 52
536 964 321 52
537 964 321 52
538 964 321 52
539 964 321 52
540 964 321 52
541 964 321 52
542 964 321 52
543 964 321 52
544 964 321 52
545 964 321 52
546 964 321 52
547 964 321 52
548 964 321 52
549 964 321 52
550 964 321 52
551 964 321 52
552 964 321 52
553 964 321 52
554 964 321 52
555 964 321 52
556 964 321 52
557 964 321 52
558 964 321 52
559 964 321 52
560 964 321 52
561 964 321 52
562 964 321 52
563 964 321 52
564 964 321 52
565 964 321 52
566 964 321 52
567 964 321 52
568 964 321 52
569 964 321 52
570 964 321 52
571 964 321 52
572 964 321 52
573 964 321 52
574 964 321 52
575 964 321 52
576 964 321 52
577 964 321 52
578 964 321 52
579 964 321 52
580 964 321 52
581 964 321 52
582 964 321 52
583 964 321 52
584 964 321 52
585 964 321 52
586 964 321 52
587 964 321 52
588 964 321 52
589 964 321 52
590 964 321 52
591 964 321 52
592 964 321 52
593 964 321 52
594 964 321 52
595 964 321 52
596 964 321 52
597 964 321 52
598 964 321 52
599 964 321 52
600 964 321 52
601 964 321 52
602 964 321 52
603 964 321 52
604 964 321 52
605 964 321 52
606 964 321 52
607 964 321 52
608 964 321 52
609 964 321 52
610 964 321 52
611 964 321 52
612 964 321 52
613 964 321 52
614 964 321 52
615 964 321 52
616 964 321 52
617 964 321 52
618 964 321 52
619 964 321 52
620 964 321 52
621 964 321 52
622 964 321 52
623 964 321 52
624 964 321 52
625 964 321 52
626 964 321 52
627 964 321 52
628 964 321 52
629 964 321 52
630 964 321 52
631 964 321 52
632 964 321 52
633 964 321 52
634 964 321 52
635 964 321 52
636 964 321 52
637 964 321 52
638 964 321 52
639 964 321 52
640 964 321 52
641 964 321 52
642 964 321 52
643 964 321 52
644 964 321 52
645 964 321 52
646 964 321 52
647 964 321 52
648 964 321 52
649 964 321 52
650 964 321 52
651 964 321 52
652 964 321 52
653 964 321 52
654 964 321 52
655 964 321 52
656 964 321 52
657 964 321 52
658 964 321 52
659 964 321 52
660 964 321 52
661 964 321 52
662 964 321 52
663 964 321 52
664 964 321 52
665 964 321 52
666 964 321 52
667 964 321 52
668 964 321 52
669 964 321 52
670 964 321 52
671 964 321 52
672 964 321 52
673 964 321 52
674 964 321 52
675 964 321 52
676 964 321 52
677 964 321 52
678 964 321 52
679 964 321 52
680 964 321 52
681 964 321 52
682 964 321 52
683 964 321 52
684 964 321 52
685 964 321 52
686 964 321 52
687 964 321 52
688 964 321 52
689 964 321 52
690 964 321 52
691 964 321 52
692 964 321 52
693 964 321 52
694 964 321 52
695 964 321 52
696 964 321 52
697 964 321 52
698 964 321 52
699 964 321 52
700 964 321 52
701 964 321 52
702 964 321 52
703 964 321 52
704 964 321 52
705 964 321 52
706 964 321 52
707 964 321 52
708 964 321 52
709 964 321 52
710 964 321 52
711 964 321 52
712 964 321 52
713 964 321 52
714 964 321 52
715 964 321 52
716 964 321 52
717 964 321 52
718 964 321 52
719 964 321 52
720 964 321 52
721 964 321 52
722 964 321 52
723 964 321 52
724 964 321 52
725 964 321 52
726 964 321 52
727 964 321 52
728 964 321 52
729 964 321 52
730 964 321 52
731 964 321 52
732 964 321 52
733 964 321 52
734 964 321 52
735 964 321 52
736 964 321 52
737 964 321 52
738 964 321 52
739 964 321 52
740 964 321 52
741 964 321 52
742 964 321 52
743 964 321 52
744 964 321 52
745 964 321 52
746 964 321 52
747 964 321 52
748 964 321 52
749 964 321 52
750 964 321 52
751 964 321 52
752 964 321 52
753 964 321 52
754 964 321 52
755 964 321 52
756 964 321 52
757 964 321 52
758 964 321 52
759 964 321 52
760 964 321 52
761 964 321 52
762 964 321 52
763 964 321 52
764 964 321 52
765 964 321 52
766 964 321 52
767 964 321 52
768 964 321 52
769 964 321 52
770 964 321 52
771 964 321 52
772 964 321 52
423
350 591 256 27
351 591 256 27
352 591 256 27
353 591 256 27
354 592 257 27
355 592 257 27
356 592 257 27
357 592 257 27
358 592 257 27
359 592 257 27
360 593 257 27
361 593 257 27
362 593 257 27
363 593 257 27
364 594 257 28
365 594 257 28
366 594 257 28
367 594 257 28
368 595 257 28
369 595 257 28
370 595 258 30
371 596 258 30
372 596 258 30
373 596 259 32
374 597 259 32
375 597 260 33
376 598 260 33
377 598 260 33
378 599 261 35
379 599 261 35
380 600 261 35
381 600 261 35
382 601 261 35
383 601 261 35
384 602 261 35
385 602 261 35
386 602 261 35
387 602 262 35
388 603 262 35
389 603 262 35
390 603 262 35
391 603 262 35
392 603 263 36
393 604 263 36
394 604 263 36
395 604 264 36
396 604 264 38
397 605 264 38
398 605 265 38
399 605 265 39
400 605 265 39
401 605 266 39
402 606 266 39
403 606 266 40
404 606 267 40
405 606 267 40
406 607 267 40
407 607 267 42
408 607 268 42
409 607 268 42
410 608 268 42
411 608 268 42
412 608 267 42
413 608 267 42
414 609 267 42
415 609 267 42
416 609 267 42
417 609 267 42
418 610 267 42
419 610 267 42
420 610 266 42
421 610 266 42
422 611 266 42
423 611 266 42
424 611 266 44
425 611 266 44
426 612 266 44
427 612 266 44
428 612 265 44
429 612 265 44
430 613 265 44
431 613 265 44
432 613 265 44
433 613 265 44
434 614 265 44
435 614 265 44
436 614 264 44
437 614 264 44
438 615 264 44
439 615 264 44
440 615 264 44
441 616 265 44
442 616 265 44
443 616 265 44
444 617 265 44
445 617 265 44
446 617 266 44
447 617 266 44
448 618 266 44
449 618 266 44
450 618 266 44
451 619 267 42
452 619 267 42
453 619 267 42
454 620 267 42
455 620 267 42
456 620 268 42
457 620 268 42
458 621 268 42
459 621 268 42
460 621 269 42
461 622 269 42
462 622 269 42
463 623 269 42
464 623 269 42
465 624 269 42
466 625 269 42
467 625 270 42
468 626 270 42
469 626 270 42
470 627 270 42
471 627 270 42
472 628 270 42
473 628 270 42
474 629 269 42
475 629 269 42
476 630 269 42
477 630 269 42
478 631 269 42
479 631 269 42
480 632 269 42
481 632 269 42
482 632 269 44
483 633 268 44
484 633 268 44
485 634 268 44
486 634 268 44
487 634 268 44
488 634 269 44
489 635 269 44
490 635 269 45
491 635 269 45
492 635 269 45
493 636 270 45
494 636 270 45
495 636 270 45
496 636 270 46
497 636 270 46
498 637 271 46
499 637 271 46
500 637 271 46
501 636 271 46
502 636 271 46
503 636 271 46
504 636 271 46
505 636 271 46
506 636 271 46
507 635 271 46
508 635 271 46
509 635 271 46
510 635 271 46
511 635 271 47
512 634 271 47
513 634 271 47
514 634 271 47
515 634 271 47
516 634 271 47
517 633 271 47
518 633 271 47
519 633 271 47
520 633 271 47
521 633 271 47
522 633 271 47
523 632 271 47
524 632 271 47
525 632 271 47
526 632 271 47
527 632 271 47
528 632 271 47
529 631 271 47
530 631 271 47
531 631 271 47
532 631 271 47
533 631 271 47
534 630 271 47
535 630 271 47
536 630 271 47
537 630 271 47
538 630 271 47
539 630 271 47
540 629 271 47
541 629 271 47
542 629 271 47
543 628 271 47
544 628 271 47
545 628 271 47
546 627 271 47
547 627 271 47
548 626 271 47
549 626 271 47
550 625 271 47
551 625 271 47
552 625 271 47
553 624 271 47
554 624 271 47
555 623 270 47
556 623 270 47
557 622 270 47
558 622 270 47
559 622 270 47
560 621 270 47
561 621 270 47
562 620 270 47
563 620 270 47
564 619 270 47
565 619 270 47
566 619 270 47
567 618 270 47
568 618 270 47
569 618 270 47
570 617 270 47
571 617 270 47
572 617 270 47
573 617 270 47
574 616 269 47
575 616 269 47
576 616 269 47
577 616 269 47
578 616 269 47
579 616 269 47
580 616 269 47
581 616 269 47
582 616 269 47
583 616 269 47
584 616 269 47
585 616 269 46
586 617 269 46
587 617 269 46
588 617 269 46
589 618 269 46
590 618 269 46
591 618 269 46
592 619 269 46
593 619 269 46
594 619 269 46
595 619 269 46
596 620 269 46
597 620 269 46
598 620 269 46
599 621 269 46
600 621 269 46
601 621 269 46
602 622 269 46
603 622 269 45
604 622 269 45
605 622 269 45
606 622 269 45
607 623 269 45
608 623 269 45
609 623 269 45
610 623 269 45
611 623 269 45
612 622 269 45
613 622 269 45
614 622 269 45
615 622 269 45
616 622 270 45
617 622 270 45
618 622 270 45
619 622 270 45
620 621 270 45
621 621 270 45
622 621 270 45
623 621 270 45
624 621 270 45
625 621 270 45
626 621 270 45
627 621 270 45
628 621 270 45
629 620 270 45
630 620 270 45
631 620 270 45
632 620 270 45
633 620 271 45
634 620 271 45
635 620 271 45
636 620 271 45
637 619 271 45
638 619 271 45
639 619 271 45
640 619 271 45
641 619 271 45
642 619 271 45
643 619 271 45
644 619 271 45
645 618 271 45
646 618 271 45
647 618 271 45
648 618 271 45
649 618 270 44
650 618 270 44
651 618 270 44
652 617 270 44
653 617 270 44
654 617 270 44
655 617 270 44
656 617 270 44
657 617 270 44
658 617 270 44
659 617 270 44
660 616 270 44
661 616 270 44
662 616 270 44
663 616 269 42
664 616 269 42
665 616 269 42
666 616 269 42
667 615 269 42
668 615 269 42
669 615 269 42
670 615 269 42
671 615 269 42
672 615 269 42
673 615 269 42
674 614 269 42
675 614 269 42
676 614 269 42
677 614 268 42
678 614 268 42
679 614 268 42
680 613 268 42
681 613 268 42
682 613 268 42
683 613 268 42
684 613 268 42
685 613 268 42
686 612 268 42
687 612 268 42
688 612 268 42
689 612 267 42
690 612 267 42
691 612 267 42
692 611 267 42
693 611 267 42
694 611 267 42
695 611 267 42
696 611 267 42
697 611 267 42
698 610 267 42
699 610 267 42
700 610 267 42
701 610 266 42
702 610 266 42
703 610 266 42
704 609 266 42
705 609 266 42
706 609 266 42
707 609 266 42
708 609 266 42
709 609 266 42
710 609 266 42
711 609 266 42
712 609 266 42
713 608 266 42
714 608 266 42
715 608 266 42
716 608 266 42
717 608 266 42
718 608 266 42
719 608 266 42
720 608 266 42
721 608 266 42
722 608 266 42
723 607 266 42
724 607 266 42
725 607 266 42
726 607 266 42
727 607 266 42
728 607 266 42
729 606 266 42
730 606 266 42
731 606 266 42
732 606 266 42
733 606 266 42
734 605 266 42
735 605 266 42
736 605 266 42
737 605 266 42
738 604 265 42
739 604 265 42
740 604 265 42
741 604 265 42
742 603 265 42
743 603 265 42
744 603 265 42
745 602 265 42
746 602 265 42
747 602 265 42
748 602 265 42
749 601 265 42
750 601 266 42
751 601 266 42
752 600 266 42
753 600 266 42
754 600 266 42
755 600 266 42
756 599 266 42
757 599 266 42
758 598 266 42
759 598 266 42
760 597 266 42
761 597 266 42
762 597 266 42
763 596 266 42
764 596 266 42
765 595 266 42
766 595 266 42
767 595 266 42
768 595 267 44
769 595 269 46
770 596 271 47
771 596 273 49
772 597 276 50
513
773 603 294 62
774 604 296 63
775 604 297 64
776 604 298 65
777 604 298 65
778 604 298 65
779 604 298 65
780 604 298 65
781 604 298 65
782 605 298 65
783 605 298 65
784 605 298 65
785 605 297 66
786 605 297 66
787 604 297 66
788 604 297 66
789 604 296 66
790 604 296 66
791 604 296 66
792 604 296 66
793 604 296 66
794 604 296 66
795 604 296 66
796 604 296 66
797 603 295 66
798 603 295 66
799 603 295 66
800 603 295 66
801 603 295 66
802 603 295 66
803 603 295 66
804 603 295 66
805 602 295 66
806 602 295 66
807 602 295 66
808 602 295 66
809 602 295 66
810 602 294 66
811 602 294 66
812 602 294 66
813 602 294 66
814 602 294 67
815 603 294 67
816 603 294 67
817 603 294 67
818 603 294 67
819 603 294 67
820 603 294 67
821 603 294 67
822 603 294 67
823 604 294 68
824 604 294 68
825 604 294 68
826 604 294 68
827 604 294 68
828 604 294 68
829 604 294 68
830 604 294 68
831 604 294 68
832 604 294 68
833 604 294 68
834 604 294 68
835 604 294 68
836 604 294 68
837 604 294 68
838 604 294 68
839 604 294 68
840 604 294 68
841 604 294 68
842 604 294 68
843 604 294 68
844 604 294 68
845 604 294 68
846 604 294 68
847 604 294 68
848 604 294 68
849 604 294 68
850 604 294 68
851 604 294 68
852 604 294 68
853 604 294 68
854 604 294 68
855 604 294 68
856 604 294 68
857 604 294 68
858 604 294 68
859 604 294 68
860 604 294 68
861 604 294 68
862 604 294 68
863 604 294 68
864 604 294 68
865 604 294 68
866 604 294 68
867 604 294 68
868 604 294 68
869 604 294 68
870 604 294 68
871 604 294 68
872 604 294 68
873 604 294 68
874 604 294 68
875 604 294 68
876 604 294 68
877 604 294 68
878 604 294 68
879 604 294 68
880 604 294 68
881 604 294 68
882 604 294 68
883 604 294 68
884 604 294 68
885 604 294 68
886 604 294 68
887 604 294 68
888 604 294 68
889 604 294 68
890 604 294 68
891 604 294 68
892 604 294 68
893 604 294 68
894 604 294 68
895 604 294 68
896 604 294 68
897 604 294 68
898 604 294 68
899 604 294 68
900 604 294 68
901 604 294 68
902 604 294 68
903 604 294 68
904 604 294 68
905 604 294 68
906 604 294 68
907 604 294 68
908 604 294 68
909 604 294 68
910 604 294 68
911 604 294 68
912 604 294 68
913 604 294 68
914 604 294 68
915 604 294 68
916 604 294 68
917 604 294 68
918 604 294 68
919 604 294 68
920 604 294 68
921 604 294 68
922 604 294 68
923 604 294 68
924 604 294 68
925 604 294 68
926 604 294 68
927 604 294 68
928 604 294 68
929 604 294 68
930 604 294 68
931 604 294 68
932 604 294 68
933 604 294 68
934 604 294 68
935 604 294 68
936 604 294 68
937 604 294 68
938 604 294 68
939 604 294 68
940 604 294 68
941 604 294 68
942 604 294 68
943 604 294 68
944 604 294 68
945 604 294 68
946 604 294 68
947 604 294 68
948 604 294 68
949 604 294 68
950 604 294 68
951 604 294 68
952 604 294 68
953 604 294 68
954 604 294 68
955 604 294 68
956 604 294 68
957 604 294 68
958 604 294 68
959 604 294 68
960 604 294 68
961 604 294 68
962 604 294 68
963 604 294 68
964 604 294 68
965 604 294 68
966 604 294 68
967 604 294 68
968 604 294 68
969 604 294 68
970 604 294 68
971 604 294 68
972 604 294 68
973 604 294 68
974 604 294 68
975 604 294 68
976 604 294 68
977 604 294 68
978 604 294 68
979 604 294 68
980 604 294 68
981 604 294 68
982 604 294 68
983 604 294 68
984 604 294 68
985 604 294 68
986 604 294 68
987 604 294 68
988 604 294 68
989 604 294 68
990 604 294 68
991 604 294 68
992 604 294 68
993 604 294 68
994 604 294 68
995 604 294 68
996 604 294 68
997 604 294 68
998 604 294 68
999 604 294 68
1000 604 294 68
1001 604 294 68
1002 604 294 68
1003 604 294 68
1004 604 294 68
1005 604 294 68
1006 604 294 68
1007 604 294 68
1008 604 294 68
1009 604 294 68
1010 604 294 68
1011 604 294 68
1012 604 294 68
1013 604 294 68
1014 604 294 68
1015 604 294 68
1016 604 294 68
1017 604 294 68
1018 604 294 68
1019 604 294 68
1020 604 294 68
1021 604 294 68
1022 604 294 68
1023 604 294 68
1024 604 294 68
1025 604 294 68
1026 604 294 68
1027 604 294 68
1028 604 294 68
1029 604 294 68
1030 604 294 68
1031 604 294 68
1032 604 294 68
1033 604 294 68
1034 604 294 68
1035 604 294 68
1036 604 294 68
1037 604 294 68
1038 604 294 68
1039 604 294 68
1040 604 294 68
1041 604 294 68
1042 604 294 68
1043 604 294 68
1044 604 294 68
1045 604 294 68
1046 604 294 68
1047 604 294 68
1048 604 294 68
1049 604 294 68
1050 604 294 68
1051 604 294 68
1052 604 294 68
1053 604 294 68
1054 604 294 68
1055 604 294 68
1056 604 294 68
1057 604 294 68
1058 604 294 68
1059 604 294 68
1060 604 294 68
1061 604 294 68
1062 604 294 68
1063 604 294 68
1064 604 294 68
1065 604 294 68
1066 604 294 68
1067 604 294 68
1068 604 294 68
1069 604 294 68
1070 604 294 68
1071 604 294 68
1072 604 294 68
1073 604 294 68
1074 604 294 68
1075 604 294 68
1076 603 294 68
1077 603 294 68
1078 603 294 68
1079 603 293 68
1080 603 293 68
1081 603 293 68
1082 603 293 68
1083 602 293 68
1084 602 293 68
1085 602 293 68
1086 602 293 68
1087 602 293 68
1088 602 293 68
1089 602 293 68
1090 602 293 67
1091 602 293 67
1092 602 293 67
1093 602 293 67
1094 601 293 67
1095 601 293 67
1096 601 293 67
1097 601 293 67
1098 601 293 67
1099 601 293 67
1100 601 293 67
1101 601 293 67
1102 601 293 67
1103 601 293 67
1104 601 293 67
1105 601 294 67
1106 601 294 67
1107 601 294 67
1108 601 294 67
1109 601 294 67
1110 601 294 67
1111 601 294 67
1112 600 294 67
1113 600 294 67
1114 600 294 67
1115 600 294 67
1116 600 294 67
1117 600 294 67
1118 600 294 67
1119 600 294 67
1120 600 294 67
1121 600 294 67
1122 600 294 67
1123 600 294 67
1124 600 294 67
1125 600 294 67
1126 600 294 67
1127 600 294 67
1128 600 294 67
1129 600 294 67
1130 600 294 67
1131 600 294 67
1132 600 294 67
1133 600 294 67
1134 600 294 67
1135 600 294 67
1136 600 294 67
1137 600 294 67
1138 600 294 67
1139 600 294 67
1140 600 294 67
1141 600 294 67
1142 600 294 67
1143 600 294 67
1144 600 294 67
1145 600 294 67
1146 600 294 67
1147 600 294 67
1148 600 294 67
1149 600 294 67
1150 600 294 67
1151 600 294 67
1152 600 294 67
1153 600 294 67
1154 600 294 67
1155 600 294 67
1156 600 294 67
1157 600 294 67
1158 600 294 67
1159 600 294 67
1160 600 294 67
1161 601 294 67
1162 601 294 67
1163 601 294 67
1164 601 294 67
1165 602 294 67
1166 602 294 67
1167 602 295 67
1168 602 295 67
1169 603 295 67
1170 603 295 67
1171 603 295 67
1172 603 295 67
1173 603 295 67
1174 603 295 67
1175 603 295 67
1176 603 295 67
1177 603 295 67
1178 603 296 67
1179 603 296 66
1180 603 296 66
1181 603 296 66
1182 603 296 66
1183 604 296 66
1184 604 296 66
1185 604 296 66
1186 604 296 66
1187 604 296 66
1188 604 297 66
1189 604 297 66
1190 604 297 66
1191 604 297 66
1192 604 297 66
1193 604 297 66
1194 604 297 66
1195 604 297 65
1196 604 297 65
1197 604 297 65
1198 604 297 65
1199 604 297 65
1200 604 297 65
1201 604 297 65
1202 604 297 65
1203 604 297 65
1204 604 297 65
1205 604 297 65
1206 604 297 65
1207 604 297 65
1208 604 297 65
1209 604 297 65
1210 604 297 65
1211 604 297 65
1212 604 297 65
1213 604 297 65
1214 604 297 65
1215 604 297 65
1216 604 297 65
1217 604 297 65
1218 604 297 65
1219 604 297 65
1220 604 297 65
1221 604 297 65
1222 604 297 65
1223 604 297 65
1224 604 297 65
1225 604 297 65
1226 604 297 65
1227 604 297 65
1228 604 297 65
1229 604 297 65
1230 604 297 65
1231 604 297 65
1232 604 297 65
1233 604 297 65
1234 604 297 65
1235 604 297 65
1236 604 297 65
1237 604 297 65
1238 604 297 65
1239 604 297 65
1240 604 297 65
1241 604 297 65
1242 604 297 65
1243 604 297 65
1244 604 297 65
1245 604 297 65
1246 604 297 65
1247 604 297 65
1248 604 297 65
1249 604 297 65
1250 604 297 65
1251 604 297 65
1252 604 297 65
1253 604 297 65
1254 604 297 65
1255 604 297 65
1256 604 297 65
1257 604 297 65
1258 604 297 65
1259 604 297 65
1260 604 297 65
1261 604 297 65
1262 604 297 65
1263 604 297 65
1264 604 297 65
1265 604 297 65
1266 604 297 65
1267 604 297 65
1268 604 297 65
1269 604 297 65
1270 604 297 65
1271 604 297 65
1272 604 297 65
1273 604 297 65
1274 604 297 65
1275 604 297 65
1276 604 297 65
1277 604 297 65
1278 604 297 65
1279 604 297 65
1280 604 297 65
1281 602 297 65
1282 599 297 66
1283 595 298 66
1284 588 298 66
1285 579 298 66
240
1286 504 298 67
1287 499 298 67
1288 494 297 67
1289 491 297 67
1290 489 297 67
1291 489 297 67
1292 488 297 67
1293 488 297 67
1294 489 297 67
1295 489 297 68
1296 489 297 68
1297 489 297 68
1298 489 297 68
1299 489 297 68
1300 489 297 68
1301 489 297 68
1302 489 297 68
1303 489 297 68
1304 489 297 68
1305 489 297 68
1306 489 297 68
1307 489 297 68
1308 489 297 68
1309 489 297 68
1310 489 297 68
1311 489 297 68
1312 490 297 68
1313 490 297 68
1314 490 297 68
1315 490 297 68
1316 490 297 68
1317 490 297 68
1318 490 297 68
1319 490 297 68
1320 490 297 68
1321 490 297 68
1322 490 297 68
1323 490 297 68
1324 490 297 68
1325 490 297 69
1326 490 297 69
1327 490 297 69
1328 490 297 69
1329 490 297 69
1330 490 297 69
1331 490 297 69
1332 490 297 69
1333 491 297 69
1334 491 297 69
1335 491 297 69
1336 491 297 69
1337 491 297 69
1338 491 297 69
1339 491 297 69
1340 491 297 69
1341 491 297 69
1342 491 297 69
1343 491 297 69
1344 491 297 69
1345 491 297 69
1346 491 297 69
1347 492 297 69
1348 492 297 70
1349 492 297 70
1350 492 297 70
1351 492 297 70
1352 492 297 70
1353 492 297 70
1354 492 297 70
1355 492 297 70
1356 492 297 70
1357 492 297 70
1358 492 297 70
1359 492 297 70
1360 492 297 70
1361 492 297 70
1362 492 297 70
1363 492 297 70
1364 492 297 70
1365 492 297 70
1366 492 297 70
1367 492 297 70
1368 493 297 70
1369 493 297 70
1370 493 297 70
1371 493 297 70
1372 493 297 70
1373 493 297 70
1374 493 297 70
1375 493 297 72
1376 493 297 72
1377 493 297 72
1378 493 297 72
1379 494 297 72
1380 494 297 72
1381 494 297 72
1382 494 297 72
1383 494 297 72
1384 494 297 72
1385 494 297 72
1386 494 297 72
1387 494 297 72
1388 494 297 72
1389 494 297 72
1390 494 297 72
1391 494 297 72
1392 494 297 72
1393 494 297 72
1394 494 297 72
1395 494 297 72
1396 494 297 72
1397 494 297 72
1398 494 297 72
1399 494 297 72
1400 494 297 72
1401 494 297 72
1402 494 297 72
1403 494 297 72
1404 494 297 72
1405 494 297 72
1406 494 297 72
1407 494 297 72
1408 494 297 72
1409 494 297 72
1410 494 297 72
1411 494 297 72
1412 494 297 72
1413 494 297 72
1414 494 297 72
1415 494 297 72
1416 494 297 72
1417 494 297 72
1418 494 297 72
1419 494 297 72
1420 494 297 72
1421 495 297 72
1422 495 297 73
1423 495 297 73
1424 495 297 73
1425 495 297 73
1426 495 297 73
1427 495 297 73
1428 495 298 73
1429 495 298 73
1430 495 298 73
1431 495 298 73
1432 495 298 73
1433 495 298 73
1434 495 298 73
1435 495 298 73
1436 495 298 73
1437 495 298 73
1438 495 298 73
1439 495 298 73
1440 495 298 73
1441 495 298 73
1442 495 298 73
1443 495 298 73
1444 495 298 73
1445 495 298 73
1446 495 298 73
1447 495 298 73
1448 495 298 73
1449 495 298 73
1450 495 298 73
1451 496 298 73
1452 496 298 73
1453 496 298 73
1454 496 298 73
1455 496 298 73
1456 496 298 73
1457 496 298 73
1458 496 298 73
1459 496 298 73
1460 496 298 73
1461 496 298 74
1462 496 298 74
1463 496 298 74
1464 496 298 74
1465 496 297 74
1466 496 297 74
1467 496 297 74
1468 497 297 74
1469 497 297 74
1470 497 297 74
1471 497 297 74
1472 497 297 74
1473 497 297 74
1474 497 297 74
1475 497 298 74
1476 497 298 74
1477 497 298 74
1478 497 298 74
1479 497 298 74
1480 497 298 74
1481 497 298 74
1482 497 298 74
1483 497 298 74
1484 498 298 75
1485 498 298 75
1486 498 298 75
1487 498 298 75
1488 498 298 75
1489 498 298 75
1490 498 298 75
1491 498 298 75
1492 498 298 75
1493 498 298 75
1494 498 298 75
1495 499 298 75
1496 499 299 75
1497 499 299 75
1498 499 299 75
1499 499 299 76
1500 499 299 76
1501 499 299 76
1502 499 299 76
1503 499 299 76
1504 500 299 76
1505 500 299 76
1506 500 299 76
1507 500 299 76
1508 500 299 76
1509 500 299 76
1510 500 299 76
1511 500 299 76
1512 500 299 76
1513 501 299 77
1514 501 298 77
1515 501 298 77
1516 502 298 77
1517 502 298 78
1518 503 298 78
1519 503 297 78
1520 504 297 79
1521 504 297 79
1522 504 297 78
1523 504 297 77
1524 504 297 76
1525 504 296 73
476
1526 483 298 64
1527 473 298 60
1528 463 299 55
1529 452 299 49
1530 442 299 45
1531 435 299 38
1532 432 299 35
1533 432 299 35
1534 432 299 35
1535 432 299 35
1536 432 299 35
1537 432 299 35
1538 432 299 35
1539 432 299 35
1540 432 299 35
1541 432 299 35
1542 432 299 35
1543 432 299 35
1544 432 299 35
1545 432 299 35
1546 432 299 35
1547 432 299 35
1548 432 299 35
1549 432 299 35
1550 432 299 35
1551 432 299 35
1552 432 299 35
1553 432 299 35
1554 432 299 35
1555 432 299 35
1556 432 299 35
1557 432 299 35
1558 432 299 35
1559 432 299 35
1560 432 299 35
1561 432 299 35
1562 432 299 35
1563 432 299 35
1564 432 299 35
1565 432 299 35
1566 432 299 35
1567 432 299 35
1568 432 299 35
1569 432 299 35
1570 432 299 35
1571 432 299 35
1572 432 299 35
1573 432 299 35
1574 432 299 35
1575 432 299 35
1576 432 299 35
1577 432 299 35
1578 432 299 35
1579 432 299 35
1580 432 299 35
1581 432 299 35
1582 432 299 35
1583 432 299 35
1584 432 299 35
1585 432 299 35
1586 432 299 35
1587 432 299 35
1588 432 299 35
1589 432 299 35
1590 432 299 35
1591 432 299 35
1592 432 299 35
1593 432 299 35
1594 432 299 35
1595 432 299 35
1596 432 299 35
1597 432 299 35
1598 432 299 35
1599 432 299 35
1600 432 299 35
1601 432 299 35
1602 432 299 35
1603 432 299 35
1604 432 299 35
1605 432 299 35
1606 432 299 35
1607 432 299 35
1608 432 299 35
1609 432 299 35
1610 432 299 35
1611 432 299 35
1612 432 299 35
1613 432 299 35
1614 432 299 35
1615 432 299 35
1616 432 299 35
1617 432 299 35
1618 432 299 35
1619 432 299 35
1620 432 299 35
1621 432 299 35
1622 432 299 35
1623 432 299 35
1624 432 299 35
1625 432 299 35
1626 432 299 35
1627 432 299 35
1628 432 299 35
1629 432 299 35
1630 432 299 35
1631 432 299 35
1632 432 299 35
1633 432 299 35
1634 432 299 35
1635 432 299 35
1636 432 299 35
1637 432 299 35
1638 432 299 35
1639 432 299 35
1640 432 299 35
1641 432 299 35
1642 432 299 35
1643 432 299 35
1644 432 299 35
1645 432 299 35
1646 432 299 35
1647 432 299 35
1648 432 299 35
1649 432 299 35
1650 432 299 35
1651 432 299 35
1652 432 299 35
1653 432 299 35
1654 432 299 35
1655 432 299 35
1656 432 299 35
1657 432 299 35
1658 432 299 35
1659 432 299 35
1660 432 299 35
1661 432 299 35
1662 432 299 35
1663 432 299 35
1664 432 299 35
1665 432 299 35
1666 432 299 35
1667 432 299 35
1668 432 299 35
1669 432 299 35
1670 432 299 35
1671 432 299 35
1672 432 299 35
1673 432 299 35
1674 432 299 35
1675 432 299 35
1676 432 299 35
1677 432 299 35
1678 432 299 35
1679 432 299 35
1680 432 299 35
1681 432 299 35
1682 432 299 35
1683 432 299 35
1684 432 299 35
1685 432 299 35
1686 432 299 35
1687 432 299 35
1688 432 299 35
1689 432 299 35
1690 432 299 35
1691 432 299 35
1692 432 299 35
1693 432 299 35
1694 432 299 35
1695 432 299 35
1696 432 299 35
1697 432 299 35
1698 432 299 35
1699 432 299 35
1700 432 299 35
1701 432 299 35
1702 432 299 35
1703 432 299 35
1704 432 299 35
1705 432 299 35
1706 432 299 35
1707 432 299 35
1708 432 299 35
1709 432 299 35
1710 432 299 35
1711 432 299 35
1712 432 299 35
1713 432 299 35
1714 432 299 35
1715 432 299 35
1716 432 299 35
1717 432 299 35
1718 432 299 35
1719 432 299 35
1720 432 299 35
1721 432 299 35
1722 432 299 35
1723 432 299 35
1724 432 299 35
1725 432 299 35
1726 432 299 35
1727 432 299 35
1728 432 299 35
1729 432 299 35
1730 432 299 35
1731 432 299 35
1732 432 299 35
1733 432 299 35
1734 432 299 35
1735 432 299 35
1736 432 299 35
1737 432 299 35
1738 432 299 35
1739 432 299 35
1740 432 299 35
1741 432 299 35
1742 432 299 35
1743 432 299 35
1744 432 299 35
1745 432 299 35
1746 432 299 35
1747 432 299 35
1748 432 299 35
1749 432 299 35
1750 432 299 35
1751 432 299 35
1752 432 299 35
1753 432 299 35
1754 432 299 35
1755 432 299 35
1756 432 299 35
1757 432 299 35
1758 432 299 35
1759 432 299 35
1760 432 299 35
1761 432 299 35
1762 432 299 35
1763 432 299 35
1764 432 299 35
1765 432 299 35
1766 432 299 35
1767 432 299 35
1768 432 299 35
1769 432 299 35
1770 432 299 35
1771 432 299 35
1772 432 299 35
1773 432 299 35
1774 432 299 35
1775 432 299 35
1776 432 299 35
1777 432 299 35
1778 432 299 35
1779 432 299 35
1780 432 299 35
1781 432 299 35
1782 432 299 35
1783 432 299 35
1784 432 299 35
1785 432 299 35
1786 432 299 35
1787 432 299 35
1788 432 299 35
1789 432 299 35
1790 432 299 35
1791 432 299 35
1792 432 299 35
1793 432 299 35
1794 432 299 35
1795 432 299 35
1796 432 299 35
1797 432 299 35
1798 432 299 35
1799 432 299 35
1800 432 299 35
1801 432 299 35
1802 432 299 35
1803 432 299 35
1804 432 299 35
1805 432 299 35
1806 432 299 35
1807 432 299 35
1808 432 299 35
1809 432 299 35
1810 432 299 35
1811 432 299 35
1812 432 299 35
1813 432 299 35
1814 432 299 35
1815 432 299 35
1816 432 299 35
1817 432 299 35
1818 432 299 35
1819 432 299 35
1820 432 299 35
1821 432 299 35
1822 432 299 35
1823 432 299 35
1824 432 299 35
1825 432 299 35
1826 432 299 35
1827 432 299 35
1828 432 299 35
1829 432 299 35
1830 432 299 35
1831 432 299 35
1832 432 299 35
1833 432 299 35
1834 432 299 35
1835 432 299 35
1836 432 299 35
1837 432 299 35
1838 432 299 35
1839 432 299 35
1840 432 299 35
1841 432 299 35
1842 432 299 35
1843 432 299 35
1844 432 299 35
1845 432 299 35
1846 432 299 35
1847 432 299 35
1848 432 299 35
1849 432 299 35
1850 432 299 35
1851 432 299 35
1852 432 299 35
1853 432 299 35
1854 432 299 35
1855 432 299 35
1856 432 299 35
1857 432 299 35
1858 432 299 35
1859 432 299 35
1860 432 299 35
1861 432 299 35
1862 432 299 35
1863 432 299 35
1864 432 299 35
1865 432 299 35
1866 432 299 35
1867 432 299 35
1868 432 299 35
1869 432 299 35
1870 432 299 35
1871 432 299 35
1872 432 299 35
1873 432 299 35
1874 432 299 35
1875 432 299 35
1876 432 299 35
1877 432 299 35
1878 432 299 35
1879 432 299 35
1880 432 299 35
1881 432 299 35
1882 432 299 35
1883 432 299 35
1884 432 299 35
1885 432 299 35
1886 432 299 35
1887 432 299 35
1888 432 299 35
1889 432 299 35
1890 432 299 35
1891 432 299 35
1892 432 299 35
1893 432 299 35
1894 432 299 35
1895 432 299 35
1896 432 299 35
1897 432 299 35
1898 432 299 35
1899 432 299 35
1900 432 299 35
1901 432 299 35
1902 432 299 35
1903 432 299 35
1904 432 299 35
1905 432 299 35
1906 432 299 35
1907 432 299 35
1908 432 299 35
1909 432 299 35
1910 432 299 35
1911 432 299 35
1912 432 299 35
1913 432 299 35
1914 432 299 35
1915 432 299 35
1916 432 299 35
1917 432 299 35
1918 432 299 35
1919 432 299 35
1920 432 299 35
1921 432 299 35
1922 432 299 35
1923 432 299 35
1924 432 299 35
1925 432 299 35
1926 432 299 35
1927 432 299 35
1928 432 299 35
1929 432 299 35
1930 432 299 35
1931 432 299 35
1932 432 299 35
1933 432 299 35
1934 432 299 35
1935 432 299 35
1936 432 299 35
1937 432 299 35
1938 432 299 35
1939 432 299 35
1940 432 299 35
1941 432 299 35
1942 432 299 35
1943 432 299 35
1944 432 299 35
1945 432 299 35
1946 432 299 35
1947 432 299 35
1948 432 299 35
1949 432 299 35
1950 432 299 35
1951 432 299 35
1952 432 299 35
1953 432 299 35
1954 432 299 35
1955 432 299 35
1956 432 299 35
1957 432 299 35
1958 432 299 35
1959 432 299 35
1960 432 299 35
1961 432 299 35
1962 432 299 35
1963 432 299 35
1964 432 299 35
1965 432 299 35
1966 432 299 35
1967 432 299 35
1968 432 299 35
1969 432 299 35
1970 432 299 35
1971 432 299 35
1972 432 299 35
1973 432 299 35
1974 432 299 35
1975 432 299 35
1976 432 299 35
1977 432 299 35
1978 432 299 35
1979 432 299 35
1980 432 299 35
1981 432 299 35
1982 432 299 35
1983 432 299 35
1984 432 299 35
1985 432 299 35
1986 432 299 35
1987 432 299 35
1988 432 299 35
1989 432 299 35
1990 432 299 35
1991 432 299 35
1992 432 299 35
1993 432 299 35
1994 432 299 35
1995 432 299 35
1996 432 299 35
1997 432 299 35
1998 432 299 35
1999 432 299 35
2000 432 299 35
2001 432 299 35
455
1526 538 292 52
1527 540 292 51
1528 542 291 49
1529 544 291 48
1530 546 291 46
1531 547 291 46
1532 547 291 46
1533 547 290 46
1534 547 290 46
1535 547 290 46
1536 547 290 46
1537 547 290 46
1538 547 290 46
1539 547 290 46
1540 547 289 46
1541 547 289 46
1542 547 289 46
1543 547 288 46
1544 547 288 46
1545 547 287 46
1546 547 287 46
1547 547 287 46
1548 548 287 46
1549 548 286 46
1550 548 286 46
1551 548 286 46
1552 549 286 46
1553 549 286 46
1554 550 286 46
1555 550 286 46
1556 551 286 46
1557 551 286 46
1558 552 285 46
1559 552 285 46
1560 553 285 45
1561 553 285 45
1562 553 284 45
1563 554 284 45
1564 554 284 45
1565 554 284 44
1566 555 283 44
1567 555 283 44
1568 555 283 44
1569 555 283 44
1570 555 283 44
1571 555 283 44
1572 555 283 44
1573 555 283 44
1574 555 283 44
1575 555 283 44
1576 555 283 44
1577 555 283 44
1578 555 283 44
1579 555 283 44
1580 555 283 44
1581 555 283 44
1582 555 283 44
1583 555 283 44
1584 555 283 44
1585 555 283 44
1586 555 283 44
1587 555 283 44
1588 555 283 44
1589 555 283 44
1590 555 283 44
1591 555 283 44
1592 555 283 44
1593 555 283 44
1594 555 283 44
1595 555 283 44
1596 555 283 44
1597 555 283 44
1598 555 283 44
1599 556 283 44
1600 556 283 44
1601 556 283 44
1602 556 283 44
1603 557 283 44
1604 557 283 44
1605 557 283 44
1606 558 283 44
1607 558 283 45
1608 558 283 45
1609 558 283 45
1610 558 283 45
1611 558 283 45
1612 558 283 45
1613 558 283 45
1614 559 283 45
1615 559 283 45
1616 559 283 45
1617 559 283 45
1618 559 283 45
1619 559 283 45
1620 559 283 45
1621 559 283 45
1622 559 283 45
1623 559 283 45
1624 559 283 45
1625 559 283 45
1626 559 283 45
1627 559 283 45
1628 559 283 45
1629 559 282 45
1630 559 282 44
1631 559 282 44
1632 559 282 44
1633 559 282 44
1634 559 282 44
1635 559 282 44
1636 559 282 44
1637 559 282 44
1638 559 282 44
1639 559 282 44
1640 559 282 44
1641 559 282 44
1642 559 282 44
1643 559 282 44
1644 559 282 44
1645 559 282 44
1646 558 282 44
1647 558 282 44
1648 558 282 44
1649 558 282 44
1650 558 282 44
1651 558 282 44
1652 558 282 44
1653 558 282 44
1654 558 282 44
1655 558 282 44
1656 557 282 44
1657 557 283 44
1658 557 283 44
1659 557 283 44
1660 557 283 44
1661 557 283 44
1662 557 283 44
1663 557 283 44
1664 557 283 44
1665 557 283 44
1666 557 283 44
1667 557 283 44
1668 557 283 44
1669 557 283 44
1670 557 283 44
1671 557 283 44
1672 557 283 44
1673 557 283 44
1674 557 283 44
1675 557 283 44
1676 557 283 44
1677 557 283 44
1678 557 283 44
1679 557 283 44
1680 557 283 44
1681 557 283 44
1682 557 283 44
1683 557 283 44
1684 557 283 44
1685 557 283 44
1686 556 283 44
1687 556 283 44
1688 556 283 44
1689 556 283 44
1690 556 283 44
1691 556 283 44
1692 556 283 44
1693 556 283 44
1694 556 283 44
1695 556 283 44
1696 556 283 44
1697 556 283 44
1698 556 283 44
1699 556 283 44
1700 556 283 44
1701 556 283 44
1702 556 283 44
1703 556 283 44
1704 556 283 44
1705 556 283 44
1706 556 283 44
1707 556 283 44
1708 556 282 44
1709 556 282 44
1710 556 282 44
1711 556 282 44
1712 556 282 44
1713 556 282 44
1714 556 282 44
1715 556 282 44
1716 556 282 44
1717 556 282 44
1718 556 282 44
1719 556 283 44
1720 556 283 44
1721 556 283 44
1722 556 283 44
1723 556 283 44
1724 556 283 44
1725 556 283 44
1726 556 283 44
1727 556 283 44
1728 556 283 44
1729 556 283 44
1730 556 283 44
1731 556 283 44
1732 556 283 44
1733 556 283 44
1734 556 283 44
1735 556 283 44
1736 556 283 44
1737 556 283 44
1738 556 283 44
1739 556 283 44
1740 557 283 44
1741 557 283 44
1742 557 283 44
1743 557 283 44
1744 557 283 44
1745 557 283 44
1746 557 283 44
1747 557 283 44
1748 557 283 44
1749 557 283 44
1750 557 283 44
1751 557 283 44
1752 557 283 45
1753 558 283 45
1754 558 283 45
1755 558 284 45
1756 558 284 45
1757 558 284 45
1758 558 284 45
1759 559 284 45
1760 559 284 45
1761 559 284 46
1762 559 284 46
1763 559 284 46
1764 559 284 46
1765 559 284 46
1766 558 284 46
1767 558 284 46
1768 558 284 46
1769 558 284 46
1770 558 284 46
1771 558 284 46
1772 558 284 46
1773 558 284 46
1774 558 284 46
1775 558 284 45
1776 558 284 45
1777 558 284 45
1778 558 284 45
1779 558 284 45
1780 558 284 45
1781 558 284 45
1782 558 284 45
1783 558 284 45
1784 558 284 45
1785 558 284 45
1786 558 284 45
1787 558 284 45
1788 558 284 45
1789 558 284 45
1790 558 284 45
1791 558 284 45
1792 558 284 45
1793 558 284 45
1794 558 284 45
1795 558 284 45
1796 558 284 45
1797 558 284 46
1798 558 284 46
1799 558 284 46
1800 558 284 46
1801 558 284 46
1802 558 285 46
1803 558 285 46
1804 558 285 46
1805 558 285 46
1806 558 285 46
1807 558 285 46
1808 559 285 46
1809 559 285 46
1810 559 285 46
1811 559 285 46
1812 559 285 46
1813 559 284 46
1814 560 284 46
1815 560 284 46
1816 560 284 46
1817 560 284 46
1818 560 284 46
1819 560 284 46
1820 561 284 46
1821 561 284 46
1822 561 284 46
1823 561 284 46
1824 561 284 46
1825 561 284 46
1826 561 284 46
1827 561 284 46
1828 561 284 46
1829 561 284 46
1830 561 284 46
1831 561 284 46
1832 561 284 46
1833 561 284 46
1834 562 284 46
1835 562 284 46
1836 562 284 46
1837 562 284 46
1838 563 284 46
1839 563 284 47
1840 564 284 47
1841 564 284 47
1842 564 284 47
1843 564 284 47
1844 565 284 47
1845 565 284 48
1846 565 284 48
1847 565 284 48
1848 566 284 48
1849 566 283 48
1850 566 283 49
1851 567 283 49
1852 567 283 49
1853 567 283 49
1854 568 283 49
1855 568 283 49
1856 568 283 49
1857 568 283 49
1858 568 283 49
1859 568 283 49
1860 569 283 49
1861 569 283 49
1862 569 283 49
1863 569 283 49
1864 569 283 49
1865 570 283 50
1866 570 282 50
1867 570 282 50
1868 570 282 50
1869 571 282 50
1870 571 282 50
1871 571 282 51
1872 571 282 51
1873 572 282 51
1874 572 282 51
1875 572 282 51
1876 572 282 51
1877 572 282 51
1878 572 282 51
1879 573 282 51
1880 573 282 51
1881 573 282 51
1882 573 282 51
1883 573 282 51
1884 574 282 52
1885 574 282 52
1886 574 282 52
1887 574 282 53
1888 574 282 53
1889 575 282 53
1890 575 282 53
1891 575 282 53
1892 576 282 53
1893 576 282 54
1894 576 282 54
1895 576 282 54
1896 577 282 55
1897 577 282 55
1898 577 282 56
1899 578 282 56
1900 578 282 56
1901 578 281 56
1902 579 281 56
1903 579 281 56
1904 579 281 56
1905 579 281 57
1906 579 281 57
1907 579 281 57
1908 579 281 57
1909 579 281 57
1910 579 281 57
1911 579 281 56
1912 579 281 56
1913 579 281 56
1914 579 281 56
1915 579 281 56
1916 579 281 57
1917 579 281 57
1918 579 281 57
1919 579 281 57
1920 579 281 57
1921 579 281 57
1922 580 281 58
1923 580 281 58
1924 580 281 58
1925 580 281 58
1926 580 281 58
1927 580 281 58
1928 580 281 58
1929 581 281 58
1930 581 281 58
1931 581 281 58
1932 581 281 58
1933 581 281 58
1934 581 281 59
1935 581 281 59
1936 581 281 59
1937 581 281 59
1938 581 280 59
1939 581 280 59
1940 581 280 59
1941 581 280 59
1942 581 280 59
1943 581 280 60
1944 581 280 60
1945 581 280 60
1946 581 280 60
1947 582 280 60
1948 582 280 60
1949 582 280 60
1950 582 280 60
1951 582 280 60
1952 581 280 60
1953 581 280 60
1954 581 280 60
1955 580 280 61
1956 580 280 61
1957 579 280 61
1958 579 280 61
1959 579 280 61
1960 578 279 61
1961 578 279 61
1962 578 279 62
1963 578 279 62
1964 578 279 62
1965 578 279 62
1966 578 279 62
1967 578 279 62
1968 578 279 62
1969 578 279 62
1970 578 279 62
1971 578 279 62
1972 578 279 62
1973 578 279 62
1974 579 279 62
1975 579 279 62
1976 579 279 62
1977 579 279 62
1978 579 279 61
1979 579 279 60
1980 580 280 59
21
1981 569 278 54
1982 565 277 51
1983 562 277 48
1984 558 276 45
1985 555 275 40
1986 554 275 38
1987 553 275 36
1988 553 275 36
1989 553 275 36
1990 553 275 36
1991 553 275 36
1992 553 275 36
1993 553 275 36
1994 553 275 36
1995 553 275 36
1996 553 275 36
1997 553 275 36
1998 553 275 36
1999 553 275 36
2000 553 275 36
2001 553 275 36
21
1981 594 282 56
1982 601 283 52
1983 608 284 49
1984 617 285 45
1985 628 287 33
1986 640 288 22
1987 647 289 15
1988 647 288 15
1989 647 288 15
1990 647 288 15
1991 648 288 15
1992 648 288 15
1993 649 288 15
1994 649 288 15
1995 650 288 15
1996 651 288 15
1997 651 288 15
1998 652 288 15
1999 652 288 15
2000 652 288 15
2001 652 288 15
