19
164
1 561 271 56
2 561 271 56
3 561 271 56
4 561 271 56
5 561 271 56
6 561 271 56
7 561 271 56
8 561 271 56
9 561 271 56
10 561 271 56
11 561 271 56
12 562 271 56
13 562 271 56
14 562 271 56
15 562 271 56
16 562 271 56
17 562 271 56
18 562 271 56
19 562 271 56
20 562 271 56
21 562 271 56
22 562 271 56
23 562 271 56
24 562 271 56
25 562 271 56
26 562 271 56
27 562 271 56
28 562 271 56
29 562 271 56
30 562 271 56
31 562 271 56
32 562 271 56
33 562 271 56
34 563 271 56
35 563 271 56
36 563 271 56
37 563 271 56
38 563 271 56
39 563 271 56
40 563 271 56
41 563 271 56
42 563 271 56
43 563 271 56
44 563 271 56
45 563 272 56
46 563 272 56
47 563 272 56
48 563 272 56
49 563 272 56
50 563 272 56
51 563 272 56
52 563 272 56
53 563 272 56
54 563 272 56
55 563 272 56
56 564 272 56
57 564 272 56
58 564 272 56
59 564 272 56
60 564 272 56
61 564 272 56
62 564 272 56
63 564 272 56
64 564 272 56
65 564 272 56
66 564 272 56
67 564 272 55
68 564 272 55
69 564 272 55
70 564 272 55
71 564 272 55
72 564 272 55
73 564 272 55
74 564 272 55
75 564 272 55
76 564 272 55
77 564 272 55
78 565 272 55
79 565 272 55
80 565 272 55
81 565 272 55
82 565 272 55
83 565 272 55
84 565 272 55
85 565 272 55
86 565 272 55
87 565 272 55
88 565 272 55
89 565 272 55
90 565 272 55
91 565 272 55
92 566 272 54
93 566 272 54
94 566 272 54
95 566 272 54
96 566 272 54
97 566 272 54
98 566 272 54
99 566 272 54
100 567 273 53
101 567 273 53
102 567 273 53
103 567 273 53
104 567 273 53
105 567 273 53
106 567 273 53
107 567 273 53
108 568 273 53
109 568 273 53
110 568 273 53
111 568 273 53
112 568 273 53
113 568 273 53
114 568 273 53
115 568 273 53
116 568 273 53
117 568 273 53
118 568 273 53
119 569 274 52
120 569 274 52
121 569 274 52
122 569 274 52
123 569 274 52
124 569 274 52
125 569 274 52
126 569 274 52
127 569 274 52
128 569 274 52
129 569 274 52
130 569 274 52
131 569 274 52
132 569 274 52
133 570 275 51
134 570 275 51
135 570 275 51
136 570 275 51
137 570 275 51
138 570 275 51
139 571 275 51
140 571 275 51
141 571 275 51
142 572 275 51
143 573 275 51
144 573 275 51
145 574 275 51
146 575 274 51
147 575 274 51
148 576 274 51
149 576 274 51
150 577 274 51
151 577 274 51
152 577 274 51
153 577 274 51
154 577 274 51
155 577 274 51
156 576 274 50
157 576 274 50
158 576 275 50
159 576 275 50
160 575 275 49
161 576 275 49
162 576 274 49
163 576 274 50
164 577 274 50
206
165 584 271 52
166 585 271 53
167 585 270 53
168 586 270 53
169 586 270 53
170 586 270 53
171 585 270 52
172 585 270 52
173 584 270 52
174 584 270 52
175 584 270 52
176 583 270 52
177 583 270 52
178 583 270 51
179 582 270 51
180 582 270 51
181 582 270 51
182 582 270 51
183 582 270 51
184 582 270 51
185 582 270 51
186 582 270 51
187 582 270 51
188 582 270 51
189 581 270 51
190 581 270 51
191 581 269 51
192 581 269 51
193 581 269 51
194 581 269 51
195 581 269 51
196 581 269 51
197 580 269 51
198 580 269 51
199 580 269 50
200 580 269 50
201 579 269 50
202 579 269 50
203 579 270 49
204 579 270 49
205 578 270 49
206 578 270 49
207 577 271 49
208 577 271 48
209 577 271 48
210 576 271 48
211 575 272 47
212 575 272 47
213 574 272 47
214 574 272 47
215 574 273 47
216 574 272 48
217 574 272 49
218 575 272 49
219 575 271 49
220 577 271 50
221 578 270 51
222 579 269 51
223 581 269 51
224 583 268 51
225 586 267 51
226 589 266 51
227 592 266 51
228 596 265 50
229 600 264 49
230 604 263 47
231 608 263 46
232 612 263 44
233 616 262 42
234 619 262 40
235 622 262 39
236 624 262 39
237 626 262 39
238 628 262 39
239 630 262 40
240 632 262 40
241 633 262 40
242 635 262 40
243 636 262 42
244 637 262 42
245 639 262 42
246 640 262 44
247 641 262 44
248 642 262 45
249 643 262 45
250 644 262 45
251 645 262 45
252 645 262 45
253 646 261 45
254 647 261 45
255 647 261 45
256 648 261 46
257 648 260 46
258 649 260 46
259 650 260 46
260 650 260 46
261 651 260 46
262 651 260 46
263 651 260 46
264 652 260 46
265 652 260 46
266 652 260 46
267 652 260 46
268 652 260 45
269 652 260 45
270 652 260 45
271 652 260 45
272 652 260 45
273 652 260 44
274 652 261 44
275 652 261 44
276 652 261 44
277 652 261 42
278 652 262 42
279 653 262 42
280 653 262 42
281 653 263 42
282 653 263 42
283 653 263 42
284 652 264 42
285 652 264 44
286 652 265 44
287 651 265 44
288 651 265 45
289 651 265 45
290 651 265 45
291 650 266 45
292 650 266 45
293 650 266 45
294 649 265 45
295 649 265 45
296 649 265 45
297 648 265 45
298 648 265 46
299 648 265 46
300 647 265 46
301 647 265 46
302 647 265 46
303 646 266 46
304 646 266 46
305 645 266 46
306 644 267 46
307 644 267 46
308 643 268 46
309 642 268 47
310 641 269 47
311 641 269 47
312 640 269 47
313 639 269 47
314 639 268 48
315 638 268 48
316 637 268 48
317 637 268 49
318 636 268 49
319 635 268 49
320 634 267 49
321 633 268 49
322 632 268 50
323 631 268 50
324 630 269 51
325 629 270 51
326 628 270 52
327 626 271 52
328 625 272 53
329 624 272 53
330 623 273 53
331 622 273 54
332 621 273 54
333 621 273 55
334 620 273 55
335 619 273 55
336 619 273 56
337 618 273 56
338 617 272 56
339 616 272 56
340 615 272 57
341 614 271 57
342 612 271 58
343 611 271 58
344 609 271 59
345 607 272 60
346 606 272 61
347 604 273 62
348 602 273 63
349 600 274 63
350 599 275 65
351 597 275 65
352 596 276 66
353 594 276 67
354 592 276 68
355 590 276 69
356 588 276 72
357 586 276 73
358 584 275 75
359 582 275 76
360 580 274 78
361 577 274 79
362 575 274 81
363 573 274 82
364 571 275 85
365 569 275 86
366 567 276 87
367 564 276 88
368 561 277 88
369 557 278 87
370 553 278 85
443
371 513 286 61
372 508 287 59
373 503 288 56
374 499 288 54
375 495 289 53
376 493 289 52
377 493 289 51
378 493 289 51
379 493 289 51
380 493 289 51
381 493 289 51
382 493 289 51
383 493 289 51
384 493 289 51
385 493 289 51
386 493 289 51
387 493 289 51
388 493 289 51
389 493 289 51
390 493 289 51
391 493 289 51
392 493 289 51
393 493 289 51
394 493 289 51
395 493 289 51
396 493 289 51
397 493 289 51
398 493 289 51
399 493 289 51
400 493 289 51
401 493 289 51
402 493 289 51
403 493 289 51
404 493 289 51
405 493 289 51
406 493 289 51
407 493 289 51
408 493 289 51
409 493 289 51
410 493 289 51
411 493 289 51
412 493 289 51
413 493 289 51
414 493 289 51
415 493 289 51
416 493 289 51
417 493 289 51
418 493 289 51
419 493 289 51
420 493 289 51
421 493 289 51
422 493 289 51
423 493 289 51
424 493 289 51
425 493 289 51
426 493 289 51
427 493 289 51
428 493 289 51
429 493 289 51
430 493 289 51
431 493 289 51
432 493 289 51
433 493 289 51
434 493 289 51
435 493 289 51
436 493 289 51
437 493 289 51
438 493 289 51
439 493 289 51
440 493 289 51
441 493 289 51
442 493 289 51
443 493 289 51
444 493 289 51
445 493 289 51
446 493 289 51
447 493 289 51
448 493 289 51
449 493 289 51
450 493 289 51
451 493 289 51
452 493 289 51
453 493 289 51
454 493 289 51
455 493 289 51
456 493 289 51
457 493 289 51
458 493 289 51
459 493 289 51
460 493 289 51
461 493 289 51
462 493 289 51
463 493 289 51
464 493 289 51
465 493 289 51
466 493 289 51
467 493 289 51
468 493 289 51
469 493 289 51
470 493 289 51
471 493 289 51
472 493 289 51
473 493 289 51
474 493 289 51
475 493 289 51
476 493 289 51
477 493 289 51
478 493 289 51
479 493 289 51
480 493 289 51
481 493 289 51
482 493 289 51
483 493 289 51
484 493 289 51
485 493 289 51
486 493 289 51
487 493 289 51
488 493 289 51
489 493 289 51
490 493 289 51
491 493 289 51
492 493 289 51
493 493 289 51
494 493 289 51
495 493 289 51
496 493 289 51
497 493 289 51
498 493 289 51
499 493 289 51
500 493 289 51
501 493 289 51
502 493 289 51
503 493 289 51
504 493 289 51
505 493 289 51
506 493 289 51
507 493 289 51
508 493 289 51
509 493 289 51
510 493 289 51
511 493 289 51
512 493 289 51
513 493 289 51
514 493 289 51
515 493 289 51
516 493 289 51
517 493 289 51
518 493 289 51
519 493 289 51
520 493 289 51
521 493 289 51
522 493 289 51
523 493 289 51
524 493 289 51
525 493 289 51
526 493 289 51
527 493 289 51
528 493 289 51
529 493 289 51
530 493 289 51
531 493 289 51
532 493 289 51
533 493 289 51
534 493 289 51
535 493 289 51
536 493 289 51
537 493 289 51
538 493 289 51
539 493 289 51
540 493 289 51
541 493 289 51
542 493 289 51
543 493 289 51
544 493 289 51
545 493 289 51
546 493 289 51
547 493 289 51
548 493 289 51
549 493 289 51
550 493 289 51
551 493 289 51
552 493 289 51
553 493 289 51
554 493 289 51
555 493 289 51
556 493 289 51
557 493 289 51
558 493 289 51
559 493 289 51
560 493 289 51
561 493 289 51
562 493 289 51
563 493 289 51
564 493 289 51
565 493 289 51
566 493 289 51
567 493 289 51
568 493 289 51
569 493 289 51
570 493 289 51
571 493 289 51
572 493 289 51
573 493 289 51
574 493 289 51
575 493 289 51
576 493 289 51
577 493 289 51
578 493 289 51
579 493 289 51
580 493 289 51
581 493 289 51
582 493 289 51
583 493 289 51
584 493 289 51
585 493 289 51
586 493 289 51
587 493 289 51
588 493 289 51
589 493 289 51
590 493 289 51
591 493 289 51
592 493 289 51
593 493 289 51
594 493 289 51
595 493 289 51
596 493 289 51
597 493 289 51
598 493 289 51
599 493 289 51
600 493 289 51
601 493 289 51
602 493 289 51
603 493 289 51
604 493 289 51
605 493 289 51
606 493 289 51
607 493 289 51
608 493 289 51
609 493 289 51
610 493 289 51
611 493 289 51
612 493 289 51
613 493 289 51
614 493 289 51
615 493 289 51
616 493 289 51
617 493 289 51
618 493 289 51
619 493 289 51
620 493 289 51
621 493 289 51
622 493 289 51
623 493 289 51
624 493 289 51
625 493 289 51
626 493 289 51
627 493 289 51
628 493 289 51
629 493 289 51
630 493 289 51
631 493 289 51
632 493 289 51
633 493 289 51
634 493 289 51
635 493 289 51
636 493 289 51
637 493 289 51
638 493 289 51
639 493 289 51
640 493 289 51
641 493 289 51
642 493 289 51
643 493 289 51
644 493 289 51
645 493 289 51
646 493 289 51
647 493 289 51
648 493 289 51
649 493 289 51
650 493 289 51
651 493 289 51
652 493 289 51
653 493 289 51
654 493 289 51
655 493 289 51
656 493 289 51
657 493 289 51
658 493 289 51
659 493 289 51
660 493 289 51
661 493 289 51
662 493 289 51
663 493 289 51
664 493 289 51
665 493 289 51
666 493 289 51
667 493 289 51
668 493 289 51
669 493 289 51
670 493 289 51
671 493 289 51
672 493 289 51
673 493 289 51
674 493 289 51
675 493 289 51
676 493 289 51
677 493 289 51
678 493 289 51
679 493 289 51
680 493 289 51
681 493 289 51
682 493 289 51
683 493 289 51
684 493 289 51
685 493 289 51
686 493 289 51
687 493 289 51
688 493 289 51
689 493 289 51
690 493 289 51
691 493 289 51
692 493 289 51
693 493 289 51
694 493 289 51
695 493 289 51
696 493 289 51
697 493 289 51
698 493 289 51
699 493 289 51
700 493 289 51
701 493 289 51
702 493 289 51
703 493 289 51
704 493 289 51
705 493 289 51
706 493 289 51
707 493 289 51
708 493 289 51
709 493 289 51
710 493 289 51
711 493 289 51
712 493 289 51
713 493 289 51
714 493 289 51
715 493 289 51
716 493 289 51
717 493 289 51
718 493 289 51
719 493 289 51
720 493 289 51
721 493 289 51
722 493 289 51
723 493 289 51
724 493 289 51
725 493 289 51
726 493 289 51
727 493 289 51
728 493 289 51
729 493 289 51
730 493 289 51
731 493 289 51
732 493 289 51
733 493 289 51
734 493 289 51
735 493 289 51
736 493 289 51
737 493 289 51
738 493 289 51
739 493 289 51
740 493 289 51
741 493 289 51
742 493 289 51
743 493 289 51
744 493 289 51
745 493 289 51
746 493 289 51
747 493 289 51
748 493 289 51
749 493 289 51
750 493 289 51
751 493 289 51
752 493 289 51
753 493 289 51
754 493 289 51
755 493 289 51
756 493 289 51
757 493 289 51
758 493 289 51
759 493 289 51
760 493 289 51
761 493 289 51
762 493 289 51
763 493 289 51
764 493 289 51
765 493 289 51
766 493 289 51
767 493 289 51
768 493 289 51
769 493 289 51
770 493 289 51
771 493 289 51
772 493 289 51
773 493 289 51
774 493 289 51
775 493 289 51
776 493 289 51
777 493 289 51
778 493 289 51
779 493 289 51
780 493 289 51
781 493 289 51
782 493 289 51
783 493 289 51
784 493 289 51
785 493 289 51
786 493 289 51
787 493 289 51
788 493 289 51
789 493 289 51
790 493 289 51
791 493 289 51
792 493 289 51
793 493 289 51
794 493 289 51
795 493 289 51
796 493 289 51
797 493 289 51
798 493 289 51
799 493 289 51
800 493 289 51
801 493 289 51
802 493 289 51
803 493 289 51
804 493 289 51
805 493 289 51
806 493 289 51
807 493 289 51
808 492 289 52
809 492 289 52
810 491 289 53
811 491 289 55
812 490 288 57
813 489 288 59
51
814 480 283 80
815 480 283 81
816 480 283 82
817 480 282 84
818 480 282 85
819 481 282 85
820 481 281 86
821 482 281 86
822 483 281 86
823 483 280 86
824 484 280 87
825 484 280 87
826 484 280 87
827 485 281 87
828 485 281 87
829 485 281 87
830 485 282 86
831 485 282 86
832 485 283 86
833 485 283 86
834 486 284 86
835 486 284 86
836 486 284 86
837 486 285 86
838 486 285 86
839 486 285 86
840 486 286 85
841 486 286 85
842 486 286 85
843 485 286 85
844 485 287 85
845 485 287 85
846 485 287 85
847 484 287 85
848 484 287 85
849 484 287 85
850 484 287 85
851 483 286 85
852 483 286 85
853 482 286 85
854 482 286 85
855 482 286 85
856 481 286 86
857 481 287 86
858 481 287 86
859 481 287 86
860 480 287 85
861 481 287 85
862 481 287 82
863 481 287 80
864 482 287 77
270
865 504 283 67
866 514 280 62
867 525 277 57
868 536 274 51
869 547 271 46
870 555 269 39
871 558 268 36
872 559 268 36
873 559 268 36
874 560 267 35
875 560 267 35
876 561 267 35
877 561 267 35
878 561 266 35
879 562 266 35
880 562 266 35
881 562 266 35
882 562 266 35
883 563 265 35
884 563 265 35
885 563 265 35
886 563 265 35
887 563 265 35
888 564 265 33
889 564 265 33
890 564 265 33
891 564 265 33
892 564 265 33
893 564 265 33
894 564 265 33
895 565 266 32
896 565 266 32
897 565 266 32
898 565 266 32
899 565 266 32
900 565 266 32
901 566 266 30
902 566 266 30
903 566 266 30
904 566 266 30
905 566 266 30
906 566 266 30
907 566 266 30
908 566 266 28
909 566 266 28
910 566 266 28
911 566 266 28
912 565 265 28
913 565 265 28
914 565 265 28
915 565 265 28
916 565 265 27
917 565 265 27
918 565 265 27
919 565 265 27
920 565 265 27
921 566 265 27
922 566 265 27
923 566 264 27
924 566 264 27
925 566 264 27
926 567 264 27
927 567 264 27
928 567 264 27
929 567 264 27
930 567 264 25
931 567 264 25
932 567 263 25
933 567 263 25
934 567 263 25
935 567 263 25
936 568 263 24
937 568 263 24
938 568 263 24
939 568 263 24
940 568 262 24
941 568 262 24
942 568 262 22
943 568 262 22
944 568 262 22
945 568 262 22
946 568 262 22
947 568 262 22
948 568 262 22
949 568 262 22
950 568 262 22
951 568 262 22
952 569 261 22
953 569 261 22
954 569 261 22
955 569 261 22
956 569 261 22
957 569 261 22
958 569 261 22
959 569 261 22
960 569 261 22
961 569 261 22
962 569 261 22
963 569 261 22
964 569 261 22
965 569 261 22
966 569 261 22
967 569 261 22
968 570 260 22
969 570 260 22
970 570 260 22
971 570 260 22
972 570 260 22
973 570 260 22
974 570 260 22
975 570 260 22
976 570 260 22
977 571 260 22
978 571 260 22
979 571 260 22
980 571 260 22
981 572 260 22
982 572 260 22
983 572 260 22
984 572 260 22
985 573 260 22
986 573 260 22
987 573 259 22
988 573 259 22
989 574 259 22
990 574 259 22
991 574 259 22
992 574 259 22
993 575 259 22
994 575 259 22
995 575 259 22
996 575 259 22
997 576 259 22
998 576 259 22
999 576 259 22
1000 576 259 22
1001 577 259 22
1002 577 259 22
1003 577 259 22
1004 577 259 22
1005 577 259 22
1006 578 259 22
1007 578 259 22
1008 578 259 21
1009 578 259 21
1010 579 259 21
1011 579 259 21
1012 579 259 21
1013 579 259 21
1014 579 259 21
1015 580 259 21
1016 580 259 21
1017 580 259 21
1018 580 259 21
1019 581 259 21
1020 581 259 21
1021 581 259 21
1022 581 259 20
1023 582 259 20
1024 582 259 20
1025 582 259 20
1026 582 259 20
1027 583 259 20
1028 583 259 20
1029 583 259 20
1030 584 259 20
1031 584 259 18
1032 584 259 18
1033 584 259 18
1034 585 259 18
1035 585 259 18
1036 585 259 18
1037 585 259 18
1038 585 259 18
1039 585 259 16
1040 585 259 16
1041 585 259 16
1042 585 259 16
1043 586 258 16
1044 586 258 16
1045 586 258 16
1046 586 258 15
1047 586 258 15
1048 586 258 15
1049 586 258 15
1050 586 258 15
1051 586 258 15
1052 587 258 15
1053 587 258 15
1054 587 258 15
1055 587 258 15
1056 587 259 15
1057 588 259 15
1058 588 259 15
1059 588 259 15
1060 588 259 15
1061 589 259 15
1062 589 259 15
1063 589 259 15
1064 589 259 15
1065 589 259 15
1066 589 259 15
1067 590 259 15
1068 590 259 15
1069 590 259 15
1070 590 259 15
1071 590 259 15
1072 590 259 15
1073 590 259 15
1074 590 259 15
1075 591 259 15
1076 591 259 15
1077 591 259 15
1078 591 260 15
1079 591 260 15
1080 591 260 15
1081 591 260 15
1082 592 260 15
1083 592 260 15
1084 592 260 15
1085 592 260 15
1086 592 260 15
1087 592 260 15
1088 592 260 15
1089 592 260 15
1090 593 260 15
1091 593 260 15
1092 593 260 15
1093 593 260 15
1094 593 260 15
1095 593 260 15
1096 593 260 15
1097 593 260 15
1098 593 260 15
1099 593 260 15
1100 593 260 15
1101 593 260 15
1102 593 260 15
1103 593 260 15
1104 593 260 15
1105 593 260 15
1106 593 260 15
1107 593 260 15
1108 593 259 15
1109 593 259 15
1110 593 259 15
1111 593 259 15
1112 593 259 15
1113 593 259 15
1114 593 259 15
1115 593 259 15
1116 593 259 15
1117 593 259 15
1118 593 259 15
1119 593 259 15
1120 593 259 15
1121 593 259 15
1122 593 259 15
1123 593 259 15
1124 593 259 15
1125 593 259 15
1126 593 259 15
1127 593 259 15
1128 593 259 15
1129 593 259 15
1130 593 259 15
1131 593 259 15
1132 593 259 15
1133 593 259 15
1134 593 259 15
270
865 448 294 55
866 444 294 53
867 441 295 50
868 437 296 48
869 434 296 46
870 432 296 44
871 432 296 42
872 432 296 42
873 432 296 42
874 432 296 42
875 432 296 42
876 432 296 42
877 432 296 42
878 432 296 42
879 432 296 42
880 432 296 42
881 432 296 42
882 432 296 42
883 432 296 42
884 432 296 42
885 432 296 42
886 432 296 42
887 432 296 42
888 432 296 42
889 432 296 42
890 432 296 42
891 432 296 42
892 432 296 42
893 432 296 42
894 432 296 42
895 432 296 42
896 432 296 42
897 432 296 42
898 432 296 42
899 432 296 42
900 432 296 42
901 432 296 42
902 432 296 42
903 432 296 42
904 432 296 42
905 432 296 42
906 432 296 42
907 432 296 42
908 432 296 42
909 432 296 42
910 432 296 42
911 432 296 42
912 432 296 42
913 432 296 44
914 432 296 44
915 432 296 44
916 432 296 44
917 432 296 44
918 432 296 44
919 432 296 44
920 432 296 44
921 432 296 44
922 432 296 44
923 432 296 44
924 432 296 44
925 432 296 44
926 432 296 44
927 432 296 44
928 432 296 44
929 432 296 44
930 432 296 44
931 432 296 44
932 432 296 44
933 432 296 44
934 431 296 44
935 431 296 44
936 431 296 44
937 431 296 44
938 431 296 44
939 430 295 45
940 430 295 45
941 430 295 45
942 430 294 45
943 430 293 45
944 430 293 46
945 430 293 46
946 430 292 46
947 429 292 46
948 429 292 46
949 429 292 46
950 429 292 46
951 429 292 46
952 429 292 46
953 429 292 46
954 430 292 46
955 430 291 46
956 430 291 46
957 430 291 46
958 430 291 46
959 430 291 46
960 430 291 46
961 430 291 46
962 430 291 46
963 430 291 46
964 430 291 46
965 430 291 46
966 430 291 46
967 430 291 46
968 430 291 46
969 430 291 46
970 430 291 46
971 430 291 46
972 430 291 46
973 430 291 46
974 430 291 46
975 430 291 46
976 430 291 46
977 430 291 46
978 431 291 46
979 431 291 46
980 431 291 46
981 431 291 46
982 431 291 46
983 431 291 46
984 431 291 46
985 431 291 46
986 431 291 46
987 431 291 46
988 431 291 46
989 431 291 46
990 431 291 46
991 431 291 46
992 431 291 46
993 431 291 46
994 431 291 46
995 431 291 46
996 431 291 46
997 431 291 46
998 431 291 46
999 431 291 46
1000 431 291 46
1001 431 291 46
1002 432 291 46
1003 432 291 46
1004 432 291 46
1005 432 291 46
1006 432 291 46
1007 432 291 46
1008 432 291 46
1009 432 291 46
1010 432 291 46
1011 432 291 46
1012 432 291 46
1013 432 291 46
1014 432 291 46
1015 432 291 46
1016 432 291 46
1017 432 291 46
1018 432 291 46
1019 432 291 46
1020 432 291 46
1021 432 291 46
1022 432 291 46
1023 432 291 46
1024 432 291 46
1025 433 291 46
1026 433 291 46
1027 433 291 46
1028 433 291 45
1029 433 291 45
1030 433 291 45
1031 433 291 44
1032 434 291 44
1033 434 291 44
1034 434 291 42
1035 434 291 42
1036 434 291 42
1037 435 291 42
1038 435 291 42
1039 435 291 42
1040 435 290 42
1041 435 290 42
1042 435 290 42
1043 435 290 42
1044 435 290 42
1045 436 289 42
1046 436 289 42
1047 436 289 44
1048 436 289 44
1049 436 289 44
1050 437 288 44
1051 437 288 44
1052 437 288 44
1053 437 288 45
1054 438 287 45
1055 438 287 45
1056 438 287 45
1057 439 286 45
1058 439 286 45
1059 440 286 45
1060 441 286 46
1061 441 285 46
1062 442 285 46
1063 443 285 46
1064 444 285 46
1065 445 285 46
1066 445 285 47
1067 446 285 48
1068 447 285 48
1069 448 285 49
1070 449 285 49
1071 450 285 49
1072 451 285 49
1073 451 285 50
1074 452 284 50
1075 453 284 50
1076 453 284 50
1077 454 284 51
1078 455 284 51
1079 455 284 51
1080 456 284 51
1081 456 284 51
1082 457 283 51
1083 457 283 52
1084 458 283 52
1085 458 283 52
1086 459 283 52
1087 459 284 53
1088 460 284 53
1089 461 284 53
1090 461 284 53
1091 462 284 53
1092 462 284 53
1093 463 284 53
1094 463 284 53
1095 464 284 53
1096 464 283 53
1097 465 283 53
1098 465 283 53
1099 465 283 53
1100 465 283 53
1101 465 282 53
1102 466 282 54
1103 466 282 54
1104 466 282 54
1105 466 282 54
1106 467 282 54
1107 467 282 54
1108 467 282 55
1109 468 282 55
1110 468 282 55
1111 468 282 55
1112 469 282 55
1113 469 282 55
1114 470 282 55
1115 470 282 56
1116 470 282 56
1117 471 282 56
1118 471 282 56
1119 471 282 56
1120 471 282 56
1121 472 282 56
1122 472 282 56
1123 472 282 56
1124 472 282 56
1125 472 281 56
1126 472 281 56
1127 472 281 56
1128 472 281 56
1129 472 281 56
1130 473 281 57
1131 474 281 58
1132 475 281 59
1133 477 280 61
1134 478 280 63
51
1135 493 278 84
1136 494 278 86
1137 494 278 87
1138 495 278 87
1139 495 278 87
1140 495 278 88
1141 495 278 88
1142 496 278 88
1143 496 278 87
1144 496 278 87
1145 496 279 87
1146 496 279 87
1147 496 279 87
1148 496 279 87
1149 496 279 87
1150 496 279 87
1151 497 279 87
1152 497 279 87
1153 497 279 87
1154 497 279 86
1155 497 279 86
1156 498 279 86
1157 498 279 86
1158 498 279 86
1159 498 279 86
1160 498 279 85
1161 499 279 85
1162 499 279 85
1163 499 279 85
1164 499 278 85
1165 499 278 85
1166 499 278 85
1167 500 278 85
1168 500 278 84
1169 500 278 84
1170 500 278 84
1171 500 278 84
1172 500 278 84
1173 500 278 84
1174 500 278 84
1175 500 278 84
1176 500 279 84
1177 500 279 84
1178 500 279 84
1179 500 279 84
1180 500 279 84
1181 500 279 84
1182 500 279 82
1183 500 279 81
1184 500 279 79
1185 500 279 76
218
1186 522 273 66
1187 530 271 62
1188 539 268 58
1189 547 266 53
1190 553 264 50
1191 557 263 49
1192 558 263 48
1193 559 263 47
1194 559 263 47
1195 559 263 47
1196 560 263 47
1197 560 263 46
1198 560 263 46
1199 560 263 46
1200 561 263 46
1201 561 263 46
1202 561 263 46
1203 562 263 46
1204 562 263 46
1205 562 263 46
1206 562 263 46
1207 562 263 45
1208 563 263 45
1209 563 263 45
1210 563 263 45
1211 563 263 45
1212 563 263 45
1213 564 263 44
1214 564 263 44
1215 564 263 44
1216 564 263 44
1217 564 263 44
1218 565 263 44
1219 565 263 42
1220 565 263 42
1221 565 263 42
1222 565 263 42
1223 565 263 42
1224 566 263 42
1225 566 263 42
1226 566 263 42
1227 566 263 42
1228 566 263 40
1229 566 263 40
1230 566 263 40
1231 566 263 40
1232 566 263 40
1233 566 263 40
1234 567 263 40
1235 567 263 40
1236 567 263 40
1237 567 263 40
1238 567 263 40
1239 567 263 39
1240 567 263 39
1241 567 263 39
1242 567 263 39
1243 568 263 39
1244 568 263 39
1245 568 263 39
1246 568 263 39
1247 568 263 39
1248 568 263 38
1249 568 263 38
1250 569 263 38
1251 569 263 38
1252 569 263 38
1253 569 263 38
1254 569 263 38
1255 569 263 38
1256 570 263 36
1257 570 263 36
1258 570 263 36
1259 570 263 36
1260 570 263 36
1261 570 263 36
1262 570 263 36
1263 571 263 36
1264 571 263 36
1265 571 263 35
1266 571 263 35
1267 571 263 35
1268 571 263 35
1269 572 263 35
1270 572 263 35
1271 572 263 35
1272 572 263 35
1273 572 263 35
1274 572 263 35
1275 572 263 35
1276 572 263 33
1277 573 263 33
1278 573 263 33
1279 573 263 33
1280 573 263 33
1281 573 263 33
1282 573 263 33
1283 574 263 33
1284 574 263 32
1285 574 263 32
1286 574 263 32
1287 575 263 32
1288 575 263 32
1289 575 263 32
1290 575 263 30
1291 576 263 30
1292 576 263 30
1293 576 263 30
1294 576 263 30
1295 577 263 30
1296 577 263 28
1297 577 263 28
1298 577 263 28
1299 577 263 28
1300 578 263 28
1301 578 263 28
1302 578 263 28
1303 578 263 27
1304 578 262 27
1305 578 262 27
1306 579 262 27
1307 579 262 27
1308 579 262 27
1309 579 262 27
1310 579 262 27
1311 579 262 27
1312 580 262 25
1313 580 262 25
1314 580 262 25
1315 580 262 25
1316 580 262 25
1317 580 262 25
1318 580 262 25
1319 581 262 25
1320 581 262 24
1321 581 262 24
1322 581 262 24
1323 581 262 24
1324 581 261 24
1325 581 261 24
1326 581 261 24
1327 582 261 24
1328 582 261 24
1329 582 261 24
1330 582 261 24
1331 582 261 24
1332 582 261 22
1333 582 261 22
1334 582 261 22
1335 582 261 22
1336 583 261 22
1337 583 261 22
1338 583 261 22
1339 583 261 22
1340 583 261 22
1341 583 261 22
1342 583 261 22
1343 583 261 22
1344 583 261 22
1345 584 261 21
1346 584 261 21
1347 584 261 21
1348 584 261 21
1349 584 261 21
1350 584 261 21
1351 584 261 21
1352 584 261 21
1353 584 261 21
1354 585 261 21
1355 585 261 21
1356 585 261 21
1357 585 261 21
1358 585 261 21
1359 585 261 21
1360 585 261 20
1361 585 261 20
1362 585 261 20
1363 586 261 20
1364 586 261 20
1365 586 261 20
1366 586 261 20
1367 586 261 20
1368 586 261 20
1369 586 261 20
1370 586 261 20
1371 587 261 20
1372 587 261 20
1373 587 261 20
1374 587 261 20
1375 587 261 18
1376 587 261 18
1377 587 261 18
1378 587 261 18
1379 588 261 18
1380 588 261 18
1381 588 261 18
1382 588 261 18
1383 588 261 18
1384 588 261 18
1385 588 261 18
1386 588 261 18
1387 589 261 16
1388 589 261 16
1389 589 261 16
1390 589 261 16
1391 589 261 16
1392 589 261 16
1393 590 261 16
1394 590 260 15
1395 590 260 15
1396 590 260 15
1397 590 260 15
1398 590 260 15
1399 591 260 15
1400 591 260 15
1401 591 260 13
1402 591 260 13
1403 591 260 13
218
1186 449 290 47
1187 447 290 46
1188 445 291 44
1189 443 291 42
1190 441 292 39
1191 440 292 36
1192 439 292 36
1193 439 292 36
1194 439 292 36
1195 439 292 36
1196 439 292 36
1197 439 292 36
1198 439 292 36
1199 439 292 36
1200 439 292 36
1201 439 292 36
1202 439 292 36
1203 439 292 36
1204 439 292 36
1205 439 292 36
1206 439 292 36
1207 439 292 36
1208 439 292 36
1209 439 292 36
1210 439 292 36
1211 439 292 36
1212 439 292 36
1213 439 292 36
1214 439 292 36
1215 439 292 36
1216 439 292 36
1217 439 292 36
1218 439 292 36
1219 439 292 36
1220 439 292 36
1221 439 292 36
1222 439 292 36
1223 439 292 36
1224 439 292 36
1225 439 292 36
1226 439 292 36
1227 439 292 36
1228 439 292 36
1229 439 292 36
1230 439 292 36
1231 439 292 36
1232 439 292 36
1233 439 292 36
1234 439 292 36
1235 439 292 36
1236 439 292 36
1237 439 292 36
1238 439 292 36
1239 439 292 36
1240 439 292 36
1241 439 292 36
1242 439 292 36
1243 439 292 36
1244 439 292 36
1245 439 292 36
1246 439 292 36
1247 439 292 36
1248 439 292 36
1249 439 292 36
1250 439 292 36
1251 439 292 36
1252 439 292 36
1253 439 292 36
1254 439 292 36
1255 439 292 36
1256 439 292 36
1257 439 292 36
1258 439 292 36
1259 439 292 36
1260 439 292 36
1261 439 292 36
1262 439 292 36
1263 439 292 36
1264 439 292 36
1265 439 292 36
1266 439 292 36
1267 439 292 36
1268 439 292 36
1269 439 292 36
1270 439 292 36
1271 439 292 36
1272 439 292 36
1273 439 292 36
1274 439 292 36
1275 439 292 36
1276 439 292 36
1277 439 292 36
1278 439 292 36
1279 439 292 36
1280 439 292 36
1281 439 292 36
1282 439 292 36
1283 439 292 36
1284 439 292 36
1285 439 292 36
1286 439 292 36
1287 439 292 36
1288 439 292 36
1289 439 292 36
1290 439 292 36
1291 439 292 36
1292 439 292 36
1293 439 292 36
1294 439 292 36
1295 439 292 36
1296 439 292 36
1297 439 292 36
1298 439 292 36
1299 439 292 36
1300 439 292 36
1301 439 292 36
1302 439 292 36
1303 439 292 36
1304 439 292 36
1305 439 292 36
1306 439 292 36
1307 439 292 36
1308 439 292 36
1309 439 292 36
1310 439 292 36
1311 439 292 36
1312 439 292 36
1313 439 292 36
1314 439 292 36
1315 439 292 36
1316 439 292 36
1317 439 292 36
1318 439 292 36
1319 439 292 36
1320 439 292 36
1321 439 292 36
1322 439 292 36
1323 439 292 36
1324 439 292 36
1325 439 292 36
1326 439 292 36
1327 439 292 36
1328 439 292 36
1329 439 292 36
1330 439 292 36
1331 439 292 36
1332 439 292 36
1333 439 292 36
1334 439 292 36
1335 439 292 36
1336 439 292 36
1337 439 292 36
1338 439 292 36
1339 439 292 36
1340 439 292 36
1341 439 292 36
1342 439 292 36
1343 439 292 36
1344 439 292 36
1345 439 292 36
1346 439 292 36
1347 439 292 36
1348 439 292 36
1349 439 292 36
1350 439 292 36
1351 439 292 36
1352 439 292 36
1353 439 292 36
1354 439 292 36
1355 439 292 36
1356 439 292 36
1357 439 292 36
1358 439 292 36
1359 439 292 36
1360 439 292 36
1361 439 292 36
1362 439 292 36
1363 439 292 36
1364 439 292 36
1365 439 292 36
1366 439 292 36
1367 439 292 36
1368 439 292 36
1369 439 292 36
1370 439 292 36
1371 439 292 36
1372 439 292 36
1373 439 292 36
1374 439 292 36
1375 439 292 36
1376 439 292 36
1377 439 292 36
1378 439 292 36
1379 439 292 36
1380 439 292 36
1381 439 292 36
1382 439 292 36
1383 439 292 36
1384 439 292 36
1385 439 292 36
1386 439 292 36
1387 439 292 36
1388 439 292 36
1389 439 292 36
1390 439 292 36
1391 439 292 36
1392 439 292 36
1393 439 292 36
1394 439 292 36
1395 439 292 36
1396 439 292 36
1397 439 292 36
1398 440 292 36
1399 443 292 38
1400 448 291 39
1401 455 290 42
1402 464 289 45
1403 473 287 46
211
1404 615 289 47
1405 645 284 48
1406 667 280 49
1407 680 278 49
1408 688 276 50
1409 691 275 50
1410 692 275 50
1411 692 275 50
1412 692 275 50
1413 692 275 50
1414 692 275 50
1415 692 275 50
1416 692 275 50
1417 692 275 50
1418 692 275 50
1419 692 275 50
1420 692 275 50
1421 692 275 50
1422 692 275 50
1423 692 275 50
1424 692 275 50
1425 692 275 50
1426 692 275 50
1427 692 275 50
1428 692 275 50
1429 692 275 50
1430 692 275 50
1431 692 275 50
1432 692 275 50
1433 692 275 50
1434 692 275 50
1435 692 275 50
1436 692 275 50
1437 692 275 50
1438 692 275 50
1439 692 275 50
1440 692 275 50
1441 692 275 50
1442 692 275 50
1443 692 275 50
1444 692 275 50
1445 692 275 50
1446 692 275 50
1447 692 275 50
1448 692 275 50
1449 692 275 50
1450 692 275 50
1451 692 275 50
1452 692 275 50
1453 692 275 50
1454 692 275 50
1455 692 275 50
1456 692 275 50
1457 692 275 50
1458 692 275 50
1459 692 275 50
1460 692 275 50
1461 692 275 50
1462 692 275 50
1463 692 275 50
1464 692 275 50
1465 692 275 50
1466 692 275 50
1467 692 275 50
1468 692 275 50
1469 692 275 50
1470 692 275 50
1471 692 275 50
1472 692 275 50
1473 692 275 50
1474 692 275 50
1475 692 275 50
1476 692 275 50
1477 692 275 50
1478 692 275 50
1479 692 275 50
1480 692 275 50
1481 692 275 50
1482 692 275 50
1483 692 275 50
1484 692 275 50
1485 692 275 50
1486 692 275 50
1487 692 275 50
1488 692 275 50
1489 692 275 50
1490 692 275 50
1491 692 275 50
1492 692 275 50
1493 692 275 50
1494 692 275 50
1495 692 275 50
1496 692 275 50
1497 692 275 50
1498 692 275 50
1499 692 275 50
1500 692 275 50
1501 692 275 50
1502 692 275 50
1503 692 275 50
1504 692 275 50
1505 692 275 50
1506 692 275 50
1507 692 275 50
1508 692 275 50
1509 692 275 50
1510 692 275 50
1511 692 275 50
1512 692 275 50
1513 692 275 50
1514 692 275 50
1515 692 275 50
1516 692 275 50
1517 692 275 50
1518 692 275 50
1519 692 275 50
1520 692 275 50
1521 692 275 50
1522 692 275 50
1523 692 275 50
1524 692 275 50
1525 692 275 50
1526 692 275 50
1527 692 275 50
1528 692 275 50
1529 692 275 50
1530 692 275 50
1531 692 275 50
1532 692 275 50
1533 692 275 50
1534 692 275 50
1535 692 275 50
1536 692 275 50
1537 692 275 50
1538 692 275 50
1539 692 275 50
1540 692 275 50
1541 692 275 50
1542 692 275 50
1543 692 275 50
1544 692 275 50
1545 692 275 50
1546 692 275 50
1547 692 275 50
1548 692 275 50
1549 692 275 50
1550 692 275 50
1551 692 275 50
1552 692 275 50
1553 692 275 50
1554 692 275 50
1555 692 275 50
1556 692 275 50
1557 692 275 50
1558 692 275 50
1559 692 275 50
1560 692 275 50
1561 692 275 50
1562 692 275 50
1563 692 275 50
1564 692 275 50
1565 692 275 50
1566 692 275 50
1567 692 275 50
1568 692 275 50
1569 692 275 50
1570 692 275 50
1571 692 275 50
1572 692 275 50
1573 692 275 50
1574 692 275 50
1575 692 275 50
1576 692 275 50
1577 692 275 50
1578 692 275 50
1579 692 275 50
1580 692 275 50
1581 692 275 50
1582 692 275 50
1583 692 275 50
1584 692 275 50
1585 692 275 50
1586 692 275 50
1587 692 275 50
1588 692 275 50
1589 692 275 50
1590 692 275 50
1591 692 275 50
1592 692 275 50
1593 692 275 50
1594 692 275 50
1595 692 275 50
1596 692 275 50
1597 692 275 50
1598 692 275 50
1599 692 275 50
1600 692 275 50
1601 692 275 50
1602 692 275 50
1603 692 275 50
1604 692 275 50
1605 692 275 50
1606 692 275 50
1607 692 275 50
1608 692 275 50
1609 692 275 50
1610 692 275 50
1611 692 275 50
1612 692 275 50
1613 692 275 50
1614 692 275 50
182
1404 475 269 61
1405 480 267 64
1406 483 265 65
1407 485 263 67
1408 486 263 68
1409 486 262 68
1410 486 262 68
1411 486 262 68
1412 486 262 68
1413 486 262 68
1414 486 262 68
1415 486 262 68
1416 486 262 68
1417 486 262 68
1418 486 262 68
1419 486 262 68
1420 486 262 68
1421 486 262 68
1422 486 262 68
1423 486 262 68
1424 486 262 68
1425 486 262 68
1426 486 262 68
1427 486 262 68
1428 486 262 68
1429 486 262 68
1430 486 262 68
1431 486 262 68
1432 486 262 68
1433 486 262 68
1434 486 262 68
1435 486 262 68
1436 486 262 68
1437 486 262 68
1438 486 262 68
1439 486 262 68
1440 486 262 68
1441 486 262 68
1442 486 262 68
1443 486 262 68
1444 486 262 68
1445 486 262 68
1446 486 262 68
1447 486 262 68
1448 486 262 68
1449 486 262 68
1450 486 262 68
1451 486 262 68
1452 486 262 68
1453 486 262 68
1454 486 262 68
1455 486 262 68
1456 486 262 68
1457 486 262 69
1458 486 262 69
1459 486 262 69
1460 486 262 69
1461 486 262 69
1462 486 262 69
1463 486 262 69
1464 486 262 69
1465 486 262 69
1466 486 262 69
1467 486 262 69
1468 486 262 69
1469 486 262 69
1470 486 262 69
1471 486 262 69
1472 486 262 69
1473 486 262 69
1474 486 262 69
1475 486 262 69
1476 486 262 69
1477 486 262 69
1478 486 262 69
1479 486 262 69
1480 486 262 69
1481 486 262 69
1482 486 262 69
1483 486 262 69
1484 486 262 69
1485 486 262 69
1486 486 262 69
1487 486 262 69
1488 486 262 69
1489 486 262 69
1490 486 262 69
1491 486 262 69
1492 486 262 69
1493 486 262 69
1494 486 262 69
1495 486 262 69
1496 486 262 69
1497 486 262 69
1498 486 262 69
1499 486 262 69
1500 486 262 69
1501 486 262 69
1502 486 262 69
1503 486 262 69
1504 486 262 69
1505 486 262 69
1506 486 262 69
1507 486 262 69
1508 486 262 69
1509 486 262 69
1510 486 262 69
1511 486 262 69
1512 486 262 69
1513 486 262 69
1514 486 262 69
1515 486 262 69
1516 486 262 69
1517 486 262 69
1518 486 262 69
1519 486 262 69
1520 486 262 69
1521 486 262 69
1522 486 262 69
1523 486 262 69
1524 486 262 69
1525 486 262 69
1526 486 262 69
1527 486 262 69
1528 486 262 69
1529 486 262 69
1530 486 262 69
1531 486 262 69
1532 486 262 69
1533 486 262 69
1534 486 262 69
1535 486 262 69
1536 486 262 69
1537 486 262 69
1538 486 262 69
1539 486 262 69
1540 486 262 69
1541 486 262 69
1542 486 262 69
1543 485 262 69
1544 485 262 69
1545 485 262 69
1546 485 262 69
1547 485 262 69
1548 485 262 69
1549 485 262 69
1550 485 262 69
1551 485 262 69
1552 485 262 69
1553 485 262 69
1554 485 262 69
1555 485 262 69
1556 485 262 69
1557 485 262 69
1558 485 262 69
1559 485 262 69
1560 485 262 69
1561 485 262 69
1562 485 262 69
1563 485 262 69
1564 485 262 69
1565 485 262 69
1566 485 262 69
1567 485 262 69
1568 485 262 69
1569 485 262 69
1570 485 262 69
1571 485 262 69
1572 485 262 69
1573 485 262 69
1574 485 262 69
1575 485 262 69
1576 485 262 69
1577 485 262 69
1578 485 262 69
1579 485 262 69
1580 485 262 69
1581 485 262 69
1582 485 262 69
1583 485 262 69
1584 485 262 69
1585 485 262 69
182
1404 286 266 18
1405 272 264 16
1406 257 261 15
1407 239 257 13
1408 217 252 10
1409 197 247 9
1410 187 245 7
1411 187 246 7
1412 187 246 7
1413 187 246 7
1414 187 246 7
1415 187 246 7
1416 187 246 7
1417 187 246 7
1418 187 246 7
1419 187 246 7
1420 187 246 7
1421 186 246 7
1422 186 246 7
1423 186 246 7
1424 186 246 7
1425 186 247 7
1426 186 247 7
1427 186 247 7
1428 186 247 7
1429 186 247 7
1430 186 247 7
1431 186 247 7
1432 185 247 9
1433 185 247 9
1434 185 247 9
1435 185 247 9
1436 185 247 9
1437 185 247 9
1438 185 247 9
1439 185 248 9
1440 185 248 9
1441 185 248 9
1442 185 248 9
1443 185 248 9
1444 184 248 9
1445 184 248 9
1446 184 248 9
1447 184 248 9
1448 184 248 9
1449 184 248 9
1450 184 248 9
1451 184 248 9
1452 184 248 9
1453 184 249 9
1454 184 249 9
1455 183 249 9
1456 183 249 9
1457 183 249 9
1458 183 249 9
1459 183 249 9
1460 183 249 9
1461 183 249 9
1462 183 249 9
1463 183 249 9
1464 183 249 9
1465 183 249 9
1466 183 249 9
1467 183 249 9
1468 183 249 10
1469 183 249 10
1470 183 250 10
1471 183 250 10
1472 183 250 10
1473 183 250 10
1474 183 250 10
1475 183 250 10
1476 183 250 10
1477 183 250 10
1478 183 250 10
1479 183 250 10
1480 183 250 10
1481 183 250 10
1482 183 250 10
1483 183 250 12
1484 183 250 12
1485 183 250 12
1486 183 250 12
1487 183 250 12
1488 183 250 12
1489 183 250 12
1490 184 251 12
1491 184 251 12
1492 184 251 12
1493 184 251 12
1494 184 251 12
1495 184 251 12
1496 184 251 12
1497 184 251 12
1498 184 251 13
1499 184 251 13
1500 184 251 13
1501 184 251 13
1502 184 251 13
1503 184 251 13
1504 184 251 13
1505 184 251 13
1506 184 251 13
1507 184 251 13
1508 184 251 13
1509 184 251 13
1510 184 252 13
1511 184 252 13
1512 184 252 13
1513 184 252 15
1514 184 252 15
1515 184 252 15
1516 184 252 15
1517 184 252 15
1518 184 252 15
1519 184 252 15
1520 184 252 15
1521 184 252 15
1522 185 252 15
1523 185 253 15
1524 185 253 15
1525 185 253 16
1526 186 253 16
1527 186 253 16
1528 186 253 16
1529 187 254 16
1530 187 254 16
1531 187 254 16
1532 187 254 16
1533 188 254 16
1534 188 254 18
1535 188 255 18
1536 189 255 18
1537 189 255 18
1538 190 255 18
1539 190 256 20
1540 191 256 20
1541 191 257 20
1542 192 257 20
1543 193 257 21
1544 194 258 21
1545 194 258 22
1546 195 259 22
1547 196 259 22
1548 197 260 24
1549 198 260 24
1550 198 261 24
1551 199 261 25
1552 200 262 25
1553 201 262 25
1554 202 263 27
1555 203 263 27
1556 204 264 27
1557 206 264 28
1558 207 265 28
1559 209 266 28
1560 210 266 30
1561 212 267 30
1562 214 268 32
1563 215 268 32
1564 217 269 32
1565 219 269 33
1566 222 270 35
1567 224 270 35
1568 226 271 36
1569 229 271 38
1570 232 272 39
1571 235 272 40
1572 237 272 42
1573 241 273 44
1574 244 273 45
1575 247 273 46
1576 251 274 47
1577 255 274 49
1578 259 274 50
1579 264 274 51
1580 269 274 53
1581 277 274 55
1582 286 274 57
1583 297 274 60
1584 308 274 63
1585 318 273 65
29
1586 388 269 92
1587 395 268 95
1588 400 268 97
1589 404 267 98
1590 407 266 99
1591 409 265 99
1592 411 264 99
1593 413 263 99
1594 415 263 99
1595 418 262 99
1596 420 262 99
1597 423 262 99
1598 425 262 99
1599 428 262 99
1600 431 262 99
1601 433 261 99
1602 436 261 99
1603 440 260 99
1604 443 259 99
1605 447 258 99
1606 451 257 99
1607 456 256 98
1608 460 255 97
1609 465 255 97
1610 469 255 96
1611 474 254 95
1612 479 254 93
1613 484 255 93
1614 489 255 93
276
1615 522 258 98
1616 525 259 98
1617 528 259 99
1618 531 259 99
1619 534 259 99
1620 536 260 99
1621 539 260 99
1622 541 259 99
1623 544 259 99
1624 546 259 99
1625 548 259 99
1626 551 259 99
1627 553 258 99
1628 555 258 99
1629 558 258 99
1630 560 258 99
1631 562 259 99
1632 564 259 99
1633 566 259 99
1634 568 260 99
1635 569 260 99
1636 571 260 99
1637 572 261 99
1638 573 261 99
1639 574 261 99
1640 575 261 99
1641 576 261 99
1642 577 261 99
1643 577 261 99
1644 578 262 99
1645 579 261 99
1646 579 261 99
1647 579 261 99
1648 580 261 99
1649 580 261 99
1650 580 261 99
1651 581 261 99
1652 581 261 99
1653 581 261 99
1654 581 261 99
1655 582 261 99
1656 582 261 99
1657 582 261 99
1658 582 261 99
1659 583 261 99
1660 583 261 99
1661 583 261 99
1662 583 261 99
1663 583 261 99
1664 583 261 99
1665 583 261 99
1666 583 261 99
1667 583 261 99
1668 583 261 99
1669 583 261 99
1670 583 261 99
1671 583 261 99
1672 583 261 99
1673 583 261 99
1674 582 261 99
1675 582 262 99
1676 582 262 99
1677 582 262 99
1678 582 262 99
1679 582 262 99
1680 582 262 99
1681 582 262 99
1682 582 262 99
1683 581 262 99
1684 581 262 99
1685 581 262 99
1686 581 262 99
1687 581 262 99
1688 581 262 99
1689 581 262 99
1690 581 262 99
1691 580 262 99
1692 580 262 99
1693 580 262 99
1694 580 262 99
1695 580 262 99
1696 580 262 99
1697 580 262 99
1698 580 262 99
1699 580 263 99
1700 580 263 99
1701 579 263 99
1702 579 263 99
1703 579 263 99
1704 579 263 99
1705 579 263 99
1706 579 263 99
1707 579 263 99
1708 579 263 99
1709 579 263 99
1710 579 263 99
1711 579 263 99
1712 579 263 99
1713 579 263 99
1714 579 263 99
1715 579 263 99
1716 579 263 99
1717 579 263 99
1718 579 263 99
1719 579 263 99
1720 579 262 99
1721 579 262 99
1722 579 262 99
1723 579 262 99
1724 579 262 99
1725 579 262 99
1726 579 262 99
1727 579 262 99
1728 579 262 99
1729 580 262 99
1730 580 262 99
1731 580 262 99
1732 580 261 99
1733 580 261 99
1734 580 261 99
1735 579 261 99
1736 579 261 99
1737 579 261 99
1738 578 261 99
1739 577 261 99
1740 577 260 99
1741 576 260 99
1742 576 260 99
1743 575 260 99
1744 575 260 99
1745 575 260 99
1746 575 260 99
1747 575 260 99
1748 575 260 99
1749 575 260 99
1750 575 260 99
1751 574 260 99
1752 574 260 99
1753 574 260 99
1754 574 260 99
1755 573 260 99
1756 573 260 99
1757 573 260 99
1758 572 260 99
1759 572 260 99
1760 571 260 99
1761 571 260 99
1762 570 260 99
1763 570 259 99
1764 569 259 99
1765 569 259 99
1766 568 259 99
1767 568 259 99
1768 568 259 99
1769 568 259 99
1770 567 258 99
1771 567 258 99
1772 567 258 99
1773 567 258 99
1774 567 258 99
1775 567 258 99
1776 567 257 99
1777 567 257 99
1778 567 257 99
1779 567 257 99
1780 567 257 99
1781 568 256 99
1782 568 256 99
1783 569 256 99
1784 570 256 99
1785 571 256 99
1786 572 257 99
1787 574 257 99
1788 575 257 99
1789 576 258 99
1790 577 258 99
1791 578 258 99
1792 579 258 99
1793 580 259 99
1794 581 259 99
1795 582 259 99
1796 583 259 99
1797 584 259 99
1798 585 259 99
1799 586 259 99
1800 587 259 99
1801 589 259 99
1802 590 259 99
1803 592 259 99
1804 593 259 99
1805 595 259 99
1806 596 259 99
1807 598 259 99
1808 599 259 99
1809 600 260 99
1810 601 260 99
1811 602 260 99
1812 603 260 99
1813 604 261 99
1814 604 261 99
1815 605 261 99
1816 605 261 99
1817 605 260 99
1818 606 260 99
1819 606 260 99
1820 606 260 99
1821 607 260 99
1822 607 259 99
1823 608 259 99
1824 608 259 99
1825 608 259 99
1826 609 259 99
1827 609 259 99
1828 609 259 99
1829 609 259 99
1830 610 259 99
1831 610 259 99
1832 610 259 99
1833 610 260 99
1834 610 260 99
1835 610 260 99
1836 611 260 99
1837 611 260 99
1838 611 260 99
1839 611 260 99
1840 611 260 99
1841 611 260 99
1842 611 260 99
1843 611 261 99
1844 611 261 99
1845 611 261 99
1846 612 261 99
1847 612 261 99
1848 612 261 99
1849 612 261 99
1850 612 261 99
1851 612 261 99
1852 612 261 99
1853 613 261 99
1854 613 261 99
1855 613 261 99
1856 613 261 99
1857 613 261 99
1858 613 261 99
1859 614 261 99
1860 614 261 99
1861 614 261 99
1862 614 261 99
1863 614 261 99
1864 614 261 99
1865 614 261 99
1866 614 261 99
1867 614 261 99
1868 615 261 99
1869 615 261 99
1870 615 261 99
1871 615 260 99
1872 616 260 99
1873 616 260 99
1874 616 260 99
1875 616 259 99
1876 617 259 99
1877 617 259 99
1878 617 258 99
1879 617 258 99
1880 617 258 99
1881 618 257 99
1882 618 257 99
1883 618 257 99
1884 619 257 99
1885 619 256 99
1886 620 256 98
1887 620 256 98
1888 619 256 96
1889 618 256 93
1890 617 256 90
128
1891 646 253 80
1892 655 252 73
1893 664 251 66
1894 672 250 63
1895 678 250 60
1896 682 249 58
1897 684 249 57
1898 685 249 56
1899 685 249 56
1900 686 249 56
1901 687 249 56
1902 688 249 56
1903 689 249 56
1904 690 249 56
1905 691 249 56
1906 692 249 55
1907 693 249 55
1908 694 249 55
1909 695 249 55
1910 696 250 55
1911 697 250 55
1912 698 250 55
1913 699 250 56
1914 699 250 56
1915 700 250 56
1916 701 250 56
1917 702 250 56
1918 702 249 56
1919 703 249 56
1920 704 249 56
1921 704 249 57
1922 705 249 57
1923 705 248 58
1924 706 248 58
1925 707 248 58
1926 707 248 58
1927 707 248 58
1928 708 248 58
1929 708 248 58
1930 708 248 58
1931 708 248 58
1932 708 248 58
1933 708 248 58
1934 708 248 58
1935 708 249 58
1936 708 249 58
1937 708 249 57
1938 707 249 57
1939 707 249 57
1940 707 249 57
1941 707 250 57
1942 707 250 56
1943 706 250 56
1944 706 250 56
1945 706 250 56
1946 705 250 56
1947 705 250 56
1948 705 251 56
1949 705 250 56
1950 705 250 56
1951 705 250 56
1952 705 250 56
1953 704 250 56
1954 704 250 56
1955 704 250 56
1956 704 249 56
1957 704 249 56
1958 705 249 56
1959 705 249 56
1960 705 248 56
1961 706 248 56
1962 706 248 56
1963 706 248 56
1964 707 248 56
1965 707 248 56
1966 708 248 56
1967 708 248 56
1968 708 248 56
1969 708 248 56
1970 709 248 56
1971 709 248 56
1972 709 247 56
1973 709 247 57
1974 709 247 57
1975 709 247 57
1976 709 247 57
1977 709 247 57
1978 709 247 57
1979 709 247 57
1980 709 247 58
1981 708 248 58
1982 708 248 58
1983 708 248 58
1984 708 248 58
1985 708 248 58
1986 708 248 57
1987 707 248 57
1988 707 248 56
1989 707 247 56
1990 707 247 56
1991 707 247 56
1992 706 247 55
1993 706 247 55
1994 706 247 55
1995 705 247 54
1996 705 247 54
1997 705 247 54
1998 704 248 54
1999 704 248 55
2000 704 248 55
2001 703 248 56
2002 703 248 56
2003 703 249 57
2004 702 249 58
2005 702 249 58
2006 702 249 60
2007 701 249 60
2008 701 249 61
2009 701 249 62
2010 700 249 62
2011 700 249 63
2012 700 248 63
2013 700 248 64
2014 700 248 64
2015 700 247 65
2016 700 247 65
2017 700 247 65
2018 701 247 65
128
1891 543 262 65
1892 535 262 63
1893 526 263 60
1894 519 263 58
1895 514 264 57
1896 511 264 56
1897 510 264 56
1898 510 264 56
1899 510 264 56
1900 510 264 56
1901 510 264 56
1902 510 264 56
1903 510 264 56
1904 510 264 56
1905 510 264 56
1906 510 264 56
1907 510 264 56
1908 510 264 56
1909 510 264 56
1910 510 264 56
1911 510 264 56
1912 510 264 56
1913 510 264 56
1914 510 264 56
1915 510 264 56
1916 510 264 56
1917 510 264 56
1918 510 264 56
1919 510 264 56
1920 510 264 56
1921 510 264 56
1922 510 264 56
1923 510 264 56
1924 510 264 56
1925 510 264 56
1926 510 264 56
1927 510 264 56
1928 510 264 56
1929 510 264 56
1930 510 264 56
1931 510 264 56
1932 510 264 56
1933 510 264 56
1934 510 264 56
1935 510 264 56
1936 510 264 56
1937 510 264 56
1938 510 264 56
1939 510 264 56
1940 510 264 56
1941 510 264 56
1942 510 264 56
1943 510 264 56
1944 510 264 56
1945 510 264 56
1946 510 264 56
1947 510 264 56
1948 510 264 56
1949 510 264 56
1950 510 264 56
1951 510 264 56
1952 510 264 56
1953 510 264 56
1954 510 264 56
1955 510 264 56
1956 510 264 56
1957 510 264 56
1958 510 264 56
1959 510 264 56
1960 510 264 56
1961 510 264 56
1962 510 264 56
1963 510 264 56
1964 510 264 56
1965 510 264 56
1966 510 264 56
1967 510 264 56
1968 510 264 56
1969 510 264 56
1970 510 264 56
1971 510 264 56
1972 510 264 56
1973 510 264 56
1974 510 264 56
1975 510 264 56
1976 510 264 56
1977 510 264 56
1978 510 264 56
1979 510 264 56
1980 510 264 56
1981 510 264 56
1982 510 264 56
1983 510 264 56
1984 510 264 56
1985 510 264 56
1986 510 264 56
1987 510 264 56
1988 510 264 56
1989 510 264 56
1990 510 264 56
1991 510 264 56
1992 511 264 56
1993 511 264 56
1994 512 264 56
1995 513 264 56
1996 513 263 56
1997 514 263 56
1998 515 263 56
1999 515 263 56
2000 516 263 56
2001 516 263 56
2002 516 263 56
2003 516 263 56
2004 516 263 56
2005 516 263 56
2006 516 263 56
2007 516 263 56
2008 517 263 56
2009 517 262 56
2010 518 261 56
2011 519 261 56
2012 521 260 55
2013 523 258 56
2014 528 257 56
2015 535 256 58
2016 544 255 59
2017 553 254 62
2018 562 253 64
21
2019 633 249 95
2020 637 248 96
2021 640 248 98
2022 642 248 98
2023 643 248 99
2024 645 247 99
2025 645 247 99
2026 646 247 99
2027 647 247 99
2028 648 247 99
2029 650 247 99
2030 651 247 99
2031 652 247 99
2032 653 247 99
2033 654 246 99
2034 655 246 99
2035 656 246 99
2036 656 246 98
2037 656 245 97
2038 657 245 95
2039 658 245 92
61
2040 637 245 87
2041 631 245 82
2042 625 245 78
2043 621 245 76
2044 619 245 73
2045 617 245 70
2046 617 245 69
2047 617 245 68
2048 617 245 66
2049 617 245 65
2050 618 244 65
2051 618 244 64
2052 619 244 63
2053 619 244 63
2054 620 244 61
2055 621 244 60
2056 623 244 60
2057 624 244 59
2058 626 243 58
2059 628 243 57
2060 629 243 56
2061 631 242 55
2062 632 242 54
2063 633 242 53
2064 634 242 53
2065 635 241 52
2066 636 241 51
2067 637 241 50
2068 638 241 49
2069 639 241 48
2070 640 241 47
2071 641 241 46
2072 642 241 46
2073 643 241 45
2074 644 241 44
2075 644 241 42
2076 645 241 42
2077 645 241 40
2078 646 240 40
2079 646 240 40
2080 646 240 39
2081 647 240 39
2082 647 240 39
2083 648 240 38
2084 648 240 38
2085 649 240 38
2086 650 239 36
2087 650 239 36
2088 651 239 35
2089 651 239 35
2090 652 239 35
2091 652 239 33
2092 653 239 33
2093 653 239 33
2094 654 239 32
2095 654 239 32
2096 654 238 32
2097 654 238 30
2098 655 238 30
2099 655 238 30
2100 655 238 30
61
2040 685 244 79
2041 697 244 72
2042 710 243 63
2043 727 243 56
2044 746 243 49
2045 765 243 35
2046 776 242 25
2047 777 242 24
2048 778 242 22
2049 780 242 22
2050 781 241 21
2051 782 241 21
2052 783 241 21
2053 784 241 20
2054 785 241 20
2055 786 241 20
2056 787 242 18
2057 788 242 18
2058 789 242 18
2059 790 242 18
2060 790 242 16
2061 791 242 16
2062 792 242 16
2063 792 242 16
2064 792 242 16
2065 793 242 16
2066 793 242 15
2067 793 242 15
2068 793 242 15
2069 793 242 15
2070 794 241 15
2071 794 241 15
2072 794 241 15
2073 794 241 15
2074 794 241 13
2075 795 241 13
2076 795 241 13
2077 795 241 13
2078 795 241 13
2079 795 241 13
2080 795 241 13
2081 795 241 13
2082 795 241 13
2083 795 241 13
2084 795 241 13
2085 795 241 13
2086 795 241 13
2087 795 241 13
2088 795 241 13
2089 795 241 12
2090 795 241 12
2091 795 241 12
2092 795 241 12
2093 795 241 12
2094 795 241 12
2095 795 241 12
2096 795 241 12
2097 795 241 12
2098 795 241 12
2099 795 241 12
2100 795 241 12
