4
18
1 426 300 30
23 426 300 30
28 426 300 30
32 422 302 26
36 423 304 23
50 423 304 23
55 422 301 25
53 422 301 25
61 426 303 26
75 426 303 26
83 426 303 26
85 429 299 25
149 429 299 25
152 424 297 27
155 418 298 27
161 419 298 28
278 419 298 28
442 419 298 28
29
1 553 263 13
2 553 263 13
6 553 261 13
10 556 261 13
11 556 261 14
17 556 261 14
20 558 262 13
52 558 262 13
55 559 262 13
62 559 262 13
66 560 264 14
74 560 264 14
80 560 264 14
83 559 264 14
110 559 264 13
111 559 264 13
113 560 263 14
136 560 263 14
138 559 267 13
141 560 265 13
143 559 258 14
151 559 258 14
153 559 261 14
157 559 262 14
222 559 262 14
246 559 262 14
252 563 263 14
260 565 265 14
442 565 265 14
12
90 850 194 7
113 846 195 7
142 841 196 8
181 834 198 8
217 826 199 9
248 820 201 9
274 816 204 10
321 809 205 10
372 807 208 10
423 804 210 12
429 802 208 12
442 802 208 12
42
1 597 216 38
5 599 212 38
9 602 218 38
26 604 221 38
33 610 223 38
37 609 220 38
41 607 228 38
45 600 226 38
56 598 218 38
60 604 223 38
64 600 213 38
68 601 221 38
75 602 224 38
79 606 220 38
83 610 221 38
87 610 219 38
91 607 211 38
94 600 217 36
97 584 238 36
98 594 253 36
99 593 258 33
100 605 259 29
100 605 259 24
102 603 253 17
103 605 240 16
111 610 238 16
115 604 240 17
119 607 233 18
128 610 240 17
131 605 237 17
139 608 233 17
151 608 233 17
153 616 237 15
155 628 239 13
157 650 229 12
159 657 213 13
161 663 193 11
164 655 198 11
170 655 198 12
174 651 201 12
182 648 200 12
442 648 200 12