2
14
1 508 312 100
27 508 312 100
40 508 312 100
43 504 307 103
45 504 307 103
51 498 305 103
56 493 303 103
70 491 305 103
139 491 305 103
140 517 306 96
223 517 306 96
227 522 302 102
241 522 302 103
392 522 302 103
86
1 327 288 42
2 327 288 42
5 325 282 45
10 324 281 46
15 325 283 45
21 326 278 44
26 330 289 42
32 332 277 44
38 333 286 44
47 335 281 47
53 335 285 42
57 337 279 44
62 334 283 41
67 332 280 45
71 331 282 44
75 332 282 44
76 333 282 42
79 333 282 42
81 331 281 46
84 328 284 43
87 326 281 44
90 327 281 46
93 328 282 43
97 326 281 46
100 325 288 40
106 325 284 44
110 330 286 40
114 330 295 39
117 332 291 40
120 333 284 47
127 334 287 42
129 332 290 38
130 332 288 41
131 332 288 41
132 335 282 45
139 330 286 43
140 364 292 36
148 364 292 38
157 365 289 38
173 365 289 38
175 365 289 38
176 362 291 35
179 359 295 31
183 356 295 31
186 350 296 33
184 350 295 33
187 350 292 35
196 350 292 35
201 346 289 38
207 351 296 40
208 355 310 27
210 351 318 29
212 344 321 32
215 337 328 34
217 333 332 39
219 332 338 39
221 335 328 48
222 335 318 55
223 335 318 55
224 334 308 63
227 336 307 69
229 343 302 72
231 348 302 79
233 352 298 82
237 357 296 84
240 370 279 95
243 368 275 100
248 367 267 100
253 370 274 98
255 371 275 95
257 371 275 95
258 376 262 104
261 376 262 113
261 373 252 113
264 373 252 106
270 362 257 105
309 362 257 105
310 355 289 108
311 355 289 108
312 357 311 108
315 357 311 108
316 393 333 87
317 390 329 87
318 397 353 75
351 397 353 75
392 397 353 75