6
2
1 564 68 31
99 564 68 31
2
1 509 303 31
97 509 303 31
55
40 682 255 26
49 721 255 28
55 748 255 30
62 780 252 30
71 797 252 30
77 791 250 33
84 770 252 42
90 749 256 60
95 741 257 101
97 726 267 137
98 648 290 158
99 547 276 158
101 522 251 175
102 514 253 175
103 501 257 177
104 498 256 177
105 493 257 177
106 483 253 173
107 447 255 167
108 268 257 157
109 267 260 125
113 267 255 79
120 255 253 48
128 252 253 38
138 229 251 32
147 199 252 26
161 157 253 21
176 135 254 19
196 125 255 19
249 125 255 21
289 125 255 23
309 125 257 25
336 127 259 27
357 131 260 31
386 138 264 34
412 148 265 38
437 158 267 45
461 174 268 53
485 200 275 65
505 224 273 69
522 236 271 71
527 238 273 75
540 251 273 75
560 254 270 75
1191 254 270 75
1671 254 270 75
1674 254 270 75
1682 236 272 75
1695 200 269 75
1701 200 269 73
1705 156 268 51
1717 121 263 38
1729 97 261 32
1738 85 259 24
1740 85 259 24
43
108 571 65 32
145 571 65 32
161 587 70 30
183 610 75 28
201 624 90 26
220 631 105 22
234 635 113 20
253 637 120 18
280 634 133 16
302 631 138 15
332 633 145 15
354 631 148 15
386 628 151 15
406 625 152 15
422 622 153 15
455 617 154 15
474 612 152 15
501 607 152 15
561 588 146 18
606 576 135 20
651 559 121 22
688 540 108 24
731 505 93 26
761 475 83 27
783 447 78 27
813 402 70 29
841 363 70 29
871 327 72 29
896 303 74 29
931 282 80 29
964 267 82 29
986 260 83 29
1280 260 83 29
1295 210 84 29
1309 190 88 29
1400 190 88 29
1452 190 88 29
1462 236 80 29
1474 293 80 29
1485 308 82 29
1535 308 82 29
1548 257 80 29
1740 257 80 29
45
108 511 306 30
117 511 306 30
122 514 302 30
138 514 302 30
139 516 285 30
149 533 300 30
152 524 308 30
164 472 294 30
175 418 296 25
183 398 292 20
195 383 285 17
210 373 284 15
227 377 278 13
242 380 282 12
266 389 279 12
276 398 281 12
290 414 279 12
300 423 280 12
310 433 282 12
317 439 271 12
324 444 272 12
334 450 284 12
343 455 280 12
352 452 283 12
363 452 283 15
375 455 282 15
384 446 289 15
393 439 302 15
399 430 286 15
404 409 290 15
407 401 290 16
414 427 288 16
421 415 286 16
426 429 282 16
434 423 275 16
450 409 297 16
460 397 296 16
468 385 296 16
477 372 299 16
487 359 302 16
499 349 306 16
507 350 315 18
514 343 319 18
521 335 322 18
526 320 323 18
4
1705 267 315 27
1717 269 329 27
1735 258 316 25
1740 258 316 25