3
37
1 631 261 20
75 631 261 24
101 631 261 29
121 623 260 32
140 605 260 42
167 572 259 48
188 536 260 45
189 538 256 42
196 539 248 40
200 539 243 40
206 537 236 37
208 536 244 37
210 533 231 35
214 534 222 30
220 532 243 30
230 532 243 35
232 531 234 40
235 525 233 42
261 525 233 42
266 519 236 42
559 519 236 42
566 524 244 46
580 538 253 50
583 542 254 52
590 566 257 47
595 566 257 47
596 603 264 45
600 603 264 45
612 615 260 45
630 639 255 43
656 656 254 38
679 671 254 35
724 692 256 30
756 697 256 26
794 695 256 23
820 681 254 21
838 674 256 21
39
595 512 265 20
607 516 244 20
621 516 244 20
628 515 265 20
640 514 259 20
680 514 259 20
692 522 260 20
705 522 260 20
706 518 259 20
921 518 259 20
934 510 261 20
935 510 272 20
941 513 282 20
950 512 287 21
959 511 296 22
962 511 296 22
963 512 291 22
1436 512 291 22
1442 512 291 22
1444 505 298 22
1445 483 306 22
1447 478 308 22
1449 470 306 22
1451 466 303 22
1454 454 304 22
1458 441 303 22
1461 434 303 22
1464 427 302 22
1468 424 299 22
1551 424 299 22
1554 454 292 22
1556 468 300 22
1558 492 306 22
1559 521 306 22
1560 551 306 22
1562 565 305 22
1563 565 305 22
1565 571 305 22
1680 571 300 22
9
1126 513 74 23
1130 511 75 26
1134 511 75 28
1469 511 75 28
1477 471 71 28
1487 437 74 28
1575 437 74 28
1593 566 72 28
1680 566 72 28