3
385
140 222 251 31
141 219 251 30
142 216 251 29
143 212 252 29
144 209 252 28
145 206 252 27
146 202 252 27
147 199 252 26
148 196 252 26
149 193 252 25
150 190 252 25
151 187 252 25
152 184 252 24
153 181 252 24
154 178 253 24
155 175 253 23
156 172 253 23
157 169 253 22
158 166 253 22
159 163 253 22
160 160 253 21
161 157 253 21
162 156 253 21
163 154 253 21
164 153 253 21
165 151 253 20
166 150 253 20
167 148 253 20
168 147 253 20
169 145 254 20
170 144 254 20
171 142 254 20
172 141 254 20
173 139 254 19
174 138 254 19
175 136 254 19
176 135 254 19
177 135 254 19
178 134 254 19
179 134 254 19
180 133 254 19
181 133 254 19
182 132 254 19
183 132 254 19
184 131 254 19
185 131 254 19
186 130 255 19
187 130 255 19
188 129 255 19
189 129 255 19
190 128 255 19
191 128 255 19
192 127 255 19
193 127 255 19
194 126 255 19
195 126 255 19
196 125 255 19
197 125 255 19
198 125 255 19
199 125 255 19
200 125 255 19
201 125 255 19
202 125 255 19
203 125 255 19
204 125 255 19
205 125 255 19
206 125 255 19
207 125 255 19
208 125 255 19
209 125 255 19
210 125 255 20
211 125 255 20
212 125 255 20
213 125 255 20
214 125 255 20
215 125 255 20
216 125 255 20
217 125 255 20
218 125 255 20
219 125 255 20
220 125 255 20
221 125 255 20
222 125 255 20
223 125 255 20
224 125 255 20
225 125 255 20
226 125 255 20
227 125 255 20
228 125 255 20
229 125 255 20
230 125 255 20
231 125 255 20
232 125 255 20
233 125 255 20
234 125 255 20
235 125 255 20
236 125 255 21
237 125 255 21
238 125 255 21
239 125 255 21
240 125 255 21
241 125 255 21
242 125 255 21
243 125 255 21
244 125 255 21
245 125 255 21
246 125 255 21
247 125 255 21
248 125 255 21
249 125 255 21
250 125 255 21
251 125 255 21
252 125 255 21
253 125 255 21
254 125 255 21
255 125 255 21
256 125 255 21
257 125 255 21
258 125 255 21
259 125 255 22
260 125 255 22
261 125 255 22
262 125 255 22
263 125 255 22
264 125 255 22
265 125 255 22
266 125 255 22
267 125 255 22
268 125 255 22
269 125 255 22
270 125 255 22
271 125 255 22
272 125 255 22
273 125 255 22
274 125 255 22
275 125 255 22
276 125 255 22
277 125 255 22
278 125 255 22
279 125 255 23
280 125 255 23
281 125 255 23
282 125 255 23
283 125 255 23
284 125 255 23
285 125 255 23
286 125 255 23
287 125 255 23
288 125 255 23
289 125 255 23
290 125 255 23
291 125 255 23
292 125 255 23
293 125 255 23
294 125 256 24
295 125 256 24
296 125 256 24
297 125 256 24
298 125 256 24
299 125 256 24
300 125 256 24
301 125 256 24
302 125 256 24
303 125 256 24
304 125 257 25
305 125 257 25
306 125 257 25
307 125 257 25
308 125 257 25
309 125 257 25
310 125 257 25
311 125 257 25
312 125 257 25
313 125 257 25
314 125 257 25
315 125 257 25
316 126 258 26
317 126 258 26
318 126 258 26
319 126 258 26
320 126 258 26
321 126 258 26
322 126 258 26
323 126 258 26
324 126 258 26
325 126 258 26
326 126 258 26
327 126 258 26
328 126 258 26
329 126 258 26
330 127 259 27
331 127 259 27
332 127 259 27
333 127 259 27
334 127 259 27
335 127 259 27
336 127 259 27
337 127 259 27
338 127 259 27
339 128 259 28
340 128 259 28
341 128 259 28
342 128 259 28
343 128 259 28
344 129 259 29
345 129 259 29
346 129 259 29
347 129 260 29
348 129 260 29
349 129 260 29
350 130 260 30
351 130 260 30
352 130 260 30
353 130 260 30
354 130 260 30
355 131 260 31
356 131 260 31
357 131 260 31
358 131 260 31
359 131 260 31
360 132 260 31
361 132 261 31
362 132 261 32
363 132 261 32
364 133 261 32
365 133 261 32
366 133 261 32
367 133 261 32
368 134 262 32
369 134 262 32
370 134 262 32
371 134 262 32
372 135 262 33
373 135 262 33
374 135 262 33
375 135 262 33
376 136 263 33
377 136 263 33
378 136 263 33
379 136 263 33
380 137 263 33
381 137 263 33
382 137 263 34
383 137 264 34
384 138 264 34
385 138 264 34
386 138 264 34
387 138 264 34
388 139 264 34
389 139 264 34
390 140 264 35
391 140 264 35
392 140 264 35
393 141 264 35
394 141 264 35
395 141 264 35
396 142 264 36
397 142 264 36
398 143 264 36
399 143 265 36
400 143 265 36
401 144 265 36
402 144 265 36
403 145 265 37
404 145 265 37
405 145 265 37
406 146 265 37
407 146 265 37
408 146 265 37
409 147 265 38
410 147 265 38
411 148 265 38
412 148 265 38
413 148 265 38
414 149 265 39
415 149 265 39
416 150 265 39
417 150 265 39
418 150 265 40
419 151 266 40
420 151 266 40
421 152 266 41
422 152 266 41
423 152 266 41
424 153 266 41
425 153 266 42
426 154 266 42
427 154 266 42
428 154 266 42
429 155 266 43
430 155 266 43
431 156 267 43
432 156 267 44
433 156 267 44
434 157 267 44
435 157 267 44
436 158 267 45
437 158 267 45
438 159 267 45
439 159 267 46
440 160 267 46
441 161 267 46
442 161 267 47
443 162 267 47
444 163 267 47
445 163 267 48
446 164 267 48
447 165 267 48
448 165 267 49
449 166 268 49
450 167 268 49
451 167 268 50
452 168 268 50
453 169 268 50
454 169 268 51
455 170 268 51
456 171 268 51
457 171 268 52
458 172 268 52
459 173 268 52
460 173 268 53
461 174 268 53
462 175 268 54
463 176 269 54
464 177 269 55
465 178 269 55
466 179 269 56
467 181 270 56
468 182 270 57
469 183 270 57
470 184 271 58
471 185 271 58
472 186 271 59
473 187 272 59
474 188 272 60
475 189 272 60
476 190 272 61
477 191 273 61
478 192 273 62
479 194 273 62
480 195 274 63
481 196 274 63
482 197 274 64
483 198 274 64
484 199 275 65
485 200 275 65
486 201 275 65
487 202 275 65
488 204 275 66
489 205 275 66
490 206 275 66
491 207 274 66
492 208 274 66
493 210 274 67
494 211 274 67
495 212 274 67
496 213 274 67
497 214 274 67
498 216 274 68
499 217 274 68
500 218 274 68
501 219 273 68
502 220 273 68
503 222 273 69
504 223 273 69
505 224 273 69
506 225 273 69
507 225 273 69
508 226 273 69
509 227 273 69
510 228 272 70
511 228 272 70
512 229 272 70
513 230 272 70
514 230 272 70
515 231 272 70
516 232 272 70
517 232 272 70
518 233 271 71
519 234 271 71
520 235 271 71
521 235 271 71
522 236 271 71
523 236 271 72
524 237 272 73
385
140 571 65 32
141 571 65 32
142 571 65 32
143 571 65 32
144 571 65 32
145 571 65 32
146 572 65 32
147 573 66 32
148 574 66 32
149 575 66 32
150 576 67 31
151 577 67 31
152 578 67 31
153 579 68 31
154 580 68 31
155 581 68 31
156 582 68 31
157 583 69 31
158 584 69 30
159 585 69 30
160 586 70 30
161 587 70 30
162 588 70 30
163 589 70 30
164 590 71 30
165 591 71 30
166 592 71 30
167 593 71 29
168 594 72 29
169 595 72 29
170 596 72 29
171 597 72 29
172 599 73 29
173 600 73 29
174 601 73 29
175 602 73 29
176 603 73 29
177 604 74 29
178 605 74 28
179 606 74 28
180 607 74 28
181 608 75 28
182 609 75 28
183 610 75 28
184 611 76 28
185 612 77 28
186 612 78 28
187 613 78 28
188 614 79 27
189 615 80 27
190 615 81 27
191 616 82 27
192 617 83 27
193 618 83 27
194 619 84 27
195 619 85 27
196 620 86 27
197 621 87 26
198 622 88 26
199 622 88 26
200 623 89 26
201 624 90 26
202 624 91 26
203 625 92 26
204 625 92 25
205 625 93 25
206 626 94 25
207 626 95 25
208 627 96 25
209 627 96 24
210 627 97 24
211 628 98 24
212 628 99 24
213 628 99 23
214 629 100 23
215 629 101 23
216 630 102 23
217 630 103 23
218 630 103 22
219 631 104 22
220 631 105 22
221 631 106 22
222 632 106 22
223 632 107 22
224 632 107 21
225 632 108 21
226 633 108 21
227 633 109 21
228 633 110 21
229 634 110 21
230 634 111 21
231 634 111 20
232 634 112 20
233 635 112 20
234 635 113 20
235 635 113 20
236 635 114 20
237 635 114 20
238 635 114 20
239 636 115 19
240 636 115 19
241 636 116 19
242 636 116 19
243 636 116 19
244 636 117 19
245 636 117 19
246 636 117 19
247 636 118 19
248 636 118 19
249 637 119 18
250 637 119 18
251 637 119 18
252 637 120 18
253 637 120 18
254 637 120 18
255 637 121 18
256 637 121 18
257 637 122 18
258 636 122 18
259 636 123 18
260 636 123 17
261 636 124 17
262 636 124 17
263 636 125 17
264 636 125 17
265 636 126 17
266 636 126 17
267 635 127 17
268 635 127 17
269 635 128 17
270 635 128 17
271 635 129 17
272 635 129 17
273 635 130 17
274 635 130 16
275 635 131 16
276 634 131 16
277 634 132 16
278 634 132 16
279 634 133 16
280 634 133 16
281 634 133 16
282 634 133 16
283 634 134 16
284 633 134 16
285 633 134 16
286 633 134 16
287 633 135 16
288 633 135 16
289 633 135 16
290 633 135 16
291 633 136 16
292 632 136 15
293 632 136 15
294 632 136 15
295 632 136 15
296 632 137 15
297 632 137 15
298 632 137 15
299 631 137 15
300 631 138 15
301 631 138 15
302 631 138 15
303 631 138 15
304 631 138 15
305 631 139 15
306 631 139 15
307 631 139 15
308 631 139 15
309 631 140 15
310 632 140 15
311 632 140 15
312 632 140 15
313 632 141 15
314 632 141 15
315 632 141 15
316 632 141 15
317 632 142 15
318 632 142 15
319 632 142 15
320 632 142 15
321 632 142 15
322 632 143 15
323 632 143 15
324 632 143 15
325 633 143 15
326 633 144 15
327 633 144 15
328 633 144 15
329 633 144 15
330 633 145 15
331 633 145 15
332 633 145 15
333 633 145 15
334 633 145 15
335 633 145 15
336 633 146 15
337 633 146 15
338 632 146 15
339 632 146 15
340 632 146 15
341 632 146 15
342 632 146 15
343 632 147 15
344 632 147 15
345 632 147 15
346 632 147 15
347 632 147 15
348 632 147 15
349 631 147 15
350 631 147 15
351 631 148 15
352 631 148 15
353 631 148 15
354 631 148 15
355 631 148 15
356 631 148 15
357 631 148 15
358 631 148 15
359 631 148 15
360 630 149 15
361 630 149 15
362 630 149 15
363 630 149 15
364 630 149 15
365 630 149 15
366 630 149 15
367 630 149 15
368 630 149 15
369 630 149 15
370 630 150 15
371 629 150 15
372 629 150 15
373 629 150 15
374 629 150 15
375 629 150 15
376 629 150 15
377 629 150 15
378 629 150 15
379 629 150 15
380 629 150 15
381 628 151 15
382 628 151 15
383 628 151 15
384 628 151 15
385 628 151 15
386 628 151 15
387 628 151 15
388 628 151 15
389 628 151 15
390 627 151 15
391 627 151 15
392 627 151 15
393 627 151 15
394 627 151 15
395 627 151 15
396 627 152 15
397 626 152 15
398 626 152 15
399 626 152 15
400 626 152 15
401 626 152 15
402 626 152 15
403 625 152 15
404 625 152 15
405 625 152 15
406 625 152 15
407 625 152 15
408 625 152 15
409 624 152 15
410 624 152 15
411 624 152 15
412 624 152 15
413 624 152 15
414 624 153 15
415 623 153 15
416 623 153 15
417 623 153 15
418 623 153 15
419 623 153 15
420 622 153 15
421 622 153 15
422 622 153 15
423 622 153 15
424 622 153 15
425 622 153 15
426 621 153 15
427 621 153 15
428 621 153 15
429 621 153 15
430 621 153 15
431 621 153 15
432 620 153 15
433 620 153 15
434 620 153 15
435 620 153 15
436 620 153 15
437 620 153 15
438 620 153 15
439 619 154 15
440 619 154 15
441 619 154 15
442 619 154 15
443 619 154 15
444 619 154 15
445 619 154 15
446 618 154 15
447 618 154 15
448 618 154 15
449 618 154 15
450 618 154 15
451 618 154 15
452 617 154 15
453 617 154 15
454 617 154 15
455 617 154 15
456 617 154 15
457 616 154 15
458 616 154 15
459 616 154 15
460 616 153 15
461 615 153 15
462 615 153 15
463 615 153 15
464 615 153 15
465 614 153 15
466 614 153 15
467 614 153 15
468 614 153 15
469 613 153 15
470 613 152 15
471 613 152 15
472 613 152 15
473 612 152 15
474 612 152 15
475 612 152 15
476 612 152 15
477 611 152 15
478 611 152 15
479 611 152 15
480 611 152 15
481 611 152 15
482 611 152 15
483 610 152 15
484 610 152 15
485 610 152 15
486 610 152 15
487 610 152 15
488 609 152 15
489 609 152 15
490 609 152 15
491 609 152 15
492 609 152 15
493 608 152 15
494 608 152 15
495 608 152 15
496 608 152 15
497 608 152 15
498 608 152 15
499 607 152 15
500 607 152 15
501 607 152 15
502 607 152 15
503 606 152 15
504 606 152 15
505 606 152 15
506 605 152 15
507 605 151 15
508 605 151 15
509 604 151 15
510 604 151 15
511 604 151 16
512 604 151 16
513 603 151 16
514 603 151 16
515 603 151 16
516 602 151 16
517 602 150 16
518 602 150 16
519 601 150 16
520 601 150 16
521 601 150 16
522 600 150 16
523 600 150 16
524 600 150 16
385
140 518 287 30
141 519 288 30
142 521 290 30
143 523 291 30
144 525 293 30
145 526 294 30
146 528 296 30
147 530 297 30
148 531 299 30
149 533 300 30
150 530 303 30
151 527 305 30
152 524 308 30
153 520 307 30
154 515 306 30
155 511 305 30
156 507 303 30
157 502 302 30
158 498 301 30
159 494 300 30
160 489 299 30
161 485 298 30
162 481 296 30
163 476 295 30
164 472 294 30
165 467 294 30
166 462 294 29
167 457 295 29
168 452 295 28
169 447 295 28
170 443 295 27
171 438 295 27
172 433 295 26
173 428 296 26
174 423 296 25
175 418 296 25
176 416 296 24
177 413 295 24
178 411 295 23
179 408 294 23
180 406 294 22
181 403 293 21
182 401 293 21
183 398 292 20
184 397 291 20
185 396 291 20
186 394 290 19
187 393 290 19
188 392 289 19
189 391 289 19
190 389 288 18
191 388 287 18
192 387 287 18
193 386 286 18
194 384 286 17
195 383 285 17
196 382 285 17
197 382 285 17
198 381 285 17
199 380 285 16
200 380 285 16
201 379 285 16
202 378 285 16
203 378 284 16
204 377 284 16
205 376 284 16
206 376 284 16
207 375 284 15
208 374 284 15
209 374 284 15
210 373 284 15
211 373 284 15
212 373 283 15
213 374 283 15
214 374 283 15
215 374 282 14
216 374 282 14
217 375 282 14
218 375 281 14
219 375 281 14
220 375 280 14
221 376 280 14
222 376 280 14
223 376 279 13
224 376 279 13
225 377 279 13
226 377 278 13
227 377 278 13
228 377 278 13
229 377 279 13
230 378 279 13
231 378 279 13
232 378 279 13
233 378 280 13
234 378 280 13
235 379 280 12
236 379 280 12
237 379 281 12
238 379 281 12
239 379 281 12
240 380 281 12
241 380 282 12
242 380 282 12
243 380 282 12
244 381 282 12
245 381 282 12
246 382 282 12
247 382 281 12
248 382 281 12
249 383 281 12
250 383 281 12
251 383 281 12
252 384 281 12
253 384 281 12
254 385 281 12
255 385 280 12
256 385 280 12
257 386 280 12
258 386 280 12
259 386 280 12
260 387 280 12
261 387 280 12
262 388 280 12
263 388 279 12
264 388 279 12
265 389 279 12
266 389 279 12
267 390 279 12
268 391 279 12
269 392 280 12
270 393 280 12
271 394 280 12
272 394 280 12
273 395 280 12
274 396 281 12
275 397 281 12
276 398 281 12
277 399 281 12
278 400 281 12
279 401 281 12
280 403 280 12
281 404 280 12
282 405 280 12
283 406 280 12
284 407 280 12
285 408 280 12
286 409 280 12
287 411 279 12
288 412 279 12
289 413 279 12
290 414 279 12
291 415 279 12
292 416 279 12
293 417 279 12
294 418 279 12
295 419 280 12
296 419 280 12
297 420 280 12
298 421 280 12
299 422 280 12
300 423 280 12
301 424 280 12
302 425 280 12
303 426 281 12
304 427 281 12
305 428 281 12
306 429 281 12
307 430 281 12
308 431 282 12
309 432 282 12
310 433 282 12
311 434 280 12
312 435 279 12
313 436 277 12
314 436 276 12
315 437 274 12
316 438 273 12
317 439 271 12
318 440 271 12
319 440 271 12
320 441 271 12
321 442 272 12
322 443 272 12
323 443 272 12
324 444 272 12
325 445 273 12
326 445 274 12
327 446 276 12
328 446 277 12
329 447 278 12
330 448 279 12
331 448 280 12
332 449 282 12
333 449 283 12
334 450 284 12
335 451 284 12
336 451 283 12
337 452 283 12
338 452 282 12
339 453 282 12
340 453 281 12
341 454 281 12
342 454 280 12
343 455 280 12
344 455 280 12
345 454 281 12
346 454 281 12
347 454 281 12
348 453 282 12
349 453 282 12
350 453 282 12
351 452 283 12
352 452 283 12
353 452 283 12
354 452 283 13
355 452 283 13
356 452 283 13
357 452 283 13
358 452 283 14
359 452 283 14
360 452 283 14
361 452 283 14
362 452 283 15
363 452 283 15
364 452 283 15
365 453 283 15
366 453 283 15
367 453 283 15
368 453 283 15
369 454 283 15
370 454 282 15
371 454 282 15
372 454 282 15
373 455 282 15
374 455 282 15
375 455 282 15
376 454 283 15
377 453 284 15
378 452 284 15
379 451 285 15
380 450 286 15
381 449 287 15
382 448 287 15
383 447 288 15
384 446 289 15
385 445 290 15
386 444 292 15
387 444 293 15
388 443 295 15
389 442 296 15
390 441 298 15
391 441 299 15
392 440 301 15
393 439 302 15
394 438 299 15
395 436 297 15
396 435 294 15
397 433 291 15
398 432 289 15
399 430 286 15
400 426 287 15
401 422 288 15
402 417 288 15
403 413 289 15
404 409 290 15
405 406 290 15
406 404 290 16
407 401 290 16
408 405 290 16
409 408 289 16
410 412 289 16
411 416 289 16
412 420 289 16
413 423 288 16
414 427 288 16
415 425 288 16
416 424 287 16
417 422 287 16
418 420 287 16
419 418 287 16
420 417 286 16
421 415 286 16
422 418 285 16
423 421 284 16
424 423 284 16
425 426 283 16
426 429 282 16
427 428 281 16
428 428 280 16
429 427 279 16
430 426 279 16
431 425 278 16
432 425 277 16
433 424 276 16
434 423 275 16
435 422 276 16
436 421 278 16
437 420 279 16
438 420 281 16
439 419 282 16
440 418 283 16
441 417 285 16
442 416 286 16
443 415 287 16
444 414 289 16
445 413 290 16
446 413 292 16
447 412 293 16
448 411 294 16
449 410 296 16
450 409 297 16
451 408 297 16
452 407 297 16
453 405 297 16
454 404 297 16
455 403 297 16
456 402 296 16
457 401 296 16
458 399 296 16
459 398 296 16
460 397 296 16
461 396 296 16
462 394 296 16
463 393 296 16
464 391 296 16
465 390 296 16
466 388 296 16
467 387 296 16
468 385 296 16
469 384 296 16
470 382 297 16
471 381 297 16
472 379 297 16
473 378 298 16
474 376 298 16
475 375 298 16
476 373 299 16
477 372 299 16
478 371 299 16
479 369 300 16
480 368 300 16
481 367 300 16
482 366 301 16
483 364 301 16
484 363 301 16
485 362 301 16
486 360 302 16
487 359 302 16
488 358 302 16
489 357 303 16
490 357 303 16
491 356 303 16
492 355 304 16
493 354 304 16
494 353 304 16
495 352 305 16
496 352 305 16
497 351 305 16
498 350 306 16
499 349 306 16
500 349 307 16
501 349 308 17
502 349 309 17
503 350 311 17
504 350 312 17
505 350 313 18
506 350 314 18
507 350 315 18
508 349 316 18
509 348 316 18
510 347 317 18
511 346 317 18
512 345 318 18
513 344 318 18
514 343 319 18
515 342 319 18
516 341 320 18
517 340 320 18
518 338 321 18
519 337 321 18
520 336 322 18
521 335 322 18
522 332 322 18
523 329 322 18
524 326 323 18
