2
81
1 516 306 20
12 516 306 20
13 515 309 19
14 513 311 19
15 514 316 17
17 514 280 20
20 519 279 20
25 529 277 20
26 530 302 22
30 527 309 22
35 500 312 22
39 488 302 23
42 472 297 21
46 444 302 19
50 427 297 19
55 410 296 16
60 402 291 15
64 392 295 14
68 391 290 14
78 376 286 11
87 373 283 10
100 373 283 10
102 373 278 10
101 372 284 10
104 374 280 11
111 380 283 10
119 379 283 7
121 378 281 8
124 377 281 8
127 382 282 8
130 387 283 7
132 384 281 8
134 382 280 8
138 384 280 7
143 386 282 7
148 391 281 7
153 394 281 8
158 401 283 7
164 409 280 7
170 414 281 7
174 420 281 8
181 424 281 8
187 430 281 8
193 436 283 8
194 436 283 8
195 438 271 8
198 442 271 7
203 446 271 7
204 447 280 7
209 450 282 6
215 452 278 7
223 455 286 7
227 454 282 8
232 450 283 8
237 449 284 9
241 451 281 9
247 457 291 10
250 456 282 11
255 455 286 11
259 447 297 10
263 445 287 11
268 442 297 12
274 434 303 13
277 429 287 13
281 414 293 12
285 402 291 10
288 411 286 10
291 422 286 11
295 424 289 11
297 413 289 10
300 419 284 9
303 433 286 10
305 430 279 10
307 426 278 11
310 424 276 11
315 422 274 10
322 420 279 12
325 415 284 12
327 411 295 12
329 406 298 10
333 404 300 10
28
1 258 255 35
4 254 255 31
7 249 254 30
11 245 256 29
15 233 254 27
19 221 254 25
23 207 253 23
27 194 252 22
31 178 252 20
35 168 254 19
39 157 256 18
42 151 256 16
45 147 255 15
49 139 255 15
56 133 255 15
61 125 254 15
79 125 254 15
142 125 254 16
163 121 256 17
174 123 256 19
197 124 257 22
219 131 259 24
240 131 260 25
263 135 261 27
286 146 263 31
306 155 264 33
320 161 265 38
333 171 268 42