2
81
1 516 306 30
12 516 306 30
13 515 309 28
14 513 311 28
15 514 316 26
17 514 280 30
20 519 279 30
25 529 277 30
26 530 302 33
30 527 309 33
35 500 312 33
39 488 302 34
42 472 297 32
46 444 302 28
50 427 297 28
55 410 296 24
60 402 291 22
64 392 295 21
68 391 290 21
78 376 286 16
87 373 283 15
100 373 283 15
102 373 278 15
101 372 284 15
104 374 280 16
111 380 283 15
119 379 283 10
121 378 281 12
124 377 281 12
127 382 282 12
130 387 283 10
132 384 281 12
134 382 280 12
138 384 280 10
143 386 282 10
148 391 281 10
153 394 281 12
158 401 283 10
164 409 280 10
170 414 281 10
174 420 281 12
181 424 281 12
187 430 281 12
193 436 283 12
194 436 283 12
195 438 271 12
198 442 271 10
203 446 271 10
204 447 280 10
209 450 282 9
215 452 278 10
223 455 286 10
227 454 282 12
232 450 283 12
237 449 284 14
241 451 281 14
247 457 291 15
250 456 282 16
255 455 286 16
259 447 297 15
263 445 287 16
268 442 297 18
274 434 303 20
277 429 287 20
281 414 293 18
285 402 291 15
288 411 286 15
291 422 286 16
295 424 289 16
297 413 289 15
300 419 284 14
303 433 286 15
305 430 279 15
307 426 278 16
310 424 276 16
315 422 274 15
322 420 279 18
325 415 284 18
327 411 295 18
329 406 298 15
333 404 300 15
28
1 258 255 52
4 254 255 46
7 249 254 45
11 245 256 44
15 233 254 40
19 221 254 38
23 207 253 34
27 194 252 33
31 178 252 30
35 168 254 28
39 157 256 27
42 151 256 24
45 147 255 22
49 139 255 22
56 133 255 22
61 125 254 22
79 125 254 22
142 125 254 24
163 121 256 26
174 123 256 28
197 124 257 33
219 131 259 36
240 131 260 38
263 135 261 40
286 146 263 46
306 155 264 50
320 161 265 57
333 171 268 63