5
12
1 550 268 12
39 550 268 12
41 552 269 12
43 557 268 13
47 559 268 12
63 559 268 12
66 562 268 13
75 562 268 13
86 561 269 11
91 557 265 11
97 554 265 11
102 552 269 11
13
157 537 300 8
161 538 302 10
168 539 302 9
172 535 306 10
184 535 309 10
189 535 309 10
197 531 314 11
210 530 319 11
218 529 324 12
232 526 328 11
242 529 327 11
243 539 324 10
245 539 325 9
18
328 540 316 12
329 537 315 13
331 530 315 12
333 528 318 12
335 528 318 12
336 520 313 14
340 520 303 14
343 518 303 13
344 517 310 13
345 517 310 13
346 514 316 13
349 514 316 13
351 509 315 13
351 509 315 13
352 516 313 13
355 525 315 13
357 528 312 13
363 528 312 13
31
1 345 263 24
14 345 263 24
19 345 263 24
22 333 256 24
25 333 246 24
29 343 250 24
32 353 256 23
34 360 262 21
36 370 266 19
39 376 260 16
46 376 260 15
48 377 257 15
54 376 264 15
62 376 264 15
64 378 260 15
123 375 260 15
130 375 260 15
132 376 263 15
142 376 263 15
145 376 259 15
154 377 262 15
163 377 262 15
166 382 258 14
173 383 259 14
176 380 255 15
178 373 259 15
181 368 257 15
185 363 259 15
189 357 258 15
193 354 257 15
197 352 259 14
30
226 349 203 11
229 351 205 10
232 355 200 11
236 363 201 11
240 370 201 11
244 375 203 12
278 375 203 12
280 378 195 13
282 378 184 13
285 378 182 13
288 375 179 13
305 375 179 13
307 377 174 13
314 376 171 13
320 376 168 13
327 376 168 13
333 377 172 13
334 378 162 13
336 378 153 13
339 378 149 13
342 378 146 12
349 378 146 12
350 378 156 13
352 377 174 14
354 376 203 24
355 374 232 38
357 373 269 44
357 374 269 44
358 372 316 22
363 372 316 20