5
12
1 550 268 18
39 550 268 18
41 552 269 18
43 557 268 20
47 559 268 18
63 559 268 18
66 562 268 20
75 562 268 20
86 561 269 16
91 557 265 16
97 554 265 16
102 552 269 16
13
157 537 300 12
161 538 302 15
168 539 302 14
172 535 306 15
184 535 309 15
189 535 309 15
197 531 314 16
210 530 319 16
218 529 324 18
232 526 328 16
242 529 327 16
243 539 324 15
245 539 325 14
18
328 540 316 18
329 537 315 20
331 530 315 18
333 528 318 18
335 528 318 18
336 520 313 21
340 520 303 21
343 518 303 20
344 517 310 20
345 517 310 20
346 514 316 20
349 514 316 20
351 509 315 20
351 509 315 20
352 516 313 20
355 525 315 20
357 528 312 20
363 528 312 20
31
1 345 263 36
14 345 263 36
19 345 263 36
22 333 256 36
25 333 246 36
29 343 250 36
32 353 256 34
34 360 262 32
36 370 266 28
39 376 260 24
46 376 260 22
48 377 257 22
54 376 264 22
62 376 264 22
64 378 260 22
123 375 260 22
130 375 260 22
132 376 263 22
142 376 263 22
145 376 259 22
154 377 262 22
163 377 262 22
166 382 258 21
173 383 259 21
176 380 255 22
178 373 259 22
181 368 257 22
185 363 259 22
189 357 258 22
193 354 257 22
197 352 259 21
30
226 349 203 16
229 351 205 15
232 355 200 16
236 363 201 16
240 370 201 16
244 375 203 18
278 375 203 18
280 378 195 20
282 378 184 20
285 378 182 20
288 375 179 20
305 375 179 20
307 377 174 20
314 376 171 20
320 376 168 20
327 376 168 20
333 377 172 20
334 378 162 20
336 378 153 20
339 378 149 20
342 378 146 18
349 378 146 18
350 378 156 20
352 377 174 21
354 376 203 36
355 374 232 57
357 373 269 66
357 374 269 66
358 372 316 33
363 372 316 30