5
2
1 350 314 21
9 350 317 21
4
32 298 328 21
37 290 327 22
40 282 326 22
42 277 324 22
16
220 285 315 21
223 285 315 21
228 288 315 21
233 293 313 21
240 290 315 21
246 287 315 20
248 277 317 18
251 267 318 18
253 265 316 18
256 264 312 20
262 264 312 20
263 259 314 20
268 259 314 20
270 259 314 20
271 261 314 21
298 261 314 21
13
1 186 280 50
8 193 277 50
26 215 279 51
43 228 282 52
65 239 281 54
208 239 281 54
221 229 281 51
235 219 286 51
248 204 278 46
258 193 284 44
270 185 294 40
279 183 295 36
298 183 295 36
6
1 299 298 38
12 312 294 38
26 329 293 34
40 338 293 32
59 347 291 30
298 347 291 30