2
485
1 565 222 27
2 565 222 27
3 565 222 27
4 565 222 27
5 565 222 27
6 565 222 27
7 565 222 27
8 565 222 27
9 565 222 27
10 565 222 27
11 565 222 27
12 565 222 27
13 565 222 27
14 565 222 27
15 565 222 27
16 565 222 27
17 565 222 27
18 565 222 27
19 565 222 27
20 565 222 27
21 565 222 27
22 565 222 27
23 565 222 27
24 565 222 27
25 565 222 27
26 565 222 27
27 565 222 27
28 565 222 27
29 565 222 27
30 565 222 27
31 565 222 27
32 565 222 27
33 565 222 27
34 565 222 27
35 565 222 27
36 565 222 27
37 565 222 27
38 565 222 27
39 565 222 27
40 565 222 27
41 565 222 27
42 565 222 27
43 565 222 27
44 565 222 27
45 565 222 27
46 565 222 27
47 565 222 27
48 565 222 27
49 565 222 27
50 565 222 27
51 565 222 27
52 565 222 27
53 565 222 27
54 565 222 27
55 565 222 27
56 565 222 27
57 565 222 27
58 565 222 27
59 565 222 27
60 565 222 27
61 565 222 27
62 565 222 27
63 565 222 27
64 565 222 27
65 565 222 27
66 565 222 27
67 565 222 27
68 565 222 27
69 565 222 27
70 565 222 27
71 565 222 27
72 565 222 27
73 565 222 27
74 565 222 27
75 565 222 27
76 565 222 27
77 565 222 27
78 565 222 27
79 565 222 27
80 565 222 27
81 565 222 27
82 565 222 27
83 565 222 27
84 565 222 27
85 565 222 27
86 565 222 27
87 565 222 27
88 565 222 27
89 565 222 27
90 565 222 27
91 565 222 27
92 565 222 27
93 565 222 27
94 565 222 27
95 565 222 27
96 565 222 27
97 565 222 27
98 565 222 27
99 565 222 27
100 565 222 27
101 565 222 27
102 565 222 27
103 565 222 27
104 565 222 27
105 565 222 27
106 565 222 27
107 565 222 27
108 565 222 27
109 565 222 27
110 565 222 27
111 565 222 27
112 565 222 27
113 565 222 27
114 565 222 27
115 565 222 27
116 565 222 27
117 565 222 27
118 565 222 27
119 565 222 27
120 565 222 27
121 565 222 27
122 565 222 27
123 565 222 27
124 565 222 27
125 565 222 27
126 565 222 27
127 565 222 27
128 565 222 27
129 565 222 27
130 565 222 27
131 565 222 27
132 565 222 27
133 565 222 27
134 565 222 27
135 565 222 27
136 565 222 27
137 565 222 27
138 565 222 27
139 565 222 27
140 565 222 27
141 565 222 27
142 565 222 27
143 565 222 27
144 565 222 27
145 565 222 27
146 565 222 27
147 565 222 27
148 565 222 27
149 565 222 27
150 565 222 27
151 565 222 27
152 565 222 27
153 565 222 27
154 565 222 27
155 565 222 27
156 565 222 27
157 565 222 27
158 565 222 27
159 565 222 27
160 565 222 27
161 565 222 27
162 565 222 27
163 565 222 27
164 565 222 27
165 565 222 27
166 565 222 27
167 565 222 27
168 565 222 27
169 565 222 27
170 565 222 27
171 565 222 27
172 565 222 27
173 565 222 27
174 565 222 27
175 565 222 27
176 565 222 27
177 565 222 27
178 565 222 27
179 565 222 27
180 565 222 27
181 565 222 27
182 565 222 27
183 565 222 27
184 565 222 27
185 565 222 27
186 565 222 27
187 565 222 27
188 565 222 27
189 565 222 27
190 565 222 27
191 565 222 27
192 565 222 27
193 565 222 27
194 565 222 27
195 565 222 27
196 565 222 27
197 565 222 27
198 565 222 27
199 565 222 27
200 565 222 27
201 565 222 27
202 565 222 27
203 565 222 27
204 565 222 27
205 565 222 27
206 565 222 27
207 565 222 27
208 565 222 27
209 565 222 27
210 565 222 27
211 565 222 27
212 565 222 27
213 565 222 27
214 565 222 27
215 565 222 27
216 565 222 27
217 565 222 27
218 565 222 27
219 565 222 27
220 565 222 27
221 565 222 27
222 565 222 27
223 565 222 27
224 565 222 27
225 565 222 27
226 565 222 27
227 565 222 27
228 565 222 27
229 565 222 27
230 565 222 27
231 565 222 27
232 565 222 27
233 565 222 27
234 565 222 27
235 565 222 27
236 565 222 27
237 565 222 27
238 565 222 27
239 565 222 27
240 565 222 27
241 565 222 27
242 565 222 27
243 565 222 27
244 565 222 27
245 565 222 27
246 565 222 27
247 565 222 27
248 565 222 27
249 565 222 27
250 565 222 27
251 565 222 27
252 565 222 27
253 565 222 27
254 565 222 27
255 565 222 27
256 565 222 27
257 565 222 27
258 565 222 27
259 565 222 27
260 565 222 27
261 565 222 27
262 565 222 27
263 565 222 27
264 565 222 27
265 565 222 27
266 565 222 27
267 565 222 27
268 565 222 27
269 565 222 27
270 565 222 27
271 565 222 27
272 565 222 27
273 565 222 27
274 565 222 27
275 565 222 27
276 565 222 27
277 565 222 27
278 565 222 27
279 565 222 27
280 565 222 27
281 565 222 27
282 565 222 27
283 565 222 27
284 565 222 27
285 565 222 27
286 565 222 27
287 565 222 27
288 565 222 27
289 565 222 27
290 565 222 27
291 565 222 27
292 565 222 27
293 565 222 27
294 565 222 27
295 565 222 27
296 565 222 27
297 565 222 27
298 565 222 27
299 565 222 27
300 565 222 27
301 565 222 27
302 565 222 27
303 565 222 27
304 565 222 27
305 565 222 27
306 565 222 27
307 565 222 27
308 565 222 27
309 565 222 27
310 565 222 27
311 565 222 27
312 565 222 27
313 565 222 27
314 565 222 27
315 565 222 27
316 565 222 27
317 565 222 27
318 565 222 27
319 565 222 27
320 565 222 27
321 565 222 27
322 565 222 27
323 565 222 27
324 565 222 27
325 565 222 27
326 565 222 27
327 565 222 27
328 565 222 27
329 565 222 27
330 565 222 27
331 565 222 27
332 565 222 27
333 565 222 27
334 565 222 27
335 565 222 27
336 565 222 27
337 565 222 27
338 565 222 27
339 565 222 27
340 565 222 27
341 565 222 27
342 565 222 27
343 565 222 27
344 565 222 27
345 565 222 27
346 565 222 27
347 565 222 27
348 565 222 27
349 565 222 27
350 565 222 27
351 565 222 27
352 565 222 27
353 565 222 27
354 565 222 27
355 565 222 27
356 565 222 27
357 565 222 27
358 565 222 27
359 565 222 27
360 565 222 27
361 565 222 27
362 565 222 27
363 565 222 27
364 565 222 27
365 565 222 27
366 565 222 27
367 565 222 27
368 565 222 27
369 565 222 27
370 565 222 27
371 565 222 27
372 565 222 27
373 565 222 27
374 565 222 27
375 565 222 27
376 565 222 27
377 565 222 27
378 565 222 27
379 565 222 27
380 565 222 27
381 565 222 27
382 565 222 27
383 565 222 27
384 565 222 27
385 565 222 27
386 565 222 27
387 565 222 27
388 565 222 27
389 565 222 27
390 565 222 27
391 565 222 27
392 565 222 27
393 565 222 27
394 565 222 27
395 565 222 27
396 565 222 27
397 565 222 27
398 565 222 27
399 565 222 27
400 565 222 27
401 565 222 27
402 565 222 27
403 565 222 27
404 565 222 27
405 565 222 27
406 565 222 27
407 565 222 27
408 565 222 27
409 565 222 27
410 565 222 27
411 565 222 27
412 565 222 27
413 565 222 27
414 565 222 27
415 565 222 27
416 565 222 27
417 565 222 27
418 565 222 27
419 565 222 27
420 565 222 27
421 565 222 27
422 565 222 27
423 565 222 27
424 565 222 27
425 565 222 27
426 565 222 27
427 565 222 27
428 565 222 27
429 565 222 27
430 565 222 27
431 565 222 27
432 565 222 27
433 565 222 27
434 565 222 27
435 565 222 27
436 565 222 27
437 565 222 27
438 565 222 27
439 565 222 27
440 565 222 27
441 565 222 27
442 565 222 27
443 565 222 27
444 565 222 27
445 565 222 27
446 565 222 27
447 565 222 27
448 565 222 27
449 565 222 27
450 565 222 27
451 565 222 27
452 565 222 27
453 565 222 27
454 565 222 27
455 565 222 27
456 565 222 27
457 565 222 27
458 565 222 27
459 565 222 27
460 565 222 27
461 565 222 27
462 565 222 27
463 565 222 27
464 565 222 27
465 565 222 27
466 565 222 27
467 565 222 27
468 565 222 27
469 565 222 27
470 565 222 27
471 565 222 27
472 565 222 27
473 565 222 27
474 565 222 27
475 565 222 27
476 565 222 27
477 565 222 27
478 565 222 27
479 565 222 27
480 565 222 27
481 565 222 27
482 565 222 27
483 565 222 27
484 565 222 27
485 565 222 27
459
1 1003 276 26
2 1001 277 26
3 998 277 26
4 995 277 26
5 992 276 26
6 990 276 26
7 987 276 26
8 984 275 26
9 981 275 26
10 978 275 26
11 975 275 26
12 972 274 26
13 969 274 26
14 968 274 26
15 966 273 26
16 966 273 26
17 966 273 26
18 966 273 26
19 966 273 26
20 966 273 26
21 966 273 26
22 966 273 26
23 966 273 26
24 966 273 26
25 966 273 26
26 966 273 26
27 966 273 26
28 966 273 26
29 966 273 26
30 966 273 26
31 966 273 26
32 966 273 26
33 967 273 26
34 967 273 26
35 968 273 26
36 968 274 26
37 968 274 26
38 969 274 26
39 969 274 26
40 970 274 26
41 970 274 26
42 970 274 26
43 970 274 26
44 970 274 26
45 970 274 26
46 970 274 26
47 970 274 26
48 969 274 26
49 969 274 26
50 968 273 27
51 968 273 27
52 967 273 27
53 967 273 27
54 966 273 28
55 965 272 28
56 965 272 28
57 964 272 28
58 964 272 29
59 963 272 29
60 963 272 29
61 962 271 29
62 961 271 30
63 961 271 30
64 960 271 30
65 960 271 30
66 959 270 31
67 959 270 31
68 958 270 31
69 958 270 31
70 958 270 31
71 958 270 31
72 958 270 31
73 958 270 31
74 958 270 31
75 958 270 31
76 958 270 31
77 958 270 31
78 958 270 31
79 958 270 31
80 958 270 31
81 958 270 31
82 958 270 31
83 958 270 31
84 958 270 31
85 958 270 31
86 958 270 31
87 958 270 31
88 958 270 31
89 958 270 31
90 958 270 31
91 958 270 31
92 958 270 31
93 958 270 31
94 958 270 31
95 958 270 31
96 958 270 31
97 958 270 31
98 958 270 31
99 958 270 31
100 958 270 31
101 958 270 31
102 958 270 31
103 958 270 31
104 958 270 31
105 958 270 31
106 958 270 31
107 958 270 31
108 958 270 31
109 958 270 31
110 958 270 31
111 958 270 31
112 958 270 31
113 958 270 31
114 958 270 31
115 958 270 31
116 958 270 31
117 958 270 31
118 958 270 31
119 958 270 31
120 958 270 31
121 958 270 31
122 958 270 31
123 958 270 31
124 958 270 31
125 958 270 31
126 958 270 31
127 958 270 31
128 958 270 31
129 958 270 31
130 958 270 31
131 958 270 31
132 958 270 31
133 958 270 31
134 958 270 31
135 958 270 31
136 958 270 31
137 958 270 31
138 958 270 31
139 958 270 31
140 958 270 31
141 958 270 31
142 958 270 31
143 958 270 31
144 958 270 31
145 958 270 31
146 958 270 31
147 958 270 31
148 958 270 31
149 958 270 31
150 958 270 31
151 958 270 31
152 958 270 31
153 958 270 31
154 958 270 31
155 958 270 31
156 958 270 31
157 958 270 31
158 958 270 31
159 958 270 31
160 958 270 31
161 958 270 31
162 958 270 31
163 958 270 31
164 958 270 31
165 958 270 31
166 958 270 31
167 958 270 31
168 958 270 31
169 958 270 31
170 958 270 31
171 958 270 31
172 958 270 31
173 958 270 31
174 958 270 31
175 958 270 31
176 958 270 31
177 958 270 31
178 958 270 31
179 958 270 31
180 958 270 31
181 958 270 31
182 958 270 31
183 958 270 31
184 958 270 31
185 958 270 31
186 958 270 31
187 958 270 31
188 958 270 31
189 958 270 31
190 958 270 31
191 958 270 31
192 958 270 31
193 958 270 31
194 958 270 31
195 958 270 31
196 958 270 31
197 958 270 31
198 958 270 31
199 958 270 31
200 958 270 31
201 958 270 31
202 958 270 31
203 958 270 31
204 958 270 31
205 958 270 31
206 958 270 31
207 958 270 31
208 958 270 31
209 958 270 31
210 958 270 31
211 958 270 31
212 958 270 31
213 958 270 31
214 958 270 31
215 958 270 31
216 958 270 31
217 958 270 31
218 958 270 31
219 958 270 31
220 958 270 31
221 958 270 31
222 958 270 31
223 958 270 31
224 958 270 31
225 958 270 31
226 958 270 31
227 958 270 31
228 958 270 31
229 958 270 31
230 958 270 31
231 958 270 31
232 958 270 31
233 958 270 31
234 958 270 31
235 958 270 31
236 958 270 31
237 958 270 31
238 958 270 31
239 958 270 31
240 958 270 31
241 958 270 31
242 958 270 31
243 958 270 31
244 958 270 31
245 958 270 31
246 958 270 31
247 958 270 31
248 958 270 31
249 958 270 31
250 958 270 31
251 958 270 31
252 958 270 31
253 958 270 31
254 958 270 31
255 958 270 31
256 958 270 31
257 958 270 31
258 958 270 31
259 958 270 31
260 958 270 31
261 958 270 31
262 958 270 31
263 958 270 31
264 958 270 31
265 958 270 31
266 958 270 31
267 958 270 31
268 958 270 31
269 958 270 31
270 958 270 31
271 958 270 31
272 958 270 31
273 958 270 31
274 958 270 31
275 958 270 31
276 958 270 31
277 958 270 31
278 958 270 31
279 958 270 31
280 958 270 31
281 958 270 31
282 958 270 31
283 958 270 31
284 958 270 31
285 958 270 31
286 958 270 31
287 958 270 31
288 958 270 31
289 958 270 31
290 958 270 31
291 958 270 31
292 958 270 31
293 958 270 31
294 958 270 31
295 958 270 31
296 958 270 31
297 958 270 31
298 958 270 31
299 958 270 31
300 958 270 31
301 958 270 31
302 958 270 31
303 958 270 31
304 958 270 31
305 958 270 31
306 958 270 31
307 958 270 31
308 958 270 31
309 958 270 31
310 958 270 31
311 958 270 31
312 958 270 31
313 958 270 31
314 958 270 31
315 958 270 31
316 958 270 31
317 958 270 31
318 958 270 31
319 958 270 31
320 958 270 31
321 958 270 31
322 958 270 31
323 958 270 31
324 958 270 31
325 958 270 31
326 958 270 31
327 958 270 31
328 958 270 31
329 958 270 31
330 958 270 31
331 958 270 31
332 958 270 31
333 958 270 31
334 958 270 31
335 958 270 31
336 958 270 31
337 958 270 31
338 958 270 31
339 958 270 31
340 958 270 31
341 958 270 31
342 958 270 31
343 958 270 31
344 958 270 31
345 958 270 31
346 958 270 31
347 958 270 31
348 958 270 31
349 958 270 31
350 958 270 31
351 958 270 31
352 958 270 31
353 958 270 31
354 958 270 31
355 958 270 31
356 958 270 31
357 958 270 31
358 958 270 31
359 958 270 31
360 958 270 31
361 958 270 31
362 958 270 31
363 958 270 31
364 958 270 31
365 958 270 31
366 958 270 31
367 958 270 31
368 958 270 31
369 958 270 31
370 958 270 31
371 958 270 31
372 958 270 31
373 958 270 31
374 958 270 31
375 958 270 31
376 958 270 31
377 958 270 31
378 958 270 31
379 958 270 31
380 958 270 31
381 958 270 31
382 958 270 31
383 958 270 31
384 958 270 31
385 958 270 31
386 958 270 31
387 958 270 31
388 958 270 31
389 958 270 31
390 958 270 31
391 958 270 31
392 958 270 31
393 958 270 31
394 958 270 31
395 958 270 31
396 958 270 31
397 958 270 31
398 958 270 31
399 958 270 31
400 958 270 31
401 958 270 31
402 958 270 31
403 958 270 31
404 958 270 31
405 958 270 31
406 958 270 31
407 958 270 31
408 958 270 31
409 958 270 31
410 958 270 31
411 958 270 31
412 958 270 31
413 958 270 31
414 958 270 31
415 958 270 31
416 958 270 31
417 958 270 31
418 958 270 31
419 958 270 31
420 958 270 31
421 958 270 31
422 958 270 31
423 958 270 31
424 958 270 31
425 958 270 31
426 958 270 31
427 958 270 31
428 958 270 31
429 958 270 31
430 958 270 31
431 958 270 31
432 958 270 31
433 958 270 31
434 958 270 31
435 958 270 31
436 955 269 31
437 951 268 30
438 949 269 29
439 947 269 28
440 947 269 28
441 946 269 27
442 946 270 27
443 946 270 26
444 945 270 26
445 945 270 25
446 943 270 24
447 942 270 24
448 940 270 23
449 938 270 22
450 937 270 22
451 935 270 21
452 935 271 21
453 936 272 21
454 936 273 21
455 936 272 20
456 935 272 19
457 935 271 19
458 934 271 18
459 934 270 17
