7
423
1 893 283 56
2 895 284 56
3 897 284 56
4 899 283 57
5 901 283 58
6 903 282 59
7 905 282 60
8 906 281 61
9 908 281 62
10 910 280 63
11 912 280 64
12 914 279 65
13 916 279 65
14 918 278 66
15 920 278 66
16 923 277 67
17 925 277 67
18 927 276 67
19 929 276 68
20 931 275 68
21 932 275 68
22 933 275 68
23 935 274 68
24 936 274 68
25 937 274 68
26 938 274 68
27 939 274 68
28 940 274 68
29 942 273 68
30 943 273 68
31 944 273 68
32 944 273 68
33 945 273 68
34 945 273 68
35 946 273 68
36 946 273 68
37 946 273 68
38 947 273 68
39 947 273 68
40 948 273 68
41 948 274 68
42 948 274 68
43 949 274 68
44 949 274 68
45 950 274 68
46 950 274 68
47 950 274 68
48 951 274 68
49 951 274 68
50 952 274 68
51 952 274 68
52 953 274 68
53 953 275 68
54 954 275 68
55 954 276 68
56 955 276 68
57 956 276 68
58 956 277 68
59 957 277 68
60 958 277 68
61 958 278 68
62 959 278 68
63 959 279 68
64 960 279 68
65 961 279 68
66 961 279 69
67 962 280 69
68 963 280 69
69 964 280 70
70 964 280 70
71 965 280 70
72 966 281 71
73 967 281 71
74 967 281 71
75 968 281 72
76 969 281 72
77 970 282 72
78 970 282 73
79 971 282 73
80 972 282 73
81 974 282 73
82 975 281 73
83 976 281 73
84 978 281 73
85 979 281 73
86 981 281 73
87 982 281 73
88 983 280 73
89 985 280 73
90 986 280 73
91 990 280 73
92 994 279 73
93 999 279 73
94 1003 278 73
95 1007 278 73
96 1008 278 73
97 1009 279 73
98 1011 279 73
99 1012 279 73
100 1013 280 73
101 1014 280 73
102 1015 280 73
103 1017 280 73
104 1018 281 73
105 1019 281 73
106 909 282 73
107 799 283 73
108 690 283 74
109 580 284 74
110 470 285 74
111 360 286 74
112 251 286 75
113 141 287 75
114 31 288 75
115 33 288 75
116 36 288 75
117 38 288 75
118 40 288 75
119 43 288 75
120 45 288 75
121 47 288 75
122 50 288 75
123 52 288 75
124 55 288 75
125 58 287 75
126 61 287 75
127 64 287 75
128 67 287 75
129 70 286 75
130 73 286 75
131 75 286 75
132 78 285 75
133 81 285 75
134 84 285 75
135 87 285 75
136 90 284 75
137 93 284 75
138 95 284 75
139 98 284 75
140 100 284 75
141 102 284 75
142 104 284 75
143 107 283 75
144 109 283 75
145 111 283 75
146 113 283 75
147 116 283 75
148 118 283 75
149 121 282 75
150 124 282 75
151 126 281 75
152 129 281 75
153 132 280 75
154 135 279 75
155 137 279 75
156 140 278 75
157 141 279 75
158 142 279 75
159 144 280 75
160 145 280 75
161 146 281 75
162 147 281 75
163 149 282 75
164 150 282 75
165 151 283 75
166 152 283 75
167 154 284 75
168 155 284 75
169 156 285 75
170 157 285 75
171 158 286 75
172 160 286 75
173 161 287 75
174 162 287 75
175 163 288 75
176 165 288 75
177 166 289 75
178 167 289 75
179 168 289 75
180 170 288 75
181 171 288 75
182 173 288 75
183 174 287 75
184 175 287 75
185 177 287 75
186 178 287 75
187 179 286 75
188 181 286 75
189 182 286 75
190 184 285 75
191 185 285 75
192 186 285 75
193 188 284 75
194 189 284 75
195 189 283 75
196 190 283 75
197 190 282 75
198 191 282 75
199 191 281 75
200 269 287 97
201 268 287 96
202 268 288 94
203 267 288 93
204 267 288 91
205 266 288 90
206 266 289 88
207 265 289 87
208 267 289 87
209 269 289 86
210 272 289 86
211 274 289 85
212 276 289 85
213 278 288 84
214 280 288 84
215 283 288 83
216 285 288 83
217 287 288 82
218 288 288 82
219 289 289 82
220 290 289 82
221 291 289 82
222 291 290 82
223 292 290 82
224 293 290 82
225 294 291 82
226 295 291 82
227 296 291 82
228 297 292 82
229 298 292 82
230 299 292 82
231 299 293 82
232 300 293 82
233 301 293 82
234 302 294 82
235 303 294 82
236 303 294 82
237 304 294 82
238 304 294 82
239 305 294 82
240 305 294 81
241 306 294 81
242 306 294 81
243 307 294 81
244 307 293 81
245 307 293 81
246 308 293 81
247 308 293 81
248 309 293 80
249 309 293 80
250 310 293 80
251 310 293 80
252 311 294 80
253 312 295 80
254 314 296 80
255 315 296 80
256 316 297 80
257 317 298 80
258 317 298 80
259 316 297 80
260 316 297 80
261 316 296 81
262 316 296 81
263 315 295 81
264 315 295 81
265 315 294 81
266 314 294 81
267 314 293 81
268 314 293 82
269 314 292 82
270 313 292 82
271 313 291 82
272 313 291 82
273 313 291 82
274 313 291 82
275 313 291 82
276 313 291 82
277 314 291 82
278 316 291 83
279 317 291 83
280 318 291 83
281 320 290 83
282 321 290 84
283 323 290 84
284 324 290 84
285 325 290 84
286 327 290 85
287 328 290 85
288 329 290 85
289 331 290 85
290 332 290 86
291 334 289 86
292 335 289 86
293 336 289 86
294 338 289 87
295 339 289 87
296 430 279 66
297 431 279 66
298 431 279 66
299 432 279 66
300 433 279 66
301 434 279 66
302 434 279 66
303 435 279 66
304 436 279 66
305 437 279 66
306 437 279 66
307 438 279 66
308 439 279 66
309 440 280 66
310 441 280 65
311 442 280 65
312 443 280 65
313 444 281 65
314 445 281 64
315 446 281 64
316 448 282 64
317 449 282 64
318 450 282 64
319 451 282 63
320 452 283 63
321 453 283 63
322 454 283 63
323 455 283 62
324 456 284 62
325 457 284 62
326 458 284 62
327 459 284 62
328 459 284 62
329 460 284 62
330 461 284 62
331 462 284 62
332 463 284 62
333 464 284 62
334 464 284 62
335 465 284 62
336 466 284 62
337 466 284 62
338 467 284 62
339 467 284 62
340 468 284 62
341 468 284 62
342 469 284 62
343 469 284 62
344 470 285 62
345 470 285 62
346 471 285 62
347 471 285 62
348 472 285 62
349 472 285 62
350 473 285 62
351 473 285 62
352 474 285 62
353 475 285 62
354 476 285 62
355 477 285 62
356 478 285 62
357 479 285 62
358 480 285 62
359 481 285 62
360 482 285 62
361 483 285 62
362 484 285 62
363 485 285 62
364 486 285 62
365 487 285 62
366 488 285 62
367 489 285 63
368 490 285 63
369 491 284 63
370 492 284 63
371 493 284 63
372 494 284 64
373 495 284 64
374 496 284 64
375 497 284 64
376 498 284 64
377 499 283 64
378 500 283 65
379 501 283 65
380 502 283 65
381 502 283 65
382 502 283 65
383 502 283 65
384 501 283 65
385 501 283 65
386 501 283 65
387 501 283 65
388 501 283 65
389 501 283 65
390 500 283 65
391 500 283 65
392 500 283 65
393 500 283 65
394 500 283 65
395 500 283 65
396 500 283 65
397 499 283 65
398 499 283 65
399 499 283 65
400 499 283 65
401 499 283 65
402 499 283 65
403 498 283 65
404 498 283 65
405 498 283 65
406 498 283 65
407 498 283 65
408 498 283 65
409 498 283 65
410 497 283 65
411 497 283 65
412 497 283 65
413 497 283 65
414 497 283 65
415 497 283 65
416 497 283 65
417 496 283 65
418 496 283 65
419 496 283 65
420 496 283 65
421 496 283 65
422 496 283 65
423 495 283 65
298
24 491 28 88
25 491 28 88
26 491 28 88
27 491 28 88
28 491 28 88
29 491 28 88
30 491 28 88
31 491 28 88
32 491 28 88
33 491 28 88
34 491 28 88
35 491 28 88
36 491 28 88
37 491 28 88
38 491 28 88
39 491 28 88
40 491 28 88
41 491 28 88
42 491 28 88
43 491 28 88
44 491 28 88
45 491 28 88
46 491 28 88
47 491 28 88
48 491 28 88
49 491 28 88
50 491 28 88
51 491 28 88
52 491 28 88
53 491 28 88
54 491 28 88
55 491 28 88
56 491 28 88
57 491 28 88
58 491 28 88
59 491 28 88
60 491 28 88
61 491 28 88
62 491 28 88
63 491 28 88
64 491 28 88
65 491 28 88
66 491 28 88
67 491 28 88
68 491 28 88
69 491 28 88
70 491 28 88
71 491 28 88
72 491 28 88
73 491 28 88
74 491 28 88
75 491 28 88
76 491 28 88
77 491 28 88
78 491 28 88
79 491 28 88
80 491 28 88
81 491 28 88
82 491 28 88
83 491 28 88
84 491 28 88
85 491 28 88
86 491 28 88
87 491 28 88
88 491 28 88
89 491 28 88
90 491 28 88
91 491 28 88
92 491 28 88
93 491 28 88
94 491 28 88
95 491 28 88
96 491 28 88
97 491 28 88
98 491 28 88
99 491 28 88
100 491 28 88
101 491 28 88
102 491 28 88
103 491 28 88
104 491 28 88
105 491 28 88
106 491 28 88
107 491 28 88
108 491 28 88
109 491 28 88
110 491 28 88
111 491 28 88
112 491 28 88
113 491 28 88
114 491 28 88
115 491 28 88
116 491 28 88
117 491 28 88
118 491 28 88
119 491 28 88
120 491 28 88
121 491 28 88
122 491 28 88
123 491 28 88
124 491 28 88
125 491 28 88
126 491 28 88
127 491 28 88
128 491 28 88
129 491 28 88
130 491 28 88
131 491 28 88
132 491 28 88
133 491 28 88
134 491 28 88
135 491 28 88
136 491 28 88
137 491 28 88
138 491 28 88
139 491 28 88
140 491 28 88
141 491 28 88
142 491 28 88
143 491 28 88
144 491 28 88
145 491 28 88
146 491 28 88
147 491 28 88
148 491 28 88
149 491 28 88
150 491 28 88
151 491 28 88
152 491 28 88
153 491 28 88
154 491 28 88
155 491 28 88
156 491 28 88
157 491 28 88
158 491 28 88
159 491 28 88
160 491 28 88
161 491 28 88
162 491 28 88
163 491 28 88
164 491 28 88
165 491 28 88
166 491 28 88
167 491 28 88
168 491 28 88
169 491 28 88
170 491 28 88
171 491 28 88
172 491 28 88
173 491 28 88
174 491 28 88
175 491 28 88
176 491 28 88
177 491 28 88
178 491 28 88
179 491 28 88
180 491 28 88
181 491 28 88
182 491 28 88
183 491 28 88
184 491 28 88
185 491 28 88
186 491 28 88
187 491 28 88
188 491 28 88
189 491 28 88
190 491 28 88
191 491 28 88
192 491 28 88
193 491 28 88
194 491 28 88
195 491 28 88
196 491 28 88
197 491 28 88
198 491 28 88
199 491 28 88
200 491 28 88
201 491 28 88
202 491 28 88
203 491 28 88
204 491 28 88
205 491 28 88
206 491 28 88
207 491 28 88
208 491 28 88
209 491 28 88
210 491 28 88
211 491 28 88
212 491 28 88
213 491 28 88
214 491 28 88
215 491 28 88
216 491 28 88
217 491 28 88
218 491 28 88
219 491 28 88
220 491 28 88
221 491 28 88
222 491 28 88
223 491 28 88
224 491 28 88
225 491 28 88
226 491 28 88
227 491 28 88
228 491 28 88
229 491 28 88
230 491 28 88
231 491 28 88
232 491 28 88
233 491 28 88
234 491 28 88
235 491 28 88
236 491 28 88
237 491 28 88
238 491 28 88
239 491 28 88
240 491 28 88
241 491 28 88
242 491 28 88
243 491 28 88
244 491 28 88
245 491 28 88
246 491 28 88
247 491 28 88
248 491 28 88
249 491 28 88
250 491 28 88
251 491 28 88
252 491 28 88
253 491 28 88
254 491 28 88
255 491 28 88
256 491 28 88
257 491 28 88
258 491 28 88
259 491 28 88
260 491 28 88
261 491 28 88
262 491 28 88
263 491 28 88
264 491 28 88
265 491 28 88
266 491 28 88
267 491 28 88
268 491 28 88
269 491 28 88
270 491 28 88
271 491 28 88
272 491 28 88
273 491 28 88
274 491 28 88
275 491 28 88
276 491 28 88
277 491 28 88
278 491 28 88
279 491 28 88
280 491 28 88
281 491 28 88
282 491 28 88
283 491 28 88
284 491 28 88
285 491 28 88
286 491 28 88
287 491 28 88
288 491 28 88
289 491 28 88
290 491 28 88
291 491 28 88
292 491 28 88
293 491 28 88
294 491 28 88
295 491 28 88
296 491 28 88
297 491 28 88
298 491 28 88
299 491 28 88
300 491 28 88
301 491 28 88
302 491 28 88
303 491 28 88
304 491 28 88
305 491 28 88
306 491 28 88
307 491 28 88
308 491 28 88
309 491 28 88
310 491 28 88
311 491 28 88
312 491 28 88
313 491 28 88
314 491 28 88
315 491 28 88
316 491 28 88
317 491 28 88
318 491 28 88
319 491 28 88
320 491 28 88
321 491 28 88
46
378 491 28 88
379 491 28 88
380 491 28 88
381 491 28 88
382 491 28 88
383 491 28 88
384 491 28 88
385 491 28 88
386 491 28 88
387 491 28 88
388 491 28 88
389 491 28 88
390 491 28 88
391 491 28 88
392 491 28 88
393 491 28 88
394 491 28 88
395 491 28 88
396 491 28 88
397 491 28 88
398 491 28 88
399 491 28 88
400 491 28 88
401 491 28 88
402 491 28 88
403 491 28 88
404 491 28 88
405 491 28 88
406 491 28 88
407 491 28 88
408 491 28 88
409 491 28 88
410 491 28 88
411 491 28 88
412 491 28 88
413 491 28 88
414 491 28 88
415 491 28 88
416 491 28 88
417 491 28 88
418 491 28 88
419 491 28 88
420 491 28 88
421 491 28 88
422 491 28 88
423 491 28 88
99
1 320 314 66
2 320 314 66
3 320 314 66
4 320 314 66
5 320 314 66
6 320 314 66
7 320 314 66
8 320 314 66
9 320 314 66
10 320 314 66
11 320 314 66
12 320 314 66
13 320 314 66
14 320 314 66
15 320 314 66
16 320 314 66
17 320 314 66
18 320 314 66
19 320 314 66
20 320 314 66
21 320 314 66
22 320 314 66
23 320 314 66
24 320 314 66
25 320 314 66
26 320 314 66
27 320 314 66
28 320 314 66
29 320 314 66
30 320 314 66
31 320 314 66
32 320 314 66
33 320 314 66
34 320 314 66
35 320 314 66
36 320 314 66
37 320 314 66
38 320 314 66
39 320 314 66
40 320 314 66
41 320 314 66
42 320 314 66
43 320 314 66
44 320 314 66
45 320 314 66
46 320 314 66
47 320 314 66
48 320 314 66
49 320 314 66
50 320 314 66
51 320 314 66
52 320 314 66
53 320 314 66
54 320 314 66
55 320 314 66
56 320 314 66
57 320 314 66
58 320 314 66
59 320 314 66
60 320 314 66
61 320 314 66
62 320 314 66
63 320 314 66
64 320 314 66
65 320 314 66
66 320 314 66
67 320 314 66
68 320 314 66
69 320 314 66
70 320 314 66
71 320 314 66
72 320 314 66
73 320 314 66
74 320 314 66
75 320 314 66
76 320 314 66
77 320 314 66
78 320 314 66
79 320 314 66
80 320 314 66
81 320 314 66
82 320 314 66
83 320 314 66
84 320 314 66
85 320 314 66
86 320 314 66
87 320 314 66
88 320 314 66
89 320 314 66
90 320 314 66
91 320 314 66
92 320 314 66
93 320 314 66
94 320 314 66
95 320 314 66
96 320 314 66
97 320 314 66
98 320 314 66
99 320 314 66
128
296 305 315 68
297 305 315 68
298 305 315 68
299 305 315 68
300 305 315 68
301 305 315 68
302 305 315 68
303 305 315 68
304 305 315 68
305 305 315 68
306 305 315 68
307 305 315 68
308 305 315 68
309 305 315 68
310 305 315 68
311 305 315 68
312 305 315 68
313 305 315 68
314 305 315 68
315 305 315 68
316 305 315 68
317 305 315 68
318 305 315 68
319 305 315 68
320 305 315 68
321 305 315 68
322 305 315 68
323 305 315 68
324 305 315 68
325 305 315 68
326 305 315 68
327 305 315 68
328 305 315 68
329 305 315 68
330 303 315 68
331 301 316 68
332 298 316 68
333 296 316 68
334 296 316 68
335 295 316 68
336 295 316 68
337 294 316 68
338 294 316 68
339 293 316 68
340 293 316 68
341 293 315 68
342 292 315 68
343 292 315 68
344 291 315 68
345 291 315 68
346 290 315 68
347 290 315 68
348 290 315 68
349 290 315 68
350 290 315 68
351 290 315 68
352 290 315 68
353 290 315 68
354 290 315 68
355 290 315 68
356 290 315 68
357 290 315 68
358 290 315 68
359 290 315 68
360 290 315 68
361 290 315 68
362 290 315 68
363 290 315 68
364 290 315 68
365 290 315 68
366 290 315 68
367 290 315 68
368 290 315 68
369 290 315 68
370 290 315 68
371 290 315 68
372 290 315 68
373 290 315 68
374 290 315 68
375 290 315 68
376 290 315 68
377 290 315 68
378 290 315 68
379 290 315 68
380 290 315 68
381 290 315 68
382 290 315 68
383 290 315 68
384 290 315 68
385 290 315 68
386 290 315 68
387 290 315 68
388 290 315 68
389 290 315 68
390 290 315 68
391 290 315 68
392 290 315 68
393 290 315 68
394 290 315 68
395 290 315 68
396 290 315 68
397 290 315 68
398 290 315 68
399 290 315 68
400 290 315 68
401 290 315 68
402 290 315 68
403 290 315 68
404 290 315 68
405 290 315 68
406 290 315 68
407 290 315 68
408 290 315 68
409 290 315 68
410 290 315 68
411 290 315 68
412 290 315 68
413 290 315 68
414 290 315 68
415 290 315 68
416 290 315 68
417 290 315 68
418 291 315 68
419 292 314 68
420 293 314 68
421 294 314 68
422 296 314 68
423 297 313 68
423
1 642 281 42
2 642 281 42
3 643 281 42
4 643 280 42
5 644 280 42
6 644 280 42
7 644 280 42
8 644 280 42
9 644 280 42
10 644 280 42
11 644 280 42
12 644 280 42
13 644 280 42
14 644 280 42
15 644 280 42
16 644 280 42
17 644 280 42
18 644 280 42
19 644 280 42
20 644 280 42
21 644 280 42
22 644 280 42
23 644 280 42
24 644 280 42
25 644 280 42
26 644 280 42
27 644 280 42
28 644 280 42
29 644 280 42
30 644 280 42
31 644 280 42
32 644 280 42
33 644 280 42
34 644 280 42
35 644 280 42
36 644 280 42
37 644 280 42
38 644 280 42
39 644 280 42
40 644 280 42
41 644 280 42
42 644 280 42
43 644 280 42
44 644 280 42
45 644 280 42
46 644 280 42
47 644 280 42
48 644 280 42
49 644 280 42
50 644 280 42
51 644 280 42
52 644 280 42
53 644 280 42
54 644 280 42
55 644 280 42
56 644 280 42
57 644 280 42
58 644 280 42
59 644 280 42
60 644 280 42
61 644 280 42
62 644 280 42
63 644 280 42
64 644 280 42
65 644 280 42
66 644 280 42
67 644 280 42
68 644 280 42
69 644 280 42
70 644 280 42
71 644 280 42
72 644 280 42
73 644 280 42
74 644 280 42
75 644 280 42
76 644 280 42
77 644 280 42
78 644 280 42
79 644 280 42
80 644 280 42
81 644 280 42
82 644 280 42
83 644 280 42
84 644 280 42
85 644 280 42
86 644 280 42
87 644 280 42
88 644 280 42
89 644 280 42
90 644 280 42
91 644 280 42
92 644 280 42
93 644 280 42
94 644 280 42
95 644 280 42
96 644 280 42
97 644 280 42
98 644 280 42
99 644 280 42
100 644 280 42
101 644 280 42
102 644 280 42
103 644 280 42
104 644 280 42
105 644 280 42
106 644 280 42
107 644 280 42
108 644 280 42
109 644 280 42
110 644 280 42
111 644 280 42
112 644 280 42
113 644 280 42
114 644 280 42
115 644 280 42
116 644 280 42
117 644 280 42
118 644 280 42
119 644 280 42
120 644 280 42
121 644 280 42
122 644 280 42
123 644 280 42
124 644 280 42
125 644 280 42
126 644 280 42
127 644 280 42
128 644 280 42
129 644 280 42
130 644 280 42
131 644 280 42
132 644 280 42
133 644 280 42
134 644 280 42
135 644 280 42
136 644 280 42
137 644 280 42
138 644 280 42
139 644 280 42
140 644 280 42
141 644 280 42
142 644 280 42
143 644 280 42
144 644 280 42
145 644 280 42
146 644 280 42
147 644 280 42
148 644 280 42
149 644 280 42
150 644 280 42
151 644 280 42
152 644 280 42
153 644 280 42
154 644 280 42
155 644 280 42
156 644 280 42
157 644 280 42
158 644 280 42
159 644 280 42
160 644 280 42
161 644 280 42
162 644 280 42
163 644 280 42
164 644 280 42
165 644 280 42
166 644 280 42
167 644 280 42
168 644 280 42
169 644 280 42
170 644 280 42
171 644 280 42
172 644 280 42
173 644 280 42
174 644 280 42
175 644 280 42
176 644 280 42
177 644 280 42
178 644 280 42
179 644 280 42
180 644 280 42
181 644 280 42
182 644 280 42
183 644 280 42
184 644 280 42
185 644 280 42
186 644 280 42
187 644 280 42
188 644 280 42
189 644 280 42
190 644 280 42
191 644 280 42
192 644 280 42
193 644 280 42
194 644 280 42
195 644 280 42
196 644 280 42
197 644 280 42
198 644 280 42
199 644 280 42
200 644 280 42
201 644 280 42
202 644 280 42
203 644 280 42
204 644 280 42
205 644 280 42
206 644 280 42
207 644 280 42
208 644 280 42
209 644 280 42
210 644 280 42
211 644 280 42
212 644 280 42
213 644 280 42
214 644 280 42
215 644 280 42
216 644 280 42
217 644 280 42
218 644 280 42
219 644 280 42
220 644 280 42
221 644 280 42
222 644 280 42
223 644 280 42
224 644 280 42
225 644 280 42
226 644 280 42
227 644 280 42
228 644 280 42
229 644 280 42
230 644 280 42
231 644 280 42
232 644 280 42
233 644 280 42
234 644 280 42
235 644 280 42
236 644 280 42
237 644 280 42
238 644 280 42
239 644 280 42
240 644 280 42
241 644 280 42
242 644 280 42
243 644 280 42
244 644 280 42
245 644 280 42
246 644 280 42
247 644 280 42
248 644 280 42
249 644 280 42
250 644 280 42
251 644 280 42
252 644 280 42
253 644 280 42
254 644 280 42
255 644 280 42
256 644 280 42
257 644 280 42
258 644 280 42
259 644 280 42
260 644 280 42
261 644 280 42
262 644 280 42
263 644 280 42
264 644 280 42
265 644 280 42
266 644 280 42
267 644 280 42
268 644 280 42
269 644 280 42
270 644 280 42
271 644 280 42
272 644 280 42
273 644 280 42
274 644 280 42
275 644 280 42
276 644 280 42
277 644 280 42
278 644 280 42
279 644 280 42
280 644 280 42
281 644 280 42
282 644 280 42
283 644 280 42
284 644 280 42
285 644 280 42
286 644 280 42
287 644 280 42
288 644 280 42
289 644 280 42
290 644 280 42
291 644 280 42
292 644 280 42
293 644 280 42
294 644 280 42
295 644 280 42
296 644 280 42
297 644 280 42
298 644 280 42
299 644 280 42
300 644 280 42
301 644 280 42
302 644 280 42
303 644 280 42
304 644 280 42
305 644 280 42
306 644 280 42
307 644 280 42
308 644 280 42
309 644 280 42
310 644 280 42
311 644 280 42
312 644 280 42
313 644 280 42
314 644 280 42
315 644 280 42
316 644 280 42
317 645 283 42
318 645 283 42
319 645 283 42
320 645 284 42
321 645 284 42
322 646 284 43
323 646 284 43
324 646 285 43
325 646 285 43
326 646 285 43
327 646 285 43
328 646 286 43
329 646 286 43
330 647 286 44
331 647 286 44
332 647 287 44
333 647 287 44
334 647 287 44
335 647 287 44
336 647 287 44
337 647 287 44
338 647 287 44
339 647 287 44
340 647 287 44
341 647 287 44
342 647 287 44
343 647 287 44
344 647 287 44
345 647 287 44
346 647 287 44
347 647 287 44
348 647 287 44
349 647 287 44
350 647 287 44
351 647 287 44
352 647 287 44
353 647 287 44
354 647 287 44
355 647 287 45
356 647 287 45
357 647 287 45
358 647 287 45
359 647 287 45
360 647 287 45
361 647 287 45
362 647 287 45
363 647 287 45
364 647 287 45
365 647 287 45
366 647 287 45
367 647 287 45
368 647 287 45
369 647 287 45
370 647 287 45
371 647 287 45
372 647 287 45
373 647 287 45
374 647 287 45
375 647 287 45
376 647 287 45
377 647 287 45
378 647 287 45
379 647 287 45
380 647 287 45
381 647 287 45
382 647 287 45
383 647 287 45
384 647 287 45
385 647 287 45
386 647 287 45
387 647 287 45
388 647 287 45
389 647 287 45
390 647 287 45
391 647 287 45
392 647 287 45
393 647 287 45
394 647 287 45
395 647 287 45
396 647 287 45
397 647 287 46
398 647 287 46
399 647 287 46
400 647 287 46
401 647 287 46
402 647 287 46
403 647 287 46
404 647 287 46
405 647 287 46
406 647 287 46
407 647 287 46
408 647 287 46
409 647 287 46
410 647 287 46
411 647 287 46
412 647 287 46
413 647 287 46
414 647 287 46
415 647 287 46
416 647 287 46
417 647 287 46
418 647 287 46
419 647 287 46
420 647 287 46
421 647 287 46
422 647 287 46
423 647 287 46
195
1 488 305 53
2 488 305 53
3 488 305 53
4 488 305 53
5 488 305 53
6 488 305 53
7 488 305 53
8 488 305 53
9 488 305 53
10 488 305 53
11 488 305 53
12 488 305 53
13 488 305 53
14 488 305 53
15 488 305 53
16 488 305 53
17 488 305 53
18 488 305 53
19 488 305 53
20 488 305 53
21 488 305 53
22 488 305 53
23 488 305 53
24 488 305 53
25 488 305 53
26 488 305 53
27 488 305 53
28 488 305 53
29 488 305 53
30 488 305 53
31 488 305 53
32 488 305 53
33 488 305 53
34 488 305 53
35 488 305 53
36 488 305 53
37 488 305 53
38 488 305 53
39 488 305 53
40 488 305 53
41 488 305 53
42 488 305 53
43 488 305 53
44 488 305 53
45 488 305 53
46 488 305 53
47 488 305 53
48 488 305 53
49 488 305 53
50 488 305 53
51 488 305 53
52 488 305 53
53 488 305 53
54 488 305 53
55 488 305 53
56 488 305 53
57 488 305 53
58 488 305 53
59 488 305 53
60 488 305 53
61 488 305 53
62 488 305 53
63 488 305 53
64 488 305 53
65 488 305 53
66 488 305 53
67 488 305 53
68 488 305 53
69 488 305 53
70 488 305 53
71 488 305 53
72 488 305 53
73 488 305 53
74 488 305 53
75 488 305 53
76 488 305 53
77 488 305 53
78 488 305 53
79 488 305 53
80 488 305 53
81 488 305 53
82 488 305 53
83 488 305 53
84 488 305 53
85 488 305 53
86 488 305 53
87 488 305 53
88 488 305 53
89 488 305 53
90 488 305 53
91 488 305 53
92 488 305 53
93 488 305 53
94 488 305 53
95 488 305 53
96 488 305 53
97 488 305 53
98 488 305 53
99 488 305 53
100 488 305 53
101 488 305 53
102 488 305 53
103 488 305 53
104 488 305 53
105 488 305 53
106 488 305 53
107 488 305 53
108 488 305 53
109 488 305 53
110 488 305 53
111 488 305 53
112 488 305 53
113 488 305 53
114 488 305 53
115 488 305 53
116 488 305 53
117 488 305 53
118 488 305 53
119 488 305 53
120 488 305 53
121 488 305 53
122 488 305 53
123 488 305 53
124 488 305 53
125 488 305 53
126 488 305 53
127 488 305 53
128 488 305 53
129 488 305 53
130 488 305 53
131 488 305 53
132 488 305 53
133 488 305 53
134 489 305 53
135 489 304 53
136 489 304 53
137 489 304 53
138 489 304 53
139 489 304 53
140 489 304 53
141 489 304 53
142 489 304 53
143 489 304 53
144 489 304 53
145 489 304 53
146 489 304 53
147 490 303 53
148 490 303 53
149 491 302 52
150 492 302 52
151 492 301 52
152 493 301 52
153 494 300 52
154 494 299 51
155 495 299 51
156 495 298 51
157 496 298 51
158 497 297 50
159 497 297 50
160 498 296 50
161 498 296 50
162 499 296 50
163 499 296 50
164 499 296 50
165 499 295 49
166 500 295 49
167 500 295 49
168 500 295 49
169 500 295 49
170 501 295 49
171 501 295 49
172 501 295 49
173 501 294 48
174 502 294 48
175 502 294 48
176 502 294 48
177 502 294 48
178 502 294 48
179 501 294 48
180 501 294 48
181 501 293 48
182 501 293 48
183 501 293 48
184 500 293 48
185 500 293 48
186 500 293 47
187 500 293 47
188 499 293 47
189 499 293 47
190 499 293 47
191 499 292 47
192 499 292 47
193 498 292 47
194 498 292 47
195 498 292 47
