4
367
1 865 279 70
2 865 279 70
3 865 279 70
4 865 279 70
5 865 279 70
6 865 279 70
7 865 279 70
8 865 279 70
9 865 279 70
10 865 279 70
11 865 279 70
12 865 279 70
13 865 279 70
14 865 279 70
15 865 279 70
16 865 279 70
17 865 279 70
18 865 279 70
19 865 279 70
20 865 279 70
21 865 279 70
22 865 279 70
23 865 279 70
24 865 279 70
25 865 279 70
26 865 279 70
27 865 279 70
28 865 279 70
29 865 279 70
30 865 279 70
31 865 279 70
32 865 279 70
33 865 279 70
34 865 279 70
35 865 279 70
36 865 279 70
37 865 279 70
38 865 279 70
39 865 279 70
40 865 279 70
41 865 279 70
42 865 279 70
43 865 279 70
44 865 279 70
45 865 279 70
46 865 279 70
47 865 279 70
48 865 279 70
49 865 279 70
50 865 279 70
51 865 279 70
52 865 279 70
53 865 279 70
54 865 279 70
55 865 279 70
56 865 279 70
57 865 279 70
58 865 279 70
59 865 279 70
60 865 279 70
61 865 279 70
62 865 279 70
63 865 279 70
64 865 279 70
65 865 279 70
66 865 279 70
67 865 279 70
68 865 279 70
69 865 279 70
70 865 279 70
71 865 279 70
72 865 279 70
73 865 279 70
74 865 279 70
75 865 279 70
76 865 279 70
77 865 279 70
78 865 279 70
79 865 279 70
80 865 279 70
81 865 279 70
82 865 279 70
83 865 279 70
84 865 279 70
85 865 279 70
86 865 279 70
87 865 279 70
88 865 279 70
89 865 279 70
90 865 279 70
91 865 279 70
92 865 279 70
93 865 279 70
94 865 279 70
95 865 279 70
96 865 279 70
97 865 279 70
98 865 279 70
99 865 279 70
100 865 279 70
101 865 279 70
102 865 279 70
103 865 279 70
104 865 279 70
105 865 279 70
106 865 279 70
107 865 279 70
108 865 279 70
109 865 279 70
110 865 279 70
111 865 279 70
112 865 279 70
113 865 279 70
114 865 279 70
115 865 279 70
116 865 279 70
117 865 279 70
118 865 279 70
119 865 279 70
120 865 279 70
121 865 279 70
122 865 279 70
123 865 279 70
124 865 279 70
125 865 279 70
126 865 279 70
127 865 279 70
128 865 279 70
129 865 279 70
130 865 279 70
131 865 279 70
132 865 279 70
133 865 279 70
134 865 279 70
135 865 279 70
136 865 279 70
137 865 279 70
138 865 279 70
139 865 279 70
140 865 279 70
141 865 279 70
142 865 279 70
143 865 279 70
144 865 279 70
145 865 279 70
146 865 279 70
147 865 279 70
148 865 279 70
149 865 279 70
150 865 279 70
151 865 279 70
152 865 279 70
153 865 279 70
154 865 279 70
155 865 279 70
156 865 279 70
157 865 279 70
158 865 279 70
159 865 279 70
160 865 279 70
161 865 279 70
162 865 279 70
163 865 279 70
164 865 279 70
165 865 279 70
166 865 279 70
167 865 279 70
168 865 279 70
169 865 279 70
170 865 279 70
171 865 279 70
172 865 279 70
173 865 279 70
174 865 279 70
175 865 279 70
176 865 279 70
177 865 279 70
178 865 279 70
179 865 279 70
180 865 279 70
181 865 279 70
182 865 279 70
183 865 279 70
184 865 279 70
185 865 279 70
186 865 279 70
187 865 279 70
188 865 279 70
189 865 279 70
190 865 279 70
191 865 279 70
192 865 279 70
193 865 279 70
194 865 279 70
195 865 279 70
196 865 279 70
197 865 279 70
198 865 279 70
199 865 279 70
200 865 279 70
201 865 279 70
202 865 279 70
203 865 279 70
204 865 279 70
205 865 279 70
206 865 279 70
207 865 279 70
208 865 279 70
209 865 279 70
210 865 279 70
211 865 279 70
212 865 279 70
213 865 279 70
214 865 279 70
215 865 279 70
216 865 279 70
217 865 279 70
218 865 279 70
219 865 279 70
220 865 279 70
221 865 279 70
222 865 279 70
223 865 279 70
224 865 279 70
225 865 279 70
226 865 279 70
227 865 279 70
228 865 279 70
229 863 279 70
230 862 280 70
231 860 280 70
232 858 281 70
233 856 281 70
234 855 281 70
235 853 282 70
236 851 282 70
237 851 282 70
238 851 282 70
239 852 282 70
240 852 282 70
241 852 282 70
242 852 282 70
243 852 282 70
244 853 282 70
245 853 282 70
246 853 282 70
247 853 282 70
248 853 282 70
249 853 282 70
250 854 282 70
251 854 282 70
252 854 282 70
253 854 282 70
254 854 282 70
255 855 282 70
256 855 282 70
257 855 282 70
258 856 281 70
259 856 281 70
260 857 280 70
261 858 280 70
262 858 279 70
263 859 278 70
264 860 278 70
265 860 277 70
266 861 277 70
267 862 276 70
268 862 275 70
269 863 275 70
270 864 274 70
271 864 273 70
272 865 273 70
273 866 272 70
274 866 272 70
275 867 271 70
276 867 272 70
277 868 272 70
278 868 273 69
279 868 273 69
280 869 274 69
281 869 274 69
282 869 275 69
283 869 276 69
284 870 276 68
285 870 277 68
286 870 277 68
287 871 278 68
288 871 278 68
289 871 279 68
290 872 279 67
291 872 280 67
292 872 281 67
293 872 281 67
294 873 282 67
295 873 282 67
296 873 283 66
297 874 283 66
298 874 284 66
299 874 284 66
300 874 283 66
301 874 283 66
302 874 283 66
303 874 282 66
304 874 282 66
305 874 282 66
306 874 281 66
307 874 281 66
308 874 281 66
309 874 280 66
310 874 280 66
311 874 280 66
312 874 280 66
313 874 280 66
314 874 280 66
315 874 280 66
316 874 280 66
317 874 280 66
318 874 280 66
319 874 281 66
320 874 281 66
321 874 281 66
322 874 281 66
323 874 281 66
324 874 281 66
325 874 281 66
326 874 281 66
327 874 281 66
328 874 281 66
329 874 281 66
330 874 281 66
331 874 281 66
332 874 281 66
333 874 281 66
334 874 281 66
335 874 281 66
336 874 282 66
337 874 282 66
338 874 282 66
339 874 282 66
340 874 282 66
341 874 282 66
342 874 282 66
343 874 282 66
344 874 282 66
345 874 282 66
346 874 282 66
347 874 282 66
348 874 282 66
349 874 282 66
350 874 282 66
351 874 282 66
352 874 282 66
353 874 283 66
354 874 283 66
355 874 283 66
356 874 283 66
357 874 283 66
358 874 283 66
359 874 283 66
360 874 283 66
361 874 283 66
362 874 283 66
363 874 283 66
364 874 283 66
365 874 283 66
366 874 283 66
367 874 283 66
367
1 318 313 62
2 318 313 62
3 318 313 62
4 318 313 62
5 318 313 62
6 318 313 62
7 318 313 62
8 318 313 62
9 318 313 62
10 318 313 62
11 318 313 62
12 318 313 62
13 318 313 62
14 318 313 62
15 318 313 62
16 318 313 62
17 318 313 62
18 318 313 62
19 318 313 62
20 318 313 62
21 318 313 62
22 318 313 62
23 318 313 62
24 318 313 62
25 318 313 62
26 318 313 62
27 318 313 62
28 318 313 62
29 318 313 62
30 318 313 62
31 318 313 62
32 318 313 62
33 318 313 62
34 318 313 62
35 318 313 62
36 318 313 62
37 318 313 62
38 318 313 62
39 318 313 62
40 318 313 62
41 318 313 62
42 318 313 62
43 318 313 62
44 318 313 62
45 318 313 62
46 318 313 62
47 318 313 62
48 318 313 62
49 318 313 62
50 318 313 62
51 318 313 62
52 318 313 62
53 318 313 62
54 318 313 62
55 318 313 62
56 318 313 62
57 318 313 62
58 318 313 62
59 318 313 62
60 318 313 62
61 318 313 62
62 318 313 62
63 318 313 62
64 318 313 62
65 318 313 62
66 318 313 62
67 318 313 62
68 318 313 62
69 318 313 62
70 318 313 62
71 318 313 62
72 318 313 62
73 318 313 62
74 318 313 62
75 318 313 62
76 318 313 62
77 318 313 62
78 318 313 62
79 318 313 62
80 318 313 62
81 318 313 62
82 318 313 62
83 318 313 62
84 318 313 62
85 318 313 62
86 318 313 62
87 318 313 62
88 318 313 62
89 318 313 62
90 318 313 62
91 318 313 62
92 318 313 62
93 318 313 62
94 318 313 62
95 318 313 62
96 318 313 62
97 318 313 62
98 318 313 62
99 318 313 62
100 318 313 62
101 318 313 62
102 318 313 62
103 318 313 62
104 318 313 62
105 318 313 62
106 318 313 62
107 318 313 62
108 318 313 62
109 318 313 62
110 318 313 62
111 318 313 62
112 318 313 62
113 318 313 62
114 318 313 62
115 318 313 62
116 318 313 62
117 318 313 62
118 318 313 62
119 318 313 62
120 318 313 62
121 318 313 62
122 318 313 62
123 318 313 62
124 318 313 62
125 318 313 62
126 318 313 62
127 318 313 62
128 318 313 62
129 318 313 62
130 318 313 62
131 318 313 62
132 318 313 62
133 318 313 62
134 318 313 62
135 318 313 62
136 318 313 62
137 318 313 62
138 318 313 62
139 318 313 62
140 318 313 62
141 318 313 62
142 318 313 62
143 318 313 62
144 318 313 62
145 318 313 62
146 318 313 62
147 318 313 62
148 318 313 62
149 318 313 62
150 318 313 62
151 318 313 62
152 318 313 62
153 318 313 62
154 318 313 62
155 318 313 62
156 318 313 62
157 318 313 62
158 318 313 62
159 318 313 62
160 318 313 62
161 318 313 62
162 318 313 62
163 318 313 62
164 318 313 62
165 318 313 62
166 318 313 62
167 318 313 62
168 318 313 62
169 318 313 62
170 318 313 62
171 318 313 62
172 318 313 62
173 318 313 62
174 318 313 62
175 318 313 62
176 318 313 62
177 318 313 62
178 318 313 62
179 318 313 62
180 318 313 62
181 318 313 62
182 319 313 62
183 319 313 62
184 320 312 62
185 320 312 62
186 321 312 62
187 321 312 62
188 322 311 62
189 322 311 62
190 322 311 62
191 322 311 62
192 322 311 62
193 322 311 62
194 322 311 62
195 322 311 62
196 322 311 62
197 322 311 62
198 322 311 62
199 322 311 62
200 322 311 62
201 322 311 62
202 322 311 62
203 322 311 62
204 324 311 62
205 326 310 62
206 326 310 62
207 326 310 62
208 326 310 62
209 326 310 62
210 326 310 62
211 326 310 62
212 326 310 62
213 326 310 62
214 326 310 62
215 326 310 62
216 326 310 62
217 326 310 62
218 326 310 62
219 326 310 62
220 326 310 62
221 326 310 62
222 326 310 62
223 326 310 62
224 326 310 62
225 326 310 62
226 326 310 62
227 326 310 62
228 326 310 62
229 326 310 62
230 326 310 62
231 326 310 62
232 326 310 62
233 326 310 62
234 326 310 62
235 326 310 62
236 326 310 62
237 326 310 62
238 326 310 62
239 326 310 62
240 326 310 62
241 326 310 62
242 326 310 62
243 326 310 62
244 326 310 62
245 326 310 62
246 326 310 62
247 326 310 62
248 326 310 62
249 326 310 62
250 326 310 62
251 326 310 62
252 326 310 62
253 326 310 62
254 326 310 62
255 326 310 62
256 326 310 62
257 326 310 62
258 326 310 62
259 326 310 62
260 326 310 62
261 326 310 62
262 326 310 62
263 326 310 62
264 326 310 62
265 326 310 62
266 326 310 62
267 326 310 62
268 326 310 62
269 326 310 62
270 326 310 62
271 326 310 62
272 326 310 62
273 326 310 62
274 326 310 62
275 326 310 62
276 326 310 62
277 326 310 62
278 326 310 62
279 326 310 62
280 326 310 62
281 326 310 62
282 326 310 62
283 326 310 62
284 326 310 62
285 326 310 62
286 326 310 62
287 326 310 62
288 326 310 62
289 326 310 62
290 326 310 62
291 324 312 62
292 321 313 62
293 319 315 62
294 317 316 62
295 314 318 62
296 312 319 62
297 311 319 62
298 309 319 63
299 308 319 63
300 306 319 64
301 305 319 64
302 304 319 64
303 303 320 64
304 302 320 64
305 301 320 64
306 301 320 64
307 301 320 64
308 301 320 64
309 300 320 64
310 300 320 64
311 300 320 64
312 300 320 64
313 300 320 64
314 300 319 64
315 299 319 64
316 299 319 64
317 299 319 64
318 299 319 64
319 299 319 64
320 299 319 64
321 299 319 64
322 298 319 64
323 298 319 64
324 298 319 64
325 298 319 64
326 298 319 64
327 298 319 64
328 298 319 64
329 297 319 64
330 297 318 64
331 297 318 64
332 297 318 64
333 297 318 64
334 297 318 64
335 296 318 64
336 296 318 64
337 296 318 64
338 296 318 64
339 297 318 64
340 298 318 64
341 299 318 64
342 300 318 64
343 301 318 64
344 302 318 64
345 303 318 64
346 304 318 64
347 305 318 64
348 306 318 64
349 307 318 64
350 308 319 64
351 309 319 64
352 310 319 64
353 311 319 64
354 311 319 64
355 312 319 64
356 312 320 64
357 313 320 64
358 313 320 64
359 314 320 64
360 314 320 64
361 315 320 64
362 315 320 64
363 316 321 64
364 316 321 64
365 317 321 64
366 317 321 64
367 317 321 64
367
1 523 295 48
2 523 295 48
3 524 295 48
4 524 295 48
5 525 295 48
6 525 295 48
7 526 295 48
8 526 295 48
9 526 295 48
10 527 295 48
11 527 295 48
12 528 295 48
13 528 296 48
14 528 296 48
15 529 296 48
16 529 296 48
17 530 296 48
18 530 296 48
19 531 296 48
20 531 296 48
21 531 296 48
22 532 296 48
23 532 296 48
24 533 296 48
25 533 296 48
26 533 296 48
27 533 296 48
28 533 296 48
29 532 296 48
30 532 296 48
31 532 296 48
32 532 296 48
33 532 296 48
34 532 295 48
35 531 295 48
36 531 295 48
37 531 295 48
38 531 295 48
39 531 295 48
40 531 295 48
41 531 295 48
42 530 295 48
43 530 295 48
44 530 295 48
45 530 295 48
46 530 295 48
47 530 295 48
48 530 295 48
49 529 295 48
50 529 294 48
51 529 294 48
52 529 294 48
53 529 294 48
54 529 294 48
55 528 294 48
56 528 294 48
57 528 294 48
58 528 294 48
59 528 294 48
60 527 294 48
61 527 294 48
62 526 294 48
63 526 294 48
64 525 294 48
65 525 294 48
66 525 294 48
67 524 293 48
68 524 293 48
69 523 293 48
70 523 293 48
71 522 293 48
72 522 293 48
73 521 293 48
74 521 293 48
75 521 293 48
76 522 293 48
77 522 293 48
78 523 293 48
79 523 293 48
80 523 293 48
81 524 293 48
82 524 293 48
83 525 293 48
84 525 294 48
85 525 294 48
86 526 294 48
87 526 294 48
88 527 294 48
89 527 294 48
90 527 294 48
91 528 294 48
92 528 294 48
93 529 294 48
94 529 294 48
95 530 294 48
96 531 294 48
97 533 294 48
98 534 294 48
99 535 294 48
100 536 294 48
101 537 294 48
102 537 294 48
103 538 294 48
104 538 295 48
105 539 295 48
106 539 295 48
107 540 295 48
108 540 295 48
109 540 295 48
110 539 295 48
111 539 295 48
112 538 295 48
113 538 295 48
114 538 295 48
115 537 295 48
116 537 295 48
117 536 295 48
118 536 295 48
119 536 295 48
120 535 295 48
121 535 295 48
122 534 295 48
123 534 295 48
124 533 295 48
125 533 295 48
126 533 295 48
127 532 295 48
128 532 295 48
129 531 295 48
130 531 295 48
131 531 295 48
132 531 294 48
133 531 294 48
134 531 294 48
135 531 293 48
136 531 293 48
137 531 293 48
138 531 293 48
139 531 293 48
140 532 293 48
141 532 293 48
142 532 293 48
143 532 293 48
144 532 293 48
145 532 293 48
146 532 293 48
147 532 293 48
148 533 293 48
149 533 293 48
150 533 293 48
151 533 293 48
152 533 293 48
153 533 293 48
154 533 293 48
155 533 293 48
156 534 293 48
157 534 293 48
158 534 293 48
159 534 293 48
160 534 293 48
161 534 293 48
162 534 293 48
163 534 293 48
164 535 293 48
165 535 293 48
166 535 293 48
167 535 293 48
168 535 293 48
169 535 293 48
170 535 293 48
171 535 293 48
172 536 293 48
173 536 293 48
174 536 293 48
175 536 293 48
176 536 293 48
177 536 293 48
178 536 293 48
179 536 293 48
180 537 293 48
181 537 293 48
182 537 293 48
183 537 293 48
184 537 293 48
185 537 293 48
186 537 293 48
187 537 293 48
188 538 293 48
189 538 293 48
190 538 293 48
191 538 293 48
192 538 293 48
193 537 293 48
194 537 293 48
195 537 293 48
196 537 293 48
197 536 293 48
198 536 293 48
199 536 293 48
200 536 293 48
201 535 293 48
202 535 293 48
203 535 294 48
204 535 294 48
205 534 294 48
206 534 294 48
207 534 294 48
208 534 294 48
209 533 294 48
210 533 294 48
211 533 294 48
212 533 294 48
213 532 294 48
214 532 294 48
215 531 294 48
216 530 294 48
217 530 295 48
218 529 295 48
219 528 295 48
220 527 295 48
221 526 295 48
222 526 294 48
223 525 294 48
224 525 293 48
225 524 293 48
226 524 293 48
227 525 293 48
228 525 293 48
229 526 293 48
230 526 293 48
231 526 293 48
232 527 293 48
233 527 293 48
234 528 293 48
235 528 293 48
236 528 293 48
237 529 293 48
238 529 293 48
239 530 293 48
240 530 293 48
241 531 293 48
242 532 293 48
243 533 294 48
244 534 294 48
245 535 294 48
246 535 294 48
247 535 294 48
248 535 294 48
249 535 293 48
250 535 293 48
251 535 293 48
252 535 293 48
253 535 293 48
254 534 293 48
255 534 293 48
256 534 293 48
257 534 293 48
258 534 293 48
259 533 293 48
260 533 293 48
261 533 293 48
262 533 293 48
263 532 293 48
264 532 293 48
265 532 293 48
266 532 293 48
267 531 293 48
268 531 293 48
269 531 293 48
270 530 293 48
271 530 293 48
272 529 293 48
273 529 293 48
274 529 293 48
275 528 293 48
276 528 293 48
277 528 293 48
278 529 293 48
279 529 293 48
280 529 293 48
281 530 293 48
282 530 293 48
283 531 293 48
284 531 293 48
285 531 293 48
286 532 293 48
287 532 293 48
288 532 293 48
289 533 293 48
290 533 293 48
291 533 293 48
292 534 293 48
293 534 293 48
294 534 293 48
295 535 293 48
296 535 293 48
297 536 293 48
298 536 293 48
299 536 293 48
300 537 293 48
301 537 293 48
302 537 293 48
303 537 293 48
304 537 293 48
305 536 294 48
306 536 294 48
307 536 294 48
308 536 294 48
309 536 294 48
310 536 294 48
311 536 295 48
312 535 295 48
313 535 295 48
314 535 295 48
315 535 295 48
316 535 295 48
317 535 295 48
318 534 296 48
319 534 296 48
320 534 296 48
321 534 296 48
322 534 296 48
323 534 296 48
324 533 296 48
325 533 296 48
326 533 296 48
327 533 296 48
328 532 296 48
329 532 296 48
330 532 295 48
331 532 295 48
332 531 295 48
333 531 295 48
334 531 295 48
335 531 295 48
336 530 295 48
337 530 295 48
338 530 295 48
339 531 295 48
340 531 295 48
341 531 295 48
342 532 295 48
343 532 295 48
344 532 295 48
345 533 295 48
346 533 295 48
347 533 295 48
348 534 294 48
349 534 294 48
350 534 294 48
351 535 294 48
352 535 294 48
353 535 294 48
354 536 294 48
355 536 294 48
356 536 294 48
357 537 294 48
358 537 294 48
359 537 294 48
360 537 294 48
361 537 294 48
362 536 294 48
363 536 294 48
364 536 294 48
365 536 294 48
366 536 294 48
367 536 294 48
367
1 444 275 31
2 444 275 31
3 444 275 31
4 444 275 31
5 444 275 31
6 444 275 31
7 444 275 31
8 444 275 31
9 444 275 31
10 444 275 31
11 444 275 31
12 444 275 31
13 444 275 31
14 444 275 31
15 444 275 31
16 444 275 31
17 444 275 31
18 444 275 31
19 444 275 31
20 444 275 31
21 444 275 31
22 444 275 31
23 444 275 31
24 444 275 31
25 444 275 31
26 444 275 31
27 444 275 31
28 444 275 31
29 444 275 31
30 444 275 31
31 444 275 31
32 444 275 31
33 444 275 31
34 444 275 31
35 444 275 31
36 444 275 31
37 444 275 31
38 444 275 31
39 444 275 31
40 444 275 31
41 444 275 31
42 444 275 31
43 444 275 31
44 444 275 31
45 444 275 31
46 444 275 31
47 444 275 31
48 444 275 31
49 444 275 31
50 444 275 31
51 444 275 31
52 444 275 31
53 444 275 31
54 444 275 31
55 444 275 31
56 444 275 31
57 444 275 31
58 444 275 31
59 444 275 31
60 444 275 31
61 444 275 31
62 444 275 31
63 444 275 31
64 444 275 31
65 444 275 31
66 444 275 31
67 444 275 31
68 444 275 31
69 444 275 31
70 444 275 31
71 444 275 31
72 444 275 31
73 444 275 31
74 444 275 31
75 444 275 31
76 444 275 31
77 444 275 31
78 444 275 31
79 444 275 31
80 444 275 31
81 444 275 31
82 444 275 31
83 444 275 31
84 444 275 31
85 444 275 31
86 444 275 31
87 444 275 31
88 444 275 31
89 444 275 31
90 444 275 31
91 444 275 31
92 444 275 31
93 444 275 31
94 444 275 31
95 444 275 31
96 444 275 31
97 444 276 31
98 444 276 31
99 443 276 32
100 443 276 32
101 443 276 32
102 443 276 32
103 443 277 32
104 443 277 32
105 443 277 32
106 443 277 32
107 442 277 33
108 442 277 33
109 442 278 33
110 442 278 33
111 442 278 33
112 442 278 33
113 442 278 33
114 442 279 33
115 443 279 33
116 443 279 33
117 443 279 34
118 443 279 34
119 443 279 34
120 443 280 34
121 443 280 34
122 443 280 34
123 444 280 34
124 444 280 34
125 444 280 34
126 444 281 34
127 444 281 34
128 444 281 34
129 444 281 35
130 444 281 35
131 445 281 35
132 445 282 35
133 445 282 35
134 445 282 35
135 445 282 35
136 445 282 35
137 445 282 35
138 445 282 35
139 445 282 35
140 445 282 35
141 445 282 35
142 445 282 35
143 445 282 35
144 445 282 35
145 445 282 35
146 445 282 35
147 445 282 35
148 445 282 35
149 445 282 35
150 445 282 35
151 445 282 35
152 445 282 35
153 445 282 35
154 445 282 35
155 445 282 35
156 445 282 35
157 445 282 35
158 445 282 35
159 445 282 35
160 445 282 35
161 445 282 35
162 445 282 35
163 445 282 35
164 445 282 35
165 445 282 35
166 445 282 35
167 445 282 35
168 445 282 35
169 445 282 35
170 445 282 35
171 445 282 35
172 445 282 35
173 445 282 35
174 445 282 35
175 445 282 35
176 445 282 35
177 445 282 35
178 445 282 35
179 445 282 35
180 445 282 35
181 445 282 35
182 445 282 35
183 445 282 35
184 445 282 35
185 445 282 35
186 445 282 35
187 445 282 35
188 445 282 35
189 445 282 35
190 445 282 35
191 445 282 35
192 445 282 35
193 445 282 35
194 445 282 35
195 445 282 35
196 445 282 35
197 445 282 35
198 445 282 35
199 445 282 35
200 445 282 35
201 445 282 35
202 445 282 35
203 445 282 35
204 445 282 35
205 445 282 35
206 445 282 35
207 445 282 35
208 445 282 35
209 445 282 35
210 445 282 35
211 445 282 35
212 445 282 35
213 445 282 35
214 445 282 35
215 445 282 35
216 445 282 35
217 445 282 35
218 445 282 35
219 445 282 35
220 445 282 35
221 445 282 35
222 445 282 35
223 445 282 35
224 445 282 35
225 445 282 35
226 445 282 35
227 445 282 35
228 445 282 35
229 445 282 35
230 445 282 35
231 445 282 35
232 445 282 35
233 445 282 35
234 445 282 35
235 445 282 35
236 445 282 35
237 445 282 35
238 445 282 35
239 445 282 35
240 445 282 35
241 445 282 35
242 445 282 35
243 445 282 35
244 445 282 35
245 445 282 35
246 445 282 35
247 445 282 35
248 445 282 35
249 445 282 35
250 445 282 35
251 445 282 35
252 445 282 35
253 445 282 35
254 445 282 35
255 445 282 35
256 445 282 35
257 445 282 35
258 445 282 35
259 445 282 35
260 445 282 35
261 445 282 35
262 445 282 35
263 445 282 35
264 445 282 35
265 445 282 35
266 445 282 35
267 445 282 35
268 445 282 35
269 445 282 35
270 445 282 35
271 445 282 35
272 445 282 35
273 445 282 35
274 445 282 35
275 445 282 35
276 445 282 35
277 445 282 35
278 445 282 35
279 445 282 35
280 445 282 35
281 445 282 35
282 445 282 35
283 445 282 35
284 445 282 35
285 445 282 35
286 445 282 35
287 445 282 35
288 445 282 35
289 445 282 35
290 445 282 35
291 445 282 35
292 445 282 35
293 445 282 35
294 445 282 35
295 445 282 35
296 445 282 35
297 445 282 35
298 445 282 35
299 445 282 35
300 445 282 35
301 445 282 35
302 445 282 35
303 445 282 35
304 445 282 35
305 445 282 35
306 445 282 35
307 445 282 35
308 445 282 35
309 445 282 35
310 445 282 35
311 445 282 35
312 445 282 35
313 445 282 35
314 445 282 35
315 445 282 35
316 445 282 35
317 445 282 35
318 445 282 35
319 445 282 35
320 445 282 35
321 445 282 35
322 445 282 35
323 445 282 35
324 445 282 35
325 445 282 35
326 445 282 35
327 445 282 35
328 445 282 35
329 445 282 35
330 445 282 35
331 445 282 35
332 445 282 35
333 445 282 35
334 445 282 35
335 445 282 35
336 445 282 35
337 445 282 35
338 445 282 35
339 445 282 35
340 445 282 35
341 445 282 35
342 445 282 35
343 445 282 35
344 445 282 35
345 445 282 35
346 445 282 35
347 445 282 35
348 445 282 35
349 445 282 35
350 445 282 35
351 445 282 35
352 445 282 35
353 445 282 35
354 445 282 35
355 445 282 35
356 445 282 35
357 445 282 35
358 445 282 35
359 445 282 35
360 445 282 35
361 445 282 35
362 445 282 35
363 445 282 35
364 445 282 35
365 445 282 35
366 445 282 35
367 445 282 35
